0.0 0.0
1.6882123620944263 0.0
1.6594673384926397 0.3102082075068241
1.5742111449901832 0.6098526465607397
1.4353470790032494 0.8887292851736585
1.2476039897499331 1.1373413138932793
1.0173752429617402 1.3472225482588178
0.7525010024815955 1.511225734558751
0.4620012428874148 1.6237659409837757
0.1557685850761187 1.681010745781188
-0.1557685850761185 1.6810107457811883
-0.46200124288741456 1.6237659409837757
-0.7525010024815947 1.5112257345587512
-1.01737524296174 1.3472225482588178
-1.2476039897499336 1.137341313893279
-1.435347079003249 0.888729285173659
-1.574211144990183 0.6098526465607403
-1.6594673384926397 0.31020820750682415
-1.6882123620944263 2.0674638655199315e-16
-1.6594673384926397 -0.3102082075068237
-1.5742111449901834 -0.6098526465607393
-1.4353470790032492 -0.8887292851736587
-1.2476039897499331 -1.1373413138932793
-1.0173752429617415 -1.3472225482588167
-0.7525010024815965 -1.5112257345587503
-0.46200124288741495 -1.6237659409837757
-0.15576858507611854 -1.6810107457811883
0.1557685850761194 -1.681010745781188
0.4620012428874144 -1.6237659409837757
0.7525010024815945 -1.5112257345587512
1.0173752429617398 -1.347222548258818
1.2476039897499323 -1.1373413138932802
1.435347079003249 -0.8887292851736592
1.5742111449901832 -0.6098526465607399
1.6594673384926397 -0.3102082075068236
2.6597528065346956 0.0
2.614465460632367 0.48872829571202003
2.4801456291739 0.9608135354785496
2.2613674129207317 1.400179422663177
1.9655810416318145 1.7918638789391288
1.602859165424743 2.122528559921653
1.1855538427568084 2.3809130764884623
0.7278759058888993 2.558218453825944
0.24541102803686968 2.6484067699632314
-0.24541102803686934 2.6484067699632314
-0.727875905888899 2.558218453825944
-1.185553842756807 2.380913076488463
-1.6028591654247426 2.1225285599216535
-1.9655810416318151 1.7918638789391284
-2.261367412920731 1.4001794226631779
-2.4801456291738995 0.9608135354785506
-2.614465460632367 0.4887282957120201
-2.6597528065346956 3.2572577610459044e-16
-2.614465460632367 -0.4887282957120194
-2.4801456291739004 -0.9608135354785491
-2.2613674129207313 -1.4001794226631772
-1.9655810416318145 -1.7918638789391288
-1.602859165424745 -2.1225285599216517
-1.18555384275681 -2.3809130764884614
-0.7278759058888996 -2.558218453825944
-0.24541102803686943 -2.6484067699632314
0.2454110280368708 -2.6484067699632314
0.7278759058888987 -2.558218453825944
1.1855538427568069 -2.380913076488463
1.6028591654247424 -2.1225285599216535
1.9655810416318131 -1.7918638789391301
2.261367412920731 -1.400179422663178
2.4801456291739 -0.96081353547855
2.614465460632367 -0.48872829571201926
3.322614664945915 0.0
3.266040836257075 0.6105288425740772
3.0982459040737242 1.2002668576629312
2.8249439235635276 1.7491312244754986
2.455441865883164 2.238431025290228
2.0023226804380663 2.651503742240801
1.4810167976320059 2.9742826793775827
0.9092766640664514 3.1957759871270452
0.3065722042632685 3.3084409765457226
-0.30657220426326803 3.308440976545723
-0.9092766640664509 3.1957759871270452
-1.4810167976320041 2.9742826793775836
-2.002322680438066 2.651503742240801
-2.4554418658831643 2.238431025290228
-2.8249439235635267 1.7491312244754997
-3.098245904073724 1.2002668576629325
-3.266040836257075 0.6105288425740774
-3.322614664945915 4.0690294142260703e-16
-3.266040836257075 -0.6105288425740766
-3.0982459040737242 -1.2002668576629305
-2.824943923563527 -1.749131224475499
-2.455441865883164 -2.238431025290228
-2.002322680438069 -2.651503742240799
-1.4810167976320077 -2.974282679377582
-0.9092766640664517 -3.1957759871270452
-0.30657220426326814 -3.308440976545723
0.30657220426326987 -3.3084409765457226
0.9092766640664506 -3.1957759871270452
1.481016797632004 -2.9742826793775836
2.0023226804380654 -2.6515037422408017
2.4554418658831616 -2.23843102529023
2.8249439235635263 -1.7491312244755002
3.0982459040737242 -1.2002668576629316
3.266040836257075 -0.6105288425740764
3.834771199088367 0.0
3.769476932146445 0.7046373587693587
3.5758176492695446 1.385279137405188
3.2603881850673297 2.01874689647588
2.8339301116272626 2.5834686512071174
2.310965947160263 3.060213479550618
1.709304609060873 3.4327464081695416
1.0494349525848297 3.688381274983771
0.35382804745700314 3.8184127412041766
-0.3538280474570027 3.818412741204177
-1.0494349525848292 3.688381274983771
-1.709304609060871 3.4327464081695425
-2.3109659471602626 3.0602134795506184
-2.8339301116272635 2.583468651207117
-3.260388185067329 2.0187468964758812
-3.575817649269544 1.3852791374051896
-3.769476932146445 0.7046373587693588
-3.834771199088367 4.696240274426027e-16
-3.769476932146445 -0.7046373587693578
-3.575817649269545 -1.3852791374051872
-3.2603881850673293 -2.0187468964758803
-2.8339301116272626 -2.5834686512071174
-2.310965947160266 -3.0602134795506157
-1.709304609060875 -3.4327464081695402
-1.04943495258483 -3.688381274983771
-0.3538280474570028 -3.818412741204177
0.35382804745700475 -3.8184127412041766
1.0494349525848288 -3.688381274983771
1.7093046090608706 -3.4327464081695425
2.310965947160262 -3.060213479550619
2.8339301116272604 -2.5834686512071197
3.2603881850673284 -2.0187468964758817
3.5758176492695446 -1.3852791374051885
3.769476932146445 -0.7046373587693576
4.265365528347172 0.0
4.192739574684284 0.7837588591452137
3.977334903442376 1.5408277503573784
3.6264868623511655 2.245425600550317
3.1521431606541683 2.8735581750076857
2.570457004200113 3.403835172268324
1.9012370173913942 3.818198645187679
1.1672726842378773 4.10253794266969
0.39355827981191405 4.247170230966006
-0.3935582798119135 4.247170230966007
-1.167272684237877 4.10253794266969
-1.901237017391392 3.8181986451876804
-2.5704570042001125 3.403835172268325
-3.152143160654169 2.8735581750076853
-3.6264868623511646 2.2454256005503184
-3.9773349034423755 1.54082775035738
-4.192739574684284 0.7837588591452138
-4.265365528347172 5.223566241483823e-16
-4.192739574684284 -0.7837588591452127
-3.9773349034423764 -1.5408277503573775
-3.626486862351165 -2.2454256005503175
-3.1521431606541683 -2.8735581750076857
-2.5704570042001165 -3.4038351722683218
-1.9012370173913966 -3.8181986451876777
-1.1672726842378778 -4.10253794266969
-0.3935582798119136 -4.247170230966007
0.39355827981191577 -4.247170230966006
1.1672726842378762 -4.10253794266969
1.9012370173913915 -3.8181986451876804
2.570457004200112 -3.4038351722683253
3.152143160654166 -2.873558175007688
3.626486862351164 -2.245425600550319
3.977334903442376 -1.5408277503573788
4.192739574684284 -0.7837588591452125
4.653236220766198 0.0
4.574006031487954 0.855029911852389
4.339013552722956 1.680942805551992
3.9562611714931317 2.4496132080772024
3.43878306108038 3.134864970788557
2.804201317888223 3.7133626667758217
2.0741258620841583 4.165406250833661
1.273418537686597 4.4756019208735065
0.42934647228531253 4.633386335390849
-0.4293464722853119 4.63338633539085
-1.2734185376865965 4.4756019208735065
-2.0741258620841556 4.165406250833662
-2.8042013178882224 3.713362666775822
-3.4387830610803807 3.1348649707885565
-3.9562611714931304 2.4496132080772037
-4.339013552722955 1.6809428055519937
-4.574006031487954 0.8550299118523891
-4.653236220766198 5.698570843437851e-16
-4.574006031487954 -0.8550299118523879
-4.339013552722956 -1.6809428055519908
-3.9562611714931313 -2.449613208077203
-3.43878306108038 -3.134864970788557
-2.804201317888227 -3.713362666775819
-2.0741258620841605 -4.16540625083366
-1.2734185376865976 -4.4756019208735065
-0.4293464722853121 -4.63338633539085
0.4293464722853145 -4.633386335390849
1.273418537686596 -4.4756019208735065
2.074125862084155 -4.165406250833662
2.804201317888222 -3.7133626667758226
3.438783061080377 -3.1348649707885596
3.95626117149313 -2.449613208077204
4.339013552722956 -1.6809428055519924
4.574006031487954 -0.8550299118523876
5.038729037181108 0.0
4.952935100145195 0.9258640309903803
4.698474898664731 1.8201988728568923
4.284013769709758 2.652549025196187
3.7236656899355047 3.394569801864324
3.036512641135238 4.020992575267699
2.245954796236607 4.510485269169365
1.3789136544780098 4.846378796960279
0.46491526204080413 5.0172347074114025
-0.4649152620408035 5.017234707411403
-1.3789136544780094 4.846378796960279
-2.2459547962366044 4.510485269169366
-3.036512641135237 4.020992575267699
-3.7236656899355056 3.3945698018643236
-4.284013769709757 2.6525490251961883
-4.69847489866473 1.8201988728568943
-4.952935100145195 0.9258640309903805
-5.038729037181108 6.170663387154669e-16
-4.952935100145195 -0.9258640309903792
-4.698474898664732 -1.8201988728568912
-4.284013769709758 -2.6525490251961874
-3.7236656899355047 -3.394569801864324
-3.0365126411352414 -4.020992575267695
-2.2459547962366098 -4.510485269169363
-1.3789136544780105 -4.846378796960279
-0.46491526204080363 -5.017234707411403
0.46491526204080624 -5.0172347074114025
1.3789136544780087 -4.846378796960279
2.245954796236604 -4.510485269169366
3.0365126411352366 -4.0209925752677
3.723665689935502 -3.3945698018643267
4.284013769709757 -2.652549025196189
4.698474898664731 -1.8201988728568927
4.952935100145195 -0.925864030990379
1.0 0.5 0.4 0.32000000000000006 0.25600000000000006 0.20480000000000007 0.16384000000000007 0.13107200000000005 