0.0 0.0
2.6202294626503178 0.0
2.612541188462681 0.2005766076260543
2.589521483749811 0.39997615196277714
2.5513054372923465 0.5970284771962575
2.498117316046842 0.790577201927613
2.430269249058094 0.9794865052788527
2.3481593957617894 1.1626477923414298
2.252269609426619 1.3389861998519768
2.1431626094476943 1.5074669039173372
2.021478679085384 1.6671011927726476
1.8879319080285408 1.8169522689351216
1.7433060018322661 1.9561407467041763
1.5884496828220822 2.0838498127463985
1.4242717094538495 2.1993300194809744
1.2517355433577941 2.3019036831360995
1.0718536953625581 2.3909688606668222
0.8856817836790488 2.466002882196181
0.6943123391130328 2.526565418249874
0.4988683936599371 2.5723010637847055
0.30049689010654884 2.602941423846696
0.10036195131467993 2.618306688619399
-0.1003619513146796 2.618306688619399
-0.3004968901065479 2.6029414238466964
-0.49886839365993674 2.5723010637847055
-0.6943123391130325 2.526565418249874
-0.8856817836790492 2.4660028821961806
-1.0718536953625577 2.3909688606668222
-1.2517355433577935 2.3019036831361
-1.424271709453849 2.1993300194809744
-1.5884496828220822 2.0838498127463985
-1.7433060018322655 1.956140746704177
-1.8879319080285406 1.8169522689351216
-2.021478679085384 1.6671011927726473
-2.1431626094476943 1.5074669039173374
-2.252269609426619 1.3389861998519768
-2.348159395761789 1.1626477923414305
-2.430269249058094 0.979486505278853
-2.498117316046842 0.7905772019276127
-2.551305437292346 0.5970284771962581
-2.589521483749811 0.39997615196277725
-2.612541188462681 0.20057660762605506
-2.6202294626503178 1.484501194140864e-15
-2.612541188462681 -0.20057660762605442
-2.589521483749811 -0.3999761519627766
-2.551305437292347 -0.5970284771962563
-2.498117316046842 -0.7905772019276132
-2.430269249058094 -0.9794865052788524
-2.3481593957617894 -1.1626477923414298
-2.2522696094266195 -1.3389861998519763
-2.143162609447695 -1.507466903917336
-2.0214786790853836 -1.6671011927726478
-1.8879319080285413 -1.8169522689351212
-1.7433060018322657 -1.9561407467041763
-1.5884496828220818 -2.0838498127463985
-1.4242717094538506 -2.1993300194809735
-1.2517355433577928 -2.3019036831361004
-1.0718536953625584 -2.390968860666822
-0.8856817836790492 -2.4660028821961806
-0.6943123391130325 -2.526565418249874
-0.49886839365993857 -2.572301063784705
-0.30049689010654973 -2.602941423846696
-0.10036195131468024 -2.618306688619399
0.10036195131467929 -2.618306688619399
0.3004968901065488 -2.602941423846696
0.4988683936599376 -2.5723010637847055
0.6943123391130316 -2.5265654182498745
0.8856817836790483 -2.466002882196181
1.0718536953625575 -2.3909688606668227
1.2517355433577941 -2.3019036831360995
1.42427170945385 -2.199330019480974
1.5884496828220809 -2.0838498127463994
1.7433060018322653 -1.9561407467041771
1.8879319080285406 -1.8169522689351219
2.0214786790853823 -1.6671011927726493
2.1431626094476948 -1.5074669039173365
2.252269609426618 -1.3389861998519783
2.348159395761789 -1.1626477923414307
2.430269249058094 -0.9794865052788534
2.498117316046842 -0.790577201927613
2.5513054372923465 -0.5970284771962572
2.589521483749811 -0.3999761519627787
2.612541188462681 -0.2005766076260554
6.454380913950322 0.0
6.435442477112921 0.49407803648503507
6.378738304878618 0.9852566265904816
6.284601159877506 1.4706533390410208
6.153583476308442 1.9474196729184758
5.986454118035502 2.4127577737978543
5.7841938665890975 2.863936852669636
5.547989665549971 3.2983092112955266
5.279227655092289 3.713325779954536
4.979485037561937 4.106551076397686
4.650520821825991 4.475677498226287
4.29426550070926 4.818538864820376
3.912809722094759 5.133123129347954
3.508392020170619 5.417584186255837
3.083385678821362 5.670252704951123
2.640284804254366 5.889645926096889
2.1816896885929067 6.074476363033573
1.7102915503280185 6.223659357262637
1.228856741178268 6.336319443653935
0.740210512037882 6.411795488023211
0.2472204332810871 6.449644566930375
-0.2472204332810863 6.449644566930375
-0.7402105120378797 6.411795488023212
-1.2288567411782672 6.336319443653935
-1.7102915503280176 6.223659357262637
-2.181689688592907 6.074476363033572
-2.6402848042543656 5.889645926096889
-3.0833856788213603 5.670252704951124
-3.5083920201706182 5.417584186255837
-3.912809722094759 5.133123129347954
-4.294265500709259 4.818538864820378
-4.65052082182599 4.475677498226287
-4.979485037561937 4.106551076397685
-5.279227655092289 3.7133257799545363
-5.547989665549971 3.2983092112955266
-5.784193866589097 2.8639368526696374
-5.9864541180355015 2.4127577737978547
-6.153583476308442 1.9474196729184752
-6.284601159877505 1.4706533390410221
-6.378738304878618 0.9852566265904819
-6.435442477112921 0.49407803648503695
-6.454380913950322 3.6567546128222265e-15
-6.435442477112921 -0.49407803648503534
-6.378738304878618 -0.9852566265904802
-6.284601159877507 -1.4706533390410177
-6.153583476308442 -1.9474196729184763
-5.986454118035502 -2.4127577737978534
-5.7841938665890975 -2.863936852669636
-5.547989665549972 -3.2983092112955252
-5.279227655092292 -3.7133257799545327
-4.979485037561936 -4.106551076397687
-4.6505208218259915 -4.475677498226286
-4.29426550070926 -4.818538864820376
-3.9128097220947584 -5.133123129347955
-3.508392020170622 -5.4175841862558345
-3.0833856788213585 -5.670252704951125
-2.640284804254367 -5.889645926096888
-2.181689688592907 -6.074476363033572
-1.7102915503280176 -6.223659357262637
-1.2288567411782716 -6.336319443653935
-0.7402105120378842 -6.411795488023211
-0.2472204332810879 -6.449644566930375
0.2472204332810855 -6.449644566930375
0.7402105120378819 -6.411795488023211
1.2288567411782694 -6.336319443653935
1.7102915503280156 -6.223659357262638
2.181689688592905 -6.074476363033573
2.6402848042543647 -5.88964592609689
3.083385678821362 -5.670252704951123
3.5083920201706205 -5.417584186255836
3.912809722094756 -5.133123129347956
4.294265500709258 -4.818538864820378
4.65052082182599 -4.475677498226287
4.979485037561933 -4.1065510763976905
5.27922765509229 -3.713325779954534
5.547989665549968 -3.29830921129553
5.784193866589097 -2.8639368526696383
5.9864541180355015 -2.412757773797856
6.153583476308442 -1.9474196729184758
6.284601159877506 -1.4706533390410201
6.378738304878617 -0.9852566265904854
6.435442477112921 -0.4940780364850378
3.9297795637549378 0.0
3.918248809210807 0.3008216894175703
3.883724212631083 0.5998780375451521
3.826408378076598 0.8954140628174037
3.7466376576551563 1.1856954423232937
3.6448801776736253 1.4690186895025643
3.521733091486618 1.7437211508822326
3.3779190751631667 2.0081907631882894
3.2142820865361865 2.2608755135740064
3.03178241252233 2.5002925474484443
2.8314910337765133 2.7250368704568313
2.6145833397515843 2.9337895935461016
2.3823322310456327 3.1253256727302974
2.1361006495151393 3.298521098135792
1.877333579990209 3.4523594901381713
1.6075495705290155 3.5859380638820197
1.3283318209739716 3.698472927181423
1.0413188921055252 3.789303680711018
0.7481950899159494 3.8578972934918334
0.45068058143204837 3.9038512309290194
0.15052130009104925 3.926895817044915
-0.15052130009104878 3.926895817044915
-0.450680581432047 3.90385123092902
-0.7481950899159489 3.8578972934918334
-1.0413188921055248 3.789303680711018
-1.328331820973972 3.6984729271814225
-1.607549570529015 3.5859380638820197
-1.8773335799902078 3.4523594901381722
-2.136100649515139 3.298521098135792
-2.3823322310456327 3.1253256727302974
-2.6145833397515834 2.9337895935461025
-2.831491033776513 2.7250368704568313
-3.03178241252233 2.500292547448444
-3.2142820865361865 2.260875513574007
-3.3779190751631667 2.0081907631882894
-3.5217330914866176 1.7437211508822335
-3.644880177673625 1.4690186895025648
-3.7466376576551563 1.1856954423232933
-3.8264083780765974 0.8954140628174045
-3.883724212631083 0.5998780375451522
-3.918248809210807 0.3008216894175714
-3.9297795637549378 2.226431897763571e-15
-3.918248809210807 -0.3008216894175705
-3.883724212631083 -0.5998780375451512
-3.8264083780765983 -0.8954140628174019
-3.7466376576551563 -1.185695442323294
-3.6448801776736253 -1.4690186895025639
-3.521733091486618 -1.7437211508822326
-3.377919075163167 -2.008190763188289
-3.214282086536188 -2.2608755135740046
-3.0317824125223294 -2.5002925474484448
-2.831491033776514 -2.725036870456831
-2.614583339751584 -2.9337895935461016
-2.3823322310456323 -3.125325672730298
-2.1361006495151407 -3.2985210981357906
-1.877333579990207 -3.4523594901381727
-1.607549570529016 -3.5859380638820193
-1.328331820973972 -3.6984729271814225
-1.0413188921055248 -3.789303680711018
-0.7481950899159516 -3.857897293491833
-0.45068058143204975 -3.9038512309290194
-0.15052130009104972 -3.926895817044915
0.15052130009104828 -3.926895817044915
0.4506805814320483 -3.9038512309290194
0.7481950899159502 -3.8578972934918334
1.0413188921055234 -3.7893036807110185
1.3283318209739707 -3.698472927181423
1.6075495705290146 -3.58593806388202
1.877333579990209 -3.4523594901381713
2.1361006495151402 -3.2985210981357915
2.382332231045631 -3.1253256727302987
2.614583339751583 -2.933789593546103
2.831491033776513 -2.7250368704568317
3.031782412522327 -2.500292547448447
3.214282086536187 -2.2608755135740055
3.3779190751631654 -2.0081907631882916
3.5217330914866176 -1.743721150882234
3.644880177673625 -1.4690186895025654
3.7466376576551563 -1.1856954423232937
3.826408378076598 -0.8954140628174032
3.8837242126310825 -0.5998780375451545
3.918248809210807 -0.3008216894175719
5.451284041635927 0.0
5.435288890453864 0.41729172038674245
5.387397302815005 0.8321346070294975
5.3078903255988665 1.2420941969144232
5.197234537362313 1.6447646841548114
5.0560793102710555 2.0377830382166535
4.885252999325575 2.4188428711214383
4.685758081244596 2.7857079722478977
4.458765271533083 3.136225431305129
4.205606654258148 3.468338272466242
3.927767864850057 3.7800975255204396
3.6268793718027967 4.069673663205181
3.3047069084366156 4.335367337599645
2.9631411108727956 4.575619352574038
2.6041864230291103 4.7890198137724775
2.229949333745883 4.974316402433687
1.8426260150718623 5.130421724495455
1.4444894342533772 5.256419691855369
1.0378760150587207 5.351570898340071
0.6251719267144451 5.415316958834697
0.20879908091552127 5.447283786108757
-0.20879908091552063 5.447283786108757
-0.6251719267144432 5.415316958834698
-1.0378760150587198 5.351570898340071
-1.4444894342533765 5.256419691855369
-1.842626015071863 5.130421724495454
-2.2299493337458824 4.974316402433687
-2.604186423029109 4.789019813772478
-2.963141110872795 4.575619352574038
-3.3047069084366156 4.335367337599645
-3.6268793718027954 4.069673663205182
-3.9277678648500567 3.7800975255204396
-4.205606654258148 3.4683382724662413
-4.458765271533083 3.1362254313051294
-4.685758081244596 2.7857079722478977
-4.885252999325574 2.4188428711214396
-5.056079310271055 2.037783038216654
-5.197234537362313 1.6447646841548107
-5.307890325598866 1.2420941969144246
-5.387397302815005 0.8321346070294976
-5.435288890453864 0.41729172038674406
-5.451284041635927 3.0884461780016033e-15
-5.435288890453864 -0.41729172038674267
-5.387397302815005 -0.8321346070294963
-5.307890325598867 -1.2420941969144208
-5.197234537362313 -1.6447646841548116
-5.0560793102710555 -2.0377830382166526
-4.885252999325575 -2.4188428711214383
-4.685758081244596 -2.7857079722478963
-4.4587652715330846 -3.1362254313051268
-4.205606654258147 -3.4683382724662426
-3.927767864850058 -3.7800975255204388
-3.626879371802796 -4.069673663205181
-3.3047069084366147 -4.335367337599646
-2.963141110872798 -4.575619352574036
-2.6041864230291076 -4.789019813772479
-2.2299493337458838 -4.974316402433686
-1.842626015071863 -5.130421724495454
-1.4444894342533765 -5.256419691855369
-1.0378760150587236 -5.3515708983400705
-0.625171926714447 -5.415316958834697
-0.20879908091552193 -5.447283786108757
0.20879908091551994 -5.447283786108757
0.6251719267144451 -5.415316958834697
1.0378760150587216 -5.351570898340071
1.4444894342533747 -5.256419691855369
1.842626015071861 -5.130421724495455
2.2299493337458816 -4.974316402433688
2.6041864230291103 -4.7890198137724775
2.963141110872797 -4.575619352574038
3.304706908436613 -4.335367337599647
3.626879371802795 -4.069673663205183
3.9277678648500567 -3.78009752552044
4.205606654258144 -3.4683382724662457
4.458765271533084 -3.1362254313051277
4.685758081244594 -2.785707972247901
4.885252999325574 -2.41884287112144
5.056079310271055 -2.037783038216655
5.197234537362313 -1.6447646841548114
5.3078903255988665 -1.2420941969144228
5.387397302815004 -0.8321346070295007
5.435288890453864 -0.4172917203867447
4.57253606792285 0.0
4.559119338005047 0.35002421956742186
4.518947882957723 0.6979943578334099
4.452257444852573 1.0418683876623767
4.359439389698684 1.3796283195117893
4.241038410751178 1.709292043797222
4.097749332034596 2.0289249626995525
3.9304130308392464 2.3366513431542173
3.740011503118897 2.6306653243986937
3.5276621007480515 2.9092415154815185
3.2946109744568486 3.1707451205424655
3.042225760923072 3.4136415324446996
2.771987556936305 3.6365053384596666
2.485482227733041 3.838028685155774
2.1843911005088805 4.017028953402372
1.870481097721998 4.172455698449064
1.545594368089571 4.303396814353187
1.2116374761266133 4.409083886580169
0.870570213667283 4.488896701365566
0.5243940990271259 4.542366885376047
0.17514063129773097 4.569180654310354
-0.17514063129773041 4.569180654310354
-0.5243940990271243 4.542366885376047
-0.8705702136672824 4.488896701365566
-1.2116374761266129 4.409083886580169
-1.5455943680895714 4.303396814353187
-1.8704810977219974 4.172455698449064
-2.184391100508879 4.017028953402374
-2.48548222773304 3.838028685155774
-2.771987556936305 3.6365053384596666
-3.042225760923071 3.4136415324447005
-3.294610974456848 3.1707451205424655
-3.5276621007480515 2.9092415154815177
-3.740011503118897 2.630665324398694
-3.9304130308392464 2.3366513431542173
-4.097749332034596 2.0289249626995534
-4.241038410751177 1.7092920437972228
-4.359439389698684 1.3796283195117889
-4.452257444852572 1.0418683876623775
-4.518947882957723 0.6979943578334101
-4.559119338005047 0.3500242195674232
-4.57253606792285 2.590588095371525e-15
-4.559119338005047 -0.3500242195674221
-4.518947882957723 -0.6979943578334089
-4.452257444852573 -1.0418683876623744
-4.359439389698684 -1.3796283195117895
-4.241038410751178 -1.7092920437972217
-4.097749332034596 -2.0289249626995525
-3.930413030839247 -2.336651343154216
-3.7400115031188985 -2.630665324398692
-3.527662100748051 -2.909241515481519
-3.294610974456849 -3.170745120542465
-3.0422257609230714 -3.4136415324446996
-2.7719875569363044 -3.636505338459667
-2.485482227733043 -3.8380286851557726
-2.1843911005088783 -4.017028953402374
-1.8704810977219986 -4.172455698449063
-1.5455943680895714 -4.303396814353187
-1.2116374761266129 -4.409083886580169
-0.8705702136672856 -4.488896701365565
-0.5243940990271274 -4.542366885376047
-0.17514063129773152 -4.569180654310354
0.17514063129772986 -4.569180654310354
0.5243940990271257 -4.542366885376047
0.8705702136672839 -4.488896701365566
1.2116374761266113 -4.409083886580169
1.54559436808957 -4.303396814353187
1.870481097721997 -4.172455698449065
2.1843911005088805 -4.017028953402372
2.485482227733042 -3.8380286851557734
2.771987556936303 -3.636505338459668
3.04222576092307 -3.413641532444701
3.294610974456848 -3.170745120542466
3.5276621007480484 -2.909241515481521
3.7400115031188976 -2.630665324398693
3.930413030839245 -2.3366513431542195
4.097749332034596 -2.028924962699554
4.241038410751177 -1.7092920437972234
4.359439389698684 -1.3796283195117893
4.452257444852573 -1.0418683876623762
4.518947882957722 -0.6979943578334126
4.559119338005047 -0.3500242195674238
0.48415640303422486 0.0
0.48273579188955734 0.03706181090827517
0.478482295166633 0.07390612837315934
0.47142087407555044 0.1103167352892698
0.4615929678431228 0.14607995973718152
0.4490562505310172 0.180985928895213
0.4338842925814274 0.21482980065659663
0.41616612907646566 0.24741296572441251
0.39600573724489685 0.2785442131299168
0.3735214262824162 0.30804085233453743
0.34884514306624465 0.33572978533059905
0.32212169783838734 0.36144852244926035
0.2935079144015522 0.38504613591450293
0.2631717098147174 0.40638414554733426
0.23129110898905994 0.42533733142254226
0.1980531999669884 0.4417944687090083
0.1636530360151176 0.45565898038124236
0.12829249097414128 0.46684950397177105
0.0921790745828623 0.4753003690384491
0.055524714728533466 0.48096198254472644
0.01854451376974541 0.4838011198913067
-0.01854451376974535 0.4838011198913067
-0.0555247147285333 0.4809619825447265
-0.09217907458286224 0.4753003690384491
-0.12829249097414122 0.46684950397177105
-0.16365303601511766 0.4556589803812423
-0.19805319996698834 0.4417944687090083
-0.2312911089890598 0.4253373314225424
-0.2631717098147173 0.40638414554733426
-0.2935079144015522 0.38504613591450293
-0.32212169783838723 0.36144852244926046
-0.3488451430662446 0.33572978533059905
-0.3735214262824162 0.3080408523345374
-0.39600573724489685 0.27854421312991684
-0.41616612907646566 0.24741296572441251
-0.43388429258142736 0.21482980065659674
-0.44905625053101716 0.18098592889521306
-0.4615929678431228 0.14607995973718146
-0.4714208740755504 0.11031673528926991
-0.478482295166633 0.07390612837315935
-0.48273579188955734 0.03706181090827531
-0.48415640303422486 2.7430069339357333e-16
-0.48273579188955734 -0.037061810908275185
-0.478482295166633 -0.07390612837315924
-0.47142087407555044 -0.11031673528926958
-0.4615929678431228 -0.14607995973718155
-0.4490562505310172 -0.18098592889521295
-0.4338842925814274 -0.21482980065659663
-0.4161661290764657 -0.2474129657244124
-0.396005737244897 -0.27854421312991656
-0.37352142628241614 -0.3080408523345375
-0.3488451430662447 -0.335729785330599
-0.3221216978383873 -0.36144852244926035
-0.29350791440155216 -0.385046135914503
-0.2631717098147176 -0.4063841455473341
-0.2312911089890597 -0.42533733142254243
-0.19805319996698845 -0.44179446870900824
-0.16365303601511766 -0.4556589803812423
-0.12829249097414122 -0.46684950397177105
-0.09217907458286258 -0.475300369038449
-0.05552471472853363 -0.48096198254472644
-0.018544513769745467 -0.4838011198913067
0.01854451376974529 -0.4838011198913067
0.05552471472853346 -0.48096198254472644
0.0921790745828624 -0.4753003690384491
0.12829249097414105 -0.4668495039717711
0.1636530360151175 -0.45565898038124236
0.19805319996698828 -0.44179446870900835
0.23129110898905994 -0.42533733142254226
0.2631717098147175 -0.4063841455473342
0.293507914401552 -0.3850461359145031
0.3221216978383872 -0.3614485224492605
0.3488451430662446 -0.3357297853305991
0.37352142628241586 -0.30804085233453776
0.3960057372448969 -0.2785442131299167
0.4161661290764655 -0.24741296572441276
0.43388429258142736 -0.2148298006565968
0.44905625053101716 -0.18098592889521314
0.4615929678431228 -0.14607995973718152
0.47142087407555044 -0.11031673528926975
0.47848229516663293 -0.07390612837315963
0.48273579188955734 -0.03706181090827537
-0.2605464994594942 -0.0
-0.2597820042291996 -0.019944639862788698
-0.2574930049003153 -0.039772236648225164
-0.25369293423108374 -0.059366434134275184
-0.24840409254722368 -0.07861224577880055
-0.24165751687475148 -0.09739672950631056
-0.233492798802371 -0.11560965049697067
-0.22395785214228847 -0.13314412808835796
-0.21310863175291003 -0.14989726299368777
-0.2010088051734835 -0.16577074115574428
-0.18772937899766137 -0.18067141069286152
-0.17334828217857512 -0.19451182855120486
-0.15794990871075082 -0.2072107736553814
-0.14162462237259177 -0.21869372354600622
-0.124468226435795 -0.22889329170712688
-0.10658140145365858 -0.23774962301709393
-0.08806911442756087 -0.2452107450022152
-0.06904000281885847 -0.2512328728318972
-0.049605737021064786 -0.25578066626544155
-0.029880365033577307 -0.25882743704262956
-0.009979643182667983 -0.2603553055010457
0.009979643182667952 -0.2603553055010457
0.029880365033577216 -0.2588274370426296
0.049605737021064744 -0.25578066626544155
0.06904000281885844 -0.2512328728318972
0.0880691144275609 -0.24521074500221518
0.10658140145365855 -0.23774962301709393
0.12446822643579493 -0.22889329170712694
0.1416246223725917 -0.21869372354600622
0.15794990871075082 -0.2072107736553814
0.17334828217857506 -0.1945118285512049
0.18772937899766134 -0.18067141069286152
0.2010088051734835 -0.16577074115574425
0.21310863175291003 -0.1498972629936878
0.22395785214228847 -0.13314412808835796
0.23349279880237098 -0.11560965049697072
0.24165751687475145 -0.09739672950631059
0.24840409254722368 -0.07861224577880052
0.25369293423108374 -0.059366434134275246
0.2574930049003153 -0.03977223664822517
0.2597820042291996 -0.019944639862788775
0.2605464994594942 -1.4761363273337827e-16
0.2597820042291996 0.01994463986278871
0.2574930049003153 0.0397722366482251
0.2536929342310838 0.059366434134275066
0.24840409254722368 0.07861224577880056
0.24165751687475148 0.09739672950631052
0.233492798802371 0.11560965049697067
0.2239578521422885 0.1331441280883579
0.21310863175291012 0.14989726299368766
0.20100880517348346 0.1657707411557443
0.1877293789976614 0.1806714106928615
0.1733482821785751 0.19451182855120486
0.1579499087107508 0.20721077365538143
0.14162462237259188 0.21869372354600614
0.12446822643579486 0.22889329170712697
0.1065814014536586 0.2377496230170939
0.0880691144275609 0.24521074500221518
0.06904000281885844 0.2512328728318972
0.049605737021064925 0.2557806662654415
0.029880365033577397 0.25882743704262956
0.009979643182668016 0.2603553055010457
-0.00997964318266792 0.2603553055010457
-0.029880365033577303 0.25882743704262956
-0.049605737021064834 0.25578066626544155
-0.06904000281885836 0.2512328728318972
-0.08806911442756081 0.2452107450022152
-0.10658140145365852 0.23774962301709396
-0.124468226435795 0.22889329170712688
-0.14162462237259182 0.2186937235460062
-0.1579499087107507 0.20721077365538149
-0.173348282178575 0.19451182855120497
-0.18772937899766134 0.18067141069286155
-0.20100880517348332 0.16577074115574447
-0.21310863175291006 0.14989726299368772
-0.2239578521422884 0.13314412808835813
-0.23349279880237098 0.11560965049697075
-0.24165751687475145 0.09739672950631063
-0.24840409254722368 0.07861224577880055
-0.25369293423108374 0.059366434134275156
-0.25749300490031524 0.039772236648225316
-0.2597820042291996 0.019944639862788806
5.853313628168283 0.0
5.836138842249316 0.44806678485395957
5.78471527296544 0.8935041356484716
5.699344694268897 1.3336980488886983
5.580528094661596 1.7660652916563313
5.428962737195377 2.1880685610475337
5.245538067655166 2.597231374075296
5.031330494937439 2.99115260065633
4.7875970742548 3.36752055439717
4.515768130236149 3.724126558489125
4.217438863213015 4.058877907102042
3.894359987949709 4.3698101462142365
3.5484274597529404 4.65509860180983
3.181671348252192 4.9130690877914205
2.7962439241439077 5.142207730769813
2.394407028811231 5.341169854075034
1.9785188009393901 5.5087878688537195
1.5510198380202236 5.644078125944773
1.1144188739556289 5.74624668832378
0.6712780568094784 5.814693990241158
0.22419791310398515 5.8490183557123805
-0.2241979131039845 5.8490183557123805
-0.6712780568094764 5.8146939902411585
-1.114418873955628 5.74624668832378
-1.551019838020223 5.644078125944773
-1.9785188009393908 5.508787868853719
-2.3944070288112305 5.341169854075034
-2.796243924143906 5.1422077307698135
-3.1816713482521917 4.9130690877914205
-3.5484274597529404 4.65509860180983
-3.894359987949708 4.369810146214238
-4.217438863213015 4.058877907102042
-4.515768130236149 3.7241265584891243
-4.7875970742548 3.3675205543971707
-5.031330494937439 2.99115260065633
-5.245538067655166 2.5972313740752972
-5.428962737195377 2.188068561047534
-5.580528094661596 1.7660652916563306
-5.699344694268897 1.3336980488886994
-5.78471527296544 0.8935041356484719
-5.836138842249316 0.44806678485396123
-5.853313628168283 3.316217604052043e-15
-5.836138842249316 -0.4480667848539598
-5.78471527296544 -0.8935041356484704
-5.6993446942688974 -1.3336980488886954
-5.580528094661596 -1.7660652916563317
-5.428962737195377 -2.188068561047533
-5.245538067655166 -2.597231374075296
-5.03133049493744 -2.9911526006563287
-4.787597074254802 -3.367520554397167
-4.515768130236149 -3.7241265584891257
-4.217438863213016 -4.058877907102041
-3.8943599879497084 -4.3698101462142365
-3.54842745975294 -4.655098601809831
-3.1816713482521948 -4.913069087791419
-2.7962439241439045 -5.142207730769814
-2.394407028811232 -5.341169854075034
-1.9785188009393908 -5.508787868853719
-1.551019838020223 -5.644078125944773
-1.1144188739556322 -5.7462466883237795
-0.6712780568094804 -5.814693990241158
-0.2241979131039859 -5.8490183557123805
0.22419791310398374 -5.8490183557123805
0.6712780568094783 -5.814693990241158
1.11441887395563 -5.74624668832378
1.551019838020221 -5.644078125944774
1.9785188009393888 -5.5087878688537195
2.3944070288112296 -5.3411698540750345
2.7962439241439077 -5.142207730769813
3.1816713482521934 -4.9130690877914205
3.5484274597529377 -4.655098601809833
3.894359987949707 -4.369810146214238
4.217438863213015 -4.058877907102042
4.515768130236146 -3.724126558489129
4.7875970742548 -3.3675205543971685
5.031330494937437 -2.991152600656333
5.245538067655166 -2.5972313740752977
5.428962737195377 -2.1880685610475354
5.580528094661596 -1.7660652916563313
5.699344694268897 -1.3336980488886976
5.784715272965439 -0.8935041356484751
5.836138842249316 -0.448066784853962
4.9327264495679355 0.0
4.918252849458681 0.3775965241612454
4.874916985971534 0.7529771617740555
4.802973171185183 1.1239390299933696
4.702843600011997 1.4883051770699753
4.575115872590393 1.843937357568997
4.420539546013579 2.188748580444348
4.240021735630482 2.5207153563320395
4.0346217917321825 2.8378895721903783
3.8055450828631714 3.138409923601923
3.5541359222394413 3.4205128376479292
3.2818696787839907 3.6825428222554804
2.9903441190753273 3.922962181283258
2.6812700310178648 4.140360038333931
2.3564611842582335 4.3334606163378675
2.017823686263778 4.501130724320274
1.66734479652601 4.64238640741642
1.307081264531717 4.756398721110044
0.9391472599391361 4.8424985958093885
0.5657019657897414 4.900180763213609
0.18893690756359494 4.929106721428072
-0.18893690756359435 4.929106721428072
-0.5657019657897397 4.90018076321361
-0.9391472599391354 4.8424985958093885
-1.3070812645317165 4.756398721110044
-1.6673447965260106 4.642386407416419
-2.0178236862637773 4.501130724320274
-2.356461184258232 4.333460616337869
-2.6812700310178643 4.140360038333931
-2.9903441190753273 3.922962181283258
-3.2818696787839894 3.6825428222554812
-3.554135922239441 3.4205128376479292
-3.8055450828631714 3.1384099236019227
-4.0346217917321825 2.8378895721903787
-4.240021735630482 2.5207153563320395
-4.420539546013579 2.188748580444349
-4.575115872590393 1.8439373575689977
-4.702843600011997 1.488305177069975
-4.802973171185182 1.1239390299933707
-4.874916985971534 0.7529771617740556
-4.918252849458681 0.37759652416124684
-4.9327264495679355 2.7946553571484153e-15
-4.918252849458681 -0.3775965241612456
-4.874916985971534 -0.7529771617740544
-4.802973171185184 -1.1239390299933674
-4.702843600011997 -1.4883051770699756
-4.575115872590393 -1.8439373575689966
-4.420539546013579 -2.188748580444348
-4.240021735630483 -2.520715356332038
-4.034621791732183 -2.837889572190376
-3.805545082863171 -3.1384099236019236
-3.5541359222394417 -3.420512837647929
-3.28186967878399 -3.6825428222554804
-2.990344119075327 -3.9229621812832582
-2.681270031017867 -4.140360038333929
-2.356461184258231 -4.333460616337869
-2.0178236862637786 -4.501130724320273
-1.6673447965260106 -4.642386407416419
-1.3070812645317165 -4.756398721110044
-0.9391472599391388 -4.8424985958093885
-0.5657019657897432 -4.900180763213609
-0.18893690756359555 -4.929106721428072
0.18893690756359371 -4.929106721428072
0.5657019657897414 -4.900180763213609
0.9391472599391371 -4.8424985958093885
1.307081264531715 -4.7563987211100445
1.6673447965260089 -4.64238640741642
2.017823686263777 -4.501130724320274
2.3564611842582335 -4.3334606163378675
2.681270031017866 -4.14036003833393
2.990344119075325 -3.9229621812832596
3.281869678783989 -3.682542822255482
3.554135922239441 -3.4205128376479297
3.8055450828631683 -3.1384099236019267
4.0346217917321825 -2.837889572190377
4.240021735630481 -2.520715356332042
4.420539546013579 -2.18874858044435
4.575115872590393 -1.8439373575689983
4.702843600011997 -1.4883051770699753
4.802973171185183 -1.1239390299933691
4.874916985971533 -0.7529771617740584
4.918252849458681 -0.37759652416124745
5.141018023984027 0.0
5.125933254983684 0.3935410885549345
5.080767471405344 0.7847727215174943
5.005785724026429 1.1713989960990352
4.90142803555574 1.5511510355851337
4.768306818405232 1.921800304006324
4.607203280810471 2.28117168407331
4.419062842390068 2.62715624163011
4.204989586047429 2.957723601718271
3.966239778773263 3.2709338636244616
3.7042144993713406 3.5649489849892326
3.4204514163709647 3.8380435681704412
3.1166157643766104 4.088614985562693
2.7944905718091166 4.315192784453388
2.4559661973859224 4.516447316223933
2.103029236744441 4.691197539256551
1.7377508643089297 4.838417949756118
1.3622746788154008 4.957244599814198
0.9788041238218709 5.04698016739891
0.5895895570254046 5.107098048517888
0.1969150442683327 5.1372454475399
-0.1969150442683321 5.1372454475399
-0.5895895570254028 5.107098048517888
-0.9788041238218701 5.04698016739891
-1.3622746788154 4.957244599814198
-1.7377508643089303 4.838417949756118
-2.1030292367444408 4.691197539256551
-2.4559661973859206 4.516447316223934
-2.794490571809116 4.315192784453388
-3.1166157643766104 4.088614985562693
-3.4204514163709634 3.8380435681704426
-3.7042144993713397 3.5649489849892326
-3.966239778773263 3.270933863624461
-4.204989586047429 2.9577236017182718
-4.419062842390068 2.62715624163011
-4.60720328081047 2.281171684073311
-4.768306818405232 1.9218003040063245
-4.90142803555574 1.551151035585133
-5.0057857240264285 1.1713989960990363
-5.080767471405344 0.7847727215174944
-5.125933254983684 0.393541088554936
-5.141018023984027 2.912663758839086e-15
-5.125933254983684 -0.39354108855493475
-5.080767471405344 -0.7847727215174931
-5.00578572402643 -1.1713989960990328
-4.90142803555574 -1.551151035585134
-4.768306818405232 -1.9218003040063234
-4.607203280810471 -2.28117168407331
-4.419062842390068 -2.627156241630109
-4.2049895860474304 -2.9577236017182686
-3.9662397787732626 -3.2709338636244625
-3.704214499371341 -3.564948984989232
-3.4204514163709643 -3.8380435681704412
-3.11661576437661 -4.088614985562694
-2.794490571809119 -4.315192784453386
-2.4559661973859197 -4.5164473162239345
-2.103029236744442 -4.691197539256551
-1.7377508643089303 -4.838417949756118
-1.3622746788154 -4.957244599814198
-0.9788041238218737 -5.046980167398909
-0.5895895570254064 -5.107098048517888
-0.19691504426833334 -5.1372454475399
0.19691504426833145 -5.1372454475399
0.5895895570254046 -5.107098048517888
0.9788041238218719 -5.04698016739891
1.3622746788153983 -4.9572445998141985
1.7377508643089286 -4.838417949756118
2.1030292367444403 -4.691197539256552
2.4559661973859224 -4.516447316223933
2.794490571809118 -4.315192784453388
3.116615764376608 -4.088614985562695
3.420451416370963 -3.838043568170443
3.7042144993713397 -3.5649489849892335
3.9662397787732595 -3.270933863624465
4.20498958604743 -2.95772360171827
4.419062842390066 -2.627156241630113
4.60720328081047 -2.281171684073312
4.768306818405232 -1.9218003040063254
4.90142803555574 -1.5511510355851337
5.005785724026429 -1.1713989960990345
5.080767471405344 -0.7847727215174973
5.125933254983684 -0.3935410885549367
3.403410089555396 0.0
3.3934238076993766 0.2605284994516563
3.3635235656041207 0.5195281140739267
3.3138848297795516 0.7754789311415385
3.2447989000654625 1.0268789294855714
3.1566712001682293 1.2722527939509267
3.0500188984732874 1.5101605731322951
2.925467873095407 1.73920612958157
2.7837490389770423 1.9580453328975462
2.625694058588818 2.1653939476175807
2.452230461403451 2.3600351696219457
2.264376200783994 2.540826766824239
2.0632336802287226 2.7067077822434604
1.8499832840290633 2.856704760121443
1.6258764503052086 2.9899374585483227
1.392228327069614 3.1056240150720775
1.1504100544155176 3.2030855349782894
0.9018407181216637 3.281750075314278
0.6479790218926753 3.3411560012777732
0.39031472710568993 3.380954695273493
0.1303599102982202 3.4009126027398158
-0.13035991029821978 3.4009126027398158
-0.3903147271056887 3.3809546952734935
-0.6479790218926749 3.3411560012777732
-0.9018407181216633 3.281750075314278
-1.150410054415518 3.2030855349782894
-1.3922283270696136 3.1056240150720775
-1.6258764503052074 2.9899374585483236
-1.8499832840290629 2.856704760121443
-2.0632336802287226 2.7067077822434604
-2.264376200783993 2.5408267668242397
-2.452230461403451 2.3600351696219457
-2.625694058588818 2.1653939476175803
-2.7837490389770423 1.9580453328975467
-2.925467873095407 1.73920612958157
-3.0500188984732874 1.5101605731322958
-3.1566712001682293 1.272252793950927
-3.2447989000654625 1.026878929485571
-3.313884829779551 0.7754789311415393
-3.3635235656041207 0.5195281140739268
-3.3934238076993766 0.2605284994516573
-3.403410089555396 1.928215224702369e-15
-3.3934238076993766 -0.26052849945165646
-3.3635235656041207 -0.519528114073926
-3.3138848297795516 -0.775478931141537
-3.2447989000654625 -1.0268789294855716
-3.1566712001682293 -1.2722527939509263
-3.0500188984732874 -1.5101605731322951
-2.9254678730954073 -1.7392061295815693
-2.7837490389770436 -1.9580453328975447
-2.6256940585888175 -2.165393947617581
-2.4522304614034516 -2.3600351696219453
-2.2643762007839934 -2.540826766824239
-2.063233680228722 -2.7067077822434604
-1.8499832840290649 -2.856704760121442
-1.6258764503052068 -2.989937458548324
-1.3922283270696145 -3.1056240150720775
-1.150410054415518 -3.2030855349782894
-0.9018407181216633 -3.281750075314278
-0.6479790218926772 -3.3411560012777732
-0.3903147271056911 -3.380954695273493
-0.1303599102982206 -3.4009126027398158
0.13035991029821936 -3.4009126027398158
0.3903147271056899 -3.380954695273493
0.647979021892676 -3.3411560012777732
0.9018407181216621 -3.2817500753142785
1.150410054415517 -3.2030855349782894
1.3922283270696134 -3.105624015072078
1.6258764503052086 -2.9899374585483227
1.849983284029064 -2.856704760121443
2.063233680228721 -2.7067077822434613
2.2643762007839925 -2.54082676682424
2.452230461403451 -2.360035169621946
2.6256940585888158 -2.165393947617583
2.7837490389770427 -1.9580453328975453
2.925467873095406 -1.739206129581572
3.0500188984732874 -1.5101605731322962
3.1566712001682293 -1.2722527939509276
3.2447989000654625 -1.0268789294855714
3.3138848297795516 -0.7754789311415382
3.3635235656041202 -0.5195281140739287
3.3934238076993766 -0.26052849945165774
6.133008128961774 0.0
6.115012663769664 0.46947718991217796
6.061131872738664 0.9361993009945535
5.9716819497752995 1.3974274223154064
5.847187822595715 1.850454883859527
5.6883800722411175 2.292623140344122
5.49619064573771 2.721337372619664
5.271747387060982 3.1340817151004385
5.0163674184987865 3.5284340198641972
4.731549411254028 3.902080070779284
4.418964790646118 4.25282716424511
4.080447927522597 4.5786169768487675
3.7179853734415835 4.877537644425273
3.3337042027973247 5.147834981636713
2.929859530301852 5.387922776229315
2.5088212770751426 5.596392097557698
2.0730602630056305 5.772019564750125
1.625133706996628 5.913774525993919
1.16767022018896 6.0208251068101175
0.7033543802255716 6.092543091823701
0.23491097708244568 6.128507611381205
-0.23491097708244496 6.128507611381205
-0.7033543802255695 6.092543091823702
-1.167670220188959 6.0208251068101175
-1.6251337069966274 5.913774525993919
-2.0730602630056314 5.772019564750125
-2.508821277075142 5.596392097557698
-2.9298595303018504 5.387922776229316
-3.3337042027973243 5.147834981636713
-3.7179853734415835 4.877537644425273
-4.080447927522595 4.578616976848768
-4.418964790646118 4.25282716424511
-4.731549411254028 3.902080070779283
-5.0163674184987865 3.528434019864198
-5.271747387060982 3.1340817151004385
-5.496190645737709 2.7213373726196655
-5.688380072241117 2.292623140344123
-5.847187822595715 1.8504548838595263
-5.971681949775299 1.397427422315408
-6.061131872738664 0.9361993009945537
-6.115012663769664 0.46947718991217974
-6.133008128961774 3.4746796114224187e-15
-6.115012663769664 -0.4694771899121782
-6.061131872738664 -0.9361993009945522
-5.9716819497752995 -1.3974274223154035
-5.847187822595715 -1.8504548838595274
-5.6883800722411175 -2.2926231403441215
-5.49619064573771 -2.721337372619664
-5.271747387060983 -3.134081715100437
-5.016367418498788 -3.5284340198641946
-4.7315494112540275 -3.9020800707792844
-4.418964790646119 -4.25282716424511
-4.080447927522596 -4.5786169768487675
-3.7179853734415826 -4.877537644425274
-3.3337042027973274 -5.14783498163671
-2.929859530301849 -5.387922776229317
-2.5088212770751435 -5.596392097557698
-2.0730602630056314 -5.772019564750125
-1.6251337069966274 -5.913774525993919
-1.1676702201889633 -6.020825106810117
-0.7033543802255737 -6.092543091823701
-0.23491097708244646 -6.128507611381205
0.23491097708244418 -6.128507611381205
0.7033543802255715 -6.092543091823701
1.167670220188961 -6.0208251068101175
1.6251337069966254 -5.91377452599392
2.073060263005629 -5.772019564750125
2.5088212770751412 -5.596392097557699
2.929859530301852 -5.387922776229315
3.333704202797326 -5.147834981636712
3.717985373441581 -4.877537644425276
4.080447927522595 -4.578616976848769
4.418964790646118 -4.252827164245111
4.731549411254024 -3.902080070779288
5.016367418498787 -3.528434019864196
5.27174738706098 -3.134081715100442
5.496190645737709 -2.721337372619666
5.688380072241117 -2.2926231403441237
5.847187822595715 -1.850454883859527
5.9716819497752995 -1.3974274223154057
6.061131872738664 -0.9361993009945571
6.115012663769664 -0.4694771899121805
0.1788483213847182 0.0
0.17832354485182117 0.013690705373061626
0.1767522948504933 0.02730106824312446
0.17414379210052244 0.040751217588944094
0.170513344333271 0.053962222585942514
0.16588225645982133 0.0668565558036721
0.16027770554528586 0.07935854816760506
0.15373258132298287 0.09139483301535108
0.14628529318440303 0.10289477664140537
0.13797954477762753 0.1137908928038186
0.12886407753694287 0.12401923876029972
0.11899238464872372 0.13351979050965304
0.10842239713214416 0.1422367950364851
0.09721614387692228 0.15011909749206795
0.08543938763313046 0.1571204413913324
0.0731612390892285 0.16319974006431565
0.06045375130306311 0.16832131776907774
0.04739149686587396 0.17245511905114128
0.034051130280675586 0.1755768851208493
0.02051093812315349 0.17766829621358904
0.006850379624908741 0.17871707909745527
-0.0068503796249087204 0.17871707909745527
-0.02051093812315343 0.17766829621358907
-0.03405113028067556 0.1755768851208493
-0.04739149686587394 0.17245511905114128
-0.06045375130306312 0.16832131776907774
-0.07316123908922849 0.16319974006431565
-0.08543938763313041 0.15712044139133244
-0.09721614387692226 0.15011909749206795
-0.10842239713214416 0.1422367950364851
-0.11899238464872368 0.13351979050965307
-0.12886407753694287 0.12401923876029972
-0.13797954477762753 0.11379089280381859
-0.14628529318440303 0.10289477664140538
-0.15373258132298287 0.09139483301535108
-0.16027770554528584 0.0793585481676051
-0.1658822564598213 0.06685655580367213
-0.170513344333271 0.0539622225859425
-0.17414379210052244 0.040751217588944136
-0.1767522948504933 0.027301068243124463
-0.17832354485182117 0.013690705373061678
-0.1788483213847182 1.013272121584168e-16
-0.17832354485182117 -0.013690705373061633
-0.1767522948504933 -0.02730106824312442
-0.17414379210052247 -0.04075121758894401
-0.170513344333271 -0.05396222258594253
-0.16588225645982133 -0.06685655580367209
-0.16027770554528586 -0.07935854816760506
-0.1537325813229829 -0.09139483301535103
-0.1462852931844031 -0.10289477664140528
-0.1379795447776275 -0.11379089280381863
-0.1288640775369429 -0.12401923876029969
-0.11899238464872369 -0.13351979050965304
-0.10842239713214413 -0.14223679503648512
-0.09721614387692236 -0.15011909749206787
-0.08543938763313037 -0.15712044139133247
-0.07316123908922852 -0.16319974006431565
-0.06045375130306312 -0.16832131776907774
-0.04739149686587394 -0.17245511905114128
-0.03405113028067568 -0.17557688512084926
-0.020510938123153553 -0.17766829621358904
-0.006850379624908764 -0.17871707909745527
0.006850379624908698 -0.17871707909745527
0.02051093812315349 -0.17766829621358904
0.03405113028067562 -0.1755768851208493
0.04739149686587388 -0.1724551190511413
0.06045375130306307 -0.16832131776907774
0.07316123908922846 -0.16319974006431567
0.08543938763313046 -0.1571204413913324
0.09721614387692232 -0.15011909749206792
0.10842239713214408 -0.14223679503648515
0.11899238464872365 -0.1335197905096531
0.12886407753694287 -0.12401923876029973
0.1379795447776274 -0.11379089280381872
0.14628529318440306 -0.10289477664140532
0.15373258132298281 -0.09139483301535117
0.16027770554528584 -0.07935854816760513
0.1658822564598213 -0.06685655580367215
0.170513344333271 -0.053962222585942514
0.17414379210052244 -0.04075121758894407
0.17675229485049326 -0.027301068243124563
0.17832354485182117 -0.0136907053730617
3.573146834142571 0.0
3.562662510931508 0.27352172042870365
3.5312710674758305 0.545438306640801
3.479156721247995 0.814154043985522
3.4066252999540243 1.078092001666013
3.3141024468149243 1.3357032867962888
3.2021311227230096 1.5854761339205818
3.071368419931492 1.8259447766541594
2.922581705975854 2.05569804938331
2.7566441204560244 2.2733876685462846
2.574529451106012 2.4777361448973645
2.3773064192202797 2.6675442803217213
2.166132407972222 2.8416982052067987
1.942246670429497 2.999175915072107
1.706963057124256 3.1390532680978973
1.4616623058557896 3.2605094083568313
1.2077839389720957 3.362831582922958
0.9468178156803444 3.445419324589299
0.6802953889606276 3.507787975648184
0.40978071839092056 3.549571532055397
0.1368612916235563 3.570524791287439
-0.1368612916235559 3.570524791287439
-0.40978071839091934 3.5495715320553973
-0.6802953889606271 3.507787975648184
-0.946817815680344 3.445419324589299
-1.2077839389720961 3.3628315829229574
-1.4616623058557892 3.2605094083568313
-1.7069630571242551 3.139053268097898
-1.9422466704294965 2.999175915072107
-2.166132407972222 2.8416982052067987
-2.377306419220279 2.667544280321722
-2.574529451106012 2.4777361448973645
-2.7566441204560244 2.273387668546284
-2.922581705975854 2.0556980493833104
-3.071368419931492 1.8259447766541594
-3.202131122723009 1.5854761339205827
-3.3141024468149243 1.3357032867962892
-3.4066252999540243 1.0780920016660125
-3.479156721247995 0.8141540439855228
-3.5312710674758305 0.5454383066408011
-3.562662510931508 0.2735217204287047
-3.573146834142571 2.024380237584247e-15
-3.562662510931508 -0.2735217204287038
-3.5312710674758305 -0.5454383066408002
-3.4791567212479952 -0.8141540439855204
-3.4066252999540243 -1.0780920016660132
-3.3141024468149243 -1.3357032867962884
-3.2021311227230096 -1.5854761339205818
-3.0713684199314923 -1.8259447766541588
-2.922581705975855 -2.055698049383308
-2.756644120456024 -2.2733876685462846
-2.5745294511060126 -2.477736144897364
-2.3773064192202793 -2.6675442803217213
-2.1661324079722215 -2.841698205206799
-1.9422466704294985 -2.999175915072106
-1.7069630571242542 -3.1390532680978986
-1.46166230585579 -3.260509408356831
-1.2077839389720961 -3.3628315829229574
-0.946817815680344 -3.445419324589299
-0.6802953889606296 -3.5077879756481836
-0.4097807183909218 -3.549571532055397
-0.13686129162355676 -3.570524791287439
0.13686129162355545 -3.570524791287439
0.4097807183909205 -3.549571532055397
0.6802953889606282 -3.507787975648184
0.9468178156803427 -3.4454193245892992
1.207783938972095 -3.362831582922958
1.4616623058557887 -3.260509408356832
1.706963057124256 -3.1390532680978973
1.9422466704294978 -2.9991759150721067
2.16613240797222 -2.8416982052068
2.3773064192202784 -2.6675442803217226
2.574529451106012 -2.477736144897365
2.7566441204560217 -2.273387668546287
2.9225817059758543 -2.055698049383309
3.0713684199314906 -1.8259447766541614
3.202131122723009 -1.585476133920583
3.3141024468149243 -1.3357032867962897
3.4066252999540243 -1.078092001666013
3.479156721247995 -0.8141540439855216
3.5312710674758305 -0.5454383066408031
3.562662510931508 -0.27352172042870515
-6.289293562303211 -0.0
-6.270839524577592 -0.4814407230636929
-6.2155857070320355 -0.9600561605279605
-6.123856361038612 -1.4330376066927004
-5.996189790874182 -1.8976094183590144
-5.833335194736853 -2.351045303407184
-5.636248268153039 -2.790684319762894
-5.406085595576106 -3.2139464908633992
-5.144197863088897 -3.6183479459858794
-4.85212193204073 -4.001515496588505
-4.53157182013388 -4.361200563124462
-4.184428642886167 -4.695292370600838
-3.8127295744970953 -5.001830335445597
-3.4186558928996087 -5.2790155709915645
-3.004520179153834 -5.525221444058692
-2.5727527463018567 -5.739003120684364
-2.1258873773244233 -5.919106044983592
-1.6665464558948984 -6.064473301381808
-1.197425577189117 -6.17425181701572
-0.7212777290610409 -6.247797367904081
-0.24089713641535454 -6.284678359510174
0.2408971364153538 -6.284678359510174
0.7212777290610388 -6.247797367904082
1.197425577189116 -6.17425181701572
1.6665464558948977 -6.064473301381808
2.125887377324424 -5.919106044983591
2.572752746301856 -5.739003120684364
3.004520179153832 -5.525221444058694
3.4186558928996083 -5.2790155709915645
3.8127295744970953 -5.001830335445597
4.184428642886166 -4.69529237060084
4.5315718201338795 -4.361200563124462
4.85212193204073 -4.001515496588504
5.144197863088897 -3.61834794598588
5.406085595576106 -3.2139464908633992
5.636248268153038 -2.7906843197628954
5.833335194736852 -2.3510453034071843
5.996189790874182 -1.8976094183590138
6.123856361038611 -1.4330376066927017
6.2155857070320355 -0.9600561605279607
6.270839524577592 -0.48144072306369473
6.289293562303211 -3.563223731595587e-15
6.270839524577592 0.4814407230636932
6.2155857070320355 0.9600561605279591
6.123856361038613 1.4330376066926973
5.996189790874182 1.8976094183590149
5.833335194736853 2.351045303407183
5.636248268153039 2.790684319762894
5.406085595576107 3.213946490863398
5.1441978630889 3.6183479459858767
4.852121932040729 4.001515496588505
4.531571820133881 4.361200563124461
4.184428642886166 4.695292370600838
3.8127295744970944 5.0018303354455975
3.418655892899612 5.279015570991562
3.0045201791538307 5.525221444058695
2.5727527463018576 5.739003120684363
2.125887377324424 5.919106044983591
1.6665464558948977 6.064473301381808
1.1974255771891205 6.17425181701572
0.7212777290610431 6.247797367904081
0.24089713641535532 6.284678359510174
-0.240897136415353 6.284678359510174
-0.7212777290610409 6.247797367904081
-1.1974255771891182 6.17425181701572
-1.6665464558948955 6.064473301381809
-2.125887377324422 5.919106044983592
-2.5727527463018554 5.739003120684365
-3.004520179153834 5.525221444058692
-3.41865589289961 5.279015570991564
-3.812729574497092 5.001830335445599
-4.184428642886165 4.695292370600841
-4.5315718201338795 4.361200563124463
-4.852121932040726 4.0015154965885085
-5.144197863088898 3.618347945985878
-5.406085595576103 3.213946490863403
-5.636248268153038 2.790684319762896
-5.833335194736852 2.3510453034071856
-5.996189790874182 1.8976094183590144
-6.123856361038612 1.4330376066926995
-6.215585707032035 0.9600561605279642
-6.270839524577592 0.4814407230636955
6.010205467690348 0.0
5.992570329921574 0.460076737945517
5.939768406615984 0.9174535626512974
5.852109560455299 1.3694464050420687
5.730108208404794 1.8134027913916297
5.574480302910009 2.246717409093384
5.3861391304031025 2.6668473956706755
5.16618995177492 3.0713272613049236
4.915923516264598 3.4577833573102392
4.636808486829784 3.8239478056477503
4.330482821448413 4.167671807735722
3.9987441609299905 4.486938254454062
3.643539279644516 4.779873563342703
3.266952661076386 5.044758673528484
2.8711942652464435 5.2800391338579
2.4585865597878267 5.484334225034577
2.0315508907824062 5.656445062229118
1.5925932733391779 5.795361630611998
1.14428968530112 5.9002687125222035
0.689270950382925 5.970550671488617
0.2302072994513386 6.0057950650296315
-0.2302072994513379 6.0057950650296315
-0.6892709503829229 5.970550671488617
-1.1442896853011193 5.9002687125222035
-1.5925932733391772 5.795361630611998
-2.031550890782407 5.656445062229117
-2.4585865597878263 5.484334225034577
-2.8711942652464417 5.280039133857901
-3.266952661076385 5.044758673528484
-3.643539279644516 4.779873563342703
-3.998744160929989 4.486938254454063
-4.330482821448412 4.167671807735722
-4.636808486829784 3.82394780564775
-4.915923516264598 3.45778335731024
-5.16618995177492 3.0713272613049236
-5.386139130403102 2.666847395670677
-5.5744803029100085 2.2467174090933844
-5.730108208404794 1.813402791391629
-5.852109560455298 1.36944640504207
-5.939768406615984 0.9174535626512976
-5.992570329921574 0.4600767379455188
-6.010205467690348 3.4051052860056232e-15
-5.992570329921574 -0.4600767379455173
-5.939768406615984 -0.9174535626512961
-5.8521095604552995 -1.3694464050420658
-5.730108208404794 -1.81340279139163
-5.574480302910009 -2.246717409093383
-5.3861391304031025 -2.6668473956706755
-5.16618995177492 -3.0713272613049223
-4.915923516264599 -3.4577833573102366
-4.636808486829783 -3.823947805647751
-4.330482821448414 -4.167671807735722
-3.99874416092999 -4.486938254454062
-3.6435392796445156 -4.779873563342704
-3.2669526610763886 -5.044758673528483
-2.8711942652464404 -5.280039133857902
-2.4585865597878276 -5.484334225034576
-2.031550890782407 -5.656445062229117
-1.5925932733391772 -5.795361630611998
-1.1442896853011233 -5.900268712522203
-0.6892709503829271 -5.970550671488617
-0.23020729945133936 -6.0057950650296315
0.23020729945133714 -6.0057950650296315
0.6892709503829249 -5.970550671488617
1.1442896853011213 -5.9002687125222035
1.5925932733391752 -5.795361630611999
2.031550890782405 -5.656445062229118
2.4585865597878254 -5.484334225034577
2.8711942652464435 -5.2800391338579
3.2669526610763873 -5.0447586735284835
3.6435392796445134 -4.779873563342705
3.9987441609299887 -4.4869382544540635
4.330482821448412 -4.167671807735723
4.636808486829779 -3.8239478056477543
4.9159235162645984 -3.457783357310238
5.166189951774918 -3.071327261304927
5.386139130403102 -2.6668473956706777
5.5744803029100085 -2.2467174090933852
5.730108208404794 -1.8134027913916297
5.852109560455299 -1.369446405042068
5.939768406615984 -0.917453562651301
5.992570329921574 -0.4600767379455195
4.321753312479228 0.0
4.309072429025585 0.330826987013935
4.271104195131096 0.659712549720504
4.208071423489657 0.9847266568621499
4.12034401546914 1.303961996421988
4.00843679038308 1.6155451684891275
3.873006464326234 1.9176476791142787
3.7148477963034043 2.2084966706393097
3.534888924267579 2.486385325530935
3.3341859184373646 2.7496828826646835
3.113916583857013 2.9968442072796253
2.875373548568094 3.2264188584435383
2.619956677954149 3.4370596008170464
2.3491648597739956 3.6275303107662933
2.0645872080923477 3.7967132304279474
1.767893737726602 3.9436155271568047
1.4608255639358347 4.06737511986253
1.1451846848641443 4.167265738044286
0.822823406699 4.242701183834825
0.49563347360200183 4.293238772042662
0.1655349662019206 4.3185819280048054
-0.1655349662019201 4.3185819280048054
-0.49563347360200033 4.293238772042663
-0.8228234066989993 4.242701183834825
-1.1451846848641438 4.167265738044286
-1.4608255639358354 4.067375119862529
-1.7678937377266015 3.9436155271568047
-2.064587208092347 3.7967132304279483
-2.349164859773995 3.6275303107662933
-2.619956677954149 3.4370596008170464
-2.875373548568093 3.226418858443539
-3.1139165838570126 2.9968442072796253
-3.3341859184373646 2.749682882664683
-3.534888924267579 2.4863853255309354
-3.7148477963034043 2.2084966706393097
-3.8730064643262336 1.9176476791142798
-4.00843679038308 1.6155451684891282
-4.12034401546914 1.3039619964219875
-4.208071423489657 0.9847266568621508
-4.271104195131096 0.6597125497205041
-4.309072429025585 0.33082698701393626
-4.321753312479228 2.448506149789007e-15
-4.309072429025585 -0.33082698701393515
-4.271104195131096 -0.659712549720503
-4.208071423489658 -0.9847266568621478
-4.12034401546914 -1.3039619964219882
-4.00843679038308 -1.615545168489127
-3.873006464326234 -1.9176476791142787
-3.7148477963034052 -2.2084966706393088
-3.5348889242675803 -2.486385325530933
-3.334185918437364 -2.749682882664684
-3.1139165838570135 -2.996844207279625
-2.8753735485680934 -3.2264188584435383
-2.6199566779541485 -3.437059600817047
-2.3491648597739974 -3.627530310766292
-2.064587208092346 -3.7967132304279487
-1.7678937377266024 -3.943615527156804
-1.4608255639358354 -4.067375119862529
-1.1451846848641438 -4.167265738044286
-0.8228234066990023 -4.242701183834825
-0.4956334736020033 -4.293238772042662
-0.16553496620192112 -4.3185819280048054
0.16553496620191954 -4.3185819280048054
0.4956334736020018 -4.293238772042662
0.8228234066990008 -4.242701183834825
1.1451846848641423 -4.167265738044287
1.4608255639358338 -4.06737511986253
1.767893737726601 -3.943615527156805
2.0645872080923477 -3.7967132304279474
2.3491648597739965 -3.627530310766293
2.619956677954147 -3.4370596008170478
2.8753735485680925 -3.2264188584435396
3.1139165838570126 -2.9968442072796257
3.3341859184373615 -2.7496828826646866
3.5348889242675794 -2.486385325530934
3.714847796303403 -2.208496670639312
3.8730064643262336 -1.9176476791142802
4.00843679038308 -1.6155451684891289
4.12034401546914 -1.303961996421988
4.208071423489657 -0.9847266568621493
4.2711041951310955 -0.6597125497205064
4.309072429025585 -0.33082698701393676
0.11388066603918924 0.0
0.1135465175237022 0.00871747989782242
0.11254603289359828 0.017383802157250928
0.11088508339051217 0.02594810935325564
0.10857341612657548 0.03436014272576337
0.1056245968844871 0.042570537118046196
0.10205593050810599 0.05053111067109043
0.0978883593507466 0.05819514757390387
0.0931463403771221 0.06551767221047053
0.0878577016401507 0.07245571309454908
0.08205347897487567 0.07896855504344111
0.07576773386784451 0.08501797811087275
0.06903735357076196 0.09056848187683698
0.06190183463142936 0.09558749377817435
0.05440305111229711 0.10004556025732544
0.04658500885681564 0.10391651960751841
0.038493587245647935 0.107177655500067
0.030176269958220717 0.10980983029282003
0.021681866319612428 0.11179759733745535
0.013060224868025523 0.11312929162655425
0.004361940823742935 0.1137970982485033
-0.004361940823742921 0.1137970982485033
-0.013060224868025484 0.11312929162655426
-0.02168186631961241 0.11179759733745535
-0.030176269958220706 0.10980983029282003
-0.03849358724564794 0.10717765550006698
-0.046585008856815636 0.10391651960751841
-0.05440305111229708 0.10004556025732547
-0.06190183463142935 0.09558749377817435
-0.06903735357076196 0.09056848187683698
-0.0757677338678445 0.08501797811087278
-0.08205347897487565 0.07896855504344111
-0.0878577016401507 0.07245571309454907
-0.0931463403771221 0.06551767221047054
-0.0978883593507466 0.05819514757390387
-0.10205593050810598 0.05053111067109046
-0.10562459688448708 0.04257053711804621
-0.10857341612657548 0.034360142725763355
-0.11088508339051216 0.025948109353255665
-0.11254603289359828 0.01738380215725093
-0.1135465175237022 0.008717479897822454
-0.11388066603918924 6.45195343135086e-17
-0.1135465175237022 -0.008717479897822426
-0.11254603289359828 -0.017383802157250904
-0.11088508339051219 -0.025948109353255585
-0.10857341612657548 -0.034360142725763376
-0.1056245968844871 -0.04257053711804618
-0.10205593050810599 -0.05053111067109043
-0.09788835935074662 -0.058195147573903844
-0.09314634037712215 -0.06551767221047047
-0.08785770164015069 -0.0724557130945491
-0.08205347897487568 -0.0789685550434411
-0.07576773386784451 -0.08501797811087275
-0.06903735357076195 -0.090568481876837
-0.06190183463142941 -0.09558749377817433
-0.054403051112297054 -0.10004556025732549
-0.04658500885681566 -0.1039165196075184
-0.03849358724564794 -0.10717765550006698
-0.030176269958220706 -0.10980983029282003
-0.02168186631961249 -0.11179759733745535
-0.013060224868025563 -0.11312929162655425
-0.004361940823742949 -0.1137970982485033
0.004361940823742907 -0.1137970982485033
0.013060224868025522 -0.11312929162655425
0.02168186631961245 -0.11179759733745535
0.030176269958220668 -0.10980983029282004
0.03849358724564791 -0.107177655500067
0.04658500885681562 -0.10391651960751842
0.05440305111229711 -0.10004556025732544
0.06190183463142939 -0.09558749377817435
0.0690373535707619 -0.09056848187683703
0.07576773386784448 -0.08501797811087278
0.08205347897487565 -0.07896855504344112
0.08785770164015062 -0.07245571309454915
0.09314634037712212 -0.0655176722104705
0.09788835935074656 -0.058195147573903934
0.10205593050810598 -0.05053111067109047
0.10562459688448708 -0.04257053711804623
0.10857341612657548 -0.03436014272576337
0.11088508339051217 -0.025948109353255627
0.11254603289359827 -0.017383802157250994
0.1135465175237022 -0.008717479897822468
7.259466055442919 0.0
7.238165338736362 0.5557067025360578
7.174388189692183 1.1081522971745779
7.068508877980842 1.654094813495888
6.921148745504517 2.1903304437297173
6.733172560115762 2.713712343973128
6.505683440815881 3.2211691011218293
6.240016384213998 3.7097227571435636
5.937730430236112 4.176506284919975
5.600599513058894 4.61878041310176
5.230602050958551 5.033949701242174
4.829909336165716 5.419577770873597
4.400872792859243 5.7734016031451745
3.9460101780741366 6.093344819117272
3.467990806502125 6.377529864778738
2.9696198858916385 6.624289029280419
2.453822054973302 6.832174231725548
1.9236242205169387 6.9999655190842605
1.3821377942390378 7.126678225363063
0.832540433801609 7.211568750016421
0.2780573950534826 7.2541389216904335
-0.2780573950534817 7.2541389216904335
-0.8325404338016065 7.211568750016422
-1.3821377942390367 7.126678225363063
-1.9236242205169378 6.9999655190842605
-2.453822054973303 6.832174231725547
-2.9696198858916376 6.624289029280419
-3.4679908065021228 6.37752986477874
-3.9460101780741357 6.093344819117272
-4.400872792859243 5.7734016031451745
-4.829909336165715 5.419577770873599
-5.230602050958551 5.033949701242174
-5.600599513058894 4.618780413101759
-5.937730430236112 4.176506284919976
-6.240016384213998 3.7097227571435636
-6.50568344081588 3.221169101121831
-6.733172560115762 2.7137123439731288
-6.921148745504517 2.1903304437297164
-7.068508877980841 1.6540948134958897
-7.174388189692183 1.108152297174578
-7.238165338736362 0.5557067025360599
-7.259466055442919 4.1128787313267e-15
-7.238165338736362 -0.555706702536058
-7.174388189692183 -1.1081522971745763
-7.068508877980843 -1.6540948134958846
-6.921148745504517 -2.1903304437297177
-6.733172560115762 -2.713712343973127
-6.505683440815881 -3.2211691011218293
-6.240016384213999 -3.709722757143562
-5.9377304302361145 -4.176506284919972
-5.600599513058893 -4.618780413101761
-5.230602050958552 -5.0339497012421734
-4.8299093361657155 -5.419577770873597
-4.400872792859242 -5.773401603145175
-3.94601017807414 -6.093344819117269
-3.4679908065021214 -6.377529864778741
-2.9696198858916394 -6.624289029280418
-2.453822054973303 -6.832174231725547
-1.9236242205169378 -6.9999655190842605
-1.3821377942390418 -7.1266782253630625
-0.8325404338016115 -7.211568750016421
-0.2780573950534835 -7.2541389216904335
0.2780573950534808 -7.2541389216904335
0.8325404338016089 -7.211568750016421
1.3821377942390392 -7.126678225363063
1.9236242205169356 -6.999965519084261
2.4538220549733003 -6.832174231725548
2.9696198858916367 -6.62428902928042
3.467990806502125 -6.377529864778738
3.9460101780741383 -6.093344819117271
4.400872792859239 -5.773401603145176
4.829909336165714 -5.4195777708736
5.230602050958551 -5.033949701242175
5.600599513058889 -4.618780413101765
5.937730430236113 -4.176506284919974
6.2400163842139955 -3.7097227571435676
6.50568344081588 -3.221169101121832
6.733172560115762 -2.7137123439731297
6.921148745504517 -2.1903304437297173
7.068508877980842 -1.6540948134958873
7.174388189692182 -1.108152297174582
7.238165338736362 -0.5557067025360608
7.122412924897298 0.0
7.101514349324153 0.5452153877938878
7.038941263756134 1.087231234896833
6.935060871940447 1.6228667767949085
6.790482785322489 2.1489786911421476
6.6060554456034835 2.662479544025953
6.382861145747208 3.160355908256967
6.122209678654532 3.639686047358048
5.825630650777855 4.097657061475701
5.494864505782222 4.531581394594913
5.131852310929844 4.938912606186518
4.738724366125568 5.317260314732759
4.31778770246996 5.664404225436535
3.8715125436834557 5.978307159794129
3.402517809851333 6.257127010568714
2.9135557485592756 6.499227552008107
2.407495783610158 6.703188041868093
1.887307676104205 6.867811558892849
1.3560440966999667 6.992132026824812
0.8168227113290629 7.075419883724296
0.272807885492808 7.117186363329052
-0.27280788549280716 7.117186363329052
-0.8168227113290605 7.075419883724296
-1.3560440966999658 6.992132026824812
-1.887307676104204 6.867811558892849
-2.407495783610159 6.703188041868092
-2.9135557485592747 6.499227552008107
-3.4025178098513313 6.257127010568715
-3.871512543683455 5.978307159794129
-4.31778770246996 5.664404225436535
-4.738724366125567 5.317260314732761
-5.131852310929843 4.938912606186518
-5.494864505782222 4.531581394594912
-5.825630650777855 4.097657061475702
-6.122209678654532 3.639686047358048
-6.382861145747207 3.1603559082569688
-6.606055445603483 2.662479544025954
-6.790482785322489 2.1489786911421467
-6.935060871940446 1.62286677679491
-7.038941263756134 1.0872312348968332
-7.101514349324153 0.5452153877938898
-7.122412924897298 4.035230747111636e-15
-7.101514349324153 -0.545215387793888
-7.038941263756134 -1.0872312348968314
-6.935060871940448 -1.622866776794905
-6.790482785322489 -2.148978691142148
-6.6060554456034835 -2.662479544025952
-6.382861145747208 -3.160355908256967
-6.122209678654533 -3.639686047358046
-5.825630650777857 -4.097657061475697
-5.494864505782222 -4.531581394594914
-5.131852310929845 -4.938912606186517
-4.738724366125567 -5.317260314732759
-4.317787702469959 -5.664404225436536
-3.8715125436834588 -5.978307159794126
-3.4025178098513296 -6.257127010568716
-2.913555748559276 -6.499227552008106
-2.407495783610159 -6.703188041868092
-1.887307676104204 -6.867811558892849
-1.3560440966999707 -6.9921320268248115
-0.8168227113290655 -7.075419883724296
-0.2728078854928089 -7.117186363329052
0.27280788549280627 -7.117186363329052
0.8168227113290629 -7.075419883724296
1.356044096699968 -6.992132026824812
1.8873076761042016 -6.86781155889285
2.4074957836101563 -6.703188041868093
2.913555748559274 -6.499227552008107
3.402517809851333 -6.257127010568714
3.8715125436834574 -5.978307159794128
4.317787702469956 -5.664404225436538
4.738724366125566 -5.317260314732762
5.131852310929843 -4.938912606186519
5.494864505782218 -4.531581394594918
5.825630650777855 -4.097657061475699
6.122209678654531 -3.639686047358052
6.382861145747207 -3.1603559082569697
6.606055445603483 -2.662479544025955
6.790482785322489 -2.1489786911421476
6.935060871940447 -1.6228667767949077
7.038941263756133 -1.087231234896837
7.101514349324153 -0.5452153877938908
0.06618419132864516 0.0
0.06598999375279355 0.005066350395795461
0.0654085406538331 0.010102969432922724
0.06444324422975317 0.015080300228148408
0.06309976922380352 0.019969133825217554
0.061385999681528386 0.02474078060462333
0.05931199268405235 0.029367238645702266
0.05688991932912925 0.03382135805303914
0.054133993306300865 0.03807700028284898
0.051060387485315 0.042109191534345516
0.0476871390072948 0.04589426930593461
0.04403404343562259 0.04941002125618256
0.04012253858770251 0.052635815554668015
0.035975578729323714 0.05555272195776675
0.031617499869901255 0.05814362289884853
0.027073876949096094 0.06039331394096462
0.02237137375289973 0.06228859300252959
0.01753758643993566 0.06381833783238555
0.012600881596227381 0.06497357127959465
0.007590229768792144 0.06574751397493026
0.0025350354549514517 0.06613562411491138
-0.002535035454951444 0.06613562411491138
-0.007590229768792121 0.06574751397493027
-0.012600881596227373 0.06497357127959465
-0.017537586439935655 0.06381833783238555
-0.022371373752899736 0.062288593002529584
-0.027073876949096087 0.06039331394096462
-0.031617499869901235 0.05814362289884854
-0.03597557872932371 0.05555272195776675
-0.04012253858770251 0.052635815554668015
-0.04403404343562257 0.049410021256182574
-0.04768713900729479 0.04589426930593461
-0.051060387485315 0.04210919153434551
-0.054133993306300865 0.03807700028284899
-0.05688991932912925 0.03382135805303914
-0.05931199268405234 0.02936723864570228
-0.06138599968152838 0.024740780604623338
-0.06309976922380352 0.019969133825217547
-0.06444324422975317 0.015080300228148423
-0.0654085406538331 0.010102969432922725
-0.06598999375279355 0.0050663503957954804
-0.06618419132864516 3.749691103818152e-17
-0.06598999375279355 -0.005066350395795464
-0.0654085406538331 -0.010102969432922708
-0.06444324422975319 -0.015080300228148377
-0.06309976922380352 -0.019969133825217558
-0.061385999681528386 -0.02474078060462332
-0.05931199268405235 -0.029367238645702266
-0.056889919329129256 -0.033821358053039124
-0.05413399330630089 -0.03807700028284895
-0.051060387485314995 -0.04210919153434552
-0.04768713900729481 -0.045894269305934605
-0.044034043435622575 -0.04941002125618256
-0.040122538587702504 -0.05263581555466802
-0.03597557872932374 -0.055552721957766726
-0.03161749986990122 -0.05814362289884855
-0.0270738769490961 -0.060393313940964616
-0.022371373752899736 -0.062288593002529584
-0.017537586439935655 -0.06381833783238555
-0.012600881596227418 -0.06497357127959465
-0.007590229768792167 -0.06574751397493026
-0.00253503545495146 -0.06613562411491138
0.0025350354549514356 -0.06613562411491138
0.007590229768792143 -0.06574751397493026
0.012600881596227393 -0.06497357127959465
0.017537586439935634 -0.06381833783238557
0.022371373752899715 -0.06228859300252959
0.02707387694909608 -0.06039331394096463
0.031617499869901255 -0.05814362289884853
0.03597557872932373 -0.05555272195776674
0.04012253858770248 -0.052635815554668036
0.04403404343562256 -0.04941002125618258
0.04768713900729479 -0.04589426930593462
0.05106038748531496 -0.04210919153434556
0.05413399330630088 -0.038077000282848966
0.05688991932912922 -0.03382135805303917
0.05931199268405234 -0.02936723864570229
0.06138599968152838 -0.02474078060462335
0.06309976922380352 -0.019969133825217554
0.06444324422975317 -0.0150803002281484
0.0654085406538331 -0.010102969432922762
0.06598999375279355 -0.005066350395795488
1.0 0.5 0.4 0.32000000000000006 0.25600000000000006 0.20480000000000007 0.16384000000000007 0.13107200000000005 0.10485760000000005 0.08388608000000004 0.06710886400000003 0.05368709120000003 0.042949672960000025 0.03435973836800002 0.027487790694400018 0.021990232555520017 0.017592186044416015 0.014073748835532814 0.011258999068426251 0.009007199254741001 0.007205759403792801 0.0057646075230342415 