0.0 0.0
2.3551283712115025 0.0
2.3456473167855334 0.21111207957426806
2.3172804893830943 0.42052440881569675
2.2702562820190053 0.6265509227816896
2.204953305961176 0.8275328171234209
2.121897342375296 1.021851903803091
2.0217571090440423 1.2079436397925283
1.9053388762446952 1.3843097238537143
1.7735799751349428 1.5495301599793665
1.6275412509135407 1.7022746903658443
1.4683985215185418 1.8413135058668055
1.2974331106326238 1.9655271476933354
1.1160215312182067 2.073915520637886
0.9256244026444544 2.165605945252839
0.7277746906389441 2.239860184152291
0.5240653647489971 2.296080385865409
0.31613657268753576 2.3338138983849426
0.10566243482808875 2.3527569136550306
-0.10566243482808844 2.3527569136550306
-0.3161365726875354 2.3338138983849426
-0.5240653647489969 2.296080385865409
-0.7277746906389437 2.239860184152291
-0.9256244026444537 2.1656059452528393
-1.1160215312182065 2.073915520637886
-1.2974331106326233 1.9655271476933356
-1.4683985215185413 1.8413135058668058
-1.6275412509135407 1.7022746903658443
-1.7735799751349424 1.5495301599793667
-1.905338876244695 1.3843097238537145
-2.0217571090440423 1.2079436397925285
-2.1218973423752954 1.0218519038030913
-2.204953305961176 0.8275328171234211
-2.2702562820190053 0.6265509227816899
-2.3172804893830943 0.420524408815697
-2.3456473167855334 0.21111207957426836
-2.3551283712115025 2.884200421385286e-16
-2.3456473167855334 -0.21111207957426778
-2.3172804893830943 -0.4205244088156964
-2.2702562820190058 -0.6265509227816893
-2.204953305961176 -0.8275328171234205
-2.121897342375296 -1.0218519038030909
-2.021757109044043 -1.2079436397925272
-1.9053388762446957 -1.384309723853714
-1.773579975134943 -1.5495301599793663
-1.6275412509135418 -1.7022746903658434
-1.468398521518542 -1.841313505866805
-1.2974331106326238 -1.9655271476933354
-1.116021531218207 -2.073915520637886
-0.9256244026444547 -2.165605945252839
-0.7277746906389443 -2.239860184152291
-0.5240653647489975 -2.296080385865409
-0.31613657268753603 -2.3338138983849426
-0.10566243482808903 -2.3527569136550306
0.10566243482808817 -2.3527569136550306
0.3161365726875352 -2.3338138983849426
0.5240653647489967 -2.296080385865409
0.7277746906389435 -2.239860184152291
0.9256244026444539 -2.165605945252839
1.1160215312182062 -2.0739155206378865
1.2974331106326231 -1.9655271476933358
1.4683985215185411 -1.8413135058668058
1.6275412509135405 -1.7022746903658448
1.7735799751349421 -1.549530159979367
1.905338876244695 -1.384309723853715
2.021757109044042 -1.2079436397925287
2.1218973423752954 -1.0218519038030918
2.2049533059611757 -0.8275328171234213
2.2702562820190053 -0.6265509227816901
2.3172804893830943 -0.42052440881569725
2.3456473167855334 -0.21111207957426864
3.596977434064545 0.0
3.5824970604092417 0.32243057133079134
3.5391725268976826 0.6422651212873329
3.4673526571992888 0.9569285301330447
3.367615702675473 1.263887313118989
3.2407646866396815 1.5606700186134046
3.0878209388858444 1.8448871267770555
2.910015872541409 2.114250288571961
2.7087810694528938 2.3665907502023233
2.48573675393062 2.599876814644883
2.2426787476552392 2.812230199678733
1.9815640107774875 3.0019411607093494
1.7044948856257247 3.167482256626753
1.413702169881667 3.3075206478632033
1.1115271555091364 3.4209288276337064
0.80040277804783 3.50679369995768
0.4828340280468946 3.564423931370898
0.16137778235393652 3.593355517136049
-0.16137778235393607 3.5933555171360494
-0.4828340280468941 3.5644239313708983
-0.8004027780478297 3.50679369995768
-1.111527155509136 3.420928827633707
-1.4137021698816656 3.307520647863204
-1.7044948856257245 3.167482256626753
-1.9815640107774866 3.00194116070935
-2.242678747655239 2.8122301996787336
-2.48573675393062 2.599876814644883
-2.7087810694528933 2.366590750202324
-2.9100158725414085 2.1142502885719616
-3.0878209388858444 1.844887126777056
-3.240764686639681 1.560670018613405
-3.367615702675473 1.2638873131189894
-3.4673526571992888 0.9569285301330451
-3.5391725268976826 0.6422651212873334
-3.5824970604092417 0.3224305713307918
-3.596977434064545 4.405026901232405e-16
-3.5824970604092417 -0.3224305713307909
-3.5391725268976826 -0.6422651212873325
-3.467352657199289 -0.9569285301330444
-3.367615702675473 -1.2638873131189885
-3.2407646866396815 -1.5606700186134044
-3.0878209388858457 -1.844887126777054
-2.9100158725414094 -2.1142502885719607
-2.708781069452894 -2.366590750202323
-2.485736753930621 -2.5998768146448814
-2.2426787476552397 -2.8122301996787327
-1.9815640107774875 -3.0019411607093494
-1.7044948856257252 -3.1674822566267524
-1.4137021698816674 -3.3075206478632033
-1.1115271555091368 -3.4209288276337064
-0.8004027780478306 -3.50679369995768
-0.48283402804689507 -3.564423931370898
-0.16137778235393693 -3.593355517136049
0.16137778235393566 -3.5933555171360494
0.48283402804689374 -3.5644239313708983
0.8004027780478292 -3.50679369995768
1.1115271555091357 -3.420928827633707
1.413702169881666 -3.3075206478632038
1.704494885625724 -3.1674822566267533
1.9815640107774863 -3.0019411607093502
2.2426787476552383 -2.8122301996787336
2.4857367539306194 -2.5998768146448836
2.708781069452893 -2.3665907502023242
2.9100158725414085 -2.114250288571962
3.087820938885844 -1.8448871267770564
3.240764686639681 -1.5606700186134055
3.3676157026754727 -1.2638873131189898
3.4673526571992888 -0.9569285301330455
3.5391725268976826 -0.6422651212873338
3.5824970604092417 -0.3224305713307922
4.482781500396699 0.0
4.464735139992521 0.4018334356606568
4.410741357462872 0.800431544771608
4.321234878996852 1.1925850497301849
4.1969363581301105 1.5751365610969876
4.038846573466322 1.9450059990391373
3.84823837099631 2.2992153923220306
3.626646415890555 2.634912855182705
3.3758548362776093 2.9493955490371175
3.097882858493455 3.2401314441471825
2.7949685494583347 3.5047797060354102
2.4695507970778694 3.7412095425077356
2.1242496737516863 3.9475173595393773
1.7618453410910362 4.122042087894626
1.3852556656922053 4.263378557079646
0.9975127261903621 4.370388808949057
0.6017384007452189 4.442211259875814
0.20111923151372493 4.478267637715974
-0.20111923151372438 4.478267637715974
-0.6017384007452182 4.4422112598758146
-0.9975127261903616 4.370388808949057
-1.3852556656922048 4.263378557079647
-1.7618453410910346 4.122042087894627
-2.124249673751686 3.9475173595393773
-2.4695507970778685 3.741209542507736
-2.794968549458334 3.5047797060354107
-3.097882858493455 3.2401314441471825
-3.3758548362776084 2.949395549037118
-3.6266464158905545 2.6349128551827055
-3.84823837099631 2.299215392322031
-4.038846573466322 1.9450059990391377
-4.1969363581301105 1.575136561096988
-4.321234878996852 1.1925850497301853
-4.410741357462872 0.8004315447716085
-4.464735139992521 0.4018334356606574
-4.482781500396699 5.489824015737787e-16
-4.464735139992521 -0.40183343566065627
-4.410741357462872 -0.8004315447716074
-4.321234878996852 -1.1925850497301844
-4.1969363581301105 -1.5751365610969872
-4.038846573466322 -1.9450059990391368
-3.8482383709963113 -2.299215392322029
-3.6266464158905554 -2.6349128551827046
-3.3758548362776097 -2.949395549037117
-3.0978828584934566 -3.2401314441471802
-2.794968549458335 -3.50477970603541
-2.4695507970778694 -3.7412095425077356
-2.1242496737516867 -3.947517359539377
-1.7618453410910366 -4.122042087894626
-1.385255665692206 -4.263378557079646
-0.9975127261903627 -4.370388808949057
-0.6017384007452193 -4.442211259875814
-0.20111923151372546 -4.478267637715974
0.20111923151372385 -4.478267637715974
0.6017384007452178 -4.4422112598758146
0.9975127261903611 -4.370388808949057
1.3852556656922044 -4.263378557079647
1.761845341091035 -4.122042087894627
2.124249673751685 -3.9475173595393778
2.4695507970778676 -3.741209542507737
2.7949685494583334 -3.5047797060354107
3.0978828584934543 -3.240131444147183
3.375854836277608 -2.9493955490371184
3.6266464158905545 -2.6349128551827063
3.848238370996309 -2.299215392322032
4.038846573466322 -1.9450059990391382
4.1969363581301105 -1.5751365610969887
4.321234878996852 -1.1925850497301858
4.410741357462872 -0.800431544771609
4.464735139992521 -0.40183343566065793
5.198903218249375 0.0
5.177973962345497 0.4660260915397102
5.115354704696199 0.9283000150092471
5.011549618744545 1.383099812589499
4.867394482006216 1.8267637037283004
4.684049946880383 2.255719567644345
4.462992195759035 2.666513703943344
4.20600105567435 3.055838639782859
3.9151456681779475 3.420559759698865
3.5927678298297487 3.7577405436863445
3.241463137429035 4.06466621033172
2.8640600897952027 4.338865574636531
2.4635973143583993 4.5781309445460145
2.043299101918146 4.780535895987415
1.6065494465496633 4.944450783303912
1.1568647996733397 5.068555860203227
0.6978657576555332 5.151851905578766
0.2332479108955046 5.193668268650452
-0.23324791089550392 5.193668268650453
-0.6978657576555325 5.151851905578767
-1.1568647996733392 5.068555860203227
-1.6065494465496626 4.944450783303913
-2.0432991019181443 4.780535895987416
-2.463597314358399 4.5781309445460145
-2.8640600897952013 4.338865574636532
-3.2414631374290344 4.06466621033172
-3.5927678298297487 3.7577405436863445
-3.915145668177947 3.4205597596988655
-4.20600105567435 3.0558386397828596
-4.462992195759035 2.6665137039433446
-4.684049946880382 2.255719567644346
-4.867394482006216 1.8267637037283009
-5.011549618744545 1.3830998125894998
-5.115354704696199 0.9283000150092476
-5.177973962345497 0.46602609153971086
-5.198903218249375 6.36682018530597e-16
-5.177973962345497 -0.4660260915397096
-5.115354704696199 -0.9283000150092464
-5.011549618744546 -1.3830998125894987
-4.867394482006216 -1.8267637037282998
-4.684049946880383 -2.2557195676443444
-4.462992195759036 -2.666513703943342
-4.206001055674351 -3.0558386397828587
-3.915145668177948 -3.4205597596988646
-3.592767829829751 -3.7577405436863422
-3.2414631374290357 -4.064666210331719
-2.8640600897952027 -4.338865574636531
-2.4635973143584002 -4.5781309445460145
-2.0432991019181466 -4.780535895987415
-1.6065494465496637 -4.944450783303912
-1.1568647996733405 -5.068555860203227
-0.6978657576555337 -5.151851905578766
-0.2332479108955052 -5.193668268650452
0.2332479108955033 -5.193668268650453
0.6978657576555319 -5.151851905578767
1.1568647996733386 -5.068555860203227
1.6065494465496621 -4.944450783303913
2.043299101918145 -4.780535895987416
2.4635973143583985 -4.578130944546015
2.864060089795201 -4.338865574636532
3.241463137429034 -4.06466621033172
3.592767829829748 -3.757740543686345
3.9151456681779466 -3.4205597596988664
4.20600105567435 -3.0558386397828605
4.462992195759035 -2.666513703943345
4.684049946880382 -2.2557195676443462
4.867394482006216 -1.8267637037283015
5.011549618744545 -1.3830998125895002
5.115354704696199 -0.9283000150092483
5.177973962345496 -0.46602609153971153
5.848653685188148 0.0
5.825108724927919 0.5242692743557851
5.7546634143230335 1.0443174407797986
5.637884937593311 1.5559573772193644
5.4757135263687475 2.055069659745682
5.269454889497277 2.537635729733119
5.020769700244874 2.999770248930391
4.7316602255308755 3.4377523819196183
4.40445420485206 3.8480557540952947
4.041786108692909 4.227376843959139
3.64657592731831 4.572661581132755
3.2220056607288665 4.881129935936559
2.7714936990678822 5.150298302554128
2.298667299753909 5.3779994955658905
1.8073333829368015 5.562400198851852
1.3014478804151068 5.702015726375009
0.7850838847992713 5.795721976000348
0.26239885536488056 5.842764480104268
-0.2623988553648798 5.842764480104268
-0.7850838847992705 5.795721976000349
-1.3014478804151062 5.702015726375009
-1.8073333829368008 5.562400198851852
-2.298667299753907 5.377999495565891
-2.771493699067882 5.150298302554128
-3.2220056607288656 4.88112993593656
-3.6465759273183096 4.572661581132756
-4.041786108692909 4.227376843959139
-4.404454204852059 3.8480557540952955
-4.731660225530875 3.4377523819196187
-5.020769700244874 2.9997702489303917
-5.269454889497276 2.53763572973312
-5.4757135263687475 2.0550696597456826
-5.637884937593311 1.5559573772193651
-5.7546634143230335 1.0443174407797993
-5.825108724927919 0.5242692743557857
-5.848653685188148 7.162535014887037e-16
-5.825108724927919 -0.5242692743557843
-5.7546634143230335 -1.044317440779798
-5.637884937593312 -1.555957377219364
-5.4757135263687475 -2.0550696597456812
-5.269454889497277 -2.5376357297331187
-5.020769700244876 -2.999770248930388
-4.731660225530876 -3.4377523819196174
-4.404454204852061 -3.848055754095294
-4.041786108692912 -4.227376843959136
-3.646575927318311 -4.5726615811327544
-3.2220056607288665 -4.881129935936559
-2.771493699067883 -5.150298302554127
-2.2986672997539097 -5.3779994955658905
-1.8073333829368021 -5.562400198851852
-1.3014478804151077 -5.702015726375009
-0.7850838847992719 -5.795721976000348
-0.2623988553648812 -5.842764480104268
0.2623988553648791 -5.842764480104268
0.7850838847992698 -5.795721976000349
1.3014478804151057 -5.702015726375009
1.8073333829368001 -5.562400198851852
2.2986672997539075 -5.3779994955658905
2.771493699067881 -5.150298302554128
3.2220056607288647 -4.881129935936561
3.646575927318309 -4.572661581132756
4.041786108692909 -4.2273768439591395
4.404454204852059 -3.848055754095296
4.731660225530875 -3.4377523819196196
5.020769700244873 -2.999770248930392
5.269454889497276 -2.5376357297331205
5.475713526368747 -2.0550696597456835
5.637884937593311 -1.5559573772193658
5.7546634143230335 -1.0443174407798
5.825108724927918 -0.5242692743557865
1.0 0.5 0.4 0.32000000000000006 0.25600000000000006 0.20480000000000007 