0.0 0.0
2.418108243645867 0.0
2.4119471809810564 0.17250586698902648
2.393495388349722 0.3441326836217592
2.362846891857584 0.5140058789810236
2.3201578692175024 0.6812598182016889
2.265645853903652 0.8450422135475196
2.1995886266508 1.0045184674741165
2.122322799947356 1.1588759255466983
2.0342421027352886 1.3073280175408208
1.935795374057688 1.4491182656239465
1.827484275877887 1.5835241391930768
1.709860736725085 1.7098607367250849
1.5835241391930768 1.827484275877887
1.449118265623947 1.935795374057688
1.307328017540821 2.034242102735288
1.1588759255466985 2.1223227999473555
1.0045184674741168 2.1995886266508
0.8450422135475197 2.265645853903652
0.6812598182016892 2.3201578692175024
0.514005878981024 2.362846891857584
0.3441326836217591 2.393495388349722
0.1725058669890265 2.4119471809810564
6.849943156549449e-16 2.418108243645867
-0.17250586698902623 2.4119471809810564
-0.34413268362175886 2.3934953883497223
-0.5140058789810237 2.362846891857584
-0.6812598182016889 2.3201578692175024
-0.8450422135475195 2.265645853903652
-1.0045184674741163 2.1995886266508
-1.1588759255466983 2.1223227999473555
-1.3073280175408202 2.034242102735289
-1.449118265623947 1.935795374057688
-1.5835241391930766 1.827484275877887
-1.7098607367250849 1.709860736725085
-1.8274842758778869 1.5835241391930772
-1.9357953740576879 1.4491182656239472
-2.034242102735288 1.3073280175408215
-2.122322799947356 1.1588759255466978
-2.1995886266507996 1.0045184674741174
-2.265645853903652 0.8450422135475203
-2.3201578692175024 0.6812598182016889
-2.362846891857584 0.5140058789810247
-2.393495388349722 0.34413268362175925
-2.4119471809810564 0.17250586698902667
-2.418108243645867 1.3699886313098898e-15
-2.4119471809810564 -0.17250586698902606
-2.3934953883497223 -0.34413268362175864
-2.362846891857584 -0.514005878981024
-2.320157869217503 -0.6812598182016882
-2.2656458539036524 -0.8450422135475189
-2.1995886266508 -1.0045184674741168
-2.1223227999473564 -1.1588759255466972
-2.0342421027352886 -1.3073280175408208
-1.935795374057688 -1.4491182656239465
-1.8274842758778875 -1.5835241391930766
-1.7098607367250844 -1.7098607367250853
-1.5835241391930772 -1.8274842758778869
-1.4491182656239474 -1.9357953740576879
-1.3073280175408206 -2.0342421027352886
-1.158875925546699 -2.1223227999473555
-1.0045184674741183 -2.199588626650799
-0.8450422135475204 -2.265645853903652
-0.6812598182016891 -2.3201578692175024
-0.5140058789810227 -2.3628468918575845
-0.34413268362175936 -2.393495388349722
-0.17250586698902787 -2.4119471809810564
-4.441992780859109e-16 -2.418108243645867
0.17250586698902487 -2.4119471809810564
0.34413268362175853 -2.3934953883497223
0.5140058789810239 -2.362846891857584
0.6812598182016881 -2.320157869217503
0.8450422135475196 -2.265645853903652
1.0045184674741157 -2.1995886266508005
1.158875925546698 -2.122322799947356
1.3073280175408217 -2.0342421027352877
1.4491182656239465 -1.9357953740576885
1.5835241391930754 -1.8274842758778882
1.7098607367250844 -1.7098607367250853
1.8274842758778862 -1.5835241391930779
1.9357953740576876 -1.4491182656239474
2.0342421027352886 -1.3073280175408206
2.1223227999473555 -1.158875925546699
2.199588626650799 -1.0045184674741185
2.2656458539036524 -0.8450422135475185
2.3201578692175024 -0.6812598182016892
2.362846891857584 -0.5140058789810249
2.393495388349722 -0.3441326836217596
2.4119471809810564 -0.172505866989028
3.620792241942299 0.0
3.6115668782897465 0.25830436107428084
3.5839377976706213 0.5152924623331838
3.5380457915466055 0.7696547513196362
3.474124715061519 1.0200950561140163
3.3925002953691075 1.2653371903291455
3.2935884718021335 1.5041314562635895
3.177893276340875 1.7352610130746897
3.046004265181692 1.9575480775205703
2.898593514493785 2.1698599256735687
2.736412195673093 2.3711146650217283
2.560286747545042 2.560286747545042
2.3711146650217283 2.736412195673093
2.169859925673569 2.898593514493785
1.9575480775205707 3.0460042651816917
1.7352610130746902 3.1778932763408747
1.5041314562635897 3.293588471802133
1.2653371903291457 3.3925002953691075
1.0200950561140167 3.474124715061519
0.7696547513196369 3.5380457915466055
0.5152924623331837 3.5839377976706213
0.2583043610742809 3.6115668782897465
1.0256869643513065e-15 3.620792241942299
-0.2583043610742805 3.6115668782897465
-0.5152924623331833 3.5839377976706217
-0.7696547513196365 3.5380457915466055
-1.0200950561140163 3.474124715061519
-1.2653371903291453 3.3925002953691075
-1.5041314562635892 3.2935884718021335
-1.7352610130746897 3.1778932763408747
-1.957548077520569 3.0460042651816925
-2.169859925673569 2.898593514493785
-2.371114665021728 2.736412195673093
-2.560286747545042 2.560286747545042
-2.7364121956730925 2.3711146650217287
-2.8985935144937844 2.1698599256735696
-3.0460042651816917 1.957548077520571
-3.177893276340875 1.735261013074689
-3.2935884718021327 1.5041314562635906
-3.392500295369107 1.2653371903291466
-3.474124715061519 1.0200950561140163
-3.5380457915466055 0.7696547513196379
-3.5839377976706213 0.5152924623331839
-3.6115668782897465 0.2583043610742811
-3.620792241942299 2.051373928702613e-15
-3.6115668782897465 -0.25830436107428023
-3.5839377976706217 -0.515292462333183
-3.5380457915466055 -0.769654751319637
-3.4741247150615195 -1.0200950561140152
-3.392500295369108 -1.2653371903291444
-3.293588471802133 -1.50413145626359
-3.177893276340876 -1.7352610130746882
-3.046004265181692 -1.9575480775205703
-2.898593514493785 -2.1698599256735687
-2.7364121956730934 -2.371114665021728
-2.5602867475450415 -2.5602867475450424
-2.3711146650217287 -2.7364121956730925
-2.16985992567357 -2.8985935144937844
-1.9575480775205698 -3.046004265181692
-1.7352610130746906 -3.1778932763408743
-1.5041314562635921 -3.293588471802132
-1.2653371903291468 -3.392500295369107
-1.0200950561140165 -3.474124715061519
-0.769654751319635 -3.538045791546606
-0.5152924623331842 -3.5839377976706213
-0.25830436107428295 -3.6115668782897465
-6.651287444208307e-16 -3.620792241942299
0.25830436107427845 -3.611566878289747
0.5152924623331828 -3.5839377976706217
0.7696547513196368 -3.5380457915466055
1.0200950561140152 -3.4741247150615195
1.2653371903291455 -3.3925002953691075
1.5041314562635881 -3.293588471802134
1.7352610130746895 -3.177893276340875
1.9575480775205714 -3.046004265181691
2.1698599256735687 -2.8985935144937853
2.371114665021726 -2.7364121956730947
2.5602867475450415 -2.5602867475450424
2.736412195673091 -2.3711146650217296
2.898593514493784 -2.16985992567357
3.046004265181692 -1.9575480775205698
3.1778932763408743 -1.7352610130746908
3.293588471802132 -1.5041314562635923
3.3925002953691084 -1.265337190329144
3.474124715061519 -1.0200950561140167
3.5380457915466055 -0.7696547513196382
3.5839377976706213 -0.5152924623331844
3.6115668782897465 -0.2583043610742832
4.443044715999384 0.0
4.431724347281499 0.3169631809570613
4.397820927131969 0.6323111901984264
4.341507219608518 0.944437086553232
4.263070186456429 1.2517503479993102
4.162909524817267 1.5526849765988338
4.041535630463869 1.8457074784648466
3.8995669969404734 2.1293246780946076
3.737727063861394 2.40209132724968
3.5568405304285693 2.6626174696096805
3.3578291529534705 2.9095755236710774
3.1417070477982225 3.141707047798222
2.9095755236710774 3.3578291529534705
2.662617469609681 3.5568405304285693
2.4020913272496807 3.737727063861393
2.129324678094608 3.899566996940473
1.8457074784648468 4.041535630463868
1.552684976598834 4.162909524817267
1.2517503479993106 4.263070186456429
0.9444370865532327 4.341507219608518
0.6323111901984263 4.397820927131969
0.31696318095706133 4.431724347281499
1.2586121331241915e-15 4.443044715999384
-0.31696318095706083 4.431724347281499
-0.6323111901984259 4.39782092713197
-0.9444370865532322 4.341507219608518
-1.2517503479993102 4.263070186456429
-1.5526849765988333 4.162909524817267
-1.8457074784648464 4.041535630463869
-2.1293246780946076 3.899566996940473
-2.4020913272496784 3.737727063861395
-2.662617469609681 3.5568405304285693
-2.909575523671077 3.3578291529534705
-3.141707047798222 3.1417070477982225
-3.35782915295347 2.909575523671078
-3.556840530428569 2.6626174696096814
-3.737727063861393 2.402091327249681
-3.8995669969404734 2.1293246780946067
-4.041535630463868 1.8457074784648482
-4.162909524817266 1.5526849765988349
-4.263070186456429 1.2517503479993102
-4.341507219608518 0.9444370865532339
-4.397820927131969 0.6323111901984265
-4.431724347281499 0.3169631809570616
-4.443044715999384 2.517224266248383e-15
-4.431724347281499 -0.3169631809570605
-4.39782092713197 -0.6323111901984254
-4.341507219608518 -0.9444370865532328
-4.263070186456429 -1.2517503479993088
-4.162909524817268 -1.5526849765988322
-4.041535630463868 -1.845707478464847
-3.8995669969404747 -2.129324678094606
-3.737727063861394 -2.40209132724968
-3.5568405304285693 -2.6626174696096805
-3.357829152953471 -2.909575523671077
-3.1417070477982216 -3.141707047798223
-2.909575523671078 -3.35782915295347
-2.662617469609682 -3.556840530428569
-2.4020913272496798 -3.737727063861394
-2.1293246780946085 -3.8995669969404725
-1.84570747846485 -4.041535630463867
-1.552684976598835 -4.162909524817266
-1.2517503479993104 -4.263070186456429
-0.9444370865532303 -4.341507219608519
-0.6323111901984267 -4.397820927131969
-0.31696318095706383 -4.431724347281499
-8.161740734875808e-16 -4.443044715999384
0.3169631809570583 -4.4317243472814996
0.6323111901984252 -4.39782092713197
0.9444370865532326 -4.341507219608518
1.2517503479993086 -4.263070186456429
1.5526849765988338 -4.162909524817267
1.845707478464845 -4.04153563046387
2.129324678094607 -3.8995669969404734
2.4020913272496816 -3.7377270638613926
2.6626174696096805 -3.5568405304285697
2.9095755236710747 -3.3578291529534727
3.1417070477982216 -3.141707047798223
3.3578291529534687 -2.909575523671079
3.556840530428568 -2.662617469609682
3.737727063861394 -2.4020913272496798
3.8995669969404725 -2.129324678094609
4.041535630463867 -1.8457074784648504
4.162909524817268 -1.5526849765988318
4.263070186456429 -1.2517503479993106
4.341507219608518 -0.9444370865532344
4.397820927131969 -0.6323111901984272
4.431724347281499 -0.3169631809570641
5.05991931722968 0.0
5.047027222728014 0.36097051114518275
5.008416634381466 0.7201015993074132
4.944284302897911 1.0755632147816268
4.8549570319381425 1.4255440066544587
4.740890012799331 1.7682605530333
4.6026645048645065 2.1019664489554635
4.4409848736379836 2.424961205667566
4.256675001460207 2.735598915926423
4.05067408919219 3.0322966411650896
3.8240318702632194 3.313542477784954
3.5779032614699124 3.5779032614699116
3.313542477784954 3.8240318702632194
3.0322966411650905 4.05067408919219
2.7355989159264236 4.256675001460206
2.4249612056675667 4.440984873637983
2.101966448955464 4.602664504864506
1.7682605530333002 4.740890012799331
1.4255440066544594 4.8549570319381425
1.0755632147816276 4.944284302897911
0.7201015993074131 5.008416634381466
0.3609705111451828 5.047027222728014
1.433358485536258e-15 5.05991931722968
-0.36097051114518225 5.047027222728014
-0.7201015993074126 5.008416634381467
-1.075563214781627 4.944284302897911
-1.4255440066544587 4.8549570319381425
-1.7682605530332998 4.740890012799331
-2.101966448955463 4.6026645048645065
-2.4249612056675662 4.440984873637983
-2.7355989159264213 4.2566750014602075
-3.0322966411650905 4.05067408919219
-3.3135424777849534 3.8240318702632194
-3.5779032614699116 3.5779032614699124
-3.824031870263219 3.3135424777849543
-4.0506740891921895 3.032296641165091
-4.256675001460206 2.735598915926424
-4.4409848736379836 2.424961205667565
-4.602664504864505 2.1019664489554652
-4.74089001279933 1.7682605530333013
-4.8549570319381425 1.4255440066544587
-4.94428430289791 1.075563214781629
-5.008416634381466 0.7201015993074134
-5.047027222728014 0.36097051114518314
-5.05991931722968 2.866716971072516e-15
-5.047027222728014 -0.3609705111451819
-5.008416634381467 -0.7201015993074121
-4.944284302897911 -1.0755632147816279
-4.854957031938143 -1.4255440066544574
-4.740890012799331 -1.7682605530332982
-4.602664504864506 -2.101966448955464
-4.440984873637984 -2.424961205667564
-4.256675001460207 -2.735598915926423
-4.05067408919219 -3.0322966411650896
-3.82403187026322 -3.3135424777849534
-3.577903261469911 -3.577903261469913
-3.3135424777849543 -3.824031870263219
-3.0322966411650913 -4.0506740891921895
-2.7355989159264227 -4.256675001460207
-2.424961205667567 -4.440984873637983
-2.1019664489554675 -4.602664504864504
-1.7682605530333018 -4.74089001279933
-1.4255440066544591 -4.8549570319381425
-1.075563214781625 -4.944284302897912
-0.7201015993074137 -5.008416634381466
-0.3609705111451857 -5.047027222728014
-9.29492099368378e-16 -5.05991931722968
0.36097051114517936 -5.047027222728015
0.7201015993074118 -5.008416634381467
1.0755632147816274 -4.944284302897911
1.4255440066544571 -4.854957031938143
1.7682605530333 -4.740890012799331
2.1019664489554617 -4.6026645048645065
2.4249612056675653 -4.4409848736379836
2.735598915926425 -4.256675001460205
3.0322966411650896 -4.05067408919219
3.313542477784951 -3.8240318702632217
3.577903261469911 -3.577903261469913
3.8240318702632172 -3.313542477784956
4.0506740891921895 -3.0322966411650913
4.256675001460207 -2.7355989159264227
4.440984873637983 -2.4249612056675676
4.602664504864504 -2.1019664489554675
4.740890012799332 -1.7682605530332978
4.8549570319381425 -1.4255440066544594
4.94428430289791 -1.0755632147816296
5.008416634381466 -0.7201015993074141
5.047027222728014 -0.36097051114518597
5.5429409397919995 0.0
5.528818161555276 0.3954288791663465
5.486521793285769 0.7888427434048696
5.416267367580986 1.178236845841935
5.318412884890562 1.561626923388637
5.193456989228035 1.9370593080906664
5.042036427195246 2.302620882572382
4.864922803267617 2.6564488288444355
4.663018647874607 2.9967401207972446
4.437352818311528 3.3217607120087616
4.1890752559185955 3.629854372047557
3.919451126243458 3.919451126243457
3.629854372047557 4.1890752559185955
3.321760712008762 4.437352818311528
2.9967401207972455 4.6630186478746065
2.6564488288444363 4.864922803267616
2.302620882572382 5.042036427195246
1.9370593080906666 5.193456989228035
1.5616269233886377 5.318412884890562
1.1782368458419359 5.416267367580986
0.7888427434048694 5.486521793285769
0.3954288791663466 5.528818161555276
1.570187375087851e-15 5.5429409397919995
-0.395428879166346 5.528818161555276
-0.7888427434048688 5.486521793285769
-1.1782368458419352 5.416267367580986
-1.561626923388637 5.318412884890562
-1.9370593080906662 5.193456989228035
-2.3026208825723815 5.042036427195246
-2.6564488288444355 4.864922803267616
-2.996740120797243 4.663018647874608
-3.321760712008762 4.437352818311528
-3.6298543720475567 4.1890752559185955
-3.919451126243457 3.919451126243458
-4.1890752559185955 3.6298543720475576
-4.437352818311528 3.3217607120087624
-4.6630186478746065 2.996740120797246
-4.864922803267617 2.6564488288444346
-5.042036427195245 2.3026208825723837
-5.193456989228034 1.937059308090668
-5.318412884890562 1.561626923388637
-5.416267367580986 1.1782368458419374
-5.486521793285769 0.7888427434048697
-5.528818161555276 0.395428879166347
-5.5429409397919995 3.140374750175702e-15
-5.528818161555276 -0.3954288791663456
-5.486521793285769 -0.7888427434048684
-5.416267367580986 -1.1782368458419359
-5.318412884890563 -1.5616269233886355
-5.193456989228035 -1.9370593080906646
-5.042036427195246 -2.3026208825723824
-4.864922803267618 -2.6564488288444332
-4.663018647874607 -2.9967401207972446
-4.437352818311528 -3.3217607120087616
-4.189075255918596 -3.6298543720475567
-3.9194511262434566 -3.9194511262434584
-3.6298543720475576 -4.1890752559185955
-3.3217607120087633 -4.437352818311528
-2.996740120797244 -4.663018647874607
-2.656448828844437 -4.864922803267615
-2.302620882572386 -5.042036427195244
-1.9370593080906682 -5.193456989228034
-1.5616269233886375 -5.318412884890562
-1.178236845841933 -5.4162673675809865
-0.78884274340487 -5.486521793285769
-0.3954288791663498 -5.528818161555276
-1.018221731966864e-15 -5.5429409397919995
0.39542887916634284 -5.528818161555276
0.788842743404868 -5.486521793285769
1.1782368458419357 -5.416267367580986
1.5616269233886353 -5.318412884890563
1.9370593080906664 -5.193456989228035
2.3026208825723797 -5.042036427195247
2.656448828844435 -4.864922803267617
2.996740120797247 -4.663018647874606
3.3217607120087616 -4.4373528183115285
3.629854372047554 -4.189075255918598
3.9194511262434566 -3.9194511262434584
4.189075255918594 -3.62985437204756
4.437352818311527 -3.3217607120087633
4.663018647874607 -2.996740120797244
4.864922803267615 -2.6564488288444372
5.042036427195244 -2.3026208825723864
5.193456989228036 -1.937059308090664
5.318412884890562 -1.5616269233886377
5.416267367580986 -1.178236845841938
5.486521793285769 -0.7888427434048705
5.528818161555276 -0.39542887916635006
5.931243037119169 0.0
5.916130909641858 0.42313003362421564
5.870871535147539 0.8441038935871632
5.795695545034258 1.2607763935943128
5.690986018915754 1.6710242660955104
5.557276532535557 2.072756981969715
5.395248438787304 2.4639274033822076
5.205727395696573 2.8425422155297544
4.989679159056846 3.206672084115929
4.7482046611593525 3.5544614867964497
4.482534400694471 3.884138168495721
4.194022172412458 4.194022172412458
3.884138168495721 4.482534400694471
3.55446148679645 4.7482046611593525
3.2066720841159295 4.989679159056846
2.8425422155297553 5.205727395696573
2.463927403382208 5.395248438787304
2.0727569819697154 5.557276532535557
1.671024266095511 5.690986018915754
1.260776393594314 5.795695545034258
0.844103893587163 5.870871535147539
0.4231300336242157 5.916130909641858
1.6801844069101196e-15 5.931243037119169
-0.4231300336242151 5.916130909641858
-0.8441038935871623 5.870871535147539
-1.2607763935943133 5.795695545034258
-1.6710242660955104 5.690986018915754
-2.072756981969715 5.557276532535557
-2.4639274033822076 5.395248438787304
-2.842542215529755 5.205727395696573
-3.206672084115927 4.9896791590568474
-3.55446148679645 4.7482046611593525
-3.8841381684957206 4.482534400694471
-4.194022172412458 4.194022172412458
-4.48253440069447 3.884138168495722
-4.748204661159352 3.554461486796451
-4.989679159056846 3.20667208411593
-5.205727395696573 2.8425422155297535
-5.395248438787303 2.46392740338221
-5.557276532535557 2.0727569819697167
-5.690986018915754 1.6710242660955104
-5.795695545034257 1.2607763935943155
-5.870871535147539 0.8441038935871633
-5.916130909641858 0.42313003362421614
-5.931243037119169 3.3603688138202392e-15
-5.916130909641858 -0.42313003362421464
-5.870871535147539 -0.8441038935871619
-5.795695545034258 -1.2607763935943141
-5.690986018915755 -1.6710242660955086
-5.557276532535558 -2.072756981969713
-5.395248438787304 -2.4639274033822085
-5.205727395696575 -2.842542215529752
-4.989679159056846 -3.206672084115929
-4.7482046611593525 -3.5544614867964497
-4.482534400694471 -3.8841381684957206
-4.194022172412457 -4.194022172412459
-3.884138168495722 -4.48253440069447
-3.5544614867964515 -4.748204661159352
-3.206672084115928 -4.989679159056846
-2.842542215529756 -5.205727395696572
-2.4639274033822125 -5.395248438787301
-2.072756981969717 -5.557276532535557
-1.6710242660955106 -5.690986018915754
-1.2607763935943108 -5.795695545034259
-0.8441038935871636 -5.870871535147539
-0.4231300336242191 -5.916130909641858
-1.0895516700559523e-15 -5.931243037119169
0.4231300336242117 -5.916130909641859
0.8441038935871615 -5.870871535147539
1.2607763935943137 -5.795695545034258
1.6710242660955084 -5.690986018915755
2.072756981969715 -5.557276532535557
2.463927403382206 -5.395248438787305
2.842542215529754 -5.205727395696573
3.206672084115931 -4.989679159056845
3.5544614867964497 -4.7482046611593525
3.884138168495718 -4.4825344006944725
4.194022172412457 -4.194022172412459
4.482534400694468 -3.8841381684957237
4.748204661159351 -3.5544614867964515
4.989679159056846 -3.206672084115928
5.205727395696572 -2.842542215529756
5.395248438787301 -2.463927403382213
5.557276532535559 -2.0727569819697123
5.690986018915754 -1.671024266095511
5.795695545034257 -1.2607763935943161
5.870871535147539 -0.8441038935871642
5.916130909641858 -0.4231300336242194
6.25010243632837 0.0
6.23417789164643 0.44587720271919795
6.186485405430077 0.8894823174175375
6.107268007656975 1.3285548341139048
5.996929372027922 1.7608573399076406
5.856031758938207 2.1841869203218196
5.685293150327512 2.5963863848504714
5.485583591008527 2.9953552595069297
5.257920755118014 3.3790604903577917
5.003464760282681 3.7455468034997494
4.723512255925678 4.092946668687211
4.419489815838353 4.419489815838352
4.092946668687211 4.723512255925678
3.74554680349975 5.003464760282681
3.3790604903577925 5.257920755118013
2.995355259506931 5.485583591008526
2.596386384850472 5.685293150327512
2.18418692032182 5.856031758938207
1.7608573399076413 5.996929372027922
1.3285548341139057 6.107268007656975
0.8894823174175372 6.186485405430077
0.44587720271919806 6.23417789164643
1.7705099233651393e-15 6.25010243632837
-0.44587720271919734 6.23417789164643
-0.8894823174175366 6.186485405430078
-1.328554834113905 6.107268007656975
-1.7608573399076406 5.996929372027922
-2.1841869203218196 5.856031758938207
-2.5963863848504714 5.685293150327512
-2.99535525950693 5.485583591008526
-3.37906049035779 5.257920755118016
-3.74554680349975 5.003464760282681
-4.09294666868721 4.723512255925678
-4.419489815838352 4.419489815838353
-4.7235122559256775 4.092946668687212
-5.0034647602826805 3.7455468034997508
-5.257920755118013 3.379060490357793
-5.485583591008527 2.995355259506929
-5.685293150327511 2.5963863848504736
-5.856031758938206 2.1841869203218214
-5.996929372027922 1.7608573399076406
-6.107268007656975 1.3285548341139075
-6.186485405430077 0.8894823174175376
-6.23417789164643 0.4458772027191985
-6.25010243632837 3.5410198467302786e-15
-6.23417789164643 -0.4458772027191969
-6.186485405430078 -0.889482317417536
-6.107268007656975 -1.328554834113906
-5.996929372027923 -1.7608573399076388
-5.856031758938207 -2.184186920321818
-5.685293150327512 -2.5963863848504722
-5.4855835910085275 -2.9953552595069275
-5.257920755118014 -3.3790604903577917
-5.003464760282681 -3.7455468034997494
-4.723512255925679 -4.09294666868721
-4.419489815838351 -4.419489815838353
-4.092946668687212 -4.7235122559256775
-3.745546803499751 -5.0034647602826805
-3.379060490357791 -5.257920755118014
-2.9953552595069315 -5.485583591008525
-2.5963863848504762 -5.685293150327509
-2.184186920321822 -5.856031758938206
-1.7608573399076408 -5.996929372027922
-1.3285548341139026 -6.107268007656976
-0.8894823174175379 -6.186485405430077
-0.4458772027192016 -6.23417789164643
-1.1481251914488918e-15 -6.25010243632837
0.4458772027191938 -6.23417789164643
0.8894823174175357 -6.186485405430078
1.3285548341139057 -6.107268007656975
1.7608573399076384 -5.996929372027923
2.1841869203218196 -5.856031758938207
2.5963863848504696 -5.685293150327513
2.9953552595069293 -5.485583591008527
3.379060490357794 -5.257920755118013
3.7455468034997494 -5.003464760282682
4.092946668687207 -4.723512255925681
4.419489815838351 -4.419489815838353
4.723512255925676 -4.092946668687214
5.0034647602826805 -3.745546803499751
5.257920755118014 -3.379060490357791
5.485583591008525 -2.995355259506932
5.685293150327509 -2.5963863848504767
5.856031758938208 -2.184186920321817
5.996929372027922 -1.7608573399076413
6.107268007656975 -1.3285548341139082
6.186485405430077 -0.8894823174175385
6.23417789164643 -0.44587720271920195
6.5165544584928385 0.0
6.499951024596557 0.4648856723421949
6.450225330201002 0.9274023938594635
6.367630766046664 1.3851932853572713
6.252588215100104 1.8359255493876057
6.105683907830836 2.2773023576500466
5.927666434915224 2.707074555102303
5.719442932589989 3.1230521211387616
5.4820744600938855 3.523115329433487
5.21677059275303 3.9052255495797015
4.924883258262307 4.26743563548304
4.607899847571717 4.607899847571716
4.26743563548304 4.924883258262307
3.9052255495797024 5.21677059275303
3.523115329433488 5.482074460093885
3.1230521211387625 5.719442932589988
2.7070745551023037 5.927666434915223
2.277302357650047 6.105683907830836
1.8359255493876063 6.252588215100104
1.3851932853572724 6.367630766046664
0.9274023938594634 6.450225330201002
0.46488567234219497 6.499951024596557
1.845989638161627e-15 6.5165544584928385
-0.46488567234219424 6.499951024596557
-0.9274023938594627 6.450225330201003
-1.3851932853572715 6.367630766046664
-1.8359255493876057 6.252588215100104
-2.277302357650046 6.105683907830836
-2.7070745551023028 5.927666434915224
-3.123052121138762 5.719442932589988
-3.5231153294334847 5.482074460093886
-3.9052255495797024 5.21677059275303
-4.267435635483039 4.924883258262307
-4.607899847571716 4.607899847571717
-4.924883258262306 4.267435635483041
-5.21677059275303 3.9052255495797032
-5.482074460093885 3.5231153294334887
-5.719442932589989 3.1230521211387603
-5.927666434915222 2.7070745551023054
-6.105683907830835 2.2773023576500484
-6.252588215100104 1.8359255493876057
-6.367630766046663 1.3851932853572742
-6.450225330201002 0.9274023938594638
-6.499951024596557 0.46488567234219547
-6.5165544584928385 3.691979276323254e-15
-6.499951024596557 -0.4648856723421938
-6.450225330201003 -0.9274023938594621
-6.367630766046664 -1.3851932853572724
-6.252588215100105 -1.8359255493876039
-6.105683907830837 -2.2773023576500444
-5.927666434915223 -2.707074555102304
-5.719442932589991 -3.123052121138759
-5.4820744600938855 -3.523115329433487
-5.21677059275303 -3.9052255495797015
-4.924883258262307 -4.267435635483039
-4.607899847571715 -4.6078998475717174
-4.267435635483041 -4.924883258262306
-3.9052255495797037 -5.21677059275303
-3.5231153294334865 -5.4820744600938855
-3.1230521211387634 -5.719442932589988
-2.707074555102308 -5.9276664349152215
-2.277302357650049 -6.105683907830835
-1.8359255493876059 -6.252588215100104
-1.3851932853572688 -6.3676307660466644
-0.9274023938594641 -6.450225330201002
-0.4648856723421987 -6.499951024596557
-1.1970716338594e-15 -6.5165544584928385
0.4648856723421906 -6.499951024596558
0.9274023938594618 -6.450225330201003
1.3851932853572722 -6.367630766046664
1.8359255493876034 -6.252588215100105
2.2773023576500466 -6.105683907830836
2.707074555102301 -5.927666434915225
3.123052121138761 -5.719442932589989
3.523115329433489 -5.482074460093884
3.9052255495797015 -5.216770592753031
4.267435635483037 -4.92488325826231
4.607899847571715 -4.6078998475717174
4.924883258262303 -4.267435635483043
5.216770592753029 -3.9052255495797037
5.4820744600938855 -3.5231153294334865
5.719442932589988 -3.123052121138764
5.9276664349152215 -2.7070745551023085
6.105683907830837 -2.2773023576500435
6.252588215100104 -1.8359255493876063
6.367630766046663 -1.3851932853572748
6.450225330201002 -0.9274023938594647
6.499951024596557 -0.4648856723421991
6.742241187711498 0.0
6.725062729895181 0.4809859792635604
6.6736148939296065 0.9595209642286437
6.588159846193959 1.4331664503018997
6.469133046023446 1.8995088486555578
6.317141026708355 2.356171785322849
6.132958304739428 2.8008282106550255
5.917523433049361 3.231212257432968
5.671934218362197 3.645130787207143
5.397442127021896 4.040474566028438
5.095445907806713 4.415229012620882
4.767484464226043 4.767484464226042
4.415229012620882 5.095445907806713
4.040474566028439 5.397442127021896
3.645130787207144 5.671934218362196
3.231212257432969 5.91752343304936
2.800828210655026 6.132958304739427
2.3561717853228497 6.317141026708355
1.8995088486555587 6.469133046023446
1.4331664503019008 6.588159846193959
0.9595209642286435 6.6736148939296065
0.48098597926356046 6.725062729895181
1.9099214853151904e-15 6.742241187711498
-0.48098597926355974 6.725062729895181
-0.9595209642286429 6.673614893929607
-1.4331664503019002 6.588159846193959
-1.8995088486555578 6.469133046023446
-2.3561717853228488 6.317141026708355
-2.8008282106550255 6.132958304739428
-3.231212257432968 5.91752343304936
-3.645130787207141 5.671934218362198
-4.040474566028439 5.397442127021896
-4.415229012620881 5.095445907806713
-4.767484464226042 4.767484464226043
-5.095445907806712 4.415229012620883
-5.397442127021895 4.04047456602844
-5.671934218362196 3.645130787207145
-5.917523433049361 3.2312122574329667
-6.132958304739427 2.800828210655028
-6.317141026708354 2.356171785322851
-6.469133046023446 1.8995088486555578
-6.588159846193958 1.4331664503019028
-6.6736148939296065 0.959520964228644
-6.725062729895181 0.48098597926356096
-6.742241187711498 3.819842970630381e-15
-6.725062729895181 -0.48098597926355924
-6.673614893929607 -0.9595209642286423
-6.588159846193959 -1.433166450301901
-6.469133046023447 -1.899508848655556
-6.317141026708355 -2.356171785322847
-6.132958304739427 -2.8008282106550264
-5.917523433049363 -3.2312122574329654
-5.671934218362197 -3.645130787207143
-5.397442127021896 -4.040474566028438
-5.095445907806714 -4.415229012620881
-4.767484464226041 -4.767484464226044
-4.415229012620883 -5.095445907806712
-4.040474566028441 -5.397442127021895
-3.6451307872071426 -5.671934218362197
-3.23121225743297 -5.917523433049359
-2.800828210655031 -6.132958304739425
-2.3561717853228514 -6.317141026708354
-1.8995088486555582 -6.469133046023446
-1.4331664503018973 -6.5881598461939594
-0.9595209642286443 -6.6736148939296065
-0.4809859792635643 -6.725062729895181
-1.2385296134415502e-15 -6.742241187711498
0.4809859792635559 -6.725062729895181
0.9595209642286419 -6.673614893929607
1.4331664503019006 -6.588159846193959
1.8995088486555556 -6.469133046023447
2.356171785322849 -6.317141026708355
2.8008282106550233 -6.132958304739429
3.2312122574329676 -5.917523433049361
3.6451307872071452 -5.671934218362195
4.040474566028438 -5.397442127021897
4.415229012620879 -5.095445907806716
4.767484464226041 -4.767484464226044
5.0954459078067105 -4.415229012620885
5.397442127021894 -4.040474566028441
5.671934218362197 -3.6451307872071426
5.917523433049359 -3.2312122574329702
6.132958304739425 -2.8008282106550313
6.317141026708356 -2.356171785322846
6.469133046023446 -1.8995088486555587
6.588159846193958 -1.4331664503019035
6.6736148939296065 -0.9595209642286449
6.725062729895181 -0.4809859792635647
6.935360950238627 0.0
6.917690445400895 0.49476298538187546
6.864768975729913 0.9870047720000673
6.776866216904437 1.474217008541881
6.654430101234326 1.9539169731289356
6.498084535100167 2.423660224698765
6.308626219669371 2.8810530593161543
6.08702059108964 3.3237647079397123
5.834396900847662 3.7495392134866408
5.552042461362381 4.156206926672922
5.241396086135986 4.541695562048737
4.904040757890111 4.904040757890111
4.541695562048737 5.241396086135986
4.156206926672922 5.552042461362381
3.7495392134866417 5.834396900847662
3.3237647079397137 6.087020591089639
2.8810530593161547 6.30862621966937
2.4236602246987653 6.498084535100167
1.9539169731289363 6.654430101234326
1.4742170085418822 6.776866216904437
0.9870047720000671 6.864768975729913
0.4947629853818756 6.917690445400895
1.9646278616402896e-15 6.935360950238627
-0.4947629853818748 6.917690445400895
-0.9870047720000663 6.8647689757299135
-1.4742170085418813 6.776866216904437
-1.9539169731289356 6.654430101234326
-2.4236602246987644 6.498084535100167
-2.881053059316154 6.308626219669371
-3.323764707939713 6.087020591089639
-3.7495392134866385 5.834396900847664
-4.156206926672922 5.552042461362381
-4.541695562048736 5.241396086135986
-4.904040757890111 4.904040757890111
-5.241396086135985 4.541695562048738
-5.55204246136238 4.1562069266729225
-5.834396900847662 3.7495392134866425
-6.08702059108964 3.323764707939711
-6.308626219669369 2.8810530593161565
-6.498084535100166 2.423660224698767
-6.654430101234326 1.9539169731289356
-6.776866216904436 1.474217008541884
-6.864768975729913 0.9870047720000675
-6.917690445400895 0.494762985381876
-6.935360950238627 3.929255723280579e-15
-6.917690445400895 -0.4947629853818743
-6.8647689757299135 -0.9870047720000658
-6.776866216904437 -1.4742170085418824
-6.654430101234326 -1.9539169731289336
-6.498084535100168 -2.4236602246987626
-6.30862621966937 -2.8810530593161547
-6.087020591089641 -3.3237647079397097
-5.834396900847662 -3.7495392134866408
-5.552042461362381 -4.156206926672922
-5.241396086135987 -4.541695562048736
-4.90404075789011 -4.904040757890112
-4.541695562048738 -5.241396086135985
-4.156206926672923 -5.55204246136238
-3.7495392134866403 -5.834396900847662
-3.323764707939714 -6.087020591089638
-2.8810530593161596 -6.308626219669368
-2.423660224698767 -6.498084535100166
-1.9539169731289359 -6.654430101234326
-1.4742170085418784 -6.776866216904438
-0.9870047720000679 -6.864768975729913
-0.4947629853818795 -6.917690445400895
-1.2740051382961918e-15 -6.935360950238627
0.49476298538187086 -6.917690445400896
0.9870047720000654 -6.8647689757299135
1.474217008541882 -6.776866216904437
1.9539169731289332 -6.654430101234326
2.423660224698765 -6.498084535100167
2.8810530593161516 -6.308626219669372
3.323764707939712 -6.08702059108964
3.7495392134866434 -5.834396900847661
4.156206926672922 -5.552042461362382
4.541695562048733 -5.241396086135989
4.90404075789011 -4.904040757890112
5.241396086135983 -4.54169556204874
5.55204246136238 -4.156206926672923
5.834396900847662 -3.7495392134866403
6.087020591089638 -3.3237647079397146
6.308626219669368 -2.88105305931616
6.498084535100169 -2.4236602246987617
6.654430101234326 -1.9539169731289363
6.776866216904436 -1.4742170085418849
6.864768975729913 -0.9870047720000685
6.917690445400895 -0.4947629853818799
7.101435771374723 0.0
7.083342126926614 0.5066106274716832
7.029153394646961 1.0106396833113156
6.939145707894294 1.5095187509841341
6.813777725208695 2.000705657114591
6.653688293093017 2.4816974258191578
6.459693190597543 2.9500430332976917
6.232780972296931 3.403355897688901
5.97410793084271 3.839326040544452
5.684992204760963 4.25573185794965
5.366907061520551 4.6504514413077525
5.021473390099787 5.0214733900997865
4.6504514413077525 5.366907061520551
4.255731857949651 5.684992204760963
3.839326040544453 5.974107930842709
3.4033558976889022 6.232780972296931
2.9500430332976917 6.459693190597542
2.481697425819158 6.653688293093017
2.000705657114592 6.813777725208695
1.5095187509841352 6.939145707894294
1.0106396833113154 7.029153394646961
0.5066106274716833 7.083342126926614
2.0116730295936136e-15 7.101435771374723
-0.5066106274716825 7.083342126926614
-1.0106396833113147 7.029153394646962
-1.5095187509841343 6.939145707894294
-2.000705657114591 6.813777725208695
-2.4816974258191573 6.653688293093017
-2.9500430332976912 6.459693190597543
-3.4033558976889013 6.232780972296931
-3.83932604054445 5.974107930842711
-4.255731857949651 5.684992204760963
-4.650451441307752 5.366907061520551
-5.0214733900997865 5.021473390099787
-5.36690706152055 4.650451441307753
-5.684992204760962 4.255731857949652
-5.974107930842709 3.839326040544454
-6.232780972296931 3.4033558976889
-6.459693190597541 2.950043033297694
-6.653688293093016 2.4816974258191595
-6.813777725208695 2.000705657114591
-6.939145707894293 1.5095187509841372
-7.029153394646961 1.0106396833113158
-7.083342126926614 0.5066106274716837
-7.101435771374723 4.023346059187227e-15
-7.083342126926614 -0.506610627471682
-7.029153394646962 -1.010639683311314
-6.939145707894294 -1.5095187509841355
-6.813777725208696 -2.000705657114589
-6.653688293093018 -2.4816974258191555
-6.459693190597542 -2.950043033297692
-6.232780972296933 -3.4033558976888982
-5.97410793084271 -3.839326040544452
-5.684992204760963 -4.25573185794965
-5.366907061520552 -4.650451441307752
-5.0214733900997865 -5.021473390099788
-4.650451441307753 -5.36690706152055
-4.255731857949653 -5.684992204760962
-3.839326040544451 -5.97410793084271
-3.403355897688903 -6.23278097229693
-2.950043033297697 -6.45969319059754
-2.48169742581916 -6.653688293093016
-2.0007056571145916 -6.813777725208695
-1.5095187509841315 -6.939145707894295
-1.0106396833113163 -7.029153394646961
-0.5066106274716873 -7.083342126926614
-1.3045125880146853e-15 -7.101435771374723
0.5066106274716784 -7.083342126926615
1.0106396833113136 -7.029153394646962
1.509518750984135 -6.939145707894294
2.0007056571145885 -6.813777725208696
2.4816974258191578 -6.653688293093017
2.950043033297689 -6.459693190597544
3.4033558976889005 -6.232780972296931
3.8393260405444543 -5.974107930842709
4.25573185794965 -5.684992204760964
4.650451441307749 -5.366907061520553
5.0214733900997865 -5.021473390099788
5.366907061520547 -4.650451441307756
5.684992204760961 -4.255731857949653
5.97410793084271 -3.839326040544451
6.23278097229693 -3.4033558976889036
6.45969319059754 -2.9500430332976975
6.653688293093019 -2.4816974258191546
6.813777725208695 -2.000705657114592
6.939145707894293 -1.509518750984138
7.029153394646961 -1.0106396833113167
7.083342126926614 -0.5066106274716877
7.315661086047135 0.0
7.297021620049659 0.5218932864410116
7.241198204503405 1.0411271243229636
7.148475302738127 1.5550556170270529
7.019325409407229 2.0610599027574095
6.854406642763322 2.556561499660511
6.654559391038459 3.039035445177665
6.420802030018342 3.50602316267544
6.154325733632748 3.9551449897886277
5.856488404006228 4.3841123046341925
5.528807751900133 4.790739188103789
5.172953562806472 5.172953562806471
4.790739188103789 5.528807751900133
4.384112304634193 5.856488404006228
3.9551449897886286 6.1543257336327475
3.5060231626754415 6.420802030018341
3.039035445177665 6.654559391038458
2.5565614996605115 6.854406642763322
2.0610599027574104 7.019325409407229
1.5550556170270542 7.148475302738127
1.0411271243229634 7.241198204503405
0.5218932864410117 7.297021620049659
2.0723581222504852e-15 7.315661086047135
-0.5218932864410109 7.297021620049659
-1.0411271243229625 7.241198204503406
-1.5550556170270533 7.148475302738127
-2.0610599027574095 7.019325409407229
-2.5565614996605106 6.854406642763322
-3.0390354451776647 6.654559391038459
-3.5060231626754406 6.420802030018341
-3.9551449897886255 6.15432573363275
-4.384112304634193 5.856488404006228
-4.790739188103788 5.528807751900133
-5.172953562806471 5.172953562806472
-5.528807751900132 4.790739188103789
-5.856488404006227 4.384112304634194
-6.1543257336327475 3.9551449897886295
-6.420802030018342 3.506023162675439
-6.6545593910384575 3.0390354451776673
-6.854406642763321 2.5565614996605133
-7.019325409407229 2.0610599027574095
-7.1484753027381265 1.5550556170270562
-7.241198204503405 1.0411271243229638
-7.297021620049659 0.5218932864410122
-7.315661086047135 4.1447162445009705e-15
-7.297021620049659 -0.5218932864410104
-7.241198204503406 -1.041127124322962
-7.148475302738127 -1.5550556170270544
-7.01932540940723 -2.0610599027574077
-6.854406642763323 -2.556561499660509
-6.654559391038458 -3.0390354451776656
-6.4208020300183435 -3.506023162675437
-6.154325733632748 -3.9551449897886277
-5.856488404006228 -4.3841123046341925
-5.528807751900134 -4.790739188103788
-5.172953562806471 -5.172953562806473
-4.790739188103789 -5.528807751900132
-4.384112304634195 -5.856488404006227
-3.955144989788627 -6.154325733632748
-3.506023162675442 -6.42080203001834
-3.0390354451776704 -6.654559391038456
-2.5565614996605137 -6.854406642763321
-2.06105990275741 -7.019325409407229
-1.5550556170270504 -7.148475302738128
-1.0411271243229643 -7.241198204503405
-0.5218932864410158 -7.297021620049659
-1.3438651399011709e-15 -7.315661086047135
0.5218932864410067 -7.29702162004966
1.0411271243229616 -7.241198204503406
1.555055617027054 -7.148475302738127
2.0610599027574072 -7.01932540940723
2.556561499660511 -6.854406642763322
3.0390354451776624 -6.65455939103846
3.5060231626754397 -6.420802030018342
3.9551449897886304 -6.154325733632747
4.3841123046341925 -5.856488404006228
4.790739188103784 -5.528807751900136
5.172953562806471 -5.172953562806473
5.52880775190013 -4.7907391881037915
5.856488404006226 -4.384112304634195
6.154325733632748 -3.955144989788627
6.42080203001834 -3.5060231626754423
6.654559391038456 -3.039035445177671
6.854406642763323 -2.556561499660508
7.019325409407229 -2.0610599027574104
7.1484753027381265 -1.555055617027057
7.241198204503405 -1.0411271243229647
7.297021620049659 -0.5218932864410163
7.445514476131454 0.0
7.426544158578572 0.5311569212252781
7.369729874309792 1.0596071885320513
7.27536113589475 1.5826579404897618
7.143918824793155 2.097643830360392
6.97607274089311 2.601940608094489
6.772678189364406 3.092978492907881
6.534771622219429 3.568255268295514
6.263565356791287 4.025349032753194
5.960441398042563 4.46193054123251
5.626944396184815 4.875775074439688
5.264773775495156 5.264773775495155
4.875775074439688 5.626944396184815
4.461930541232511 5.960441398042563
4.025349032753195 6.263565356791286
3.5682552682955153 6.534771622219428
3.0929784929078816 6.772678189364405
2.6019406080944893 6.97607274089311
2.097643830360393 7.143918824793155
1.582657940489763 7.27536113589475
1.059607188532051 7.369729874309792
0.5311569212252782 7.426544158578572
2.1091425938761936e-15 7.445514476131454
-0.5311569212252775 7.426544158578572
-1.0596071885320502 7.369729874309793
-1.582657940489762 7.27536113589475
-2.097643830360392 7.143918824793155
-2.6019406080944885 6.97607274089311
-3.0929784929078807 6.772678189364406
-3.5682552682955144 6.534771622219428
-4.025349032753192 6.263565356791289
-4.461930541232511 5.960441398042563
-4.875775074439688 5.626944396184815
-5.264773775495155 5.264773775495156
-5.626944396184814 4.875775074439689
-5.960441398042562 4.461930541232512
-6.263565356791286 4.025349032753196
-6.534771622219429 3.5682552682955126
-6.772678189364404 3.0929784929078834
-6.97607274089311 2.601940608094491
-7.143918824793155 2.097643830360392
-7.275361135894749 1.582657940489765
-7.369729874309792 1.0596071885320513
-7.426544158578572 0.5311569212252788
-7.445514476131454 4.218285187752387e-15
-7.426544158578572 -0.5311569212252769
-7.369729874309793 -1.0596071885320495
-7.27536113589475 -1.5826579404897632
-7.143918824793156 -2.09764383036039
-6.976072740893111 -2.6019406080944867
-6.772678189364405 -3.092978492907882
-6.534771622219431 -3.568255268295511
-6.263565356791287 -4.025349032753194
-5.960441398042563 -4.46193054123251
-5.626944396184815 -4.875775074439688
-5.264773775495154 -5.264773775495157
-4.875775074439689 -5.626944396184814
-4.461930541232513 -5.960441398042562
-4.025349032753193 -6.263565356791287
-3.568255268295516 -6.534771622219427
-3.092978492907887 -6.772678189364403
-2.6019406080944916 -6.97607274089311
-2.0976438303603926 -7.143918824793155
-1.582657940489759 -7.27536113589475
-1.0596071885320517 -7.369729874309792
-0.5311569212252825 -7.426544158578572
-1.3677188206799499e-15 -7.445514476131454
0.5311569212252732 -7.426544158578573
1.059607188532049 -7.369729874309793
1.5826579404897627 -7.27536113589475
2.09764383036039 -7.143918824793156
2.601940608094489 -6.97607274089311
3.0929784929078785 -6.772678189364407
3.5682552682955135 -6.534771622219429
4.025349032753197 -6.263565356791285
4.46193054123251 -5.960441398042564
4.875775074439685 -5.626944396184817
5.264773775495154 -5.264773775495157
5.626944396184811 -4.875775074439692
5.960441398042561 -4.461930541232513
6.263565356791287 -4.025349032753193
6.534771622219427 -3.568255268295516
6.772678189364403 -3.0929784929078874
6.976072740893112 -2.601940608094486
7.143918824793155 -2.097643830360393
7.275361135894749 -1.5826579404897658
7.369729874309792 -1.0596071885320524
7.426544158578572 -0.5311569212252829
7.621777480142484 0.0
7.60235806465693 0.543731379959668
7.544198775090255 1.0846920294414444
7.447595977850789 1.6201253369748438
7.313041938649922 2.147302857156971
7.141222314028877 2.6635382141848765
6.933012657410141 3.166200791010875
6.689473957477919 3.6527291343640336
6.411847231623002 4.120644007328897
6.1015472020026085 4.567561022968521
5.7601550864405535 4.991202794613753
5.3894105409036674 5.389410540903667
4.991202794613753 5.7601550864405535
4.567561022968522 6.1015472020026085
4.120644007328898 6.4118472316230015
3.652729134364035 6.689473957477918
3.166200791010875 6.93301265741014
2.663538214184877 7.141222314028877
2.147302857156972 7.313041938649922
1.6201253369748452 7.447595977850789
1.0846920294414442 7.544198775090255
0.5437313799596681 7.60235806465693
2.159073839148232e-15 7.621777480142484
-0.5437313799596674 7.60235806465693
-1.0846920294414433 7.544198775090256
-1.6201253369748443 7.447595977850789
-2.147302857156971 7.313041938649922
-2.663538214184876 7.141222314028877
-3.1662007910108745 6.933012657410141
-3.652729134364034 6.689473957477918
-4.120644007328894 6.411847231623004
-4.567561022968522 6.1015472020026085
-4.991202794613752 5.7601550864405535
-5.389410540903667 5.3894105409036674
-5.760155086440553 4.991202794613754
-6.101547202002608 4.567561022968523
-6.4118472316230015 4.120644007328899
-6.689473957477919 3.6527291343640322
-6.933012657410139 3.166200791010877
-7.141222314028876 2.6635382141848787
-7.313041938649922 2.147302857156971
-7.4475959778507885 1.6201253369748472
-7.544198775090255 1.0846920294414446
-7.60235806465693 0.5437313799596687
-7.621777480142484 4.318147678296464e-15
-7.60235806465693 -0.5437313799596668
-7.544198775090256 -1.0846920294414426
-7.447595977850789 -1.6201253369748454
-7.313041938649923 -2.147302857156969
-7.1412223140288775 -2.663538214184874
-6.93301265741014 -3.1662007910108754
-6.6894739574779205 -3.6527291343640305
-6.411847231623002 -4.120644007328897
-6.1015472020026085 -4.567561022968521
-5.760155086440554 -4.991202794613752
-5.389410540903666 -5.389410540903668
-4.991202794613754 -5.760155086440553
-4.5675610229685235 -6.101547202002608
-4.120644007328896 -6.411847231623002
-3.652729134364036 -6.689473957477918
-3.1662007910108807 -6.933012657410138
-2.6635382141848787 -7.141222314028876
-2.1473028571569714 -7.313041938649922
-1.6201253369748412 -7.44759597785079
-1.084692029441445 -7.544198775090255
-0.5437313799596725 -7.60235806465693
-1.4000978092304808e-15 -7.621777480142484
0.543731379959663 -7.602358064656931
1.0846920294414422 -7.544198775090256
1.620125336974845 -7.447595977850789
2.1473028571569683 -7.313041938649923
2.6635382141848765 -7.141222314028877
3.1662007910108723 -6.933012657410142
3.652729134364033 -6.689473957477919
4.1206440073289 -6.411847231623001
4.567561022968521 -6.101547202002609
4.9912027946137485 -5.760155086440557
5.389410540903666 -5.389410540903668
5.76015508644055 -4.991202794613756
6.101547202002607 -4.5675610229685235
6.411847231623002 -4.120644007328896
6.689473957477918 -3.652729134364036
6.933012657410138 -3.166200791010881
7.141222314028878 -2.663538214184873
7.313041938649922 -2.147302857156972
7.4475959778507885 -1.620125336974848
7.544198775090255 -1.0846920294414457
7.60235806465693 -0.5437313799596729
7.735036741063372 0.0
7.715328753961664 0.551811203123513
7.656305220041337 1.1008105028423523
7.558266909701845 1.6442003245670485
7.421713403700285 2.1792116783221833
7.247340547402379 2.7031182688845945
7.036036904913987 3.2132503883589094
6.788879231162098 3.7070085203970313
6.507126984998548 4.181876586737583
6.192215911286392 4.63543476856399
5.845750724673192 5.065371837346506
5.469496932333003 5.469496932333002
5.065371837346506 5.845750724673192
4.635434768563991 6.192215911286392
4.181876586737584 6.507126984998547
3.7070085203970327 6.788879231162097
3.21325038835891 7.036036904913986
2.703118268884595 7.247340547402379
2.179211678322184 7.421713403700285
1.6442003245670498 7.558266909701845
1.100810502842352 7.656305220041337
0.5518112031235131 7.715328753961664
2.19115757656154e-15 7.735036741063372
-0.5518112031235122 7.715328753961664
-1.1008105028423512 7.656305220041338
-1.644200324567049 7.558266909701845
-2.1792116783221833 7.421713403700285
-2.703118268884594 7.247340547402379
-3.213250388358909 7.036036904913987
-3.7070085203970318 6.788879231162097
-4.18187658673758 6.50712698499855
-4.635434768563991 6.192215911286392
-5.065371837346505 5.845750724673192
-5.469496932333002 5.469496932333003
-5.8457507246731915 5.065371837346507
-6.192215911286391 4.635434768563992
-6.507126984998547 4.181876586737584
-6.788879231162098 3.70700852039703
-7.036036904913985 3.213250388358912
-7.247340547402378 2.7031182688845967
-7.421713403700285 2.1792116783221833
-7.558266909701844 1.644200324567052
-7.656305220041337 1.1008105028423525
-7.715328753961664 0.5518112031235136
-7.735036741063372 4.38231515312308e-15
-7.715328753961664 -0.5518112031235116
-7.656305220041338 -1.1008105028423505
-7.558266909701845 -1.64420032456705
-7.421713403700286 -2.179211678322181
-7.24734054740238 -2.703118268884592
-7.036036904913986 -3.2132503883589103
-6.7888792311621 -3.7070085203970287
-6.507126984998548 -4.181876586737583
-6.192215911286392 -4.63543476856399
-5.845750724673193 -5.065371837346505
-5.469496932333001 -5.469496932333004
-5.065371837346507 -5.8457507246731915
-4.635434768563993 -6.192215911286391
-4.181876586737582 -6.507126984998548
-3.7070085203970335 -6.788879231162096
-3.213250388358915 -7.036036904913983
-2.703118268884597 -7.247340547402378
-2.1792116783221838 -7.421713403700285
-1.6442003245670458 -7.558266909701846
-1.100810502842353 -7.656305220041337
-0.5518112031235175 -7.715328753961664
-1.4209031979345648e-15 -7.735036741063372
0.5518112031235078 -7.715328753961665
1.10081050284235 -7.656305220041338
1.6442003245670496 -7.558266909701845
2.1792116783221807 -7.421713403700286
2.7031182688845945 -7.247340547402379
3.2132503883589068 -7.0360369049139875
3.707008520397031 -6.788879231162098
4.181876586737585 -6.507126984998546
4.63543476856399 -6.192215911286393
5.065371837346501 -5.845750724673196
5.469496932333001 -5.469496932333004
5.845750724673189 -5.065371837346509
6.19221591128639 -4.635434768563993
6.507126984998548 -4.181876586737582
6.788879231162096 -3.707008520397034
7.036036904913983 -3.2132503883589156
7.247340547402381 -2.7031182688845914
7.421713403700285 -2.179211678322184
7.558266909701844 -1.644200324567053
7.656305220041337 -1.1008105028423536
7.715328753961664 -0.5518112031235178
7.212617710044175 0.0
7.194240786758927 0.5145422561628691
7.139203661491877 1.026462522931969
7.047786790817748 1.5331521719704675
6.9204560141548725 2.032029228970523
6.757860179954301 2.5205515308025155
6.560827839316821 2.996229679795637
6.330363023886465 3.456639729137808
6.067640129535406 3.899435534753003
5.773997931911783 4.322360710713688
5.45093276434587 4.72326012726629
5.100090892878424 5.100090892878423
4.72326012726629 5.45093276434587
4.3223607107136885 5.773997931911783
3.8994355347530036 6.067640129535405
3.456639729137809 6.3303630238864645
2.9962296797956376 6.56082783931682
2.5205515308025155 6.757860179954301
2.0320292289705235 6.9204560141548725
1.5331521719704688 7.047786790817748
1.0264625229319688 7.139203661491877
0.5145422561628692 7.194240786758927
2.0431683095059987e-15 7.212617710044175
-0.5145422561628683 7.194240786758927
-1.026462522931968 7.1392036614918775
-1.533152171970468 7.047786790817748
-2.032029228970523 6.9204560141548725
-2.520551530802515 6.757860179954301
-2.9962296797956367 6.560827839316821
-3.456639729137808 6.3303630238864645
-3.8994355347530005 6.067640129535408
-4.3223607107136885 5.773997931911783
-4.72326012726629 5.45093276434587
-5.100090892878423 5.100090892878424
-5.45093276434587 4.723260127266291
-5.773997931911782 4.322360710713689
-6.067640129535405 3.8994355347530045
-6.330363023886465 3.4566397291378066
-6.560827839316819 2.9962296797956394
-6.7578601799543 2.5205515308025173
-6.9204560141548725 2.032029228970523
-7.047786790817747 1.5331521719704708
-7.139203661491877 1.0264625229319693
-7.194240786758927 0.5145422561628696
-7.212617710044175 4.086336619011997e-15
-7.194240786758927 -0.5145422561628679
-7.1392036614918775 -1.0264625229319675
-7.047786790817748 -1.533152171970469
-6.920456014154873 -2.032029228970521
-6.757860179954302 -2.520551530802513
-6.56082783931682 -2.996229679795638
-6.330363023886466 -3.456639729137805
-6.067640129535406 -3.899435534753003
-5.773997931911783 -4.322360710713688
-5.450932764345871 -4.72326012726629
-5.1000908928784225 -5.100090892878425
-4.723260127266291 -5.45093276434587
-4.322360710713689 -5.773997931911782
-3.8994355347530023 -6.067640129535406
-3.4566397291378097 -6.330363023886464
-2.9962296797956425 -6.560827839316818
-2.5205515308025177 -6.7578601799543
-2.0320292289705235 -6.9204560141548725
-1.5331521719704648 -7.047786790817748
-1.0264625229319697 -7.139203661491877
-0.5145422561628733 -7.194240786758927
-1.3249363788118667e-15 -7.212617710044175
0.5145422561628643 -7.194240786758928
1.026462522931967 -7.1392036614918775
1.5331521719704686 -7.047786790817748
2.0320292289705204 -6.920456014154873
2.5205515308025155 -6.757860179954301
2.9962296797956345 -6.560827839316821
3.4566397291378075 -6.330363023886465
3.8994355347530054 -6.067640129535405
4.322360710713688 -5.773997931911784
4.723260127266286 -5.450932764345874
5.1000908928784225 -5.100090892878425
5.450932764345867 -4.723260127266293
5.773997931911781 -4.322360710713689
6.067640129535406 -3.8994355347530023
6.330363023886464 -3.45663972913781
6.560827839316818 -2.996229679795643
6.757860179954303 -2.520551530802512
6.9204560141548725 -2.0320292289705235
7.047786790817747 -1.5331521719704715
7.139203661491877 -1.0264625229319702
7.194240786758927 -0.5145422561628736
7.976288418211902 0.0
7.955965749486736 0.569021900716734
7.895101302972688 1.1351441962589042
7.7940052299378175 1.6954820571752671
7.653192692797013 2.247180130167522
7.473381239962426 2.787427088316212
7.255487149381228 3.313469956958293
7.000620759393226 3.822628142214979
6.710080810701196 4.3123070906836976
6.385347828285959 4.78001151068751
6.028076576990445 5.223358087709523
5.640087629217357 5.640087629217356
5.223358087709523 6.028076576990445
4.780011510687511 6.385347828285959
4.312307090683698 6.7100808107011956
3.82262814221498 7.000620759393225
3.3134699569582935 7.255487149381227
2.7874270883162127 7.473381239962426
2.2471801301675227 7.653192692797013
1.6954820571752685 7.7940052299378175
1.135144196258904 7.895101302972688
0.5690219007167341 7.955965749486736
2.25949861461193e-15 7.976288418211902
-0.5690219007167332 7.955965749486736
-1.135144196258903 7.895101302972689
-1.6954820571752676 7.7940052299378175
-2.247180130167522 7.653192692797013
-2.7874270883162118 7.473381239962426
-3.3134699569582926 7.255487149381228
-3.8226281422149793 7.000620759393225
-4.312307090683695 6.710080810701198
-4.780011510687511 6.385347828285959
-5.2233580877095225 6.028076576990445
-5.640087629217356 5.640087629217357
-6.028076576990444 5.223358087709524
-6.385347828285958 4.780011510687512
-6.7100808107011956 4.312307090683699
-7.000620759393226 3.8226281422149775
-7.255487149381226 3.3134699569582957
-7.473381239962425 2.7874270883162144
-7.653192692797013 2.247180130167522
-7.794005229937817 1.6954820571752707
-7.895101302972688 1.1351441962589044
-7.955965749486736 0.5690219007167346
-7.976288418211902 4.51899722922386e-15
-7.955965749486736 -0.5690219007167326
-7.895101302972689 -1.1351441962589024
-7.7940052299378175 -1.6954820571752687
-7.653192692797014 -2.2471801301675196
-7.473381239962427 -2.7874270883162096
-7.255487149381227 -3.313469956958294
-7.000620759393228 -3.8226281422149757
-6.710080810701196 -4.3123070906836976
-6.385347828285959 -4.78001151068751
-6.028076576990446 -5.2233580877095225
-5.640087629217355 -5.640087629217358
-5.223358087709524 -6.028076576990444
-4.780011510687513 -6.385347828285958
-4.312307090683697 -6.710080810701196
-3.822628142214981 -7.000620759393224
-3.3134699569582993 -7.255487149381224
-2.787427088316215 -7.473381239962425
-2.2471801301675223 -7.653192692797013
-1.6954820571752642 -7.794005229937818
-1.1351441962589048 -7.895101302972688
-0.5690219007167386 -7.955965749486736
-1.4652204120658964e-15 -7.976288418211902
0.5690219007167286 -7.955965749486737
1.135144196258902 -7.895101302972689
1.6954820571752682 -7.7940052299378175
2.247180130167519 -7.653192692797014
2.787427088316212 -7.473381239962426
3.3134699569582904 -7.255487149381229
3.8226281422149784 -7.000620759393226
4.3123070906837 -6.710080810701195
4.78001151068751 -6.38534782828596
5.223358087709519 -6.028076576990449
5.640087629217355 -5.640087629217358
6.028076576990442 -5.223358087709527
6.3853478282859575 -4.780011510687513
6.710080810701196 -4.312307090683697
7.000620759393224 -3.8226281422149815
7.255487149381224 -3.3134699569582997
7.4733812399624275 -2.7874270883162087
7.653192692797013 -2.2471801301675227
7.794005229937817 -1.6954820571752716
7.895101302972688 -1.1351441962589055
7.955965749486736 -0.5690219007167391
7.536116793144295 0.0
7.51691563127162 0.5376204165169322
7.459409990373197 1.0725012426249185
7.3638929060135725 1.601916848239767
7.2308511113601694 2.123169452788178
7.060962556902633 2.633602872479159
6.855092955772539 3.1306160556077716
6.6142913722677115 3.6116763369184075
6.33978487606103 4.074332343486388
6.032972289334645 4.516226486352488
5.695417058702779 4.935106974255861
5.32883928824615 5.328839288246149
4.935106974255861 5.695417058702779
4.516226486352489 6.032972289334645
4.074332343486389 6.339784876061029
3.611676336918409 6.614291372267711
3.130616055607772 6.855092955772539
2.6336028724791594 7.060962556902633
2.123169452788179 7.2308511113601694
1.601916848239768 7.3638929060135725
1.0725012426249183 7.459409990373197
0.5376204165169323 7.51691563127162
2.134808141438858e-15 7.536116793144295
-0.5376204165169315 7.51691563127162
-1.0725012426249176 7.459409990373198
-1.6019168482397674 7.3638929060135725
-2.123169452788178 7.2308511113601694
-2.633602872479159 7.060962556902633
-3.130616055607771 6.855092955772539
-3.611676336918408 6.614291372267711
-4.074332343486385 6.339784876061032
-4.516226486352489 6.032972289334645
-4.93510697425586 5.695417058702779
-5.328839288246149 5.32883928824615
-5.695417058702778 4.935106974255862
-6.032972289334644 4.5162264863524895
-6.339784876061029 4.07433234348639
-6.6142913722677115 3.611676336918406
-6.855092955772538 3.1306160556077742
-7.060962556902632 2.633602872479161
-7.2308511113601694 2.123169452788178
-7.363892906013572 1.6019168482397703
-7.459409990373197 1.0725012426249187
-7.51691563127162 0.5376204165169328
-7.536116793144295 4.269616282877716e-15
-7.51691563127162 -0.5376204165169309
-7.459409990373198 -1.072501242624917
-7.3638929060135725 -1.6019168482397683
-7.23085111136017 -2.1231694527881757
-7.060962556902634 -2.6336028724791567
-6.855092955772539 -3.1306160556077725
-6.614291372267713 -3.6116763369184044
-6.33978487606103 -4.074332343486388
-6.032972289334645 -4.516226486352488
-5.6954170587027795 -4.93510697425586
-5.328839288246148 -5.328839288246151
-4.935106974255862 -5.695417058702778
-4.5162264863524895 -6.032972289334644
-4.074332343486387 -6.33978487606103
-3.6116763369184097 -6.61429137226771
-3.1306160556077773 -6.855092955772537
-2.6336028724791616 -7.060962556902632
-2.1231694527881784 -7.2308511113601694
-1.601916848239764 -7.363892906013573
-1.0725012426249192 -7.459409990373197
-0.5376204165169366 -7.51691563127162
-1.3843621963087164e-15 -7.536116793144295
0.5376204165169272 -7.51691563127162
1.0725012426249165 -7.459409990373198
1.6019168482397679 -7.3638929060135725
2.1231694527881753 -7.23085111136017
2.633602872479159 -7.060962556902633
3.130616055607769 -6.85509295577254
3.611676336918407 -6.6142913722677115
4.0743323434863905 -6.339784876061029
4.516226486352488 -6.032972289334646
4.9351069742558575 -5.695417058702782
5.328839288246148 -5.328839288246151
5.695417058702775 -4.935106974255865
6.032972289334643 -4.5162264863524895
6.33978487606103 -4.074332343486387
6.61429137226771 -3.61167633691841
6.855092955772537 -3.130616055607778
7.060962556902635 -2.633602872479156
7.2308511113601694 -2.123169452788179
7.363892906013572 -1.6019168482397712
7.459409990373197 -1.0725012426249199
7.51691563127162 -0.537620416516937
7.823955085292223 0.0
7.804020544440374 0.5581545651722274
7.744318503735603 1.1134649026208097
7.645153191092412 1.6631012781546255
7.507029930213303 2.204262870791884
7.330652565575035 2.73419204510184
7.116919875798496 3.2501884034828437
6.866920993678869 3.7496225467695337
6.581929856214568 4.229949473048267
6.263398712916296 4.688721546403509
5.912950725476432 5.123600969509411
5.532371696509104 5.532371696509103
5.123600969509411 5.912950725476432
4.68872154640351 6.263398712916296
4.229949473048268 6.581929856214567
3.749622546769535 6.866920993678868
3.250188403482844 7.116919875798495
2.7341920451018407 7.330652565575035
2.2042628707918848 7.507029930213303
1.6631012781546268 7.645153191092412
1.1134649026208094 7.744318503735603
0.5581545651722275 7.804020544440374
2.21634609345869e-15 7.823955085292223
-0.5581545651722266 7.804020544440374
-1.1134649026208085 7.744318503735604
-1.663101278154626 7.645153191092412
-2.204262870791884 7.507029930213303
-2.7341920451018398 7.330652565575035
-3.250188403482843 7.116919875798496
-3.749622546769534 6.866920993678868
-4.229949473048264 6.58192985621457
-4.68872154640351 6.263398712916296
-5.12360096950941 5.912950725476432
-5.532371696509103 5.532371696509104
-5.912950725476431 5.123600969509412
-6.263398712916295 4.688721546403511
-6.581929856214567 4.2299494730482685
-6.866920993678869 3.7496225467695323
-7.116919875798494 3.2501884034828463
-7.3306525655750345 2.7341920451018424
-7.507029930213303 2.204262870791884
-7.645153191092411 1.663101278154629
-7.744318503735603 1.1134649026208099
-7.804020544440374 0.5581545651722281
-7.823955085292223 4.43269218691738e-15
-7.804020544440374 -0.5581545651722261
-7.744318503735604 -1.1134649026208079
-7.645153191092412 -1.663101278154627
-7.507029930213304 -2.2042628707918817
-7.330652565575036 -2.7341920451018376
-7.116919875798495 -3.2501884034828445
-6.866920993678871 -3.7496225467695306
-6.581929856214568 -4.229949473048267
-6.263398712916296 -4.688721546403509
-5.912950725476433 -5.12360096950941
-5.532371696509102 -5.532371696509105
-5.123600969509412 -5.912950725476431
-4.688721546403512 -6.263398712916295
-4.229949473048266 -6.581929856214568
-3.749622546769536 -6.8669209936788675
-3.25018840348285 -7.116919875798493
-2.734192045101843 -7.3306525655750345
-2.2042628707918843 -7.507029930213303
-1.6631012781546226 -7.645153191092413
-1.1134649026208103 -7.744318503735603
-0.5581545651722319 -7.804020544440374
-1.4372372327813665e-15 -7.823955085292223
0.5581545651722222 -7.804020544440375
1.1134649026208074 -7.744318503735604
1.6631012781546266 -7.645153191092412
2.204262870791881 -7.507029930213304
2.73419204510184 -7.330652565575035
3.250188403482841 -7.116919875798497
3.749622546769533 -6.866920993678869
4.229949473048269 -6.5819298562145665
4.688721546403509 -6.263398712916297
5.123600969509407 -5.912950725476436
5.532371696509102 -5.532371696509105
5.912950725476429 -5.123600969509414
6.2633987129162945 -4.688721546403512
6.581929856214568 -4.229949473048266
6.8669209936788675 -3.7496225467695363
7.116919875798493 -3.2501884034828503
7.330652565575037 -2.7341920451018367
7.507029930213303 -2.2042628707918848
7.645153191092411 -1.66310127815463
7.744318503735603 -1.1134649026208108
7.804020544440374 -0.5581545651722324
7.889472694884274 0.0
7.869371222672175 0.5628285379256905
7.8091692385305995 1.1227890306339545
7.709173517971206 1.6770280478083788
7.569893616264895 2.222721314460391
7.39203927186495 2.7570881027872205
7.176516789742572 3.2774054021233785
6.924424423064483 3.7810217947788445
6.637046776746535 4.26537096705585
6.315848261401515 4.7279847865952345
5.9624656310383335 5.166505879413202
5.578699642538776 5.578699642538775
5.166505879413202 5.9624656310383335
4.727984786595235 6.315848261401515
4.265370967055851 6.637046776746534
3.781021794778846 6.924424423064482
3.277405402123379 7.176516789742571
2.757088102787221 7.39203927186495
2.222721314460392 7.569893616264895
1.67702804780838 7.709173517971206
1.1227890306339543 7.8091692385305995
0.5628285379256907 7.869371222672175
2.2349057217399245e-15 7.889472694884274
-0.5628285379256898 7.869371222672175
-1.1227890306339534 7.8091692385306
-1.6770280478083792 7.709173517971206
-2.222721314460391 7.569893616264895
-2.75708810278722 7.39203927186495
-3.277405402123378 7.176516789742572
-3.781021794778845 6.924424423064482
-4.265370967055848 6.637046776746537
-4.727984786595235 6.315848261401515
-5.166505879413201 5.9624656310383335
-5.578699642538775 5.578699642538776
-5.962465631038333 5.166505879413203
-6.315848261401514 4.727984786595236
-6.637046776746534 4.265370967055852
-6.924424423064483 3.781021794778843
-7.17651678974257 3.277405402123381
-7.392039271864949 2.7570881027872227
-7.569893616264895 2.222721314460391
-7.709173517971205 1.6770280478083823
-7.8091692385305995 1.1227890306339547
-7.869371222672175 0.5628285379256912
-7.889472694884274 4.469811443479849e-15
-7.869371222672175 -0.5628285379256892
-7.8091692385306 -1.1227890306339527
-7.709173517971206 -1.6770280478083803
-7.5698936162648955 -2.222721314460389
-7.392039271864951 -2.757088102787218
-7.176516789742571 -3.2774054021233794
-6.924424423064485 -3.7810217947788414
-6.637046776746535 -4.26537096705585
-6.315848261401515 -4.7279847865952345
-5.962465631038334 -5.166505879413201
-5.5786996425387745 -5.578699642538777
-5.166505879413203 -5.962465631038333
-4.727984786595237 -6.315848261401514
-4.2653709670558495 -6.637046776746535
-3.7810217947788467 -6.924424423064481
-3.2774054021233843 -7.176516789742569
-2.757088102787223 -7.392039271864949
-2.2227213144603915 -7.569893616264895
-1.6770280478083759 -7.709173517971207
-1.1227890306339552 -7.8091692385305995
-0.5628285379256951 -7.869371222672175
-1.4492726224125703e-15 -7.889472694884274
0.5628285379256852 -7.869371222672176
1.1227890306339523 -7.8091692385306
1.6770280478083799 -7.709173517971206
2.2227213144603883 -7.5698936162648955
2.7570881027872205 -7.39203927186495
3.277405402123376 -7.176516789742573
3.781021794778844 -6.924424423064483
4.265370967055853 -6.6370467767465335
4.7279847865952345 -6.3158482614015155
5.166505879413198 -5.962465631038337
5.5786996425387745 -5.578699642538777
5.96246563103833 -5.166505879413205
6.315848261401513 -4.727984786595237
6.637046776746535 -4.2653709670558495
6.924424423064481 -3.781021794778847
7.176516789742569 -3.2774054021233847
7.3920392718649515 -2.757088102787217
7.569893616264895 -2.222721314460392
7.709173517971205 -1.6770280478083832
7.8091692385305995 -1.1227890306339559
7.869371222672175 -0.5628285379256955
1.0 0.5 0.4 0.32000000000000006 0.25600000000000006 0.20480000000000007 0.16384000000000007 0.13107200000000005 0.10485760000000005 0.08388608000000004 0.06710886400000003 0.05368709120000003 0.042949672960000025 0.03435973836800002 0.027487790694400018 0.021990232555520017 0.017592186044416015 0.014073748835532814 0.011258999068426251 0.009007199254741001 0.007205759403792801 