0.0 0.0
1.7398344077215504 0.0
1.7184141590728226 0.27217006483050765
1.6546808507380995 0.5376383993842303
1.5502038082873064 0.789868292225565
1.4075556032450056 1.022649006289737
1.230248707841589 1.2302487078415887
1.022649006289737 1.4075556032450056
0.7898682922255651 1.5502038082873062
0.5376383993842304 1.6546808507380995
0.27217006483050776 1.7184141590728226
1.0653413192313138e-16 1.7398344077215504
-0.27217006483050715 1.7184141590728226
-0.5376383993842302 1.6546808507380997
-0.7898682922255649 1.5502038082873064
-1.0226490062897369 1.4075556032450056
-1.2302487078415887 1.230248707841589
-1.4075556032450054 1.0226490062897373
-1.5502038082873062 0.7898682922255652
-1.6546808507380995 0.5376383993842304
-1.7184141590728224 0.2721700648305079
-1.7398344077215504 2.1306826384626277e-16
-1.7184141590728226 -0.27217006483050743
-1.6546808507381 -0.5376383993842294
-1.5502038082873064 -0.7898682922255649
-1.4075556032450058 -1.0226490062897369
-1.2302487078415891 -1.2302487078415887
-1.0226490062897373 -1.4075556032450054
-0.7898682922255653 -1.5502038082873062
-0.5376383993842305 -1.6546808507380995
-0.27217006483050793 -1.7184141590728224
-3.1960239576939415e-16 -1.7398344077215504
0.2721700648305073 -1.7184141590728226
0.53763839938423 -1.6546808507380997
0.7898682922255648 -1.5502038082873064
1.0226490062897367 -1.4075556032450058
1.2302487078415885 -1.2302487078415891
1.4075556032450054 -1.0226490062897375
1.5502038082873062 -0.7898682922255654
1.6546808507380995 -0.5376383993842306
1.7184141590728224 -0.27217006483050804
2.702226118746059 0.0
2.6689572311371346 0.4227212973037791
2.5699697587364003 0.8350337933363868
2.4077011016349497 1.226784986058779
2.1861468527094163 1.5883286609584626
1.9107624128647431 1.910762412864743
1.5883286609584626 2.1861468527094163
1.2267849860587792 2.407701101634949
0.8350337933363869 2.5699697587364003
0.4227212973037792 2.6689572311371346
1.6546362834473683e-16 2.702226118746059
-0.42272129730377833 2.6689572311371346
-0.8350337933363866 2.5699697587364008
-1.226784986058779 2.4077011016349497
-1.5883286609584624 2.1861468527094163
-1.910762412864743 1.9107624128647431
-2.186146852709416 1.588328660958463
-2.407701101634949 1.2267849860587794
-2.5699697587364003 0.835033793336387
-2.668957231137134 0.4227212973037794
-2.702226118746059 3.3092725668947366e-16
-2.6689572311371346 -0.4227212973037787
-2.569969758736401 -0.8350337933363854
-2.4077011016349497 -1.226784986058779
-2.1861468527094168 -1.5883286609584624
-1.9107624128647434 -1.910762412864743
-1.588328660958463 -2.186146852709416
-1.2267849860587794 -2.407701101634949
-0.8350337933363873 -2.5699697587364003
-0.42272129730377955 -2.668957231137134
-4.963908850342104e-16 -2.702226118746059
0.42272129730377855 -2.6689572311371346
0.8350337933363863 -2.5699697587364008
1.2267849860587787 -2.4077011016349497
1.588328660958462 -2.1861468527094168
1.9107624128647425 -1.9107624128647434
2.186146852709416 -1.5883286609584633
2.407701101634949 -1.2267849860587796
2.5699697587364003 -0.8350337933363874
2.668957231137134 -0.42272129730377966
3.3442682357732605 0.0
3.3030947442959206 0.5231588124142267
3.1805880978710563 1.033435718602261
2.9797648167098982 1.5182660076217949
2.705569836488891 1.96571154869769
2.3647547476220443 2.364754747622044
1.96571154869769 2.705569836488891
1.518266007621795 2.979764816709898
1.0334357186022611 3.1805880978710563
0.5231588124142269 3.3030947442959206
2.0477736952149448e-16 3.3442682357732605
-0.5231588124142258 3.3030947442959206
-1.0334357186022607 3.180588097871057
-1.5182660076217946 2.9797648167098982
-1.9657115486976895 2.705569836488891
-2.364754747622044 2.3647547476220443
-2.705569836488891 1.9657115486976904
-2.979764816709898 1.5182660076217953
-3.1805880978710563 1.0334357186022614
-3.30309474429592 0.523158812414227
-3.3442682357732605 4.0955473904298896e-16
-3.3030947442959206 -0.5231588124142262
-3.1805880978710572 -1.0334357186022591
-2.9797648167098982 -1.5182660076217946
-2.7055698364888916 -1.9657115486976895
-2.3647547476220447 -2.364754747622044
-1.9657115486976904 -2.705569836488891
-1.5182660076217955 -2.979764816709898
-1.0334357186022614 -3.1805880978710563
-0.5231588124142272 -3.30309474429592
-6.143321085644834e-16 -3.3442682357732605
0.523158812414226 -3.3030947442959206
1.0334357186022602 -3.180588097871057
1.5182660076217944 -2.9797648167098982
1.9657115486976893 -2.7055698364888916
2.364754747622044 -2.3647547476220447
2.705569836488891 -1.9657115486976906
2.979764816709898 -1.5182660076217955
3.1805880978710563 -1.0334357186022616
3.30309474429592 -0.5231588124142275
3.845802181630579 0.0
3.798453975031867 0.6016160069339324
3.65757522522188 1.188418231128097
3.4266348345707045 1.7459576543379056
3.1113193219433866 2.2605058055966736
2.719392801733001 2.7193928017330005
2.2605058055966736 3.1113193219433866
1.7459576543379058 3.426634834570704
1.1884182311280973 3.65757522522188
0.6016160069339326 3.798453975031867
2.354874665943898e-16 3.845802181630579
-0.6016160069339314 3.798453975031867
-1.1884182311280969 3.6575752252218803
-1.7459576543379054 3.4266348345707045
-2.260505805596673 3.1113193219433866
-2.7193928017330005 2.719392801733001
-3.111319321943386 2.260505805596674
-3.426634834570704 1.745957654337906
-3.65757522522188 1.1884182311280975
-3.7984539750318667 0.6016160069339328
-3.845802181630579 4.709749331887796e-16
-3.798453975031867 -0.6016160069339319
-3.6575752252218807 -1.188418231128095
-3.4266348345707045 -1.7459576543379054
-3.111319321943387 -2.260505805596673
-2.7193928017330014 -2.7193928017330005
-2.260505805596674 -3.111319321943386
-1.7459576543379063 -3.426634834570704
-1.1884182311280977 -3.65757522522188
-0.601616006933933 -3.7984539750318667
-7.064623997831695e-16 -3.845802181630579
0.6016160069339317 -3.798453975031867
1.1884182311280964 -3.6575752252218803
1.7459576543379052 -3.4266348345707045
2.2605058055966727 -3.111319321943387
2.719392801733 -2.7193928017330014
3.111319321943386 -2.2605058055966745
3.426634834570704 -1.7459576543379065
3.65757522522188 -1.188418231128098
3.7984539750318667 -0.6016160069339332
4.2171882540593995 0.0
4.165267668629235 0.6597135884977274
4.010784369466573 1.3031828389827678
3.757542248097477 1.9145634029561733
3.4117769660124675 2.4788010618771583
2.9820024119856585 2.982002411985658
2.4788010618771583 3.4117769660124675
1.9145634029561736 3.7575422480974767
1.303182838982768 4.010784369466573
0.6597135884977277 4.165267668629235
2.582283048367829e-16 4.2171882540593995
-0.6597135884977262 4.165267668629235
-1.3031828389827675 4.010784369466574
-1.914563402956173 3.757542248097477
-2.478801061877158 3.4117769660124675
-2.982002411985658 2.9820024119856585
-3.411776966012467 2.4788010618771588
-3.7575422480974767 1.9145634029561738
-4.010784369466573 1.3031828389827682
-4.165267668629234 0.6597135884977279
-4.2171882540593995 5.164566096735658e-16
-4.165267668629235 -0.6597135884977268
-4.010784369466574 -1.3031828389827655
-3.757542248097477 -1.914563402956173
-3.411776966012468 -2.478801061877158
-2.982002411985659 -2.982002411985658
-2.4788010618771588 -3.411776966012467
-1.914563402956174 -3.7575422480974767
-1.3031828389827684 -4.010784369466573
-0.6597135884977281 -4.165267668629234
-7.746849145103487e-16 -4.2171882540593995
0.6597135884977265 -4.165267668629235
1.3031828389827669 -4.010784369466574
1.9145634029561729 -3.757542248097477
2.4788010618771574 -3.411776966012468
2.9820024119856576 -2.982002411985659
3.411776966012467 -2.478801061877159
3.7575422480974767 -1.9145634029561744
4.010784369466573 -1.3031828389827687
4.165267668629234 -0.6597135884977283
5.138236792686286 0.0
5.074976571353202 0.8037973239139109
4.886753583951802 1.587802490062686
4.578202505108195 2.332710689291773
4.156920886405829 3.0201798095275767
3.63328207945069 3.6332820794506895
3.0201798095275767 4.156920886405829
2.3327106892917735 4.578202505108195
1.5878024900626861 4.886753583951802
0.8037973239139111 5.074976571353202
3.1462626207122114e-16 5.138236792686286
-0.8037973239139095 5.074976571353202
-1.5878024900626857 4.886753583951803
-2.3327106892917726 4.578202505108195
-3.0201798095275763 4.156920886405829
-3.6332820794506895 3.63328207945069
-4.156920886405829 3.0201798095275776
-4.578202505108195 2.3327106892917735
-4.886753583951802 1.5878024900626866
-5.074976571353201 0.8037973239139115
-5.138236792686286 6.292525241424423e-16
-5.074976571353202 -0.8037973239139101
-4.886753583951804 -1.5878024900626833
-4.578202505108195 -2.3327106892917726
-4.15692088640583 -3.0201798095275763
-3.6332820794506904 -3.6332820794506895
-3.0201798095275776 -4.156920886405829
-2.332710689291774 -4.578202505108195
-1.5878024900626868 -4.886753583951802
-0.8037973239139117 -5.074976571353201
-9.438787862136634e-16 -5.138236792686286
0.8037973239139099 -5.074976571353202
1.587802490062685 -4.886753583951803
2.3327106892917726 -4.578202505108195
3.020179809527576 -4.15692088640583
3.6332820794506886 -3.6332820794506904
4.156920886405829 -3.020179809527578
4.578202505108195 -2.3327106892917744
4.886753583951802 -1.587802490062687
5.074976571353201 -0.803797323913912
4.702329383510153 0.0
4.644435905730901 0.7356063815523695
4.472181001953503 1.4530996926533069
4.189806159590212 2.134812866759729
3.8042643844083837 2.763959863048825
3.325048994452787 3.3250489944527866
2.763959863048825 3.8042643844083837
2.1348128667597295 4.189806159590212
1.453099692653307 4.472181001953503
0.7356063815523697 4.644435905730901
2.8793463140261277e-16 4.702329383510153
-0.7356063815523681 4.644435905730901
-1.4530996926533066 4.472181001953504
-2.134812866759729 4.189806159590212
-2.7639598630488247 3.8042643844083837
-3.3250489944527866 3.325048994452787
-3.804264384408383 2.7639598630488256
-4.189806159590212 2.13481286675973
-4.472181001953503 1.4530996926533073
-4.6444359057309 0.7356063815523699
-4.702329383510153 5.758692628052255e-16
-4.644435905730901 -0.7356063815523688
-4.472181001953504 -1.4530996926533044
-4.189806159590212 -2.134812866759729
-3.804264384408384 -2.7639598630488247
-3.3250489944527875 -3.3250489944527866
-2.7639598630488256 -3.804264384408383
-2.13481286675973 -4.189806159590212
-1.4530996926533077 -4.472181001953503
-0.7356063815523702 -4.6444359057309
-8.638038942078383e-16 -4.702329383510153
0.7356063815523686 -4.644435905730901
1.4530996926533062 -4.472181001953504
2.1348128667597286 -4.189806159590212
2.763959863048824 -3.804264384408384
3.325048994452786 -3.3250489944527875
3.804264384408383 -2.763959863048826
4.189806159590212 -2.1348128667597304
4.472181001953503 -1.453099692653308
4.6444359057309 -0.7356063815523705
4.4815808173783065 0.0
4.426405120759381 0.7010736977011359
4.2622366396709985 1.3848846342346643
3.99311774696151 2.034595114904744
3.6256750429238176 2.6342071114118157
3.168956186403751 3.1689561864037508
2.6342071114118157 3.6256750429238176
2.034595114904744 3.9931177469615093
1.3848846342346646 4.2622366396709985
0.7010736977011363 4.426405120759381
2.744176801561261e-16 4.4815808173783065
-0.7010736977011347 4.426405120759381
-1.3848846342346641 4.262236639670999
-2.0345951149047434 3.99311774696151
-2.6342071114118153 3.6256750429238176
-3.1689561864037508 3.168956186403751
-3.625675042923817 2.634207111411816
-3.9931177469615093 2.0345951149047443
-4.2622366396709985 1.3848846342346648
-4.42640512075938 0.7010736977011365
-4.4815808173783065 5.488353603122522e-16
-4.426405120759381 -0.7010736977011354
-4.262236639670999 -1.3848846342346621
-3.99311774696151 -2.0345951149047434
-3.6256750429238185 -2.6342071114118153
-3.1689561864037517 -3.1689561864037508
-2.634207111411816 -3.625675042923817
-2.0345951149047443 -3.9931177469615093
-1.384884634234665 -4.2622366396709985
-0.7010736977011367 -4.42640512075938
-8.232530404683782e-16 -4.4815808173783065
0.7010736977011351 -4.426405120759381
1.3848846342346635 -4.262236639670999
2.0345951149047434 -3.99311774696151
2.634207111411815 -3.6256750429238185
3.1689561864037503 -3.1689561864037517
3.625675042923817 -2.634207111411817
3.9931177469615093 -2.0345951149047448
4.2622366396709985 -1.3848846342346652
4.42640512075938 -0.7010736977011369
4.90913554100203 0.0
4.848695936248909 0.7679579921666368
4.668865345646115 1.5170063098596787
4.374071795157802 2.228700897548682
3.9715740803606936 2.885517472505825
3.471283030806426 3.4712830308064255
2.885517472505825 3.9715740803606936
2.228700897548682 4.374071795157801
1.5170063098596789 4.668865345646115
0.7679579921666372 4.848695936248909
3.005978563434323e-16 4.90913554100203
-0.7679579921666355 4.848695936248909
-1.5170063098596784 4.668865345646115
-2.2287008975486815 4.374071795157802
-2.8855174725058244 3.9715740803606936
-3.4712830308064255 3.471283030806426
-3.971574080360693 2.8855174725058252
-4.374071795157801 2.2287008975486824
-4.668865345646115 1.517006309859679
-4.848695936248908 0.7679579921666374
-4.90913554100203 6.011957126868646e-16
-4.848695936248909 -0.7679579921666362
-4.6688653456461155 -1.5170063098596762
-4.374071795157802 -2.2287008975486815
-3.9715740803606945 -2.8855174725058244
-3.471283030806427 -3.4712830308064255
-2.8855174725058252 -3.971574080360693
-2.2287008975486824 -4.374071795157801
-1.5170063098596793 -4.668865345646115
-0.7679579921666377 -4.848695936248908
-9.017935690302968e-16 -4.90913554100203
0.767957992166636 -4.848695936248909
1.5170063098596778 -4.668865345646115
2.228700897548681 -4.374071795157802
2.8855174725058235 -3.9715740803606945
3.471283030806425 -3.471283030806427
3.971574080360693 -2.8855174725058257
4.374071795157801 -2.228700897548683
4.668865345646115 -1.5170063098596798
4.848695936248908 -0.767957992166638
5.4816483896046195 0.0
5.414160201654596 0.8575187333664417
5.213357420972308 1.69392250957589
4.884184478444376 2.488616291793083
4.4347467043782 3.2220320816623804
3.8761107483697446 3.876110748369744
3.2220320816623804 4.4347467043782
2.488616291793083 4.884184478444376
1.6939225095758905 5.213357420972308
0.857518733366442 5.414160201654596
3.35654157719027e-16 5.4816483896046195
-0.8575187333664401 5.414160201654596
-1.6939225095758899 5.213357420972309
-2.4886162917930825 4.884184478444376
-3.22203208166238 4.4347467043782
-3.876110748369744 3.8761107483697446
-4.4347467043782 3.222032081662381
-4.884184478444376 2.4886162917930834
-5.213357420972308 1.6939225095758907
-5.414160201654595 0.8575187333664424
-5.4816483896046195 6.71308315438054e-16
-5.414160201654596 -0.8575187333664409
-5.213357420972309 -1.6939225095758874
-4.884184478444376 -2.4886162917930825
-4.434746704378201 -3.22203208166238
-3.876110748369745 -3.876110748369744
-3.222032081662381 -4.4347467043782
-2.488616291793084 -4.884184478444376
-1.693922509575891 -5.213357420972308
-0.8575187333664426 -5.414160201654595
-1.006962473157081e-15 -5.4816483896046195
0.8575187333664406 -5.414160201654596
1.6939225095758892 -5.213357420972309
2.488616291793082 -4.884184478444376
3.222032081662379 -4.434746704378201
3.8761107483697432 -3.876110748369745
4.4347467043782 -3.2220320816623818
4.884184478444376 -2.4886162917930843
5.213357420972308 -1.6939225095758914
5.414160201654595 -0.8575187333664429
5.640352436364086 0.0
5.570910338244187 0.8823455160209787
5.36429393880531 1.7429647571006417
5.025590819522157 2.5606664212921015
4.5631409752826855 3.31531597982673
3.9883314560351106 3.9883314560351097
3.31531597982673 4.5631409752826855
2.560666421292102 5.025590819522156
1.742964757100642 5.36429393880531
0.882345516020979 5.570910338244187
3.453719778628127e-16 5.640352436364086
-0.8823455160209771 5.570910338244187
-1.7429647571006415 5.36429393880531
-2.560666421292101 5.025590819522157
-3.3153159798267295 4.5631409752826855
-3.9883314560351097 3.9883314560351106
-4.563140975282685 3.3153159798267304
-5.025590819522156 2.560666421292102
-5.36429393880531 1.7429647571006424
-5.570910338244186 0.8823455160209793
-5.640352436364086 6.907439557256254e-16
-5.570910338244187 -0.8823455160209779
-5.364293938805311 -1.7429647571006388
-5.025590819522157 -2.560666421292101
-4.5631409752826855 -3.3153159798267295
-3.988331456035111 -3.9883314560351097
-3.3153159798267304 -4.563140975282685
-2.5606664212921024 -5.025590819522156
-1.7429647571006426 -5.36429393880531
-0.8823455160209795 -5.570910338244186
-1.036115933588438e-15 -5.640352436364086
0.8823455160209775 -5.570910338244187
1.7429647571006408 -5.36429393880531
2.560666421292101 -5.025590819522157
3.3153159798267287 -4.5631409752826855
3.9883314560351093 -3.988331456035111
4.563140975282685 -3.3153159798267313
5.025590819522156 -2.560666421292103
5.36429393880531 -1.742964757100643
5.570910338244186 -0.8823455160209799
5.337224454297772 0.0
5.271514364649156 0.8349258523077101
5.0760020961897405 1.6492930591715662
4.755501809837016 2.4230491972287753
4.317905286320452 3.1371418224109733
3.7739876043486253 3.773987604348625
3.1371418224109733 4.317905286320452
2.4230491972287753 4.755501809837016
1.6492930591715664 5.0760020961897405
0.8349258523077103 5.271514364649156
3.2681074221433724e-16 5.337224454297772
-0.8349258523077085 5.271514364649156
-1.649293059171566 5.076002096189741
-2.423049197228775 4.755501809837016
-3.1371418224109724 4.317905286320452
-3.773987604348625 3.7739876043486253
-4.3179052863204515 3.1371418224109737
-4.755501809837016 2.4230491972287758
-5.0760020961897405 1.6492930591715669
-5.271514364649155 0.8349258523077107
-5.337224454297772 6.536214844286745e-16
-5.271514364649156 -0.8349258523077093
-5.076002096189742 -1.6492930591715635
-4.755501809837016 -2.423049197228775
-4.317905286320453 -3.1371418224109724
-3.773987604348626 -3.773987604348625
-3.1371418224109737 -4.3179052863204515
-2.423049197228776 -4.755501809837016
-1.649293059171567 -5.0760020961897405
-0.834925852307711 -5.271514364649155
-9.804322266430117e-16 -5.337224454297772
0.834925852307709 -5.271514364649156
1.6492930591715653 -5.076002096189741
2.4230491972287744 -4.755501809837016
3.137141822410972 -4.317905286320453
3.773987604348624 -3.773987604348626
4.3179052863204515 -3.137141822410974
4.755501809837016 -2.423049197228776
5.0760020961897405 -1.6492930591715673
5.271514364649155 -0.8349258523077112
6.008860322319785 0.0
5.934881280619994 0.9399928500235648
5.714765765049629 1.8568399564221376
5.353933750123548 2.727965500595093
4.8612701175820305 3.5319194805449663
4.248905881115104 4.248905881115103
3.5319194805449663 4.8612701175820305
2.7279655005950936 5.353933750123547
1.856839956422138 5.714765765049629
0.9399928500235651 5.934881280619994
3.679365780126229e-16 6.008860322319785
-0.9399928500235631 5.934881280619994
-1.8568399564221374 5.714765765049629
-2.727965500595093 5.353933750123548
-3.531919480544966 4.8612701175820305
-4.248905881115103 4.248905881115104
-4.86127011758203 3.531919480544967
-5.353933750123547 2.727965500595094
-5.714765765049629 1.8568399564221383
-5.934881280619993 0.9399928500235655
-6.008860322319785 7.358731560252458e-16
-5.934881280619994 -0.939992850023564
-5.71476576504963 -1.8568399564221347
-5.353933750123548 -2.727965500595093
-4.861270117582031 -3.531919480544966
-4.248905881115105 -4.248905881115103
-3.531919480544967 -4.86127011758203
-2.7279655005950945 -5.353933750123547
-1.8568399564221387 -5.714765765049629
-0.9399928500235658 -5.934881280619993
-1.1038097340378687e-15 -6.008860322319785
0.9399928500235637 -5.934881280619994
1.8568399564221367 -5.714765765049629
2.7279655005950927 -5.353933750123548
3.531919480544965 -4.861270117582031
4.248905881115103 -4.248905881115105
4.86127011758203 -3.5319194805449676
5.353933750123547 -2.7279655005950945
5.714765765049629 -1.856839956422139
5.934881280619993 -0.9399928500235661
6.163758762323637 0.0
6.087872663788173 0.9642243046211336
5.862082935779245 1.904706206785496
5.49194927075358 2.798287920781318
4.986585587947315 3.6229664991823407
4.358435618437045 4.358435618437045
3.6229664991823407 4.986585587947315
2.7982879207813185 5.4919492707535795
1.9047062067854963 5.862082935779245
0.964224304621134 6.087872663788173
3.7742137194980465e-16 6.163758762323637
-0.964224304621132 6.087872663788173
-1.9047062067854956 5.862082935779246
-2.7982879207813176 5.49194927075358
-3.6229664991823403 4.986585587947315
-4.358435618437045 4.358435618437045
-4.986585587947314 3.6229664991823416
-5.4919492707535795 2.7982879207813185
-5.862082935779245 1.9047062067854967
-6.087872663788172 0.9642243046211343
-6.163758762323637 7.548427438996093e-16
-6.087872663788173 -0.9642243046211327
-5.862082935779246 -1.904706206785493
-5.49194927075358 -2.7982879207813176
-4.9865855879473155 -3.6229664991823403
-4.358435618437046 -4.358435618437045
-3.6229664991823416 -4.986585587947314
-2.798287920781319 -5.4919492707535795
-1.904706206785497 -5.862082935779245
-0.9642243046211346 -6.087872663788172
-1.1322641158494139e-15 -6.163758762323637
0.9642243046211324 -6.087872663788173
1.904706206785495 -5.862082935779246
2.798287920781317 -5.49194927075358
3.6229664991823394 -4.9865855879473155
4.358435618437044 -4.358435618437046
4.986585587947314 -3.622966499182342
5.4919492707535795 -2.7982879207813194
5.862082935779245 -1.9047062067854974
6.087872663788172 -0.964224304621135
5.894720190420404 0.0
5.822146403148984 0.9221373995502637
5.606212048835934 1.821568715925031
5.252234147929479 2.6761469650737557
4.7689288111352335 3.4648295943197924
4.168196619843525 4.168196619843524
3.4648295943197924 4.7689288111352335
2.6761469650737557 5.252234147929478
1.8215687159250313 5.606212048835934
0.9221373995502641 5.822146403148984
3.6094751065338123e-16 5.894720190420404
-0.9221373995502622 5.822146403148984
-1.8215687159250307 5.606212048835935
-2.6761469650737553 5.252234147929479
-3.464829594319792 4.7689288111352335
-4.168196619843524 4.168196619843525
-4.768928811135233 3.4648295943197933
-5.252234147929478 2.676146965073756
-5.606212048835934 1.8215687159250316
-5.822146403148983 0.9221373995502644
-5.894720190420404 7.218950213067625e-16
-5.822146403148984 -0.922137399550263
-5.6062120488359355 -1.821568715925028
-5.252234147929479 -2.6761469650737553
-4.768928811135234 -3.464829594319792
-4.168196619843526 -4.168196619843524
-3.4648295943197933 -4.768928811135233
-2.6761469650737566 -5.252234147929478
-1.821568715925032 -5.606212048835934
-0.9221373995502647 -5.822146403148983
-1.0828425319601436e-15 -5.894720190420404
0.9221373995502626 -5.822146403148984
1.82156871592503 -5.606212048835935
2.676146965073755 -5.252234147929479
3.4648295943197915 -4.768928811135234
4.168196619843523 -4.168196619843526
4.768928811135233 -3.4648295943197938
5.252234147929478 -2.676146965073757
5.606212048835934 -1.8215687159250322
5.822146403148983 -0.9221373995502651
5.749246364080594 0.0
5.678463601011392 0.8993802793494402
5.467858218345068 1.7766148313492798
5.122616019562062 2.610103229954721
4.651238013389578 3.379322224602696
4.065331090753491 4.0653310907534905
3.379322224602696 4.651238013389578
2.6101032299547215 5.122616019562062
1.7766148313492802 5.467858218345068
0.8993802793494405 5.678463601011392
3.520398078640429e-16 5.749246364080594
-0.8993802793494385 5.678463601011392
-1.7766148313492796 5.467858218345069
-2.6101032299547207 5.122616019562062
-3.3793222246026953 4.651238013389578
-4.0653310907534905 4.065331090753491
-4.651238013389577 3.3793222246026966
-5.122616019562062 2.610103229954722
-5.467858218345068 1.7766148313492804
-5.678463601011391 0.8993802793494409
-5.749246364080594 7.040796157280858e-16
-5.678463601011392 -0.8993802793494394
-5.46785821834507 -1.776614831349277
-5.122616019562062 -2.6101032299547207
-4.651238013389578 -3.3793222246026953
-4.065331090753491 -4.0653310907534905
-3.3793222246026966 -4.651238013389577
-2.610103229954722 -5.122616019562062
-1.7766148313492807 -5.467858218345068
-0.8993802793494411 -5.678463601011391
-1.0561194235921286e-15 -5.749246364080594
0.8993802793494391 -5.678463601011392
1.776614831349279 -5.467858218345069
2.6101032299547207 -5.122616019562062
3.379322224602695 -4.651238013389578
4.06533109075349 -4.065331090753491
4.651238013389577 -3.3793222246026975
5.122616019562062 -2.6101032299547224
5.467858218345068 -1.776614831349281
5.678463601011391 -0.8993802793494414
5.817977457414359 0.0
5.746348500533506 0.9101321911667378
5.533225372532235 1.7978539072313837
5.1838558721370465 2.6413064933649624
4.706842635938563 3.4197213476382204
4.113931312928162 4.113931312928161
3.4197213476382204 4.706842635938563
2.641306493364963 5.183855872137046
1.797853907231384 5.533225372532235
0.9101321911667382 5.746348500533506
3.5624837353669755e-16 5.817977457414359
-0.9101321911667362 5.746348500533506
-1.7978539072313833 5.533225372532236
-2.641306493364962 5.1838558721370465
-3.4197213476382196 4.706842635938563
-4.113931312928161 4.113931312928162
-4.706842635938563 3.419721347638221
-5.183855872137046 2.641306493364963
-5.533225372532235 1.7978539072313844
-5.746348500533506 0.9101321911667384
-5.817977457414359 7.124967470733951e-16
-5.746348500533506 -0.9101321911667369
-5.533225372532236 -1.7978539072313808
-5.1838558721370465 -2.641306493364962
-4.706842635938564 -3.4197213476382196
-4.113931312928162 -4.113931312928161
-3.419721347638221 -4.706842635938563
-2.6413064933649633 -5.183855872137046
-1.7978539072313846 -5.533225372532235
-0.9101321911667387 -5.746348500533506
-1.0687451206100926e-15 -5.817977457414359
0.9101321911667366 -5.746348500533506
1.7978539072313826 -5.533225372532236
2.6413064933649615 -5.1838558721370465
3.419721347638219 -4.706842635938564
4.11393131292816 -4.113931312928162
4.706842635938563 -3.4197213476382218
5.183855872137046 -2.6413064933649637
5.533225372532235 -1.797853907231385
5.746348500533506 -0.910132191166739
3.6106634726601556 0.0
3.5662102137591867 0.5648322087858937
3.433945023822329 1.1157563740208514
3.2171247107888274 1.6392069143443113
2.9210881103509294 2.1222947402207666
2.5531246261005647 2.5531246261005642
2.1222947402207666 2.9210881103509294
1.6392069143443115 3.217124710788827
1.1157563740208516 3.433945023822329
0.5648322087858939 3.5662102137591867
2.2108937322957633e-16 3.6106634726601556
-0.5648322087858927 3.5662102137591867
-1.1157563740208511 3.4339450238223295
-1.639206914344311 3.2171247107888274
-2.1222947402207666 2.9210881103509294
-2.5531246261005642 2.5531246261005647
-2.921088110350929 2.122294740220767
-3.217124710788827 1.6392069143443118
-3.433945023822329 1.1157563740208518
-3.5662102137591862 0.5648322087858941
-3.6106634726601556 4.4217874645915266e-16
-3.5662102137591867 -0.5648322087858932
-3.43394502382233 -1.1157563740208496
-3.2171247107888274 -1.639206914344311
-2.92108811035093 -2.1222947402207666
-2.553124626100565 -2.5531246261005642
-2.122294740220767 -2.921088110350929
-1.639206914344312 -3.217124710788827
-1.115756374020852 -3.433945023822329
-0.5648322087858944 -3.5662102137591862
-6.63268119688729e-16 -3.6106634726601556
0.564832208785893 -3.5662102137591867
1.1157563740208507 -3.4339450238223295
1.6392069143443109 -3.2171247107888274
2.122294740220766 -2.92108811035093
2.553124626100564 -2.553124626100565
2.921088110350929 -2.1222947402207675
3.217124710788827 -1.6392069143443122
3.433945023822329 -1.115756374020852
3.5662102137591862 -0.5648322087858945
1.0 0.5 0.4 0.32000000000000006 0.25600000000000006 0.20480000000000007 0.16384000000000007 0.13107200000000005 0.10485760000000005 0.08388608000000004 0.06710886400000003 0.05368709120000003 0.042949672960000025 0.03435973836800002 0.027487790694400018 0.021990232555520017 0.017592186044416015 0.014073748835532814 0.011258999068426251 