0.0 0.0
1.6913936211662879 0.0
1.6489868517613033 0.376370488269675
1.5238929960395635 0.7338681886712156
1.322384782273408 1.0545666737260946
1.0545666737260948 1.322384782273408
0.7338681886712157 1.5238929960395635
0.37637048826967506 1.6489868517613033
1.0356798921297727e-16 1.6913936211662879
-0.3763704882696749 1.6489868517613033
-0.7338681886712155 1.5238929960395635
-1.0545666737260946 1.3223847822734083
-1.3223847822734074 1.0545666737260952
-1.5238929960395635 0.7338681886712157
-1.6489868517613036 0.37637048826967445
-1.6913936211662879 2.0713597842595454e-16
-1.6489868517613036 -0.37637048826967406
-1.5238929960395635 -0.7338681886712154
-1.3223847822734076 -1.054566673726095
-1.054566673726095 -1.3223847822734078
-0.7338681886712158 -1.5238929960395635
-0.37637048826967534 -1.6489868517613033
-3.107039676389318e-16 -1.6913936211662879
0.37637048826967323 -1.6489868517613038
0.7338681886712153 -1.5238929960395637
1.0545666737260944 -1.3223847822734083
1.3223847822734078 -1.054566673726095
1.523892996039564 -0.7338681886712145
1.648986851761303 -0.3763704882696754
2.746815486948659 0.0
2.6779470878395553 0.6112239475614841
2.4747952396129653 1.1917985741433004
2.1475468242272133 1.7126114437001199
1.7126114437001203 2.1475468242272133
1.1917985741433004 2.4747952396129653
0.6112239475614842 2.6779470878395553
1.6819393969700268e-16 2.746815486948659
-0.6112239475614839 2.6779470878395553
-1.1917985741433001 2.4747952396129653
-1.7126114437001199 2.1475468242272133
-2.1475468242272124 1.7126114437001212
-2.4747952396129653 1.1917985741433006
-2.6779470878395557 0.6112239475614832
-2.746815486948659 3.3638787939400535e-16
-2.6779470878395557 -0.6112239475614826
-2.4747952396129653 -1.1917985741433
-2.1475468242272124 -1.7126114437001208
-1.7126114437001205 -2.147546824227213
-1.1917985741433008 -2.4747952396129653
-0.6112239475614847 -2.6779470878395553
-5.04581819091008e-16 -2.746815486948659
0.6112239475614812 -2.6779470878395557
1.1917985741433 -2.4747952396129658
1.7126114437001196 -2.1475468242272133
2.147546824227213 -1.7126114437001205
2.474795239612966 -1.1917985741432986
2.677947087839555 -0.6112239475614848
3.5569538844245017 0.0
3.467773624269007 0.7914967004016805
3.2047047144310556 1.5433044512428256
2.7809385285300254 2.217724472620485
2.2177244726204854 2.7809385285300254
1.5433044512428256 3.2047047144310556
0.7914967004016806 3.467773624269007
2.1780060946376053e-16 3.5569538844245017
-0.7914967004016803 3.467773624269007
-1.5433044512428253 3.2047047144310556
-2.217724472620485 2.780938528530026
-2.780938528530024 2.2177244726204863
-3.204704714431055 1.5433044512428258
-3.4677736242690074 0.7914967004016794
-3.5569538844245017 4.3560121892752106e-16
-3.4677736242690074 -0.7914967004016785
-3.2047047144310556 -1.5433044512428251
-2.7809385285300245 -2.2177244726204863
-2.217724472620486 -2.780938528530025
-1.543304451242826 -3.204704714431055
-0.7914967004016812 -3.467773624269007
-6.534018283912816e-16 -3.5569538844245017
0.7914967004016767 -3.467773624269008
1.543304451242825 -3.204704714431056
2.2177244726204846 -2.780938528530026
2.780938528530025 -2.217724472620486
3.204704714431056 -1.5433044512428233
3.4677736242690065 -0.7914967004016814
1.0 0.5 0.4 0.32000000000000006 