0.0 0.0
2.6847135094071364 0.0
2.6772065059244086 0.2006288918107328
2.654727477684823 0.40013578547582984
2.617402136532636 0.5974049575184104
2.565439220916134 0.7913331987086112
2.499129328537558 0.9808359836571025
2.4188432912128786 1.16485353592099
2.325030101029853 1.342356754703568
2.2182143994021457 1.5123529700034186
2.098993543061728 1.6738914940277205
1.9680342633977235 1.826068937824025
1.8260689378240251 1.968034263397723
1.6738914940277207 2.098993543061728
1.5123529700034184 2.2182143994021457
1.3423567547035684 2.3250301010298524
1.16485353592099 2.4188432912128786
0.9808359836571025 2.499129328537558
0.7913331987086109 2.565439220916134
0.5974049575184106 2.617402136532636
0.40013578547583034 2.654727477684823
0.20062889181073318 2.6772065059244086
1.6439129029615535e-16 2.6847135094071364
-0.20062889181073223 2.6772065059244086
-0.40013578547582945 2.654727477684823
-0.5974049575184103 2.617402136532636
-0.7913331987086112 2.565439220916134
-0.9808359836571027 2.499129328537558
-1.1648535359209897 2.4188432912128786
-1.3423567547035675 2.325030101029853
-1.5123529700034186 2.2182143994021453
-1.6738914940277205 2.0989935430617286
-1.8260689378240245 1.9680342633977237
-1.9680342633977235 1.826068937824025
-2.098993543061728 1.6738914940277207
-2.2182143994021457 1.512352970003418
-2.325030101029852 1.342356754703569
-2.418843291212878 1.1648535359209902
-2.4991293285375584 0.980835983657102
-2.5654392209161334 0.7913331987086123
-2.617402136532636 0.5974049575184107
-2.654727477684823 0.40013578547583056
-2.6772065059244086 0.2006288918107339
-2.6847135094071364 3.287825805923107e-16
-2.6772065059244086 -0.20062889181073204
-2.6547274776848235 -0.40013578547582873
-2.617402136532636 -0.5974049575184102
-2.565439220916134 -0.7913331987086104
-2.499129328537558 -0.9808359836571026
-2.4188432912128786 -1.1648535359209895
-2.325030101029853 -1.3423567547035675
-2.2182143994021457 -1.5123529700034186
-2.0989935430617286 -1.67389149402772
-1.968034263397723 -1.8260689378240251
-1.826068937824025 -1.9680342633977235
-1.673891494027721 -2.098993543061728
-1.5123529700034184 -2.2182143994021457
-1.3423567547035693 -2.325030101029852
-1.1648535359209904 -2.418843291212878
-0.9808359836571021 -2.4991293285375584
-0.7913331987086124 -2.5654392209161334
-0.5974049575184109 -2.617402136532636
-0.4001357854758295 -2.654727477684823
-0.20062889181073407 -2.6772065059244086
-4.93173870888466e-16 -2.6847135094071364
0.2006288918107331 -2.6772065059244086
0.40013578547582856 -2.6547274776848235
0.5974049575184099 -2.617402136532636
0.7913331987086115 -2.565439220916134
0.9808359836571034 -2.499129328537558
1.1648535359209895 -2.4188432912128786
1.3423567547035664 -2.3250301010298537
1.5123529700034195 -2.218214399402145
1.67389149402772 -2.0989935430617286
1.8260689378240234 -1.9680342633977248
1.968034263397724 -1.8260689378240242
2.098993543061728 -1.673891494027721
2.2182143994021444 -1.5123529700034204
2.325030101029852 -1.3423567547035693
2.418843291212878 -1.1648535359209904
2.499129328537558 -0.9808359836571022
2.5654392209161334 -0.7913331987086125
2.6174021365326356 -0.597404957518411
2.6547274776848226 -0.40013578547583206
2.6772065059244086 -0.20062889181073187
4.121805424465204 0.0
4.110280020518687 0.3080229051153158
4.075768263413144 0.6143232211995425
4.018463156893576 0.9171879926382
3.938685174360749 1.2149234767760522
3.8368804666539393 1.5058646160130809
3.713618366994465 1.7883843494819962
3.5695882070433678 2.0609027122326014
3.405595461879149 2.3218956710366907
3.222557245454397 2.5699036474000625
3.0214971817225496 2.803539680117524
2.8035396801175243 3.021497181722549
2.569903647400063 3.222557245454397
2.3218956710366903 3.405595461879149
2.0609027122326022 3.5695882070433673
1.7883843494819964 3.713618366994465
1.5058646160130809 3.8368804666539393
1.2149234767760517 3.9386851743607494
0.9171879926382002 4.018463156893576
0.6143232211995433 4.075768263413144
0.3080229051153164 4.110280020518687
2.5238779098897544e-16 4.121805424465204
-0.30802290511531494 4.110280020518687
-0.614323221199542 4.075768263413144
-0.9171879926381997 4.018463156893576
-1.2149234767760522 3.938685174360749
-1.5058646160130815 3.8368804666539393
-1.788384349481996 3.713618366994465
-2.060902712232601 3.5695882070433678
-2.3218956710366907 3.4055954618791486
-2.5699036474000625 3.2225572454543974
-2.8035396801175234 3.02149718172255
-3.0214971817225496 2.803539680117524
-3.222557245454397 2.569903647400063
-3.4055954618791495 2.32189567103669
-3.569588207043367 2.060902712232603
-3.713618366994464 1.7883843494819969
-3.83688046665394 1.5058646160130802
-3.9386851743607485 1.2149234767760537
-4.018463156893576 0.9171879926382004
-4.075768263413144 0.6143232211995437
-4.110280020518687 0.30802290511531755
-4.121805424465204 5.047755819779509e-16
-4.110280020518687 -0.30802290511531466
-4.075768263413145 -0.6143232211995409
-4.018463156893576 -0.9171879926381995
-3.9386851743607494 -1.214923476776051
-3.8368804666539393 -1.5058646160130813
-3.713618366994465 -1.7883843494819958
-3.569588207043368 -2.0609027122326005
-3.405595461879149 -2.3218956710366907
-3.2225572454543974 -2.569903647400062
-3.021497181722549 -2.8035396801175243
-2.803539680117524 -3.0214971817225496
-2.5699036474000634 -3.2225572454543965
-2.3218956710366903 -3.405595461879149
-2.0609027122326036 -3.5695882070433664
-1.788384349481997 -3.713618366994464
-1.5058646160130804 -3.83688046665394
-1.214923476776054 -3.9386851743607485
-0.9171879926382008 -4.018463156893576
-0.6143232211995421 -4.075768263413144
-0.30802290511531777 -4.110280020518687
-7.571633729669263e-16 -4.121805424465204
0.30802290511531627 -4.110280020518687
0.6143232211995406 -4.075768263413145
0.9171879926381993 -4.018463156893576
1.2149234767760526 -3.938685174360749
1.5058646160130826 -3.836880466653939
1.7883843494819955 -3.7136183669944653
2.060902712232599 -3.569588207043369
2.321895671036692 -3.405595461879148
2.569903647400062 -3.2225572454543974
2.8035396801175216 -3.0214971817225518
3.0214971817225504 -2.803539680117523
3.2225572454543965 -2.5699036474000634
3.4055954618791473 -2.321895671036694
3.5695882070433664 -2.0609027122326036
3.713618366994464 -1.7883843494819973
3.8368804666539393 -1.5058646160130806
3.9386851743607485 -1.2149234767760542
4.018463156893576 -0.917187992638201
4.075768263413144 -0.614323221199546
4.110280020518687 -0.3080229051153144
5.2471276177932324 0.0
5.232455584757651 0.3921183379375996
5.188521537611172 0.782043791071495
5.1155711733667415 1.1675957380993212
5.014012460052627 1.5466180161389165
4.88441335518972 1.9169909788657813
4.727498629542686 2.276643350435133
4.544145813907864 2.623563808896616
4.3353802916050865 2.9558122343225186
4.1023695641182245 3.2715305587453907
3.8464167219533065 3.568953157227825
3.5689531572278255 3.846416721953306
3.271530558745391 4.1023695641182245
2.955812234322518 4.3353802916050865
2.6235638088966167 4.544145813907863
2.2766433504351333 4.727498629542686
1.9169909788657813 4.88441335518972
1.546618016138916 5.014012460052628
1.1675957380993214 5.1155711733667415
0.7820437910714961 5.188521537611172
0.3921183379376003 5.232455584757651
3.212939020924079e-16 5.2471276177932324
-0.39211833793759854 5.232455584757651
-0.7820437910714944 5.188521537611172
-1.167595738099321 5.1155711733667415
-1.5466180161389165 5.014012460052627
-1.916990978865782 4.88441335518972
-2.276643350435133 4.727498629542686
-2.623563808896615 4.544145813907864
-2.9558122343225186 4.335380291605086
-3.2715305587453907 4.102369564118225
-3.5689531572278246 3.8464167219533074
-3.8464167219533065 3.568953157227825
-4.1023695641182245 3.271530558745391
-4.335380291605087 2.9558122343225173
-4.544145813907863 2.623563808896618
-4.727498629542685 2.2766433504351338
-4.884413355189721 1.9169909788657806
-5.014012460052627 1.5466180161389187
-5.1155711733667415 1.1675957380993218
-5.188521537611172 0.7820437910714966
-5.232455584757651 0.3921183379376018
-5.2471276177932324 6.425878041848158e-16
-5.232455584757651 -0.39211833793759815
-5.188521537611173 -0.7820437910714929
-5.1155711733667415 -1.1675957380993205
-5.014012460052628 -1.5466180161389151
-4.88441335518972 -1.9169909788657817
-4.727498629542686 -2.2766433504351324
-4.544145813907865 -2.623563808896615
-4.3353802916050865 -2.9558122343225186
-4.102369564118225 -3.2715305587453902
-3.846416721953306 -3.5689531572278255
-3.568953157227825 -3.8464167219533065
-3.271530558745392 -4.102369564118224
-2.955812234322518 -4.3353802916050865
-2.6235638088966184 -4.544145813907862
-2.2766433504351338 -4.727498629542685
-1.9169909788657808 -4.884413355189721
-1.546618016138919 -5.014012460052627
-1.1675957380993223 -5.1155711733667415
-0.7820437910714945 -5.188521537611172
-0.3921183379376021 -5.232455584757651
-9.638817062772237e-16 -5.2471276177932324
0.3921183379376002 -5.232455584757651
0.7820437910714926 -5.188521537611173
1.1675957380993203 -5.1155711733667415
1.5466180161389171 -5.014012460052627
1.9169909788657835 -4.884413355189719
2.276643350435132 -4.727498629542687
2.6235638088966127 -4.544145813907866
2.9558122343225204 -4.335380291605086
3.2715305587453902 -4.102369564118225
3.5689531572278224 -3.8464167219533096
3.846416721953308 -3.5689531572278237
4.102369564118224 -3.271530558745392
4.335380291605084 -2.955812234322522
4.544145813907862 -2.6235638088966184
4.727498629542685 -2.276643350435134
4.88441335518972 -1.916990978865781
5.014012460052627 -1.5466180161389191
5.1155711733667415 -1.1675957380993225
5.188521537611172 -0.7820437910714995
5.232455584757651 -0.3921183379375978
1.0 0.5 0.4 0.32000000000000006 