0.0 0.0
1.509544086321763 0.0
1.471696664424095 0.33590515993655
1.3600522265021107 0.6549666325360844
1.1802090908597915 0.9411853432777789
0.9411853432777791 1.1802090908597915
0.6549666325360846 1.3600522265021107
0.33590515993655007 1.471696664424095
9.243291667428815e-17 1.509544086321763
-0.3359051599365499 1.471696664424095
-0.6549666325360844 1.3600522265021107
-0.9411853432777789 1.1802090908597918
-1.180209090859791 0.9411853432777796
-1.3600522265021104 0.6549666325360847
-1.4716966644240952 0.3359051599365495
-1.509544086321763 1.848658333485763e-16
-1.4716966644240952 -0.3359051599365492
-1.3600522265021107 -0.6549666325360843
-1.1802090908597913 -0.9411853432777795
-0.9411853432777793 -1.1802090908597913
-0.6549666325360848 -1.3600522265021104
-0.3359051599365503 -1.471696664424095
-2.772987500228644e-16 -1.509544086321763
0.3359051599365484 -1.4716966644240954
0.6549666325360842 -1.3600522265021107
0.9411853432777788 -1.1802090908597918
1.1802090908597913 -0.9411853432777793
1.3600522265021109 -0.6549666325360836
1.4716966644240947 -0.33590515993655035
2.3933416419836773 0.0
2.3333355701569642 0.5325686174507469
2.156326309681751 1.038432020609634
1.8711898440045671 1.4922241061406587
1.4922241061406591 1.8711898440045671
1.0384320206096342 2.156326309681751
0.532568617450747 2.3333355701569642
1.4654990905606906e-16 2.3933416419836773
-0.5325686174507468 2.3333355701569642
-1.0384320206096338 2.156326309681751
-1.4922241061406587 1.8711898440045673
-1.8711898440045662 1.4922241061406598
-2.1563263096817504 1.0384320206096342
-2.3333355701569642 0.5325686174507461
-2.3933416419836773 2.930998181121381e-16
-2.3333355701569642 -0.5325686174507456
-2.156326309681751 -1.0384320206096338
-1.8711898440045664 -1.4922241061406596
-1.4922241061406594 -1.8711898440045667
-1.0384320206096345 -2.1563263096817504
-0.5325686174507474 -2.3333355701569642
-4.3964972716820713e-16 -2.3933416419836773
0.5325686174507444 -2.3333355701569647
1.0384320206096336 -2.156326309681751
1.4922241061406585 -1.8711898440045673
1.8711898440045667 -1.4922241061406594
2.1563263096817513 -1.0384320206096325
2.333335570156964 -0.5325686174507475
2.9799490975323817 0.0
2.9052355520653546 0.6631010563251818
2.6848413648105853 1.2929514568173426
2.3298180206030095 1.8579678723695763
1.8579678723695767 2.3298180206030095
1.2929514568173428 2.6848413648105853
0.6631010563251819 2.9052355520653546
1.8246925619575375e-16 2.9799490975323817
-0.6631010563251816 2.9052355520653546
-1.2929514568173426 2.6848413648105853
-1.8579678723695763 2.32981802060301
-2.3298180206030086 1.8579678723695776
-2.6848413648105853 1.292951456817343
-2.9052355520653546 0.6631010563251809
-2.9799490975323817 3.649385123915075e-16
-2.9052355520653546 -0.6631010563251801
-2.6848413648105853 -1.2929514568173424
-2.329818020603009 -1.8579678723695774
-1.857967872369577 -2.329818020603009
-1.2929514568173432 -2.6848413648105853
-0.6631010563251823 -2.9052355520653546
-5.474077685872612e-16 -2.9799490975323817
0.6631010563251787 -2.905235552065355
1.2929514568173421 -2.6848413648105858
1.857967872369576 -2.32981802060301
2.329818020603009 -1.857967872369577
2.684841364810586 -1.2929514568173408
2.905235552065354 -0.6631010563251826
3.4245957139080194 0.0
3.338733949427167 0.7620442366816037
3.085454123383185 1.4858763933163748
2.6774567438583676 2.135200503110779
2.1352005031107795 2.6774567438583676
1.485876393316375 3.085454123383185
0.7620442366816039 3.338733949427167
2.0969600897056005e-16 3.4245957139080194
-0.7620442366816036 3.338733949427167
-1.4858763933163746 3.085454123383185
-2.135200503110779 2.677456743858368
-2.6774567438583667 2.1352005031107804
-3.085454123383185 1.4858763933163752
-3.3387339494271675 0.7620442366816027
-3.4245957139080194 4.193920179411201e-16
-3.3387339494271675 -0.7620442366816018
-3.085454123383185 -1.4858763933163743
-2.6774567438583667 -2.13520050311078
-2.13520050311078 -2.677456743858367
-1.4858763933163754 -3.085454123383185
-0.7620442366816044 -3.338733949427167
-6.290880269116801e-16 -3.4245957139080194
0.7620442366816002 -3.338733949427168
1.4858763933163743 -3.0854541233831854
2.1352005031107786 -2.677456743858368
2.677456743858367 -2.13520050311078
3.085454123383186 -1.4858763933163728
3.3387339494271666 -0.7620442366816046
3.7868816578602917 0.0
3.6919366283773773 0.8426604432891084
3.411862480162823 1.6430663733081208
2.9607033004959025 2.3610820945217856
2.361082094521786 2.9607033004959025
1.643066373308121 3.411862480162823
0.8426604432891085 3.6919366283773773
2.3187962505242144e-16 3.7868816578602917
-0.8426604432891082 3.6919366283773773
-1.6430663733081206 3.411862480162823
-2.3610820945217856 2.960703300495903
-2.960703300495901 2.361082094521787
-3.4118624801628226 1.6430663733081212
-3.6919366283773773 0.8426604432891072
-3.7868816578602917 4.637592501048429e-16
-3.6919366283773773 -0.8426604432891063
-3.411862480162823 -1.6430663733081203
-2.9607033004959016 -2.3610820945217865
-2.361082094521786 -2.960703300495902
-1.6430663733081214 -3.4118624801628226
-0.842660443289109 -3.6919366283773773
-6.956388751572643e-16 -3.7868816578602917
0.8426604432891044 -3.691936628377378
1.64306637330812 -3.4118624801628235
2.361082094521785 -2.960703300495903
2.960703300495902 -2.361082094521786
3.411862480162824 -1.6430663733081186
3.691936628377377 -0.8426604432891093
4.093841120852372 0.0
3.9911999767566995 0.9109653496808348
3.6884234000267324 1.7762510928686424
3.2006938725045906 2.552468189281381
2.5524681892813814 3.2006938725045906
1.7762510928686426 3.6884234000267324
0.910965349680835 3.9911999767566995
2.506754712434835e-16 4.093841120852372
-0.9109653496808345 3.9911999767566995
-1.7762510928686421 3.6884234000267324
-2.552468189281381 3.200693872504591
-3.2006938725045893 2.5524681892813827
-3.688423400026732 1.7762510928686428
-3.9911999767567 0.9109653496808335
-4.093841120852372 5.01350942486967e-16
-3.9911999767567 -0.9109653496808324
-3.6884234000267324 -1.776251092868642
-3.2006938725045897 -2.5524681892813823
-2.552468189281382 -3.20069387250459
-1.776251092868643 -3.688423400026732
-0.9109653496808355 -3.9911999767566995
-7.520264137304504e-16 -4.093841120852372
0.9109653496808304 -3.9911999767567004
1.7762510928686417 -3.688423400026733
2.5524681892813805 -3.200693872504591
3.20069387250459 -2.552468189281382
3.6884234000267333 -1.7762510928686397
3.991199976756699 -0.9109653496808358
4.361260421580931 0.0
4.251914517293117 0.9704717422368981
3.9293598646593986 1.8922799789809521
3.409770700833764 2.719201396105831
2.7192013961058317 3.409770700833764
1.8922799789809523 3.9293598646593986
0.9704717422368984 4.251914517293117
2.6705018077685616e-16 4.361260421580931
-0.9704717422368979 4.251914517293117
-1.892279978980952 3.9293598646593986
-2.719201396105831 3.4097707008337643
-3.409770700833762 2.719201396105833
-3.929359864659398 1.8922799789809526
-4.251914517293117 0.9704717422368968
-4.361260421580931 5.341003615537123e-16
-4.251914517293117 -0.9704717422368957
-3.9293598646593986 -1.8922799789809517
-3.4097707008337625 -2.7192013961058326
-2.719201396105832 -3.4097707008337634
-1.8922799789809528 -3.929359864659398
-0.970471742236899 -4.251914517293117
-8.011505423305684e-16 -4.361260421580931
0.9704717422368936 -4.251914517293118
1.8922799789809515 -3.929359864659399
2.7192013961058303 -3.4097707008337643
3.4097707008337634 -2.719201396105832
3.9293598646593995 -1.8922799789809495
4.251914517293116 -0.9704717422368992
4.599565448631875 0.0
4.484244739778327 1.023499599422759
4.144065275096943 1.9956766551683265
3.5960850734125875 2.867782150203764
2.8677821502037646 3.5960850734125875
1.995676655168327 4.144065275096943
1.0234995994227594 4.484244739778327
2.8164215520678927e-16 4.599565448631875
-1.0234995994227587 4.484244739778327
-1.9956766551683263 4.144065275096943
-2.867782150203764 3.596085073412588
-3.5960850734125858 2.8677821502037664
-4.144065275096942 1.9956766551683272
-4.484244739778327 1.0234995994227576
-4.599565448631875 5.632843104135785e-16
-4.484244739778327 -1.0234995994227565
-4.144065275096943 -1.995676655168326
-3.596085073412586 -2.867782150203766
-2.8677821502037655 -3.5960850734125867
-1.9956766551683274 -4.144065275096942
-1.0234995994227598 -4.484244739778327
-8.449264656203678e-16 -4.599565448631875
1.0234995994227543 -4.484244739778328
1.9956766551683258 -4.144065275096944
2.8677821502037637 -3.596085073412588
3.5960850734125867 -2.8677821502037655
4.144065275096944 -1.9956766551683238
4.484244739778326 -1.0234995994227603
5.196728364966698 0.0
5.066435535033045 1.1563808492896603
4.682090471780436 2.2547759341700253
4.062965841565574 3.2401071385867466
3.240107138586747 4.062965841565574
2.2547759341700253 4.682090471780436
1.1563808492896606 5.066435535033045
3.1820783790973627e-16 5.196728364966698
-1.15638084928966 5.066435535033045
-2.254775934170025 4.682090471780436
-3.2401071385867466 4.062965841565575
-4.062965841565572 3.240107138586749
-4.682090471780435 2.2547759341700258
-5.066435535033046 1.1563808492896588
-5.196728364966698 6.364156758194725e-16
-5.066435535033046 -1.1563808492896575
-4.682090471780436 -2.2547759341700244
-4.062965841565573 -3.2401071385867484
-3.240107138586748 -4.062965841565574
-2.254775934170026 -4.682090471780435
-1.1563808492896612 -5.066435535033045
-9.546235137292087e-16 -5.196728364966698
1.1563808492896548 -5.066435535033046
2.2547759341700244 -4.682090471780436
3.240107138586746 -4.062965841565575
4.062965841565574 -3.240107138586748
4.682090471780437 -2.254775934170022
5.066435535033044 -1.1563808492896617
4.962429618775834 0.0
4.8380111475823675 1.104244473462476
4.470994595673897 2.1531175181021776
3.8797837054907705 3.0940242597484553
3.0940242597484557 3.8797837054907705
2.153117518102178 4.470994595673897
1.1042444734624761 4.8380111475823675
3.038611774313923e-16 4.962429618775834
-1.1042444734624757 4.8380111475823675
-2.153117518102177 4.470994595673897
-3.0940242597484553 3.879783705490771
-3.8797837054907687 3.0940242597484575
-4.470994595673896 2.153117518102178
-4.8380111475823675 1.1042444734624743
-4.962429618775834 6.077223548627846e-16
-4.8380111475823675 -1.104244473462473
-4.470994595673897 -2.153117518102177
-3.8797837054907696 -3.094024259748457
-3.094024259748456 -3.87978370549077
-2.1531175181021784 -4.470994595673896
-1.1042444734624768 -4.8380111475823675
-9.115835322941768e-16 -4.962429618775834
1.1042444734624706 -4.838011147582368
2.1531175181021767 -4.470994595673897
3.094024259748455 -3.879783705490771
3.87978370549077 -3.094024259748456
4.470994595673898 -2.1531175181021744
4.838011147582367 -1.104244473462477
4.789276789014603 0.0
4.669199620774875 1.065714344066828
4.31498928666982 2.0779893208865885
3.744407371905013 2.9860652362293463
2.9860652362293467 3.744407371905013
2.077989320886589 4.31498928666982
1.0657143440668282 4.669199620774875
2.9325862449487235e-16 4.789276789014603
-1.0657143440668277 4.669199620774875
-2.077989320886588 4.31498928666982
-2.9860652362293463 3.7444073719050133
-3.744407371905011 2.9860652362293485
-4.314989286669819 2.077989320886589
-4.669199620774876 1.0657143440668264
-4.789276789014603 5.865172489897447e-16
-4.669199620774876 -1.0657143440668253
-4.31498928666982 -2.077989320886588
-3.7444073719050115 -2.9860652362293476
-2.986065236229347 -3.7444073719050124
-2.0779893208865894 -4.314989286669819
-1.0657143440668289 -4.669199620774875
-8.797758734846171e-16 -4.789276789014603
1.0657143440668229 -4.669199620774876
2.0779893208865876 -4.314989286669821
2.986065236229346 -3.7444073719050133
3.7444073719050124 -2.986065236229347
4.314989286669821 -2.0779893208865854
4.669199620774875 -1.065714344066829
1.0 0.5 0.4 0.32000000000000006 0.25600000000000006 0.20480000000000007 0.16384000000000007 0.13107200000000005 0.10485760000000005 0.08388608000000004 0.06710886400000003 0.05368709120000003 