0.0 0.0
2.0911955541820344 0.0
2.0510138179864152 0.40797201406406886
1.9320127709873791 0.800265892420997
1.7387655566845424 1.161806001326469
1.4786985571492768 1.4786985571492766
1.1618060013264693 1.7387655566845424
0.8002658924209971 1.9320127709873791
0.407972014064069 2.0510138179864152
1.2804879709101018e-16 2.0911955541820344
-0.40797201406406874 2.0510138179864152
-0.8002658924209969 1.9320127709873791
-1.1618060013264686 1.7387655566845428
-1.4786985571492766 1.4786985571492768
-1.7387655566845426 1.161806001326469
-1.9320127709873791 0.8002658924209972
-2.0510138179864152 0.40797201406406963
-2.0911955541820344 2.5609759418202036e-16
-2.0510138179864152 -0.4079720140640691
-1.9320127709873793 -0.8002658924209968
-1.7387655566845428 -1.1618060013264686
-1.4786985571492772 -1.4786985571492766
-1.161806001326469 -1.7387655566845424
-0.8002658924209982 -1.9320127709873787
-0.40797201406406974 -2.0510138179864152
-3.8414639127303055e-16 -2.0911955541820344
0.40797201406406897 -2.0510138179864152
0.8002658924209974 -1.932012770987379
1.1618060013264682 -1.7387655566845428
1.4786985571492763 -1.4786985571492772
1.7387655566845424 -1.161806001326469
1.9320127709873787 -0.8002658924209983
2.0510138179864152 -0.40797201406406985
1.0 0.5 