0.0 0.0
2.3081001851022753 0.0
2.300615727406616 0.18572490214961995
2.278210893899816 0.3702453070402894
2.2410309885246105 0.552364529039986
2.18931713723446 0.7309014551091448
2.1234047241992204 0.9046982047719506
2.043721216710099 1.0726276394155387
1.9507833928902405 1.2336006722164181
1.8451939901902956 1.386573331286439
1.727637796404761 1.5305535302310922
1.5988772085603604 1.6646075022104723
1.4597472884787686 1.7878658557755502
1.3111503470802581 1.8995292132053343
1.1540500925511374 1.9988733947781356
0.989465380326358 2.0852541153549544
0.8184636054210482 2.15811116281584
0.6421537799642502 2.2169720312504584
0.46167934082969925 2.261454985340237
0.2782107340089248 2.2912715360583897
0.09293782381985845 2.3062283116319566
-0.09293782381985818 2.3062283116319566
-0.27821073400892504 2.2912715360583897
-0.46167934082969847 2.2614549853402375
-0.6421537799642494 2.2169720312504584
-0.8184636054210476 2.15811116281584
-0.9894653803263581 2.0852541153549544
-1.154050092551138 1.9988733947781352
-1.3111503470802577 1.8995292132053345
-1.4597472884787681 1.7878658557755505
-1.5988772085603604 1.6646075022104723
-1.7276377964047605 1.530553530231093
-1.845193990190295 1.3865733312864397
-1.9507833928902403 1.2336006722164186
-2.0437212167100984 1.072627639415539
-2.1234047241992204 0.9046982047719507
-2.18931713723446 0.7309014551091448
-2.2410309885246105 0.5523645290399859
-2.278210893899816 0.37024530704028913
-2.3006157274066155 0.18572490214962042
-2.3081001851022753 2.826607503796915e-16
-2.300615727406616 -0.18572490214961984
-2.2782108938998165 -0.3702453070402885
-2.2410309885246105 -0.5523645290399863
-2.18931713723446 -0.7309014551091443
-2.123404724199221 -0.9046982047719493
-2.043721216710099 -1.0726276394155385
-1.9507833928902412 -1.2336006722164172
-1.8451939901902956 -1.3865733312864392
-1.7276377964047616 -1.5305535302310918
-1.5988772085603609 -1.6646075022104718
-1.459747288478768 -1.7878658557755507
-1.3111503470802581 -1.8995292132053343
-1.1540500925511368 -1.9988733947781359
-0.9894653803263578 -2.0852541153549544
-0.8184636054210486 -2.15811116281584
-0.6421537799642494 -2.2169720312504584
-0.4616793408296995 -2.261454985340237
-0.2782107340089261 -2.2912715360583897
-0.09293782381985823 -2.3062283116319566
0.09293782381985738 -2.306228311631957
0.2782107340089232 -2.29127153605839
0.4616793408296987 -2.2614549853402375
0.6421537799642486 -2.216972031250459
0.8184636054210478 -2.15811116281584
0.989465380326357 -2.085254115354955
1.154050092551136 -1.9988733947781365
1.3111503470802575 -1.899529213205335
1.459747288478767 -1.7878658557755516
1.59887720856036 -1.6646075022104727
1.7276377964047602 -1.530553530231093
1.8451939901902956 -1.3865733312864392
1.9507833928902403 -1.2336006722164188
2.0437212167100993 -1.0726276394155383
2.12340472419922 -0.9046982047719511
2.18931713723446 -0.7309014551091442
2.2410309885246105 -0.5523645290399861
2.278210893899816 -0.3702453070402904
2.300615727406616 -0.1857249021496197
3.4750378364529566 0.0
3.463769359527378 0.27962437086016423
3.430037009147575 0.5574352703745986
3.3740595525499293 0.8316309882551367
3.296200025020794 1.1004332600537672
3.1969633754733553 1.3620987998899554
3.076993191660164 1.6149306063285325
2.9370675262595975 1.8572889680851958
2.7780938509056754 2.0876020981833965
2.601103170886287 2.3043763275960263
2.4072433386782714 2.5062057922622265
2.1977716096836377 2.6917815506552976
1.9740464884458329 2.859900072770782
1.7375189182264779 3.009471045480374
1.4897228710815458 3.139524443630946
1.2322653994639385 3.249216821029896
0.9668162138716585 3.3378367805173634
0.6950968541345072 3.4048095876497935
0.41886952456767945 3.449700898073352
0.13992566540056667 3.4722195744137285
-0.13992566540056625 3.4722195744137285
-0.4188695245676798 3.449700898073352
-0.695096854134506 3.404809587649794
-0.9668162138716573 3.3378367805173634
-1.2322653994639374 3.2492168210298966
-1.489722871081546 3.139524443630946
-1.737518918226479 3.0094710454803733
-1.974046488445832 2.859900072770782
-2.197771609683637 2.691781550655298
-2.4072433386782714 2.5062057922622265
-2.601103170886286 2.3043763275960276
-2.778093850905675 2.0876020981833974
-2.937067526259597 1.8572889680851965
-3.0769931916601636 1.614930606328533
-3.1969633754733553 1.3620987998899556
-3.296200025020794 1.1004332600537672
-3.3740595525499293 0.8316309882551366
-3.430037009147575 0.5574352703745982
-3.4637693595273777 0.27962437086016495
-3.4750378364529566 4.255693963328057e-16
-3.463769359527378 -0.2796243708601641
-3.4300370091475756 -0.5574352703745973
-3.3740595525499293 -0.8316309882551373
-3.296200025020794 -1.1004332600537665
-3.196963375473356 -1.3620987998899534
-3.076993191660164 -1.6149306063285322
-2.937067526259599 -1.8572889680851945
-2.7780938509056754 -2.0876020981833965
-2.6011031708862875 -2.3043763275960254
-2.407243338678272 -2.506205792262226
-2.197771609683637 -2.6917815506552984
-1.9740464884458329 -2.859900072770782
-1.737518918226477 -3.0094710454803746
-1.4897228710815453 -3.1395244436309464
-1.232265399463939 -3.249216821029896
-0.9668162138716573 -3.3378367805173634
-0.6950968541345075 -3.4048095876497935
-0.41886952456768145 -3.449700898073352
-0.13992566540056633 -3.4722195744137285
0.13992566540056506 -3.472219574413729
0.4188695245676771 -3.4497008980733526
0.6950968541345063 -3.404809587649794
0.9668162138716562 -3.337836780517364
1.2322653994639379 -3.2492168210298966
1.4897228710815442 -3.139524443630947
1.737518918226476 -3.009471045480375
1.9740464884458317 -2.8599000727707824
2.1977716096836355 -2.6917815506552993
2.407243338678271 -2.506205792262227
2.6011031708862857 -2.3043763275960276
2.7780938509056754 -2.0876020981833965
2.937067526259597 -1.857288968085197
3.0769931916601645 -1.614930606328532
3.196963375473355 -1.362098799889956
3.296200025020794 -1.1004332600537663
3.3740595525499293 -0.8316309882551369
3.430037009147575 -0.5574352703746001
3.463769359527378 -0.27962437086016384
4.272211225750304 0.0
4.258357761159627 0.3437701781692045
4.216887212421478 0.6853108748175081
4.148068531957982 1.0224070674671955
4.052348035319847 1.3528725579544785
3.9303465066587484 1.6745641507635027
3.7828551727038926 1.9853955524716778
3.6108305713530595 2.283350902163102
3.415388348157282 2.5664978450601486
3.197796020931337 2.8330000645857076
2.9594647594143324 3.081129191580837
2.7019402332924387 3.309276013441991
2.426892587937848 3.515960910482262
2.1361056128751517 3.699843451832819
1.83146517322178 3.859731088651466
1.51494697912904 3.9945868882594997
1.1886037725436496 4.103536259048032
0.8545520143885099 4.185872622540186
0.514958158501466 4.241061995823651
0.17202460135083322 4.26874645463478
-0.17202460135083272 4.26874645463478
-0.5149581585014664 4.241061995823651
-0.8545520143885085 4.185872622540186
-1.1886037725436482 4.103536259048033
-1.5149469791290386 3.9945868882595
-1.8314651732217802 3.859731088651466
-2.136105612875153 3.6998434518328183
-2.426892587937847 3.5159609104822622
-2.701940233292438 3.3092760134419916
-2.9594647594143324 3.081129191580837
-3.197796020931336 2.833000064585709
-3.4153883481572813 2.56649784506015
-3.610830571353059 2.283350902163103
-3.782855172703892 1.9853955524716784
-3.9303465066587484 1.674564150763503
-4.052348035319847 1.3528725579544785
-4.148068531957982 1.022407067467195
-4.216887212421478 0.6853108748175075
-4.258357761159627 0.3437701781692054
-4.272211225750304 5.2319498028965e-16
-4.258357761159627 -0.34377017816920435
-4.216887212421478 -0.6853108748175064
-4.148068531957982 -1.022407067467196
-4.052348035319847 -1.3528725579544776
-3.9303465066587493 -1.6745641507635
-3.7828551727038926 -1.9853955524716775
-3.6108305713530613 -2.2833509021631
-3.415388348157282 -2.566497845060149
-3.197796020931338 -2.8330000645857067
-2.9594647594143337 -3.0811291915808363
-2.7019402332924374 -3.3092760134419925
-2.426892587937848 -3.515960910482262
-2.1361056128751503 -3.6998434518328196
-1.8314651732217795 -3.8597310886514666
-1.5149469791290404 -3.9945868882594997
-1.1886037725436482 -4.103536259048033
-0.8545520143885104 -4.185872622540186
-0.5149581585014684 -4.241061995823651
-0.1720246013508328 -4.26874645463478
0.17202460135083122 -4.268746454634781
0.5149581585014631 -4.241061995823652
0.8545520143885088 -4.185872622540186
1.1886037725436467 -4.103536259048033
1.514946979129039 -3.9945868882595
1.831465173221778 -3.859731088651467
2.1361056128751494 -3.6998434518328205
2.4268925879378465 -3.5159609104822627
2.701940233292436 -3.309276013441994
2.959464759414332 -3.0811291915808376
3.1977960209313356 -2.833000064585709
3.415388348157282 -2.566497845060149
3.610830571353059 -2.2833509021631033
3.782855172703893 -1.9853955524716773
3.930346506658748 -1.6745641507635034
4.052348035319847 -1.3528725579544774
4.148068531957982 -1.0224070674671957
4.216887212421478 -0.6853108748175099
4.258357761159627 -0.3437701781692041
4.870418892525589 0.0
4.854625624799807 0.3919058964946503
4.807348247024035 0.7812701328638638
4.728893371134975 1.1655675326234327
4.619769807108379 1.5423057796688677
4.480685263131119 1.9090415819017166
4.312541755842016 2.26339651691639
4.116429760407817 2.603072456982139
3.893621138373277 2.925866473283252
3.6455608891509943 3.2296851227577585
3.373857778645728 3.512558024879006
3.0802739057901682 3.7726506403294713
2.7667132746571856 4.00827616869221
2.4352094462627942 4.217906487998833
2.0879123501426218 4.40018206518686
1.727074341233869 4.553920773193335
1.3550355924892479 4.6781255575024385
0.9742089179573851 4.7719909024266265
0.5870641247578413 4.834908055184969
0.19611199543419988 4.866468973898529
-0.1961119954341993 4.866468973898529
-0.5870641247578419 4.834908055184969
-0.9742089179573835 4.7719909024266265
-1.3550355924892463 4.6781255575024385
-1.7270743412338672 4.553920773193336
-2.0879123501426218 4.40018206518686
-2.4352094462627956 4.217906487998831
-2.7667132746571848 4.008276168692211
-3.0802739057901674 3.7726506403294717
-3.373857778645728 3.512558024879006
-3.6455608891509934 3.2296851227577603
-3.893621138373276 2.9258664732832536
-4.116429760407816 2.6030724569821397
-4.312541755842016 2.2633965169163908
-4.480685263131119 1.909041581901717
-4.619769807108379 1.5423057796688677
-4.728893371134975 1.1655675326234325
-4.807348247024035 0.781270132863863
-4.854625624799806 0.3919058964946513
-4.870418892525589 5.96454290723826e-16
-4.854625624799807 -0.3919058964946501
-4.807348247024036 -0.7812701328638618
-4.728893371134975 -1.1655675326234334
-4.61976980710838 -1.5423057796688666
-4.48068526313112 -1.9090415819017137
-4.312541755842016 -2.26339651691639
-4.116429760407819 -2.603072456982137
-3.893621138373277 -2.9258664732832522
-3.6455608891509956 -3.2296851227577577
-3.373857778645729 -3.512558024879005
-3.080273905790167 -3.7726506403294726
-2.7667132746571856 -4.00827616869221
-2.435209446262793 -4.217906487998833
-2.087912350142621 -4.40018206518686
-1.7270743412338694 -4.553920773193335
-1.3550355924892463 -4.6781255575024385
-0.9742089179573856 -4.7719909024266265
-0.5870641247578441 -4.834908055184969
-0.1961119954341994 -4.866468973898529
0.19611199543419763 -4.866468973898529
0.5870641247578381 -4.834908055184969
0.9742089179573838 -4.7719909024266265
1.3550355924892445 -4.678125557502439
1.7270743412338678 -4.553920773193336
2.0879123501426196 -4.400182065186861
2.4352094462627916 -4.2179064879988335
2.7667132746571843 -4.008276168692211
3.080273905790165 -3.772650640329474
3.373857778645727 -3.5125580248790067
3.645560889150993 -3.2296851227577603
3.893621138373277 -2.9258664732832522
4.116429760407816 -2.6030724569821406
4.312541755842017 -2.2633965169163894
4.480685263131118 -1.9090415819017175
4.61976980710838 -1.5423057796688664
4.728893371134975 -1.165567532623433
4.807348247024035 -0.7812701328638658
4.854625624799807 -0.39190589649464974
5.339442934028316 0.0
5.3221287658582925 0.4296466517600259
5.2702985503727975 0.8565068801143995
5.184288426408145 1.2778123326824928
5.064656202623046 1.690830681936195
4.9121777398954105 2.0928833453924116
4.727841919566827 2.481362857248325
4.512844230167603 2.8537497787976935
4.268579014214895 3.2076290379576475
3.9966304253664338 3.5407055919378876
3.6987621545761638 3.850819311473859
3.376905991881622 4.135958990093943
3.0331492980042554 4.394275387565191
2.6697214670141576 4.624093222925841
2.288979467854038 4.8239220393252165
1.8933925584911768 4.992465870208343
1.4855262718319815 5.128631644156352
1.0680257772566122 5.231536273874083
0.6435987256805149 5.30051238335006
0.21499768939922456 5.335112636046019
-0.21499768939922392 5.335112636046019
-0.6435987256805153 5.30051238335006
-1.0680257772566104 5.231536273874084
-1.4855262718319797 5.128631644156353
-1.893392558491175 4.992465870208344
-2.288979467854038 4.8239220393252165
-2.6697214670141594 4.624093222925839
-3.033149298004254 4.394275387565191
-3.376905991881621 4.135958990093944
-3.6987621545761638 3.850819311473859
-3.996630425366433 3.5407055919378894
-4.268579014214894 3.2076290379576493
-4.512844230167602 2.853749778797695
-4.727841919566826 2.481362857248326
-4.9121777398954105 2.092883345392412
-5.064656202623046 1.690830681936195
-5.184288426408145 1.2778123326824924
-5.2702985503727975 0.8565068801143987
-5.3221287658582925 0.42964665176002703
-5.339442934028316 6.53893169838773e-16
-5.3221287658582925 -0.4296466517600257
-5.2702985503727975 -0.8565068801143974
-5.184288426408145 -1.2778123326824935
-5.064656202623047 -1.6908306819361936
-4.912177739895411 -2.0928833453924085
-4.727841919566827 -2.481362857248325
-4.512844230167604 -2.8537497787976918
-4.268579014214895 -3.207629037957648
-3.996630425366435 -3.5407055919378867
-3.698762154576165 -3.8508193114738583
-3.37690599188162 -4.135958990093944
-3.0331492980042554 -4.394275387565191
-2.669721467014156 -4.624093222925841
-2.288979467854037 -4.823922039325217
-1.8933925584911775 -4.992465870208343
-1.4855262718319797 -5.128631644156353
-1.0680257772566129 -5.231536273874083
-0.6435987256805179 -5.30051238335006
-0.21499768939922403 -5.335112636046019
0.2149976893992221 -5.33511263604602
0.6435987256805112 -5.3005123833500605
1.0680257772566109 -5.231536273874084
1.485526271831978 -5.128631644156353
1.8933925584911757 -4.992465870208344
2.2889794678540354 -4.823922039325217
2.6697214670141545 -4.6240932229258425
3.0331492980042536 -4.394275387565192
3.3769059918816184 -4.135958990093946
3.6987621545761633 -3.85081931147386
3.996630425366432 -3.5407055919378894
4.268579014214895 -3.207629037957648
4.512844230167602 -2.8537497787976953
4.727841919566828 -2.4813628572483246
4.91217773989541 -2.0928833453924125
5.064656202623047 -1.6908306819361933
5.184288426408145 -1.277812332682493
5.2702985503727975 -0.8565068801144017
5.3221287658582925 -0.4296466517600253
5.718107615694427 0.0
5.699565554641303 0.46011649938790916
5.644059623863034 0.9172489667160563
5.551949800620096 1.3684327225176547
5.423833452461667 1.8107416670028753
5.260541463067844 2.2413072569388217
5.0631328436501395 2.657337109253144
4.832887864857397 3.0561331107097924
4.571299753729358 3.4351089162087005
4.280065009546306 3.7918067222262235
3.9610724013802385 4.123913206614125
3.61639071870265 4.4292745313814015
3.2482553544909485 4.7059103111601575
2.859053807847213 4.95202645676464
2.4513102001503553 5.1660268105480665
2.027668905160386 5.346523498097459
1.590877399239858 5.492345929131779
1.1437684429153612 5.602548389229099
0.6892417093384865 5.676416173147523
0.23024497879274297 5.713470219962937
-0.2302449787927423 5.713470219962937
-0.689241709338487 5.676416173147523
-1.1437684429153592 5.602548389229099
-1.590877399239856 5.49234592913178
-2.027668905160384 5.346523498097459
-2.4513102001503553 5.1660268105480665
-2.8590538078472147 4.952026456764639
-3.248255354490947 4.7059103111601575
-3.6163907187026485 4.429274531381402
-3.9610724013802385 4.123913206614125
-4.2800650095463055 3.7918067222262257
-4.571299753729357 3.4351089162087023
-4.832887864857396 3.0561331107097938
-5.063132843650139 2.657337109253145
-5.260541463067844 2.2413072569388217
-5.423833452461667 1.8107416670028753
-5.551949800620096 1.3684327225176545
-5.644059623863034 0.9172489667160555
-5.699565554641302 0.4601164993879103
-5.718107615694427 7.002662188740284e-16
-5.699565554641303 -0.4601164993879089
-5.6440596238630345 -0.917248966716054
-5.551949800620096 -1.3684327225176556
-5.423833452461667 -1.810741667002874
-5.260541463067846 -2.241307256938818
-5.0631328436501395 -2.657337109253144
-4.8328878648573985 -3.0561331107097907
-4.571299753729358 -3.435108916208701
-4.280065009546307 -3.791806722226222
-3.96107240138024 -4.123913206614124
-3.6163907187026476 -4.429274531381403
-3.2482553544909485 -4.7059103111601575
-2.859053807847211 -4.95202645676464
-2.4513102001503544 -5.166026810548067
-2.0276689051603864 -5.346523498097459
-1.590877399239856 -5.49234592913178
-1.1437684429153618 -5.602548389229099
-0.6892417093384898 -5.676416173147523
-0.23024497879274242 -5.713470219962937
0.2302449787927403 -5.713470219962938
0.6892417093384826 -5.676416173147523
1.1437684429153596 -5.602548389229099
1.590877399239854 -5.492345929131781
2.0276689051603847 -5.346523498097459
2.4513102001503526 -5.166026810548067
2.8590538078472094 -4.952026456764642
3.2482553544909467 -4.705910311160158
3.616390718702646 -4.429274531381405
3.961072401380238 -4.123913206614126
4.280065009546305 -3.7918067222262257
4.571299753729358 -3.435108916208701
4.832887864857396 -3.056133110709794
5.06313284365014 -2.6573371092531435
5.260541463067844 -2.2413072569388226
5.423833452461667 -1.8107416670028738
5.551949800620096 -1.368432722517655
5.644059623863034 -0.9172489667160587
5.699565554641303 -0.4601164993879085
6.031296675089477 0.0
6.011739038420998 0.4853177483570477
5.953192967194239 0.9674880248842535
5.856038155147082 1.4433837703143764
5.720904688517021 1.909918618122076
5.548668959690134 2.3640669107951653
5.340447983460147 2.802883322384616
5.09759215275888 3.223521960073557
4.82167648083988 3.6232548208842457
4.514490386713098 3.9994894838242034
4.178026090075954 4.349785922731142
3.814465691004115 4.671872330778943
3.4261670181951667 4.963659854016694
3.0156483375447376 5.223256138388107
2.5855720202258325 5.448977602373741
2.1387272761901257 5.6393603556631975
1.6780120650711279 5.7931696930455185
1.2064143018039228 5.90940810194628
0.7269924788502531 5.987321731679411
0.24285583070126815 6.026405282458173
-0.24285583070126743 6.026405282458173
-0.7269924788502536 5.987321731679411
-1.2064143018039208 5.909408101946281
-1.6780120650711259 5.793169693045519
-2.1387272761901235 5.639360355663198
-2.5855720202258325 5.448977602373741
-3.01564833754474 5.2232561383881055
-3.4261670181951653 4.9636598540166945
-3.8144656910041137 4.671872330778944
-4.178026090075954 4.349785922731142
-4.514490386713097 3.9994894838242057
-4.821676480839879 3.623254820884248
-5.097592152758879 3.2235219600735583
-5.340447983460147 2.802883322384617
-5.548668959690134 2.3640669107951653
-5.720904688517021 1.909918618122076
-5.856038155147082 1.4433837703143761
-5.953192967194239 0.9674880248842526
-6.011739038420997 0.48531774835704894
-6.031296675089477 7.386208167856402e-16
-6.011739038420998 -0.48531774835704744
-5.95319296719424 -0.9674880248842511
-5.856038155147082 -1.4433837703143773
-5.720904688517022 -1.9099186181220746
-5.548668959690135 -2.3640669107951613
-5.340447983460147 -2.8028833223846155
-5.097592152758882 -3.2235219600735547
-4.82167648083988 -3.6232548208842466
-4.5144903867131 -3.999489483824202
-4.178026090075956 -4.349785922731141
-3.8144656910041133 -4.671872330778945
-3.4261670181951667 -4.963659854016694
-3.0156483375447363 -5.223256138388107
-2.5855720202258317 -5.448977602373742
-2.138727276190126 -5.6393603556631975
-1.6780120650711259 -5.793169693045519
-1.2064143018039235 -5.90940810194628
-0.7269924788502565 -5.987321731679411
-0.24285583070126757 -6.026405282458173
0.24285583070126535 -6.026405282458174
0.726992478850249 -5.987321731679412
1.2064143018039213 -5.909408101946281
1.6780120650711239 -5.793169693045519
2.1387272761901244 -5.639360355663198
2.58557202022583 -5.448977602373742
3.0156483375447345 -5.223256138388109
3.4261670181951644 -4.9636598540166945
3.814465691004111 -4.671872330778947
4.178026090075954 -4.349785922731143
4.5144903867130965 -3.9994894838242057
4.82167648083988 -3.6232548208842466
5.097592152758879 -3.2235219600735587
5.340447983460148 -2.8028833223846155
5.548668959690133 -2.364066910795166
5.720904688517022 -1.9099186181220744
5.856038155147082 -1.4433837703143768
5.953192967194239 -0.967488024884256
6.011739038420998 -0.48531774835704705
6.295371176170928 0.0
6.27495722726583 0.5065669173446533
6.21384777284266 1.009848553844603
6.112439131162984 1.5065809349620893
5.971388976181788 1.9935425605936639
5.791612072279528 2.467575297734552
5.574274341664084 2.9256048621830635
5.320785302917846 3.3646607564533415
5.032788929728836 3.781895534591431
4.712152989090486 4.1746032689549475
4.360956928115972 4.540237099192182
3.981478388025735 4.8764257496087975
3.576178432770157 5.180988907800645
3.147685588085463 5.4519513648163445
2.698778794495673 5.687555825145298
2.2323693848169275 5.886274303453401
1.7514822030470119 6.0468180341542705
1.2592359870913028 6.168145829548611
0.7588231425506918 6.249470832325984
0.25348903874623757 6.290265618636405
-0.25348903874623685 6.290265618636405
-0.7588231425506925 6.249470832325984
-1.2592359870913008 6.168145829548612
-1.7514822030470096 6.046818034154271
-2.2323693848169253 5.886274303453401
-2.6987787944956736 5.687555825145298
-3.1476855880854653 5.451951364816344
-3.576178432770156 5.1809889078006455
-3.981478388025734 4.876425749608798
-4.360956928115972 4.540237099192182
-4.712152989090485 4.174603268954949
-5.032788929728834 3.7818955345914333
-5.320785302917845 3.364660756453343
-5.574274341664083 2.9256048621830644
-5.791612072279528 2.4675752977345526
-5.971388976181788 1.9935425605936639
-6.112439131162984 1.506580934962089
-6.21384777284266 1.009848553844602
-6.274957227265829 0.5065669173446546
-6.295371176170928 7.709606160342235e-16
-6.27495722726583 -0.5065669173446531
-6.213847772842661 -1.0098485538446005
-6.112439131162984 -1.5065809349620902
-5.971388976181789 -1.9935425605936625
-5.79161207227953 -2.467575297734548
-5.574274341664084 -2.925604862183063
-5.320785302917848 -3.3646607564533393
-5.032788929728836 -3.781895534591432
-4.712152989090487 -4.174603268954946
-4.360956928115973 -4.54023709919218
-3.981478388025733 -4.876425749608799
-3.576178432770157 -5.180988907800645
-3.1476855880854613 -5.451951364816345
-2.6987787944956727 -5.6875558251452984
-2.2323693848169284 -5.886274303453401
-1.7514822030470096 -6.046818034154271
-1.2592359870913035 -6.168145829548611
-0.7588231425506954 -6.249470832325984
-0.25348903874623696 -6.290265618636405
0.25348903874623463 -6.290265618636406
0.7588231425506876 -6.249470832325985
1.2592359870913012 -6.168145829548612
1.7514822030470076 -6.046818034154271
2.232369384816926 -5.886274303453401
2.6987787944956705 -5.687555825145299
3.14768558808546 -5.451951364816347
3.5761784327701553 -5.180988907800646
3.981478388025731 -4.876425749608801
4.3609569281159715 -4.540237099192182
4.712152989090484 -4.174603268954949
5.032788929728836 -3.781895534591432
5.320785302917845 -3.3646607564533433
5.574274341664084 -2.9256048621830626
5.791612072279528 -2.467575297734553
5.971388976181789 -1.993542560593662
6.112439131162984 -1.5065809349620896
6.21384777284266 -1.0098485538446056
6.27495722726583 -0.5065669173446526
6.521470191318876 0.0
6.500323072976495 0.5247603292838398
6.437018865126617 1.0461173864651634
6.331968119848972 1.560689970966983
6.185852131537977 2.0651408821210535
5.9996185184471456 2.5561985621947954
5.774475077021091 3.03067831369859
5.511881948872108 3.4855029533710717
5.213542151201522 3.9177227688933867
4.881390532079625 4.32453464890548
4.517581222213492 4.703300262258908
4.124473664582724 5.051563168606744
3.70461731254634 5.367064749361852
3.260735095659437 5.647758855705111
2.795705760430155 5.891825078645691
2.3125452005438945 6.097680555071908
1.8143868976354816 6.263990233225891
1.3044615994583515 6.389675531026533
0.7860763672456236 6.4739213310881825
0.2625931281489826 6.516181267069662
-0.26259312814898184 6.516181267069662
-0.7860763672456241 6.4739213310881825
-1.3044615994583495 6.389675531026534
-1.8143868976354793 6.263990233225892
-2.3125452005438922 6.097680555071909
-2.7957057604301556 5.891825078645691
-3.2607350956594394 5.647758855705109
-3.704617312546339 5.367064749361852
-4.124473664582723 5.051563168606745
-4.517581222213492 4.703300262258908
-4.8813905320796245 4.324534648905482
-5.21354215120152 3.917722768893389
-5.511881948872108 3.485502953371073
-5.77447507702109 3.030678313698591
-5.9996185184471456 2.5561985621947954
-6.185852131537977 2.0651408821210535
-6.331968119848972 1.5606899709669828
-6.437018865126617 1.0461173864651625
-6.500323072976494 0.5247603292838412
-6.521470191318876 7.986497595533539e-16
-6.500323072976495 -0.5247603292838395
-6.437018865126618 -1.046117386465161
-6.331968119848972 -1.560689970966984
-6.1858521315379775 -2.065140882121052
-5.999618518447147 -2.5561985621947914
-5.774475077021091 -3.0306783136985898
-5.5118819488721105 -3.4855029533710695
-5.213542151201522 -3.9177227688933876
-4.881390532079627 -4.324534648905479
-4.517581222213494 -4.703300262258907
-4.124473664582722 -5.051563168606746
-3.70461731254634 -5.367064749361852
-3.2607350956594354 -5.647758855705111
-2.7957057604301543 -5.891825078645692
-2.312545200543895 -6.097680555071908
-1.8143868976354793 -6.263990233225892
-1.3044615994583524 -6.389675531026533
-0.7860763672456272 -6.4739213310881825
-0.262593128148982 -6.516181267069662
0.2625931281489796 -6.516181267069663
0.7860763672456191 -6.473921331088183
1.30446159945835 -6.389675531026534
1.8143868976354773 -6.2639902332258925
2.3125452005438927 -6.097680555071909
2.795705760430152 -5.8918250786456925
3.2607350956594336 -5.647758855705113
3.704617312546338 -5.367064749361853
4.12447366458272 -5.051563168606748
4.517581222213491 -4.703300262258908
4.881390532079624 -4.324534648905482
5.213542151201522 -3.9177227688933876
5.511881948872108 -3.485502953371074
5.7744750770210915 -3.0306783136985893
5.999618518447145 -2.5561985621947962
6.1858521315379775 -2.0651408821210517
6.331968119848972 -1.5606899709669835
6.437018865126617 -1.0461173864651663
6.500323072976495 -0.5247603292838391
6.717546122390051 0.0
6.695763190220909 0.5405378866650745
6.630555664387393 1.0775701777136686
6.522346440716725 1.6076140126620828
6.371837297547703 2.1272318538461183
6.180004344428892 2.6330537801719216
5.948091691673626 3.1217993423474217
5.677603381827234 3.5902988378548053
5.370293635373977 4.035513867687654
5.028155473944056 4.454557041534437
4.653407794803565 4.844710703612657
4.248480980454247 5.203444557709454
3.816001136670363 5.528432077123505
3.358773061195025 5.817565593083435
2.879762053550546 6.06896996378858
2.3820746839331486 6.281014735423123
1.8689386459131612 6.452324716274739
1.3436818236036472 6.581788895380555
0.8097107090549145 6.668567647859576
0.2704883098463924 6.7120981802022275
-0.2704883098463916 6.7120981802022275
-0.8097107090549152 6.668567647859576
-1.343681823603645 6.581788895380556
-1.868938645913159 6.45232471627474
-2.3820746839331464 6.281014735423124
-2.879762053550546 6.06896996378858
-3.358773061195027 5.817565593083433
-3.8160011366703617 5.528432077123506
-4.248480980454246 5.203444557709455
-4.653407794803565 4.844710703612657
-5.028155473944055 4.454557041534439
-5.370293635373975 4.035513867687657
-5.677603381827233 3.5902988378548066
-5.948091691673626 3.121799342347423
-6.180004344428892 2.633053780171922
-6.371837297547703 2.1272318538461183
-6.522346440716725 1.6076140126620824
-6.630555664387393 1.0775701777136677
-6.695763190220908 0.540537886665076
-6.717546122390051 8.22662135690969e-16
-6.695763190220909 -0.5405378866650743
-6.630555664387394 -1.077570177713666
-6.522346440716725 -1.6076140126620837
-6.371837297547704 -2.127231853846117
-6.180004344428893 -2.6330537801719176
-5.948091691673626 -3.1217993423474217
-5.677603381827236 -3.590298837854803
-5.370293635373977 -4.035513867687655
-5.028155473944058 -4.454557041534436
-4.653407794803566 -4.844710703612655
-4.248480980454245 -5.203444557709456
-3.816001136670363 -5.528432077123505
-3.358773061195023 -5.817565593083436
-2.8797620535505453 -6.068969963788581
-2.382074683933149 -6.281014735423123
-1.868938645913159 -6.45232471627474
-1.343681823603648 -6.581788895380555
-0.8097107090549184 -6.668567647859576
-0.2704883098463917 -6.7120981802022275
0.2704883098463893 -6.712098180202228
0.8097107090549099 -6.668567647859577
1.3436818236036456 -6.581788895380556
1.8689386459131567 -6.452324716274741
2.382074683933147 -6.281014735423124
2.879762053550543 -6.0689699637885814
3.3587730611950213 -5.817565593083437
3.816001136670361 -5.528432077123507
4.248480980454243 -5.2034445577094575
4.653407794803564 -4.844710703612657
5.028155473944054 -4.454557041534439
5.370293635373977 -4.035513867687655
5.677603381827233 -3.5902988378548075
5.948091691673627 -3.1217993423474213
6.180004344428891 -2.6330537801719225
6.371837297547704 -2.1272318538461166
6.522346440716725 -1.6076140126620833
6.630555664387393 -1.0775701777136715
6.695763190220909 -0.5405378866650737
6.889124057526288 0.0
6.86678475098253 0.5543441743729884
6.799911710326487 1.105093214055802
6.688938632888112 1.6486753001862988
6.5345852216584674 2.18156509434631
6.337852517739656 2.7003066017340642
6.100016408209143 3.201535584616654
5.822619351502458 3.6820013807026966
5.507460373978357 4.1385879849346745
5.156583402542534 4.568334257977445
4.772264008997326 4.968453130343109
4.356994652085364 5.336349677606127
3.9134685129381843 5.669637949483977
3.4445620287631433 5.966156443640295
2.9533162380443465 6.223982123856965
2.4429170582411253 6.4414428916619295
1.9166746238907866 6.617128430529408
1.3780018191159342 6.749899352323755
0.8303921437612997 6.838894586668739
0.27739705670668524 6.883536965319351
-0.2773970567066844 6.883536965319351
-0.8303921437613003 6.838894586668739
-1.378001819115932 6.749899352323756
-1.9166746238907844 6.617128430529409
-2.442917058241123 6.4414428916619295
-2.953316238044347 6.223982123856965
-3.4445620287631455 5.966156443640293
-3.9134685129381825 5.6696379494839775
-4.356994652085362 5.336349677606128
-4.772264008997326 4.968453130343109
-5.156583402542532 4.5683342579774475
-5.507460373978355 4.138587984934676
-5.822619351502457 3.682001380702698
-6.100016408209142 3.201535584616655
-6.337852517739656 2.7003066017340647
-6.5345852216584674 2.18156509434631
-6.688938632888112 1.6486753001862984
-6.799911710326487 1.1050932140558012
-6.8667847509825295 0.5543441743729899
-6.889124057526288 8.436743725978595e-16
-6.86678475098253 -0.5543441743729882
-6.799911710326487 -1.1050932140557994
-6.688938632888112 -1.6486753001862997
-6.534585221658468 -2.181565094346308
-6.337852517739658 -2.70030660173406
-6.100016408209143 -3.2015355846166536
-5.8226193515024605 -3.682001380702694
-5.507460373978357 -4.138587984934675
-5.156583402542536 -4.568334257977444
-4.772264008997328 -4.968453130343107
-4.356994652085361 -5.336349677606129
-3.9134685129381843 -5.669637949483977
-3.4445620287631415 -5.966156443640296
-2.9533162380443456 -6.223982123856966
-2.442917058241126 -6.4414428916619295
-1.9166746238907844 -6.617128430529409
-1.378001819115935 -6.749899352323755
-0.8303921437613035 -6.838894586668739
-0.2773970567066846 -6.883536965319351
0.277397056706682 -6.883536965319351
0.830392143761295 -6.83889458666874
1.3780018191159324 -6.749899352323756
1.9166746238907821 -6.617128430529409
2.442917058241124 -6.4414428916619295
2.9533162380443434 -6.223982123856967
3.4445620287631398 -5.966156443640297
3.913468512938182 -5.669637949483978
4.356994652085359 -5.3363496776061305
4.772264008997325 -4.96845313034311
5.156583402542531 -4.5683342579774475
5.507460373978357 -4.138587984934675
5.822619351502457 -3.682001380702699
6.100016408209144 -3.201535584616653
6.337852517739655 -2.700306601734065
6.534585221658468 -2.1815650943463076
6.688938632888112 -1.6486753001862993
6.799911710326487 -1.105093214055805
6.86678475098253 -0.5543441743729877
7.130885188366024 0.0
7.107761924969828 0.5737978630207374
7.038542098017487 1.1438744267154246
6.923674624648623 1.7065325258121213
6.763904464506309 2.258123106628504
6.560267788387925 2.7950688925852534
6.314085258279921 3.3138875842173845
6.026953462358058 3.811214443222547
5.700734560500431 4.283824114080072
5.337544207466076 4.728651541719191
4.939737832062032 5.142811849577335
4.509895361283664 5.523619049131651
4.0508044884980965 5.868603459565285
3.5654425941830112 6.17552772459516
3.056957436471732 6.442401322586022
2.5286467367338257 6.667493475847076
1.9839367925865916 6.849344375389456
1.4263602570402334 6.986774648347696
0.8595332278874942 7.078893006665325
0.28713179592186255 7.125102027439932
-0.2871317959218617 7.125102027439932
-0.859533227887495 7.078893006665325
-1.4263602570402312 6.986774648347696
-1.9839367925865894 6.849344375389457
-2.528646736733823 6.667493475847077
-3.0569574364717322 6.442401322586022
-3.565442594183014 6.175527724595158
-4.050804488498095 5.868603459565286
-4.509895361283662 5.523619049131652
-4.939737832062032 5.142811849577335
-5.337544207466074 4.728651541719194
-5.700734560500429 4.283824114080074
-6.026953462358058 3.8112144432225485
-6.3140852582799205 3.313887584217386
-6.560267788387925 2.795068892585254
-6.763904464506309 2.258123106628504
-6.923674624648623 1.706532525812121
-7.038542098017487 1.1438744267154237
-7.107761924969827 0.5737978630207389
-7.130885188366024 8.732815721019722e-16
-7.107761924969828 -0.5737978630207371
-7.038542098017488 -1.143874426715422
-6.923674624648623 -1.7065325258121224
-6.76390446450631 -2.2581231066285024
-6.560267788387926 -2.795068892585249
-6.314085258279921 -3.313887584217384
-6.026953462358061 -3.811214443222545
-5.700734560500431 -4.283824114080073
-5.3375442074660775 -4.72865154171919
-4.9397378320620335 -5.142811849577333
-4.509895361283661 -5.523619049131653
-4.0508044884980965 -5.868603459565285
-3.5654425941830095 -6.1755277245951605
-3.056957436471731 -6.442401322586023
-2.5286467367338266 -6.667493475847076
-1.9839367925865894 -6.849344375389457
-1.4263602570402343 -6.986774648347696
-0.8595332278874983 -7.078893006665325
-0.28713179592186183 -7.125102027439932
0.2871317959218592 -7.125102027439933
0.8595332278874894 -7.078893006665326
1.4263602570402316 -6.986774648347696
1.983936792586587 -6.849344375389458
2.528646736733824 -6.667493475847077
3.0569574364717287 -6.442401322586023
3.5654425941830072 -6.175527724595161
4.050804488498095 -5.8686034595652865
4.509895361283659 -5.523619049131655
4.939737832062031 -5.142811849577336
5.337544207466074 -4.728651541719194
5.700734560500431 -4.283824114080073
6.026953462358058 -3.8112144432225494
6.314085258279921 -3.3138875842173836
6.560267788387924 -2.7950688925852547
6.76390446450631 -2.258123106628502
6.923674624648623 -1.7065325258121218
7.038542098017487 -1.1438744267154277
7.107761924969828 -0.5737978630207367
7.512495610689376 0.0
7.488134902280811 0.6045047442916381
7.415210765597116 1.2050890433489843
7.294196141647981 1.7978578775294898
7.125875856706848 2.3789669134793723
6.911341532411371 2.944647436110609
6.651984506178199 3.4912307901644546
6.349486807845936 4.015172172848576
6.005810251066188 4.513073623243413
5.623183710189218 4.9817060593826445
5.204088665158501 5.418030220088842
4.751243108161066 5.819216375748466
4.267583916405181 6.182662680194268
3.756247805344687 6.5060120446760905
3.2205509858756307 6.787167424485905
2.6639676574360522 7.02430541909745
2.090107476489481 7.215888097618332
1.5026921465176313 7.360672972862018
0.9055312813451828 7.457721059354022
0.3024976983322633 7.506402963013032
-0.3024976983322624 7.506402963013032
-0.9055312813451836 7.457721059354022
-1.5026921465176286 7.360672972862019
-2.0901074764894787 7.215888097618333
-2.6639676574360496 7.024305419097451
-3.220550985875631 6.787167424485905
-3.7562478053446897 6.506012044676089
-4.267583916405179 6.182662680194269
-4.751243108161065 5.819216375748467
-5.204088665158501 5.418030220088842
-5.623183710189216 4.981706059382647
-6.005810251066186 4.513073623243415
-6.349486807845935 4.015172172848578
-6.651984506178198 3.491230790164456
-6.911341532411371 2.9446474361106096
-7.125875856706848 2.3789669134793723
-7.294196141647981 1.7978578775294893
-7.415210765597116 1.2050890433489834
-7.48813490228081 0.6045047442916397
-7.512495610689376 9.200153703239285e-16
-7.488134902280811 -0.6045047442916379
-7.4152107655971164 -1.2050890433489814
-7.294196141647981 -1.7978578775294909
-7.125875856706849 -2.378966913479371
-6.911341532411373 -2.9446474361106048
-6.651984506178199 -3.491230790164454
-6.349486807845938 -4.015172172848573
-6.005810251066188 -4.513073623243414
-5.6231837101892195 -4.981706059382644
-5.204088665158502 -5.418030220088841
-4.751243108161064 -5.819216375748468
-4.267583916405181 -6.182662680194268
-3.756247805344685 -6.506012044676091
-3.22055098587563 -6.787167424485906
-2.6639676574360527 -7.02430541909745
-2.0901074764894787 -7.215888097618333
-1.502692146517632 -7.360672972862018
-0.9055312813451871 -7.457721059354022
-0.30249769833226253 -7.506402963013032
0.3024976983322598 -7.5064029630130324
0.9055312813451777 -7.457721059354023
1.5026921465176293 -7.360672972862019
2.090107476489476 -7.2158880976183335
2.6639676574360505 -7.024305419097451
3.220550985875627 -6.787167424485907
3.756247805344683 -6.506012044676092
4.2675839164051785 -6.182662680194269
4.751243108161061 -5.81921637574847
5.2040886651585 -5.418030220088843
5.623183710189215 -4.981706059382647
6.005810251066188 -4.513073623243414
6.349486807845935 -4.015172172848579
6.6519845061781995 -3.4912307901644537
6.91134153241137 -2.9446474361106105
7.125875856706849 -2.3789669134793705
7.294196141647981 -1.7978578775294902
7.415210765597116 -1.2050890433489874
7.488134902280811 -0.6045047442916374
7.356354960133487 0.0
7.3325005677423984 0.5919406419042085
7.261092095457471 1.1800423215993503
7.142592654623161 1.7604909740194157
6.977770759585253 2.3295221669169823
6.767695343580438 2.883445514650871
6.5137288262940745 3.4186686117531444
6.21751827804574 3.931720331057091
5.880984737906168 4.419273335288877
5.5063107550217065 4.878165656126577
5.095926233945605 5.30542120077808
4.652492675774541 5.698269053084877
4.178885917292712 6.054161443976631
3.6781774800667426 6.370790274731261
3.1536146504496876 6.64610208588084
2.608599419682933 6.878311374684227
2.0466664206775564 7.065912174797496
1.4714600045635466 7.2076878230435595
0.8867106056742695 7.302718849939748
0.2962105482483347 7.350388942810236
-0.29621054824833387 7.350388942810236
-0.8867106056742703 7.302718849939748
-1.4714600045635442 7.20768782304356
-2.046666420677554 7.0659121747974964
-2.6085994196829305 6.878311374684228
-3.153614650449688 6.64610208588084
-3.6781774800667453 6.37079027473126
-4.17888591729271 6.054161443976632
-4.652492675774539 5.698269053084878
-5.095926233945605 5.30542120077808
-5.506310755021705 4.878165656126579
-5.880984737906166 4.41927333528888
-6.217518278045739 3.9317203310570927
-6.5137288262940745 3.4186686117531457
-6.767695343580438 2.8834455146508713
-6.977770759585253 2.3295221669169823
-7.142592654623161 1.7604909740194155
-7.261092095457471 1.1800423215993492
-7.332500567742398 0.59194064190421
-7.356354960133487 9.00893655531923e-16
-7.3325005677423984 -0.5919406419042081
-7.261092095457472 -1.1800423215993474
-7.142592654623161 -1.7604909740194168
-6.977770759585254 -2.3295221669169806
-6.7676953435804394 -2.8834455146508664
-6.5137288262940745 -3.418668611753144
-6.217518278045743 -3.9317203310570883
-5.880984737906168 -4.419273335288878
-5.506310755021708 -4.878165656126575
-5.095926233945606 -5.3054212007780785
-4.652492675774538 -5.698269053084878
-4.178885917292712 -6.054161443976631
-3.678177480066741 -6.370790274731262
-3.1536146504496867 -6.64610208588084
-2.6085994196829336 -6.878311374684227
-2.046666420677554 -7.0659121747974964
-1.4714600045635473 -7.2076878230435595
-0.8867106056742737 -7.302718849939748
-0.29621054824833404 -7.350388942810236
0.2962105482483313 -7.350388942810237
0.8867106056742645 -7.302718849939749
1.4714600045635446 -7.20768782304356
2.0466664206775516 -7.065912174797497
2.6085994196829314 -6.878311374684228
3.153614650449684 -6.646102085880841
3.6781774800667386 -6.370790274731264
4.1788859172927095 -6.054161443976633
4.6524926757745355 -5.69826905308488
5.095926233945604 -5.305421200778081
5.506310755021705 -4.878165656126579
5.880984737906168 -4.419273335288878
6.217518278045739 -3.931720331057093
6.513728826294075 -3.4186686117531435
6.767695343580437 -2.8834455146508717
6.977770759585254 -2.3295221669169806
7.142592654623161 -1.7604909740194161
7.261092095457471 -1.1800423215993532
7.3325005677423984 -0.5919406419042077
7.013513009157251 0.0
6.990770347571845 0.5643533264970028
6.922689857703083 1.1250466051114787
6.8097130676524 1.6784435247758955
6.652572675256036 2.2209550941103546
6.452287796258414 2.749062917408901
6.210157354955464 3.2593420127857935
5.927751660172134 3.7484830244973097
5.606902221207077 4.213313685383647
5.249689869792044 4.6508193902387545
4.858431265099622 5.058162746681891
4.435663869319523 5.43270197673601
3.9841294912425806 5.772008049771685
3.5067565045786244 6.073880435702821
3.0066408563292644 6.3363613762686875
2.487025988383562 6.557748581847489
1.9512818025527794 6.736606271457785
1.4028828054639924 6.8717744843491095
0.8453855750513358 6.962376602792549
0.2824056947833305 7.007825037283103
-0.2824056947833297 7.007825037283103
-0.8453855750513365 6.962376602792549
-1.40288280546399 6.87177448434911
-1.951281802552777 6.736606271457786
-2.48702598838356 6.55774858184749
-3.006640856329265 6.3363613762686875
-3.506756504578627 6.07388043570282
-3.9841294912425793 5.772008049771686
-4.435663869319521 5.432701976736011
-4.858431265099622 5.058162746681891
-5.249689869792043 4.650819390238757
-5.606902221207076 4.21331368538365
-5.927751660172133 3.748483024497311
-6.210157354955463 3.259342012785795
-6.452287796258414 2.7490629174089016
-6.652572675256036 2.2209550941103546
-6.8097130676524 1.678443524775895
-6.922689857703083 1.1250466051114778
-6.990770347571844 0.5643533264970042
-7.013513009157251 8.589076257442748e-16
-6.990770347571845 -0.5643533264970025
-6.922689857703084 -1.125046605111476
-6.8097130676524 -1.6784435247758964
-6.652572675256037 -2.2209550941103533
-6.452287796258415 -2.749062917408897
-6.210157354955464 -3.259342012785793
-5.927751660172136 -3.7484830244973075
-5.606902221207077 -4.213313685383648
-5.2496898697920455 -4.650819390238753
-4.858431265099623 -5.058162746681889
-4.43566386931952 -5.432701976736012
-3.9841294912425806 -5.772008049771685
-3.5067565045786226 -6.073880435702822
-3.0066408563292635 -6.336361376268688
-2.487025988383563 -6.557748581847489
-1.951281802552777 -6.736606271457786
-1.402882805463993 -6.8717744843491095
-0.8453855750513398 -6.962376602792549
-0.28240569478332983 -7.007825037283103
0.2824056947833273 -7.007825037283104
0.845385575051331 -6.962376602792549
1.4028828054639906 -6.87177448434911
1.9512818025527747 -6.736606271457787
2.4870259883835604 -6.55774858184749
3.0066408563292613 -6.336361376268689
3.5067565045786204 -6.073880435702824
3.9841294912425784 -5.772008049771687
4.4356638693195185 -5.4327019767360145
4.858431265099621 -5.058162746681891
5.249689869792042 -4.650819390238757
5.606902221207077 -4.213313685383648
5.927751660172133 -3.748483024497312
6.210157354955465 -3.2593420127857926
6.452287796258413 -2.7490629174089025
6.652572675256037 -2.220955094110353
6.8097130676524 -1.6784435247758958
6.922689857703083 -1.1250466051114816
6.990770347571845 -0.564353326497002
7.249021978554635 0.0
7.2255156339498425 0.5833039251664227
7.1551490478003545 1.162824900546004
7.038378574419232 1.7348045102329086
6.87596151513487 2.2955332469716767
6.668951206901282 2.841374569735234
6.418690191003755 3.3687884880889047
6.1268015061634395 3.8743545203867895
5.795178162508432 4.3547938769077845
5.425970864676685 4.8069907240650975
5.021574063671136 5.228012391782703
4.5846104279261315 5.615128392986141
4.117913834296221 5.9658281318589745
3.6245109892773164 6.277837186020048
3.1076017996536223 6.549132057025397
2.5705386198742253 6.777953293532145
2.0168045107480967 6.962816902015612
1.4499906504581852 7.102523971036775
0.873773044392849 7.196168446643019
0.2918886848403157 7.243143008475695
-0.2918886848403148 7.243143008475695
-0.8737730443928496 7.196168446643019
-1.4499906504581828 7.102523971036775
-2.0168045107480945 6.9628169020156125
-2.570538619874223 6.777953293532146
-3.1076017996536227 6.549132057025397
-3.624510989277319 6.277837186020046
-4.117913834296219 5.965828131858975
-4.58461042792613 5.615128392986142
-5.021574063671136 5.228012391782703
-5.4259708646766835 4.8069907240651
-5.7951781625084315 4.354793876907787
-6.126801506163439 3.8743545203867913
-6.418690191003754 3.3687884880889056
-6.668951206901282 2.8413745697352346
-6.87596151513487 2.2955332469716767
-7.038378574419232 1.7348045102329082
-7.1551490478003545 1.1628249005460032
-7.225515633949842 0.5833039251664242
-7.249021978554635 8.877491562985746e-16
-7.2255156339498425 -0.5833039251664224
-7.155149047800355 -1.1628249005460014
-7.038378574419232 -1.7348045102329095
-6.875961515134871 -2.2955332469716754
-6.6689512069012835 -2.8413745697352297
-6.418690191003755 -3.3687884880889043
-6.126801506163442 -3.8743545203867873
-5.795178162508432 -4.354793876907785
-5.425970864676686 -4.806990724065097
-5.021574063671138 -5.228012391782702
-4.584610427926129 -5.615128392986143
-4.117913834296221 -5.9658281318589745
-3.6245109892773146 -6.277837186020049
-3.1076017996536214 -6.549132057025398
-2.570538619874226 -6.777953293532145
-2.0168045107480945 -6.9628169020156125
-1.449990650458186 -7.102523971036775
-0.8737730443928531 -7.196168446643019
-0.291888684840315 -7.243143008475695
0.29188868484031233 -7.243143008475696
0.873773044392844 -7.19616844664302
1.4499906504581834 -7.102523971036775
2.0168045107480923 -6.9628169020156125
2.570538619874224 -6.777953293532146
3.107601799653619 -6.549132057025399
3.6245109892773124 -6.277837186020051
4.1179138342962185 -5.965828131858976
4.584610427926127 -5.615128392986145
5.021574063671135 -5.228012391782704
5.425970864676683 -4.8069907240651
5.795178162508432 -4.354793876907785
6.126801506163439 -3.8743545203867917
6.418690191003756 -3.368788488088904
6.668951206901281 -2.841374569735235
6.875961515134871 -2.295533246971675
7.038378574419232 -1.7348045102329088
7.1551490478003545 -1.1628249005460072
7.2255156339498425 -0.5833039251664218
1.0 0.5 0.4 0.32000000000000006 0.25600000000000006 0.20480000000000007 0.16384000000000007 0.13107200000000005 0.10485760000000005 0.08388608000000004 0.06710886400000003 0.05368709120000003 0.042949672960000025 0.03435973836800002 0.027487790694400018 0.021990232555520017 0.017592186044416015 