0.0 0.0
1.488911432229828 0.0
1.451581314047475 0.33131396247801503
1.3414628475030776 0.6460144594307565
1.1640778323238439 0.9283210938661786
0.9283210938661788 1.1640778323238439
0.6460144594307566 1.3414628475030776
0.33131396247801514 1.451581314047475
9.116953098470801e-17 1.488911432229828
-0.331313962478015 1.451581314047475
-0.6460144594307564 1.3414628475030776
-0.9283210938661786 1.164077832323844
-1.1640778323238434 0.9283210938661792
-1.3414628475030774 0.6460144594307566
-1.4515813140474751 0.3313139624780146
-1.488911432229828 1.8233906196941602e-16
-1.4515813140474751 -0.3313139624780142
-1.3414628475030776 -0.6460144594307563
-1.1640778323238437 -0.928321093866179
-0.9283210938661789 -1.1640778323238439
-0.6460144594307567 -1.3414628475030774
-0.3313139624780153 -1.451581314047475
-2.73508592954124e-16 -1.488911432229828
0.3313139624780135 -1.4515813140474754
0.6460144594307563 -1.3414628475030779
0.9283210938661784 -1.164077832323844
1.1640778323238439 -0.9283210938661789
1.3414628475030779 -0.6460144594307556
1.451581314047475 -0.3313139624780154
2.3560327212961405 0.0
2.2969620620053064 0.5242666015744541
2.1227121336472394 1.0222442865992851
1.842020555234148 1.4689623745736233
1.4689623745736236 1.842020555234148
1.0222442865992853 2.1227121336472394
0.5242666015744543 2.2969620620053064
1.4426539654108732e-16 2.3560327212961405
-0.524266601574454 2.2969620620053064
-1.0222442865992851 2.1227121336472394
-1.4689623745736233 1.8420205552341482
-1.8420205552341473 1.4689623745736244
-2.1227121336472394 1.0222442865992853
-2.296962062005307 0.5242666015744535
-2.3560327212961405 2.8853079308217465e-16
-2.296962062005307 -0.5242666015744528
-2.1227121336472394 -1.022244286599285
-1.8420205552341475 -1.468962374573624
-1.4689623745736238 -1.8420205552341478
-1.0222442865992856 -2.1227121336472394
-0.5242666015744546 -2.2969620620053064
-4.3279618962326197e-16 -2.3560327212961405
0.5242666015744517 -2.2969620620053073
1.0222442865992847 -2.12271213364724
1.468962374573623 -1.8420205552341482
1.8420205552341478 -1.4689623745736238
2.12271213364724 -1.0222442865992838
2.2969620620053064 -0.5242666015744547
2.9264249919511625 0.0
2.8530534075596568 0.6511908223620725
2.636617811999585 1.2697282177548403
2.2879711897886694 1.824596138386076
1.8245961383860763 2.2879711897886694
1.2697282177548403 2.636617811999585
0.6511908223620727 2.8530534075596568
1.791918499668905e-16 2.9264249919511625
-0.6511908223620724 2.8530534075596568
-1.2697282177548401 2.636617811999585
-1.824596138386076 2.28797118978867
-2.2879711897886685 1.8245961383860774
-2.6366178119995847 1.2697282177548406
-2.853053407559657 0.6511908223620716
-2.9264249919511625 3.58383699933781e-16
-2.853053407559657 -0.6511908223620708
-2.636617811999585 -1.26972821775484
-2.287971189788669 -1.824596138386077
-1.8245961383860767 -2.2879711897886694
-1.2697282177548408 -2.6366178119995847
-0.651190822362073 -2.8530534075596568
-5.375755499006714e-16 -2.9264249919511625
0.6511908223620694 -2.8530534075596576
1.26972821775484 -2.636617811999585
1.8245961383860756 -2.28797118978867
2.2879711897886694 -1.8245961383860767
2.6366178119995856 -1.2697282177548386
2.8530534075596563 -0.6511908223620733
3.353818580056041 0.0
3.2697313460906443 0.7462948427541104
3.0216861292231902 1.4551673458366545
2.622120952374037 2.09107168194928
2.09107168194928 2.622120952374037
1.4551673458366547 3.0216861292231902
0.7462948427541106 3.2697313460906443
2.0536215944932759e-16 3.353818580056041
-0.7462948427541102 3.2697313460906443
-1.4551673458366543 3.0216861292231902
-2.09107168194928 2.6221209523740376
-2.622120952374036 2.0910716819492814
-3.02168612922319 1.4551673458366547
-3.2697313460906448 0.7462948427541094
-3.353818580056041 4.1072431889865518e-16
-3.2697313460906448 -0.7462948427541085
-3.0216861292231902 -1.455167345836654
-2.6221209523740363 -2.091071681949281
-2.0910716819492805 -2.6221209523740368
-1.455167345836655 -3.02168612922319
-0.7462948427541111 -3.2697313460906443
-6.160864783479827e-16 -3.353818580056041
0.7462948427541068 -3.269731346090645
1.4551673458366539 -3.0216861292231907
2.0910716819492796 -2.6221209523740376
2.6221209523740368 -2.0910716819492805
3.0216861292231907 -1.4551673458366525
3.269731346090644 -0.7462948427541113
3.6964389944476266 0.0
3.603761551364304 0.8225350573570255
3.330376456097835 1.603824772330883
2.889992378881621 2.304692016231047
2.3046920162310474 2.889992378881621
1.6038247723308832 3.330376456097835
0.8225350573570257 3.603761551364304
2.2634160913968733e-16 3.6964389944476266
-0.8225350573570253 3.603761551364304
-1.6038247723308827 3.330376456097835
-2.304692016231047 2.8899923788816215
-2.88999237888162 2.3046920162310482
-3.3303764560978344 1.6038247723308834
-3.6037615513643044 0.8225350573570244
-3.6964389944476266 4.526832182793747e-16
-3.6037615513643044 -0.8225350573570235
-3.330376456097835 -1.6038247723308825
-2.8899923788816206 -2.304692016231048
-2.3046920162310474 -2.889992378881621
-1.6038247723308834 -3.3303764560978344
-0.8225350573570263 -3.603761551364304
-6.790248274190619e-16 -3.6964389944476266
0.8225350573570216 -3.603761551364305
1.6038247723308823 -3.3303764560978353
2.3046920162310465 -2.8899923788816215
2.889992378881621 -2.3046920162310474
3.3303764560978357 -1.6038247723308807
3.6037615513643035 -0.8225350573570265
4.205153697137137 0.0
4.099721714353585 0.935734728116804
3.7887125658653185 1.8245478096778844
3.2877215490386438 2.621870445413554
2.6218704454135544 3.2877215490386438
1.8245478096778847 3.7887125658653185
0.9357347281168044 4.099721714353585
2.574914007560826e-16 4.205153697137137
-0.9357347281168038 4.099721714353585
-1.8245478096778842 3.7887125658653185
-2.621870445413554 3.287721549038644
-3.2877215490386424 2.6218704454135557
-3.788712565865318 1.8245478096778849
-4.099721714353586 0.9357347281168028
-4.205153697137137 5.149828015121652e-16
-4.099721714353586 -0.9357347281168017
-3.7887125658653185 -1.824547809677884
-3.287721549038643 -2.6218704454135553
-2.621870445413555 -3.2877215490386433
-1.824547809677885 -3.788712565865318
-0.9357347281168049 -4.099721714353585
-7.724742022682479e-16 -4.205153697137137
0.9357347281167996 -4.099721714353586
1.8245478096778838 -3.788712565865319
2.6218704454135535 -3.287721549038644
3.2877215490386433 -2.621870445413555
3.7887125658653193 -1.8245478096778818
4.099721714353585 -0.9357347281168051
3.962018552796798 0.0
3.8626824757038327 0.8816320687205886
3.5696553701217124 1.719055424140611
3.097630838698959 2.470278162443902
2.4702781624439023 3.097630838698959
1.7190554241406113 3.5696553701217124
0.8816320687205889 3.8626824757038327
2.426036669422514e-16 3.962018552796798
-0.8816320687205884 3.8626824757038327
-1.7190554241406109 3.5696553701217124
-2.470278162443902 3.0976308386989593
-3.0976308386989575 2.4702781624439036
-3.569655370121712 1.7190554241406115
-3.862682475703833 0.8816320687205874
-3.962018552796798 4.852073338845028e-16
-3.862682475703833 -0.8816320687205864
-3.5696553701217124 -1.7190554241406106
-3.097630838698958 -2.470278162443903
-2.4702781624439027 -3.0976308386989584
-1.7190554241406117 -3.569655370121712
-0.8816320687205894 -3.8626824757038327
-7.27811000826754e-16 -3.962018552796798
0.8816320687205845 -3.8626824757038336
1.7190554241406104 -3.569655370121713
2.4702781624439014 -3.0976308386989593
3.0976308386989584 -2.4702781624439027
3.5696553701217133 -1.7190554241406086
3.8626824757038323 -0.8816320687205896
4.43299897605663 0.0
4.321854436431052 0.9864350723795067
3.993994068870325 1.923406171235757
3.465858161229613 2.7639296532215165
2.763929653221517 3.465858161229613
1.9234061712357573 3.993994068870325
0.9864350723795069 4.321854436431052
2.714429003325623e-16 4.43299897605663
-0.9864350723795063 4.321854436431052
-1.9234061712357569 3.993994068870325
-2.7639296532215165 3.4658581612296135
-3.4658581612296113 2.7639296532215183
-3.9939940688703244 1.9234061712357575
-4.321854436431052 0.9864350723795052
-4.43299897605663 5.428858006651246e-16
-4.321854436431052 -0.9864350723795041
-3.993994068870325 -1.9234061712357564
-3.465858161229612 -2.763929653221518
-2.7639296532215174 -3.4658581612296127
-1.9234061712357577 -3.9939940688703244
-0.9864350723795074 -4.321854436431052
-8.143287009976868e-16 -4.43299897605663
0.986435072379502 -4.321854436431053
1.9234061712357562 -3.9939940688703253
2.763929653221516 -3.4658581612296135
3.4658581612296127 -2.7639296532215174
3.993994068870326 -1.9234061712357544
4.321854436431051 -0.9864350723795078
4.616753836934222 0.0
4.501002179299704 1.027324375641001
4.159551477846775 2.003134417354353
3.6095234965202474 2.8784989350206653
2.878498935020666 3.6095234965202474
2.0031344173543535 4.159551477846775
1.0273243756410013 4.501002179299704
2.826946404426378e-16 4.616753836934222
-1.0273243756410007 4.501002179299704
-2.003134417354353 4.159551477846775
-2.8784989350206653 3.609523496520248
-3.6095234965202456 2.8784989350206676
-4.159551477846775 2.003134417354354
-4.501002179299705 1.0273243756409995
-4.616753836934222 5.653892808852756e-16
-4.501002179299705 -1.0273243756409984
-4.159551477846775 -2.0031344173543526
-3.609523496520246 -2.878498935020667
-2.8784989350206662 -3.6095234965202465
-2.003134417354354 -4.159551477846775
-1.027324375641002 -4.501002179299704
-8.480839213279134e-16 -4.616753836934222
1.0273243756409962 -4.5010021792997055
2.0031344173543526 -4.159551477846776
2.878498935020665 -3.609523496520248
3.6095234965202465 -2.8784989350206662
4.159551477846777 -2.0031344173543504
4.501002179299704 -1.0273243756410022
4.778072636168084 0.0
4.658276379432452 1.0632211855112312
4.304894693763886 2.0731280211558962
3.7356476124752205 2.9790795611910754
2.979079561191076 3.7356476124752205
2.0731280211558967 4.304894693763886
1.0632211855112315 4.658276379432452
2.9257256799884e-16 4.778072636168084
-1.063221185511231 4.658276379432452
-2.0731280211558962 4.304894693763886
-2.9790795611910754 3.735647612475221
-3.735647612475219 2.979079561191077
-4.3048946937638854 2.0731280211558967
-4.658276379432453 1.06322118551123
-4.778072636168084 5.8514513599768e-16
-4.658276379432453 -1.0632211855112286
-4.304894693763886 -2.073128021155896
-3.7356476124752196 -2.9790795611910768
-2.9790795611910763 -3.73564761247522
-2.073128021155897 -4.3048946937638854
-1.0632211855112321 -4.658276379432452
-8.7771770399652e-16 -4.778072636168084
1.0632211855112264 -4.658276379432453
2.0731280211558953 -4.304894693763887
2.9790795611910745 -3.735647612475221
3.73564761247522 -2.9790795611910763
4.304894693763887 -2.0731280211558936
4.658276379432452 -1.0632211855112326
4.920884103822683 0.0
4.797507265428573 1.0949997266734046
4.433563380100133 2.13509159473074
3.8473021139450503 3.0681210548621958
3.068121054862196 3.8473021139450503
2.13509159473074 4.433563380100133
1.0949997266734048 4.797507265428573
3.0131724833607703e-16 4.920884103822683
-1.0949997266734044 4.797507265428573
-2.1350915947307394 4.433563380100133
-3.0681210548621958 3.847302113945051
-3.847302113945049 3.068121054862198
-4.433563380100132 2.1350915947307403
-4.797507265428573 1.094999726673403
-4.920884103822683 6.026344966721541e-16
-4.797507265428573 -1.0949997266734017
-4.433563380100133 -2.1350915947307394
-3.8473021139450494 -3.0681210548621975
-3.068121054862197 -3.84730211394505
-2.1350915947307407 -4.433563380100132
-1.0949997266734055 -4.797507265428573
-9.03951745008231e-16 -4.920884103822683
1.0949997266733993 -4.797507265428574
2.135091594730739 -4.433563380100134
3.0681210548621953 -3.847302113945051
3.84730211394505 -3.068121054862197
4.433563380100134 -2.1350915947307367
4.797507265428572 -1.0949997266734057
5.138419746840624 0.0
5.009588835701184 1.1434059611265441
4.629556222118432 2.2294767729147065
4.017378328215403 3.203752309824664
3.2037523098246647 4.017378328215403
2.2294767729147065 4.629556222118432
1.1434059611265446 5.009588835701184
3.1463746478219613e-16 5.138419746840624
-1.143405961126544 5.009588835701184
-2.229476772914706 4.629556222118432
-3.203752309824664 4.017378328215404
-4.017378328215401 3.2037523098246665
-4.629556222118431 2.229476772914707
-5.009588835701185 1.1434059611265426
-5.138419746840624 6.292749295643923e-16
-5.009588835701185 -1.1434059611265412
-4.629556222118432 -2.2294767729147056
-4.017378328215402 -3.2037523098246656
-3.203752309824665 -4.017378328215403
-2.2294767729147074 -4.629556222118431
-1.1434059611265452 -5.009588835701184
-9.439123943465884e-16 -5.138419746840624
1.1434059611265388 -5.0095888357011855
2.2294767729147056 -4.629556222118433
3.2037523098246634 -4.017378328215404
4.017378328215403 -3.203752309824665
4.629556222118433 -2.2294767729147034
5.009588835701184 -1.1434059611265455
5.261445261261752 0.0
5.129529843620869 1.1707817134959897
4.740398380569548 2.2828555431186066
4.113563548536666 3.280457463434662
3.2804574634346624 4.113563548536666
2.2828555431186066 4.740398380569548
1.17078171349599 5.129529843620869
3.221706049046607e-16 5.261445261261752
-1.1707817134959893 5.129529843620869
-2.282855543118606 4.740398380569548
-3.280457463434662 4.113563548536667
-4.113563548536664 3.280457463434664
-4.740398380569548 2.282855543118607
-5.12952984362087 1.170781713495988
-5.261445261261752 6.443412098093214e-16
-5.12952984362087 -1.1707817134959868
-4.740398380569548 -2.2828555431186057
-4.113563548536665 -3.2804574634346637
-3.2804574634346633 -4.113563548536665
-2.2828555431186075 -4.740398380569548
-1.1707817134959906 -5.129529843620869
-9.66511814713982e-16 -5.261445261261752
1.1707817134959841 -5.129529843620871
2.2828555431186057 -4.740398380569549
3.2804574634346615 -4.113563548536667
4.113563548536665 -3.2804574634346633
4.74039838056955 -2.282855543118603
5.129529843620869 -1.170781713495991
5.032106766642039 0.0
4.90594134387835 1.119749097481076
4.533771536705581 2.1833492995494135
3.9342594933011497 3.137467250865637
3.1374672508656376 3.9342594933011497
2.183349299549414 4.533771536705581
1.1197490974810762 4.90594134387835
3.0812767223679554e-16 5.032106766642039
-1.1197490974810758 4.90594134387835
-2.183349299549413 4.533771536705581
-3.137467250865637 3.93425949330115
-3.934259493301148 3.1374672508656394
-4.53377153670558 2.183349299549414
-4.905941343878351 1.1197490974810744
-5.032106766642039 6.162553444735911e-16
-4.905941343878351 -1.1197490974810733
-4.533771536705581 -2.183349299549413
-3.9342594933011488 -3.137467250865639
-3.137467250865638 -3.934259493301149
-2.1833492995494144 -4.53377153670558
-1.119749097481077 -4.90594134387835
-9.243830167103866e-16 -5.032106766642039
1.1197490974810707 -4.905941343878352
2.1833492995494126 -4.533771536705582
3.1374672508656367 -3.93425949330115
3.934259493301149 -3.137467250865638
4.533771536705582 -2.1833492995494104
4.90594134387835 -1.1197490974810773
5.370165726639971 0.0
5.235524459943493 1.194974292992116
4.838352135179187 2.3300275851555092
4.198564631157933 3.3482435648513174
3.348243564851318 4.198564631157933
2.3300275851555097 4.838352135179187
1.1949742929921165 5.235524459943493
3.2882781340102303e-16 5.370165726639971
-1.1949742929921159 5.235524459943493
-2.330027585155509 4.838352135179187
-3.3482435648513174 4.198564631157934
-4.198564631157931 3.3482435648513196
-4.8383521351791865 2.3300275851555097
-5.235524459943494 1.1949742929921146
-5.370165726639971 6.576556268020461e-16
-5.235524459943494 -1.1949742929921132
-4.838352135179187 -2.330027585155509
-4.198564631157932 -3.348243564851319
-3.3482435648513187 -4.198564631157932
-2.33002758515551 -4.8383521351791865
-1.1949742929921172 -5.235524459943493
-9.864834402030691e-16 -5.370165726639971
1.1949742929921106 -5.235524459943494
2.3300275851555083 -4.838352135179187
3.3482435648513165 -4.198564631157934
4.198564631157932 -3.3482435648513187
4.838352135179188 -2.330027585155506
5.235524459943492 -1.1949742929921174
5.465623396044628 0.0
5.328588806277918 1.2162156227413334
4.924356523515304 2.3714451156842493
4.273196442341519 3.407760448234323
3.407760448234324 4.273196442341519
2.3714451156842498 4.924356523515304
1.2162156227413339 5.328588806277918
3.3467290986554703e-16 5.465623396044628
-1.2162156227413332 5.328588806277918
-2.3714451156842493 4.924356523515304
-3.407760448234323 4.273196442341519
-4.273196442341518 3.407760448234326
-4.9243565235153035 2.37144511568425
-5.328588806277918 1.2162156227413319
-5.465623396044628 6.693458197310941e-16
-5.328588806277918 -1.2162156227413305
-4.924356523515304 -2.371445115684249
-4.273196442341518 -3.407760448234325
-3.4077604482343244 -4.2731964423415185
-2.37144511568425 -4.9243565235153035
-1.2162156227413345 -5.328588806277918
-1.004018729596641e-15 -5.465623396044628
1.2162156227413277 -5.328588806277919
2.3714451156842484 -4.924356523515304
3.4077604482343227 -4.273196442341519
4.2731964423415185 -3.4077604482343244
4.924356523515305 -2.371445115684246
5.328588806277917 -1.2162156227413348
5.5596862556418 0.0
5.420293313598841 1.237146578109498
5.009104231638233 2.4122574609183602
4.346737747305559 3.46640768192683
3.4664076819268304 4.346737747305559
2.4122574609183607 5.009104231638233
1.2371465781094981 5.420293313598841
3.404325988617632e-16 5.5596862556418
-1.2371465781094977 5.420293313598841
-2.4122574609183602 5.009104231638233
-3.46640768192683 4.346737747305559
-4.346737747305556 3.4664076819268326
-5.009104231638232 2.412257460918361
-5.420293313598841 1.2371465781094961
-5.5596862556418 6.808651977235264e-16
-5.420293313598841 -1.2371465781094948
-5.009104231638233 -2.41225746091836
-4.346737747305557 -3.4664076819268317
-3.4664076819268312 -4.346737747305558
-2.412257460918361 -5.009104231638232
-1.237146578109499 -5.420293313598841
-1.0212977965852896e-15 -5.5596862556418
1.2371465781094921 -5.420293313598842
2.4122574609183594 -5.009104231638233
3.4664076819268295 -4.346737747305559
4.346737747305558 -3.4664076819268312
5.009104231638234 -2.412257460918357
5.42029331359884 -1.2371465781094992
5.660916469864596 0.0
5.5189854750007905 1.2596724199229523
5.100309503144064 2.456179604777019
4.425882715761923 3.5295236881347183
3.5295236881347187 4.425882715761923
2.456179604777019 5.100309503144064
1.2596724199229525 5.5189854750007905
3.466311617530106e-16 5.660916469864596
-1.2596724199229519 5.5189854750007905
-2.4561796047770184 5.100309503144064
-3.5295236881347183 4.425882715761924
-4.425882715761921 3.529523688134721
-5.1003095031440635 2.4561796047770192
-5.5189854750007905 1.2596724199229505
-5.660916469864596 6.932623235060212e-16
-5.5189854750007905 -1.2596724199229492
-5.100309503144064 -2.456179604777018
-4.425882715761922 -3.52952368813472
-3.5295236881347196 -4.425882715761923
-2.4561796047770197 -5.1003095031440635
-1.2596724199229534 -5.5189854750007905
-1.0398934852590317e-15 -5.660916469864596
1.2596724199229463 -5.518985475000791
2.4561796047770175 -5.100309503144065
3.5295236881347174 -4.425882715761924
4.425882715761923 -3.5295236881347196
5.100309503144066 -2.4561796047770152
5.51898547500079 -1.2596724199229536
1.0 0.5 0.4 0.32000000000000006 0.25600000000000006 0.20480000000000007 0.16384000000000007 0.13107200000000005 0.10485760000000005 0.08388608000000004 0.06710886400000003 0.05368709120000003 0.042949672960000025 0.03435973836800002 0.027487790694400018 0.021990232555520017 0.017592186044416015 0.014073748835532814 0.011258999068426251 