0.0 0.0
2.8591887329956625 0.0
2.853314223096693 0.18318885108940794
2.8357148330210378 0.3656249398958042
2.806462882437575 0.5465585973978649
2.7656785738857756 0.7252463283867663
2.7135294988376857 0.9009538666474769
2.6502299490286196 1.0729591922161348
2.576040035886454 1.2405554983149516
2.4912646216779764 1.403054095772872
2.3962520667644376 1.5597872429971027
2.291392798114108 1.7101108898665434
2.1771177049541137 1.8534073242718867
2.0538963681541795 1.9890877104271731
1.9222351306181102 2.116594508522338
1.7826750166121892 2.2354037657738868
1.6357895085804164 2.345027269459266
1.4821821905821377 2.4450145530876655
1.3224842680356736 2.5349547474634515
1.1573519739598657 2.6144782690358213
0.9874638723718371 2.6832583385968927
0.8135180699218952 2.7410123240875617
0.6362293472235662 2.7875029019932547
0.45632622166672915 2.82253903255716
0.27454795378339464 2.8459767448035644
0.0916415094676134 2.8577197281454736
-0.09164150946761304 2.8577197281454736
-0.2745479537833943 2.8459767448035644
-0.45632622166672815 2.8225390325571604
-0.6362293472235658 2.7875029019932547
-0.8135180699218949 2.7410123240875617
-0.9874638723718362 2.683258338596893
-1.1573519739598652 2.6144782690358213
-1.3224842680356732 2.5349547474634515
-1.4821821905821375 2.445014553087666
-1.6357895085804166 2.345027269459266
-1.7826750166121887 2.2354037657738868
-1.9222351306181105 2.116594508522338
-2.053896368154179 1.9890877104271734
-2.177117704954113 1.853407324271888
-2.2913927981141073 1.7101108898665436
-2.3962520667644376 1.5597872429971027
-2.4912646216779755 1.403054095772873
-2.5760400358864537 1.2405554983149518
-2.6502299490286196 1.072959192216136
-2.7135294988376852 0.9009538666474787
-2.7656785738857756 0.7252463283867663
-2.806462882437575 0.5465585973978656
-2.8357148330210373 0.36562493989580436
-2.853314223096693 0.18318885108940883
-2.8591887329956625 3.501496330021314e-16
-2.853314223096693 -0.18318885108940816
-2.8357148330210378 -0.3656249398958037
-2.806462882437575 -0.5465585973978649
-2.7656785738857756 -0.7252463283867656
-2.7135294988376857 -0.9009538666474768
-2.6502299490286196 -1.0729591922161352
-2.576040035886454 -1.2405554983149512
-2.4912646216779764 -1.4030540957728712
-2.396252066764438 -1.559787242997102
-2.2913927981141082 -1.7101108898665434
-2.177117704954114 -1.8534073242718863
-2.0538963681541795 -1.9890877104271731
-1.922235130618111 -2.116594508522337
-1.7826750166121894 -2.2354037657738863
-1.6357895085804173 -2.3450272694592655
-1.482182190582139 -2.445014553087665
-1.3224842680356739 -2.534954747463451
-1.1573519739598666 -2.614478269035821
-0.9874638723718357 -2.6832583385968936
-0.8135180699218949 -2.7410123240875617
-0.6362293472235666 -2.7875029019932547
-0.45632622166672693 -2.8225390325571604
-0.27454795378339375 -2.8459767448035644
-0.0916415094676131 -2.8577197281454736
0.09164150946761206 -2.8577197281454736
0.27454795378339264 -2.8459767448035644
0.45632622166672593 -2.8225390325571604
0.6362293472235655 -2.7875029019932547
0.813518069921894 -2.741012324087562
0.9874638723718371 -2.6832583385968927
1.1573519739598654 -2.6144782690358213
1.322484268035673 -2.5349547474634515
1.482182190582136 -2.4450145530876664
1.6357895085804164 -2.345027269459266
1.7826750166121885 -2.2354037657738868
1.9222351306181094 -2.116594508522339
2.0538963681541778 -1.9890877104271747
2.1771177049541115 -1.8534073242718891
2.291392798114106 -1.7101108898665462
2.396252066764438 -1.5597872429971016
2.4912646216779764 -1.403054095772872
2.5760400358864537 -1.2405554983149523
2.6502299490286196 -1.0729591922161361
2.713529498837685 -0.900953866647479
2.765678573885775 -0.7252463283867667
2.806462882437575 -0.5465585973978659
2.8357148330210373 -0.365624939895806
2.853314223096693 -0.18318885108941046
4.361211267987771 0.0
4.352250691699248 0.27942376532234037
4.325405783763688 0.5576993184567616
4.280786855666011 0.8336831654655152
4.218577256152503 1.106241229522893
4.139032617811479 1.3742535110801615
4.042479806624156 1.636618690183948
3.9293155788022154 1.8922586520361606
3.800004950431428 2.1401229171989486
3.6550792866208117 2.3791929582400404
3.495134118009423 2.6084863850804343
3.3208266936032165 2.8270609818459573
3.1328732799979013 3.0340185786343974
2.932046218085864 3.228508742288284
2.7191707493417714 3.4097322710071545
2.495121624728336 3.5769444784391786
2.2608195101569826 3.729458253757111
2.0172272032741283 3.86664688514407
1.7653456771191438 3.9879466350868147
1.5062099669114173 4.092859056894118
1.2408849168686253 4.180953042921129
0.9704608045334411 4.251866596083161
0.6960488605892403 4.305308317379363
0.4187767025748639 4.341058603313715
0.13978370126228734 4.358970548292901
-0.13978370126228679 4.358970548292901
-0.4187767025748633 4.341058603313715
-0.6960488605892386 4.305308317379363
-0.9704608045334406 4.251866596083161
-1.2408849168686247 4.180953042921129
-1.506209966911416 4.092859056894118
-1.7653456771191434 3.9879466350868147
-2.017227203274128 3.86664688514407
-2.260819510156982 3.7294582537571115
-2.4951216247283363 3.576944478439178
-2.719170749341771 3.4097322710071554
-2.932046218085865 3.228508742288284
-3.132873279997901 3.034018578634398
-3.320826693603215 2.827060981845959
-3.4951341180094224 2.6084863850804347
-3.6550792866208117 2.3791929582400404
-3.8000049504314273 2.14012291719895
-3.929315578802215 1.8922586520361613
-4.042479806624156 1.6366186901839497
-4.139032617811479 1.3742535110801641
-4.218577256152503 1.106241229522893
-4.280786855666011 0.8336831654655164
-4.325405783763688 0.5576993184567618
-4.352250691699248 0.27942376532234176
-4.361211267987771 5.340943419746593e-16
-4.352250691699248 -0.2794237653223407
-4.325405783763688 -0.5576993184567608
-4.280786855666011 -0.8336831654655152
-4.218577256152503 -1.1062412295228918
-4.139032617811479 -1.3742535110801612
-4.042479806624156 -1.6366186901839488
-3.9293155788022154 -1.8922586520361602
-3.8000049504314286 -2.1401229171989473
-3.6550792866208126 -2.3791929582400395
-3.4951341180094233 -2.6084863850804343
-3.320826693603217 -2.827060981845957
-3.1328732799979013 -3.0340185786343974
-2.9320462180858655 -3.228508742288283
-2.719170749341772 -3.409732271007154
-2.495121624728337 -3.5769444784391777
-2.2608195101569843 -3.72945825375711
-2.0172272032741287 -3.8666468851440694
-1.7653456771191451 -3.9879466350868142
-1.506209966911415 -4.0928590568941186
-1.2408849168686247 -4.180953042921129
-0.9704608045334417 -4.251866596083161
-0.6960488605892369 -4.305308317379363
-0.4187767025748625 -4.341058603313715
-0.1397837012622869 -4.358970548292901
0.1397837012622853 -4.358970548292901
0.4187767025748608 -4.341058603313715
0.6960488605892353 -4.305308317379364
0.9704608045334401 -4.251866596083161
1.2408849168686233 -4.1809530429211295
1.5062099669114173 -4.092859056894118
1.7653456771191436 -3.9879466350868147
2.0172272032741274 -3.8666468851440703
2.2608195101569795 -3.7294582537571124
2.495121624728336 -3.5769444784391786
2.7191707493417705 -3.4097322710071554
2.932046218085863 -3.228508742288285
3.132873279997899 -3.0340185786343996
3.320826693603213 -2.8270609818459613
3.4951341180094198 -2.6084863850804387
3.6550792866208126 -2.3791929582400386
3.800004950431428 -2.1401229171989486
3.929315578802215 -1.8922586520361617
4.042479806624156 -1.6366186901839501
4.139032617811478 -1.3742535110801646
4.218577256152502 -1.1062412295228936
4.280786855666011 -0.8336831654655169
4.325405783763688 -0.5576993184567643
4.352250691699248 -0.2794237653223442
5.540505672938503 0.0
5.529122109816081 0.3549814172695577
5.495018197951452 0.7085041397522797
5.438334077633732 1.059115466751098
5.359302676072015 1.4053746611174809
5.258248750247498 1.7458588695494128
5.135587552417395 2.079168969400813
4.991823123754334 2.4039353179766003
4.827546223133064 2.7188233806883124
4.643431899575522 3.0225392149429906
4.440236718329606 3.3138347872308396
4.218795651980285 3.5915131015626236
3.980018649368146 3.854433118182943
3.7248868964144313 4.101514442347338
3.4544487842176164 4.331741763896039
3.1698156009895104 4.544169029381196
2.872156965533625 4.737923329603426
2.5626960210306233 4.912208486582949
2.2427044088806354 5.066308325225686
1.9134970432559708 5.199589616240342
1.5764267078367367 5.311504678213392
1.2328784969325342 5.4015936281494845
0.8842641238328289 5.469486271229309
0.5320161197742324 5.514903622019528
0.17758194736238483 5.53765905088375
-0.17758194736238414 5.53765905088375
-0.5320161197742316 5.514903622019528
-0.8842641238328269 5.469486271229309
-1.2328784969325335 5.4015936281494845
-1.576426707836736 5.311504678213393
-1.9134970432559688 5.199589616240343
-2.2427044088806345 5.066308325225686
-2.5626960210306224 4.912208486582949
-2.8721569655336245 4.737923329603426
-3.169815600989511 4.544169029381195
-3.454448784217616 4.331741763896039
-3.724886896414432 4.101514442347338
-3.9800186493681458 3.854433118182944
-4.218795651980283 3.591513101562626
-4.440236718329605 3.31383478723084
-4.643431899575522 3.0225392149429906
-4.827546223133062 2.7188233806883138
-4.991823123754333 2.4039353179766008
-5.135587552417395 2.079168969400815
-5.258248750247497 1.7458588695494162
-5.359302676072015 1.4053746611174809
-5.438334077633732 1.0591154667510994
-5.495018197951451 0.7085041397522799
-5.529122109816081 0.35498141726955945
-5.540505672938503 6.78516253802189e-16
-5.529122109816081 -0.3549814172695582
-5.495018197951452 -0.7085041397522787
-5.438334077633732 -1.059115466751098
-5.359302676072015 -1.4053746611174798
-5.258248750247498 -1.7458588695494124
-5.135587552417395 -2.079168969400814
-4.991823123754334 -2.4039353179765994
-4.827546223133065 -2.7188233806883106
-4.643431899575523 -3.0225392149429897
-4.440236718329606 -3.3138347872308396
-4.218795651980286 -3.5915131015626227
-3.980018649368146 -3.854433118182943
-3.7248868964144326 -4.101514442347336
-3.4544487842176173 -4.331741763896038
-3.169815600989512 -4.5441690293811945
-2.872156965533627 -4.737923329603424
-2.5626960210306238 -4.912208486582948
-2.242704408880637 -5.066308325225685
-1.913497043255968 -5.199589616240344
-1.576426707836736 -5.311504678213393
-1.2328784969325348 -5.4015936281494845
-0.8842641238328246 -5.469486271229309
-0.5320161197742306 -5.514903622019528
-0.17758194736238428 -5.53765905088375
0.17758194736238223 -5.53765905088375
0.5320161197742285 -5.514903622019528
0.8842641238328226 -5.46948627122931
1.2328784969325328 -5.4015936281494845
1.576426707836734 -5.311504678213394
1.9134970432559708 -5.199589616240342
2.242704408880635 -5.066308325225686
2.562696021030622 -4.91220848658295
2.8721569655336214 -4.7379233296034275
3.1698156009895104 -4.544169029381196
3.4544487842176155 -4.331741763896039
3.7248868964144295 -4.10151444234734
3.980018649368143 -3.8544331181829463
4.2187956519802805 -3.5915131015626285
4.440236718329602 -3.313834787230845
4.643431899575523 -3.022539214942989
4.827546223133064 -2.7188233806883124
4.991823123754333 -2.403935317976601
5.135587552417395 -2.0791689694008157
5.258248750247497 -1.7458588695494168
5.359302676072014 -1.4053746611174818
5.438334077633732 -1.0591154667511
5.495018197951451 -0.7085041397522831
5.529122109816081 -0.3549814172695626
1.0 0.5 0.4 0.32000000000000006 