0.0 0.0
0.931969186206108 0.0
-0.931969186206108 1.1413330807912738e-16
2.0303389256555175 0.0
-2.0303389256555175 2.4864480664883053e-16
1.3035910142199085 0.0
-1.3035910142199085 1.5964385629616627e-16
1.6592177373834889 0.0
-1.6592177373834889 2.0319556911752032e-16
0.10626224448267099 0.0
-0.10626224448267099 1.3013371757591652e-17
2.544011702024117 0.0
-2.544011702024117 3.115515787877245e-16
2.8800081912303575 0.0
-2.8800081912303575 3.5269928129084157e-16
0.5317984208460567 0.0
-0.5317984208460567 6.512652338807404e-17
0.36332550518770934 0.0
-0.36332550518770934 4.449454169767233e-17
0.6837159261212319 0.0
-0.6837159261212319 8.373105204504348e-17
2.324954870991003 0.0
-2.324954870991003 2.847248540921179e-16
0.443314644456048 0.0
-0.443314644456048 5.429038603482461e-17
0.2913997000122835 0.0
-0.2913997000122835 3.568617098925419e-17
0.6133909980610874 0.0
-0.6133909980610874 7.51187322401311e-17
1.4885125772819783 0.0
-1.4885125772819783 1.8229021632589518e-16
0.772265755927255 0.0
-0.772265755927255 9.457527860874239e-17
0.21556223148686898 0.0
-0.21556223148686898 2.639875968074549e-17
0.2413144843615786 0.0
-0.2413144843615786 2.955250108613013e-17
0.18885479889897 0.0
-0.18885479889897 2.3128042497524068e-17
0.013427581966718805 0.0
-0.013427581966718805 1.6444045275830907e-18
0.26081215319403483 0.0
-0.26081215319403483 3.194027685878039e-17
0.7380823233014433 0.0
-0.7380823233014433 9.038901547383545e-17
-0.80176752437078 -0.0
0.80176752437078 -9.818820323809733e-17
1.0 0.5 0.4 0.32000000000000006 0.25600000000000006 0.20480000000000007 0.16384000000000007 0.13107200000000005 0.10485760000000005 0.08388608000000004 0.06710886400000003 0.05368709120000003 0.042949672960000025 0.03435973836800002 0.027487790694400018 0.021990232555520017 0.017592186044416015 0.014073748835532814 0.011258999068426251 0.009007199254741001 0.007205759403792801 0.0057646075230342415 0.0046116860184273935 0.003689348814741915 