0.0 0.0
2.1791159953820047 0.0
2.14201240455142 0.4004115134178191
2.0319651503445497 0.7871874929868716
1.8527217600162753 1.1471567466095907
1.610386152245474 1.4680609530893878
1.3132107755052558 1.7389721045567665
0.9713155808279295 1.9506646466706181
0.5963433990101429 2.0959296438064743
0.201063457974138 2.1698202707130347
-0.20106345797413772 2.1698202707130347
-0.5963433990101425 2.0959296438064743
-0.9713155808279283 1.9506646466706186
-1.3132107755052556 1.7389721045567668
-1.6103861522454745 1.4680609530893876
-1.8527217600162749 1.1471567466095913
-2.0319651503445497 0.7871874929868725
-2.14201240455142 0.40041151341781916
-2.1791159953820047 2.6686474287153706e-16
-2.14201240455142 -0.4004115134178186
-2.03196515034455 -0.7871874929868712
-1.852721760016275 -1.1471567466095909
-1.610386152245474 -1.4680609530893878
-1.3132107755052576 -1.7389721045567654
-0.9713155808279307 -1.9506646466706175
-0.5963433990101431 -2.0959296438064743
-0.20106345797413777 -2.1698202707130347
0.2010634579741389 -2.1698202707130347
0.5963433990101423 -2.0959296438064743
0.9713155808279281 -1.9506646466706186
1.3132107755052553 -1.738972104556767
1.6103861522454728 -1.468060953089389
1.8527217600162746 -1.1471567466095915
2.0319651503445497 -0.7871874929868719
2.14201240455142 -0.4004115134178185
3.130035818197737 0.0
3.0767410103354673 0.5751425723424284
2.9186714775103306 1.130699354191219
2.6612100880791796 1.6477515256574284
2.313124380868189 2.108691495177503
1.8862679971536416 2.4978225049259937
1.3951770191251311 2.801893165077122
0.8565749610407115 3.0105487139919993
0.28880327000647943 3.116683637207078
-0.28880327000647904 3.1166836372070783
-0.8565749610407112 3.0105487139919993
-1.3951770191251296 2.8018931650771224
-1.8862679971536411 2.497822504925994
-2.31312438086819 2.1086914951775024
-2.6612100880791787 1.6477515256574295
-2.9186714775103306 1.1306993541912203
-3.0767410103354673 0.5751425723424285
-3.130035818197737 3.8331883459724253e-16
-3.0767410103354673 -0.5751425723424277
-2.918671477510331 -1.1306993541912183
-2.661210088079179 -1.6477515256574289
-2.313124380868189 -2.108691495177503
-1.886267997153644 -2.4978225049259923
-1.395177019125133 -2.8018931650771206
-0.8565749610407118 -3.0105487139919993
-0.28880327000647915 -3.1166836372070783
0.28880327000648076 -3.116683637207078
0.8565749610407108 -3.0105487139919993
1.3951770191251291 -2.8018931650771224
1.886267997153641 -2.4978225049259946
2.313124380868188 -2.1086914951775046
2.6612100880791782 -1.6477515256574298
2.9186714775103306 -1.1306993541912194
3.0767410103354673 -0.5751425723424275
3.8074664798881077 0.0
3.7426371276781674 0.6996201297821942
3.5503567568836187 1.375415535146514
3.237173244916984 2.0043728140905284
2.8137516806560647 2.56507358083091
2.294511177633577 3.0384238432427613
1.6971338484196092 3.4083042258607117
1.041962661485408 3.6621188958773283
0.3513086858107891 3.791224499122339
-0.3513086858107886 3.7912244991223396
-1.0419626614854076 3.6621188958773283
-1.6971338484196075 3.4083042258607126
-2.2945111776335767 3.0384238432427617
-2.8137516806560656 2.56507358083091
-3.237173244916983 2.0043728140905297
-3.5503567568836183 1.3754155351465154
-3.7426371276781674 0.6996201297821943
-3.8074664798881077 4.662801637455811e-16
-3.7426371276781674 -0.6996201297821933
-3.550356756883619 -1.3754155351465132
-3.2371732449169834 -2.004372814090529
-2.8137516806560647 -2.56507358083091
-2.2945111776335803 -3.0384238432427595
-1.6971338484196115 -3.4083042258607104
-1.0419626614854085 -3.6621188958773283
-0.3513086858107887 -3.7912244991223396
0.35130868581079067 -3.791224499122339
1.0419626614854072 -3.6621188958773283
1.697133848419607 -3.4083042258607126
2.2945111776335763 -3.038423843242762
2.8137516806560625 -2.565073580830912
3.2371732449169826 -2.00437281409053
3.5503567568836187 -1.3754155351465145
3.7426371276781674 -0.6996201297821931
1.206527799971546 0.0
1.1859843713928293 0.221698901477059
1.1250536674778002 0.43584811276284124
1.0258106102699607 0.6351550393106786
0.8916348030535962 0.8128325227792953
0.7270954420173168 0.9628299695698206
0.5377957177580011 1.0800393965339115
0.33018200534530534 1.1604693772135186
0.11132434075024156 1.2013809650817275
-0.1113243407502414 1.2013809650817275
-0.33018200534530523 1.1604693772135186
-0.5377957177580004 1.0800393965339117
-0.7270954420173167 0.9628299695698207
-0.8916348030535964 0.8128325227792952
-1.0258106102699605 0.635155039310679
-1.1250536674778 0.4358481127628417
-1.1859843713928293 0.22169890147705903
-1.206527799971546 1.4775704083174518e-16
-1.1859843713928293 -0.22169890147705876
-1.1250536674778002 -0.43584811276284097
-1.0258106102699607 -0.6351550393106787
-0.8916348030535962 -0.8128325227792953
-0.7270954420173178 -0.9628299695698199
-0.5377957177580017 -1.080039396533911
-0.33018200534530545 -1.1604693772135186
-0.11132434075024145 -1.2013809650817275
0.11132434075024206 -1.2013809650817275
0.33018200534530506 -1.1604693772135186
0.5377957177580003 -1.0800393965339117
0.7270954420173166 -0.9628299695698208
0.8916348030535955 -0.812832522779296
1.0258106102699605 -0.6351550393106791
1.1250536674778002 -0.43584811276284136
1.1859843713928293 -0.22169890147705867
4.204629054378148 0.0
4.133037254603081 0.7725985613395268
3.92069982815432 1.5188872053024753
3.5748476714189055 2.2134519671932593
3.107258364790519 2.8326402770843018
2.533855101294832 3.355366419716785
1.8741644413487768 3.763829583244266
1.1506513591650789 4.044120044530384
0.38795422499920657 4.186692848087395
-0.38795422499920607 4.186692848087396
-1.1506513591650784 4.044120044530384
-1.8741644413487746 3.7638295832442674
-2.5338551012948316 3.3553664197167854
-3.10725836479052 2.832640277084301
-3.574847671418904 2.2134519671932606
-3.9206998281543197 1.518887205302477
-4.133037254603081 0.7725985613395269
-4.204629054378148 5.149185513046162e-16
-4.133037254603081 -0.7725985613395259
-3.9206998281543206 -1.5188872053024745
-3.5748476714189046 -2.2134519671932598
-3.107258364790519 -2.8326402770843018
-2.533855101294835 -3.3553664197167827
-1.874164441348779 -3.7638295832442648
-1.1506513591650793 -4.044120044530384
-0.3879542249992062 -4.186692848087396
0.38795422499920834 -4.186692848087395
1.150651359165078 -4.044120044530384
1.8741644413487741 -3.7638295832442674
2.533855101294831 -3.355366419716786
3.1072583647905163 -2.832640277084304
3.5748476714189037 -2.213451967193261
3.92069982815432 -1.5188872053024758
4.133037254603081 -0.7725985613395256
4.758128704439658 0.0
4.677112521297998 0.8743038551499697
4.436822880821707 1.7188343411247013
4.045442558521546 2.5048319851269993
3.516299541864489 3.2055305800906346
2.8674131616456955 3.797068675759454
2.1208804652900834 4.259302151757203
1.3021237284047633 4.576490201446726
0.4390247296738939 4.737831366220982
-0.4390247296738933 4.737831366220982
-1.3021237284047626 4.576490201446726
-2.1208804652900812 4.259302151757204
-2.867413161645695 3.7970686757594545
-3.5162995418644902 3.205530580090634
-4.045442558521545 2.504831985127001
-4.4368228808217065 1.7188343411247031
-4.677112521297998 0.8743038551499698
-4.758128704439658 5.82702708782317e-16
-4.677112521297998 -0.8743038551499686
-4.436822880821707 -1.7188343411247002
-4.045442558521546 -2.5048319851270002
-3.516299541864489 -3.2055305800906346
-2.8674131616456995 -3.7970686757594514
-2.120880465290086 -4.259302151757201
-1.3021237284047638 -4.576490201446726
-0.4390247296738934 -4.737831366220982
0.43902472967389583 -4.737831366220982
1.3021237284047622 -4.576490201446726
2.120880465290081 -4.259302151757204
2.8674131616456946 -3.797068675759455
3.5162995418644862 -3.2055305800906373
4.045442558521544 -2.5048319851270016
4.436822880821707 -1.7188343411247018
4.677112521297998 -0.8743038551499683
4.492540760669945 0.0
4.4160467169720095 0.8255021985443904
4.189169498791844 1.6228929097981102
3.8196351376853426 2.36501794945416
3.320027683112372 3.0266051393679323
2.7073606677253204 3.5851249212732874
2.0024977319201 4.021557573868083
1.2294421375856472 4.321040906611476
0.41451936580903076 4.473376373797555
-0.41451936580903015 4.473376373797556
-1.2294421375856468 4.321040906611476
-2.002497731920098 4.021557573868084
-2.7073606677253195 3.585124921273288
-3.320027683112373 3.026605139367932
-3.8196351376853417 2.3650179494541614
-4.189169498791843 1.622892909798112
-4.4160467169720095 0.8255021985443907
-4.492540760669945 5.501775662593464e-16
-4.4160467169720095 -0.8255021985443894
-4.189169498791845 -1.6228929097981093
-3.819635137685342 -2.3650179494541606
-3.320027683112372 -3.0266051393679323
-2.7073606677253235 -3.5851249212732847
-2.0024977319201023 -4.0215575738680815
-1.229442137585648 -4.321040906611476
-0.4145193658090303 -4.473376373797556
0.4145193658090326 -4.473376373797555
1.2294421375856464 -4.321040906611476
2.002497731920097 -4.021557573868084
2.707360667725319 -3.5851249212732883
3.3200276831123694 -3.0266051393679345
3.8196351376853412 -2.365017949454162
4.189169498791844 -1.6228929097981108
4.4160467169720095 -0.8255021985443892
5.105764338642971 0.0
5.018828998211408 0.9381817353106862
4.760983455667668 1.8444148168503338
4.341008331711435 2.687838563933891
3.773205375484397 3.439731192429715
3.0769104356562815 4.0744879006701895
2.2758350012892024 4.570492810262945
1.3972587355164467 4.910855068904119
0.47110049933281817 5.08398404809522
-0.4711004993328175 5.083984048095221
-1.3972587355164463 4.910855068904119
-2.2758350012892 4.570492810262946
-3.076910435656281 4.07448790067019
-3.7732053754843977 3.4397311924297145
-4.341008331711434 2.6878385639338926
-4.760983455667667 1.8444148168503358
-5.018828998211408 0.9381817353106863
-5.105764338642971 6.252757954519817e-16
-5.018828998211408 -0.9381817353106849
-4.7609834556676685 -1.8444148168503327
-4.341008331711435 -2.6878385639338918
-3.773205375484397 -3.439731192429715
-3.0769104356562855 -4.074487900670187
-2.2758350012892055 -4.570492810262944
-1.3972587355164474 -4.910855068904119
-0.47110049933281767 -5.083984048095221
0.4711004993328203 -5.08398404809522
1.3972587355164456 -4.910855068904119
2.2758350012891992 -4.570492810262946
3.07691043565628 -4.07448790067019
3.7732053754843937 -3.4397311924297176
4.341008331711433 -2.687838563933893
4.760983455667668 -1.8444148168503343
5.018828998211408 -0.9381817353106847
2.7083384055274324 0.0
2.6622237974742564 0.49765587609976464
2.5254503509836033 0.9783646782113867
2.302675721734044 1.4257564446256152
2.001486232535954 1.824595785324494
1.6321385302069993 2.1613007049155866
1.2072103077662493 2.424405121195258
0.7411719861836948 2.60494932882607
0.24989394154947137 2.696785111356065
-0.24989394154947103 2.6967851113560655
-0.7411719861836945 2.60494932882607
-1.2072103077662477 2.4244051211952584
-1.632138530206999 2.1613007049155866
-2.001486232535955 1.8245957853244938
-2.3026757217340434 1.4257564446256161
-2.525450350983603 0.9783646782113878
-2.6622237974742564 0.49765587609976475
-2.7083384055274324 3.3167579593370165e-16
-2.6622237974742564 -0.497655876099764
-2.5254503509836037 -0.9783646782113862
-2.302675721734044 -1.4257564446256155
-2.001486232535954 -1.824595785324494
-1.6321385302070015 -2.161300704915585
-1.2072103077662506 -2.424405121195257
-0.7411719861836952 -2.60494932882607
-0.2498939415494711 -2.6967851113560655
0.2498939415494725 -2.696785111356065
0.7411719861836943 -2.60494932882607
1.2072103077662475 -2.4244051211952584
1.6321385302069986 -2.161300704915587
2.0014862325359526 -1.8245957853244956
2.302675721734043 -1.4257564446256163
2.5254503509836033 -0.9783646782113871
2.6622237974742564 -0.4976558760997639
3.4908571760766645 0.0
3.431418698921871 0.6414433228706015
3.255127373508401 1.2610430627073137
2.967986589485071 1.8376994934979767
2.5797745818643834 2.3517752721151717
2.1037114449568786 2.7857641644840268
1.556008937915142 3.124887199387225
0.955318412719728 3.3575959486043887
0.32209566475728907 3.4759657947843077
-0.3220956647572886 3.475965794784308
-0.9553184127197275 3.3575959486043887
-1.5560089379151403 3.124887199387226
-2.103711444956878 2.7857641644840268
-2.5797745818643842 2.3517752721151712
-2.9679865894850703 1.8376994934979778
-3.255127373508401 1.261043062707315
-3.431418698921871 0.6414433228706016
-3.4908571760766645 4.2750670669628555e-16
-3.431418698921871 -0.6414433228706007
-3.2551273735084014 -1.261043062707313
-2.9679865894850708 -1.8376994934979771
-2.5797745818643834 -2.3517752721151717
-2.1037114449568812 -2.7857641644840245
-1.556008937915144 -3.1248871993872243
-0.9553184127197283 -3.3575959486043887
-0.32209566475728874 -3.475965794784308
0.3220956647572905 -3.4759657947843077
0.9553184127197272 -3.3575959486043887
1.55600893791514 -3.124887199387226
2.1037114449568777 -2.785764164484027
2.5797745818643816 -2.3517752721151735
2.96798658948507 -1.8376994934979782
3.255127373508401 -1.2610430627073141
3.431418698921871 -0.6414433228706005
5.59334425890798 0.0
5.498106943777933 1.0277743105564232
5.215638190929978 2.0205489996462647
4.7555571349584245 2.944516315934568
4.133531284417976 3.768211660641787
3.3707429836110117 4.4635850767175915
2.4931680732577832 5.006956456486009
1.530691314395277 5.379821939311162
0.5160886986829181 5.569484038378297
-0.5160886986829174 5.569484038378298
-1.5306913143952763 5.379821939311162
-2.49316807325778 5.0069564564860105
-3.370742983611011 4.463585076717592
-4.133531284417977 3.768211660641786
-4.755557134958423 2.9445163159345698
-5.215638190929978 2.020548999646267
-5.498106943777933 1.0277743105564234
-5.59334425890798 6.849871143200881e-16
-5.498106943777933 -1.0277743105564219
-5.215638190929979 -2.0205489996462633
-4.755557134958424 -2.944516315934569
-4.133531284417976 -3.768211660641787
-3.370742983611016 -4.463585076717589
-2.4931680732577863 -5.006956456486007
-1.5306913143952774 -5.379821939311162
-0.5160886986829175 -5.569484038378298
0.5160886986829204 -5.569484038378297
1.5306913143952756 -5.379821939311162
2.4931680732577797 -5.0069564564860105
3.3707429836110103 -4.463585076717593
4.133531284417972 -3.76821166064179
4.755557134958423 -2.9445163159345706
5.215638190929978 -2.020548999646265
5.498106943777933 -1.0277743105564217
5.784814883258524 0.0
5.6863174168942 1.0629569454568735
5.394179230883574 2.0897161670125497
4.918348740770105 3.045312610838903
4.2750297831988355 3.897204586153035
3.486129813693811 4.616381933467429
2.578513874535302 5.178353930777451
1.5830897379660154 5.563983295725826
0.533755379077157 5.760137882800683
-0.5337553790771563 5.760137882800683
-1.5830897379660147 5.563983295725826
-2.578513874535299 5.178353930777452
-3.4861298136938106 4.61638193346743
-4.275029783198836 3.8972045861530344
-4.918348740770104 3.045312610838905
-5.394179230883574 2.089716167012552
-5.6863174168942 1.0629569454568737
-5.784814883258524 7.0843550304425215e-16
-5.6863174168942 -1.0629569454568721
-5.394179230883575 -2.0897161670125484
-4.918348740770104 -3.0453126108389035
-4.2750297831988355 -3.897204586153035
-3.486129813693816 -4.6163819334674265
-2.578513874535305 -5.178353930777449
-1.583089737966016 -5.563983295725826
-0.5337553790771564 -5.760137882800683
0.5337553790771594 -5.760137882800683
1.583089737966014 -5.563983295725826
2.5785138745352985 -5.178353930777452
3.4861298136938097 -4.616381933467431
4.275029783198832 -3.8972045861530384
4.918348740770103 -3.0453126108389053
5.394179230883574 -2.0897161670125506
5.6863174168942 -1.062956945456872
4.946287677074762 0.0
4.862067729862465 0.9088779756445313
4.612275897517196 1.7868052019074694
4.205418541297192 2.6038849200560787
3.6553507004969092 3.3322924602679165
2.9808042757011464 3.9472227773896185
2.204750136377058 4.42773515699923
1.3536158754649772 4.757466326320222
0.4563858493972353 4.925187685850318
-0.4563858493972347 4.925187685850318
-1.3536158754649765 4.757466326320222
-2.204750136377055 4.427735156999231
-2.9808042757011455 3.947222777389619
-3.65535070049691 3.3322924602679156
-4.20541854129719 2.6038849200560805
-4.612275897517195 1.7868052019074712
-4.862067729862465 0.9088779756445315
-4.946287677074762 6.057455371391605e-16
-4.862067729862465 -0.9088779756445303
-4.612275897517197 -1.7868052019074683
-4.205418541297191 -2.603884920056079
-3.6553507004969092 -3.3322924602679165
-2.98080427570115 -3.947222777389616
-2.2047501363770605 -4.427735156999228
-1.3536158754649776 -4.757466326320222
-0.4563858493972348 -4.925187685850318
0.45638584939723736 -4.925187685850318
1.353615875464976 -4.757466326320222
2.2047501363770547 -4.427735156999231
2.980804275701145 -3.94722277738962
3.6553507004969066 -3.332292460267919
4.20541854129719 -2.603884920056081
4.612275897517196 -1.7868052019074698
4.862067729862465 -0.90887797564453
5.257149024394525 0.0
5.167636072009286 0.9659985983223471
4.9021454710880965 1.8991012729664436
4.469718185624449 2.76753233148059
3.885080008185442 3.5417183957353395
3.1681400907075568 4.195295487846335
2.343312962205848 4.706006823821058
1.4386871212703396 5.056460741643622
0.4850685159349815 5.2347229534657265
-0.48506851593498085 5.2347229534657265
-1.4386871212703392 5.056460741643622
-2.3433129622058453 4.706006823821059
-3.1681400907075563 4.1952954878463355
-3.8850800081854433 3.541718395735339
-4.469718185624448 2.767532331480592
-4.902145471088096 1.8991012729664456
-5.167636072009286 0.9659985983223472
-5.257149024394525 6.438150725365385e-16
-5.167636072009286 -0.9659985983223459
-4.902145471088097 -1.8991012729664423
-4.469718185624448 -2.7675323314805906
-3.885080008185442 -3.5417183957353395
-3.168140090707561 -4.195295487846332
-2.343312962205851 -4.706006823821056
-1.4386871212703403 -5.056460741643622
-0.485068515934981 -5.2347229534657265
0.4850685159349837 -5.2347229534657265
1.4386871212703385 -5.056460741643622
2.343312962205845 -4.706006823821059
3.168140090707556 -4.1952954878463355
3.885080008185439 -3.5417183957353426
4.469718185624447 -2.7675323314805924
4.9021454710880965 -1.899101272966444
5.167636072009286 -0.9659985983223457
5.343070212608272 0.0
5.252094288716277 0.98178657522685
4.9822645930148415 1.9301395861575577
4.5427698521660265 2.8127640084289456
3.948576532453596 3.5996031259318775
3.2199191747240223 4.263862076229294
2.38161133136661 4.782920317459614
1.46220057054746 5.139101943759482
0.4929963230146016 5.320277617038033
-0.49299632301460095 5.320277617038033
-1.4622005705474594 5.139101943759482
-2.3816113313666074 4.782920317459615
-3.219919174724022 4.263862076229294
-3.9485765324535973 3.5996031259318766
-4.542769852166025 2.8127640084289474
-4.982264593014841 1.9301395861575599
-5.252094288716277 0.9817865752268502
-5.343070212608272 6.543373833490289e-16
-5.252094288716277 -0.9817865752268489
-4.9822645930148415 -1.9301395861575565
-4.542769852166026 -2.8127640084289465
-3.948576532453596 -3.5996031259318775
-3.2199191747240263 -4.26386207622929
-2.381611331366613 -4.782920317459612
-1.4622005705474606 -5.139101943759482
-0.49299632301460106 -5.320277617038033
0.49299632301460383 -5.320277617038033
1.4622005705474588 -5.139101943759482
2.381611331366607 -4.782920317459615
3.219919174724021 -4.2638620762292945
3.9485765324535933 -3.59960312593188
4.542769852166025 -2.8127640084289482
4.9822645930148415 -1.9301395861575583
5.252094288716277 -0.9817865752268485
5.4783088635810815 0.0
5.385030244660089 1.006636612133267
5.108370879389094 1.9789934217678782
4.657752070636065 2.8839579839651774
4.048519101475394 3.690712815944896
3.3014186699774424 4.3717848494997344
2.4418923852886674 4.903980993382852
1.4992103841459938 5.269177946213229
0.5054745714758928 5.454939363767695
-0.5054745714758921 5.4549393637676955
-1.4992103841459932 5.269177946213229
-2.4418923852886647 4.903980993382853
-3.301418669977442 4.371784849499735
-4.048519101475396 3.6907128159448956
-4.657752070636064 2.883957983965179
-5.108370879389094 1.9789934217678802
-5.385030244660089 1.0066366121332673
-5.4783088635810815 6.708993414525145e-16
-5.385030244660089 -1.006636612133266
-5.108370879389095 -1.9789934217678768
-4.6577520706360644 -2.883957983965178
-4.048519101475394 -3.690712815944896
-3.301418669977447 -4.371784849499732
-2.4418923852886705 -4.90398099338285
-1.4992103841459945 -5.269177946213229
-0.5054745714758923 -5.4549393637676955
0.505474571475895 -5.454939363767695
1.4992103841459925 -5.269177946213229
2.441892385288664 -4.903980993382853
3.301418669977441 -4.371784849499735
4.048519101475391 -3.690712815944899
4.657752070636064 -2.8839579839651797
5.108370879389094 -1.9789934217678786
5.385030244660089 -1.0066366121332657
5.412055321529972 0.0
5.319904795065073 0.9944625557277359
5.04659129132676 1.9550598818465348
4.601422173881429 2.849079988524926
3.999557143102171 3.6460780932889096
3.2614919907546343 4.318913381574613
2.412360640390434 4.84467325461645
1.4810792417254206 5.205453590517443
0.49936146584220403 5.388968447646804
-0.49936146584220337 5.388968447646805
-1.4810792417254202 5.205453590517443
-2.4123606403904314 4.844673254616451
-3.261491990754634 4.318913381574614
-3.9995571431021717 3.646078093288909
-4.601422173881428 2.849079988524928
-5.04659129132676 1.9550598818465368
-5.319904795065073 0.9944625557277361
-5.412055321529972 6.62785622632008e-16
-5.319904795065073 -0.9944625557277347
-5.046591291326761 -1.9550598818465335
-4.601422173881429 -2.8490799885249265
-3.999557143102171 -3.6460780932889096
-3.2614919907546387 -4.31891338157461
-2.412360640390437 -4.844673254616448
-1.4810792417254213 -5.205453590517443
-0.4993614658422035 -5.388968447646805
0.4993614658422063 -5.388968447646804
1.4810792417254195 -5.205453590517443
2.412360640390431 -4.844673254616451
3.261491990754633 -4.318913381574615
3.9995571431021677 -3.6460780932889127
4.601422173881427 -2.8490799885249283
5.04659129132676 -1.9550598818465352
5.319904795065073 -0.9944625557277345
1.0 0.5 0.4 0.32000000000000006 0.25600000000000006 0.20480000000000007 0.16384000000000007 0.13107200000000005 0.10485760000000005 0.08388608000000004 0.06710886400000003 0.05368709120000003 0.042949672960000025 0.03435973836800002 0.027487790694400018 0.021990232555520017 0.017592186044416015 0.014073748835532814 