0.0 0.0
1.5042898918702663 0.0
9.211119005343198e-17 1.5042898918702663
-1.5042898918702663 1.8422238010686396e-16
-2.7633357016029594e-16 -1.5042898918702663
0.4060879685065841 0.0
2.4865716540191968e-17 0.4060879685065841
-0.4060879685065841 4.9731433080383935e-17
-7.45971496205759e-17 -0.4060879685065841
0.8086096536309917 0.0
4.9513061203942195e-17 0.8086096536309917
-0.8086096536309917 9.902612240788439e-17
-1.4853918361182657e-16 -0.8086096536309917
1.1307773368666014 0.0
6.92401423071026e-17 1.1307773368666014
-1.1307773368666014 1.384802846142052e-16
-2.0772042692130776e-16 -1.1307773368666014
1.857029863799463 0.0
1.1371028393115289e-16 1.857029863799463
-1.857029863799463 2.2742056786230577e-16
-3.4113085179345863e-16 -1.857029863799463
2.942229041104326 0.0
1.8015956887733996e-16 2.942229041104326
-2.942229041104326 3.603191377546799e-16
-5.404787066320198e-16 -2.942229041104326
2.214801492636677 0.0
1.3561747793521432e-16 2.214801492636677
-2.214801492636677 2.7123495587042865e-16
-4.0685243380564294e-16 -2.214801492636677
2.3927755127501364 0.0
1.4651524363838107e-16 2.3927755127501364
-2.3927755127501364 2.9303048727676214e-16
-4.395457309151432e-16 -2.3927755127501364
2.0509897446731866 0.0
1.2558690129490327e-16 2.0509897446731866
-2.0509897446731866 2.5117380258980654e-16
-3.7676070388470974e-16 -2.0509897446731866
2.539112517022173 0.0
1.5547580083230918e-16 2.539112517022173
-2.539112517022173 3.1095160166461835e-16
-4.664274024969275e-16 -2.539112517022173
2.658441013349906 0.0
1.6278256388605041e-16 2.658441013349906
-2.658441013349906 3.2556512777210083e-16
-4.883476916581513e-16 -2.658441013349906
2.7668476765271426 0.0
1.6942055753936283e-16 2.7668476765271426
-2.7668476765271426 3.3884111507872565e-16
-5.082616726180884e-16 -2.7668476765271426
3.143536907362127 0.0
1.9248612058012992e-16 3.143536907362127
-3.143536907362127 3.8497224116025984e-16
-5.774583617403897e-16 -3.143536907362127
3.255607971420933 0.0
1.9934849407396267e-16 3.255607971420933
-3.255607971420933 3.9869698814792533e-16
-5.980454822218879e-16 -3.255607971420933
3.357383858462487 0.0
2.0558046978875374e-16 3.357383858462487
-3.357383858462487 4.111609395775075e-16
-6.167414093662612e-16 -3.357383858462487
3.45375875830702 0.0
2.1148173041939146e-16 3.45375875830702
-3.45375875830702 4.229634608387829e-16
-6.344451912581743e-16 -3.45375875830702
3.5491253022604483 0.0
2.1732124705930702e-16 3.5491253022604483
-3.5491253022604483 4.3464249411861404e-16
-6.519637411779211e-16 -3.5491253022604483
3.6521225002354094 0.0
2.236280065003661e-16 3.6521225002354094
-3.6521225002354094 4.472560130007322e-16
-6.708840195010984e-16 -3.6521225002354094
1.0 0.5 0.4 0.32000000000000006 0.25600000000000006 0.20480000000000007 0.16384000000000007 0.13107200000000005 0.10485760000000005 0.08388608000000004 0.06710886400000003 0.05368709120000003 0.042949672960000025 0.03435973836800002 0.027487790694400018 0.021990232555520017 0.017592186044416015 0.014073748835532814 0.011258999068426251 