0.0 0.0
1.865028533406443 0.0
1.8395919750940466 0.3069736073179115
1.7639761431594618 0.6055737748486613
1.6402436403821012 0.8876554684145531
1.4717695668911692 1.145524234747204
1.2631494562323666 1.3721460861147634
1.020073921192425 1.5613393691710005
0.7491734287166061 1.707943384344221
0.457837438054771 1.807959156268645
0.15401283557592807 1.858658515407833
-0.15401283557592785 1.858658515407833
-0.4578374380547704 1.8079591562686452
-0.7491734287166059 1.707943384344221
-1.0200739211924252 1.5613393691710002
-1.2631494562323662 1.3721460861147639
-1.471769566891169 1.1455242347472043
-1.640243640382101 0.8876554684145533
-1.763976143159462 0.6055737748486608
-1.8395919750940466 0.30697360731791173
-1.865028533406443 2.284001223754683e-16
-1.8395919750940468 -0.3069736073179113
-1.763976143159462 -0.6055737748486612
-1.6402436403821017 -0.8876554684145522
-1.47176956689117 -1.1455242347472032
-1.2631494562323666 -1.3721460861147634
-1.020073921192425 -1.5613393691710005
-0.7491734287166051 -1.7079433843442215
-0.4578374380547708 -1.807959156268645
-0.1540128355759287 -1.858658515407833
0.15401283557592801 -1.858658515407833
0.4578374380547702 -1.8079591562686452
0.7491734287166045 -1.7079433843442218
1.0200739211924246 -1.561339369171001
1.2631494562323669 -1.3721460861147634
1.47176956689117 -1.1455242347472032
1.6402436403821006 -0.8876554684145543
1.7639761431594618 -0.6055737748486618
1.8395919750940468 -0.3069736073179112
2.949831274419286 0.0
2.9095994206543203 0.4855262700103375
2.790001279453517 0.9578086490473171
2.5942991763397476 1.4039645049590876
2.3278313545286484 1.8118238690378896
1.9978663615694567 2.1702614010416648
1.6134047823155597 2.46949985947426
1.1849337264324655 2.701376799246077
0.724140767383983 2.8595672218982098
0.24359513589536078 2.939756105072363
-0.2435951358953604 2.939756105072363
-0.724140767383982 2.85956722189821
-1.184933726432465 2.701376799246077
-1.6134047823155602 2.4694998594742597
-1.997866361569456 2.170261401041665
-2.327831354528648 1.8118238690378898
-2.5942991763397476 1.4039645049590879
-2.7900012794535174 0.9578086490473164
-2.9095994206543203 0.4855262700103379
-2.949831274419286 3.6125014282423364e-16
-2.9095994206543208 -0.48552627001033716
-2.7900012794535174 -0.957808649047317
-2.5942991763397485 -1.403964504959086
-2.3278313545286493 -1.8118238690378883
-1.9978663615694567 -2.1702614010416648
-1.6134047823155597 -2.46949985947426
-1.184933726432464 -2.7013767992460775
-0.7241407673839827 -2.8595672218982098
-0.24359513589536178 -2.939756105072363
0.2435951358953607 -2.939756105072363
0.7241407673839818 -2.85956722189821
1.1849337264324629 -2.701376799246078
1.6134047823155588 -2.469499859474261
1.9978663615694572 -2.1702614010416648
2.3278313545286493 -1.8118238690378883
2.5942991763397467 -1.4039645049590894
2.790001279453517 -0.957808649047318
2.9095994206543208 -0.485526270010337
3.734408361952308 0.0
3.6834758993333034 0.6146634142764867
3.532067816285517 1.2125604129194458
3.2843141306230765 1.7773819244070492
2.946972917045196 2.2937210902857057
2.5292459644753684 2.7474935241059955
2.0425277752468043 3.1263214967697515
1.5000947527820327 3.419871568713529
0.9167430559165364 3.620136459202626
0.30838499825642657 3.721653464076109
-0.30838499825642607 3.721653464076109
-0.9167430559165352 3.6201364592026266
-1.5000947527820323 3.419871568713529
-2.0425277752468047 3.126321496769751
-2.5292459644753675 2.7474935241059963
-2.9469729170451955 2.293721090285706
-3.284314130623076 1.7773819244070495
-3.5320678162855175 1.212560412919445
-3.6834758993333034 0.6146634142764872
-3.734408361952308 4.573331247174004e-16
-3.683475899333304 -0.6146634142764863
-3.5320678162855175 -1.2125604129194456
-3.2843141306230774 -1.7773819244070472
-2.9469729170451973 -2.2937210902857044
-2.5292459644753684 -2.7474935241059955
-2.0425277752468043 -3.1263214967697515
-1.5000947527820307 -3.4198715687135293
-0.916743055916536 -3.620136459202626
-0.30838499825642784 -3.721653464076109
0.30838499825642646 -3.721653464076109
0.9167430559165347 -3.6201364592026266
1.5000947527820296 -3.4198715687135297
2.042527775246803 -3.1263214967697524
2.529245964475369 -2.7474935241059955
2.9469729170451973 -2.2937210902857044
3.284314130623075 -1.7773819244070515
3.532067816285517 -1.2125604129194467
3.683475899333304 -0.6146634142764861
4.412279189813212 0.0
4.352101452640867 0.7262372854515141
4.173209732922243 1.4326647109152206
3.880483730435354 2.1000127777433293
3.4819082474483047 2.7100779703193427
2.9883553841282438 3.246219300511053
2.4132879759902504 3.6938122304469694
1.7723923628394787 4.040647591786127
1.0831505063125073 4.277264620003501
0.3643631275359681 4.3972090193838795
-0.36436312753596756 4.3972090193838795
-1.083150506312506 4.277264620003502
-1.7723923628394782 4.040647591786127
-2.413287975990251 3.693812230446969
-2.988355384128243 3.2462193005110542
-3.4819082474483043 2.710077970319343
-3.8804837304353534 2.1000127777433297
-4.173209732922244 1.4326647109152197
-4.352101452640867 0.7262372854515148
-4.412279189813212 5.403483586749227e-16
-4.352101452640868 -0.7262372854515137
-4.173209732922244 -1.4326647109152204
-3.880483730435355 -2.100012777743327
-3.4819082474483065 -2.710077970319341
-2.9883553841282438 -3.246219300511053
-2.4132879759902504 -3.6938122304469694
-1.7723923628394764 -4.0406475917861275
-1.0831505063125069 -4.277264620003501
-0.36436312753596967 -4.3972090193838795
0.364363127535968 -4.3972090193838795
1.0831505063125053 -4.277264620003502
1.7723923628394749 -4.040647591786128
2.413287975990249 -3.6938122304469703
2.988355384128244 -3.246219300511053
3.4819082474483065 -2.710077970319341
3.8804837304353526 -2.100012777743332
4.173209732922243 -1.432664710915222
4.352101452640868 -0.7262372854515134
1.0 0.5 0.4 0.32000000000000006 0.25600000000000006 