0.0 0.0
0.2809444745672752 0.0
-0.2809444745672752 3.4405775151694856e-17
0.6756277587319991 0.0
-0.6756277587319991 8.27405372146243e-17
1.021924782257832 0.0
-1.021924782257832 1.2514969135614097e-16
1.3253954874299754 0.0
-1.3253954874299754 1.6231413412854653e-16
1.5927290014852038 0.0
-1.5927290014852038 1.950530473578015e-16
1.829329552798152 0.0
-1.829329552798152 2.240282581419916e-16
2.038699162658245 0.0
-2.038699162658245 2.4966864039738086e-16
2.299937787126942 0.0
-2.299937787126942 2.8166114492430566e-16
2.6728739620107125 0.0
-2.6728739620107125 3.273326542100723e-16
2.872311345897471 0.0
-2.872311345897471 3.517566895907964e-16
0.05042687480080817 0.0
-0.05042687480080817 6.175511081581406e-18
2.435671571987254 0.0
-2.435671571987254 2.9828373944083927e-16
2.174251442705972 0.0
-2.174251442705972 2.662690069851383e-16
2.5549703064592433 0.0
-2.5549703064592433 3.128936207721844e-16
3.03399502819873 0.0
-3.03399502819873 3.7155722999125584e-16
3.1259150621415954 0.0
-3.1259150621415954 3.8281418752582044e-16
3.2137128033232814 0.0
-3.2137128033232814 3.935663097968724e-16
3.3722512786464196 0.0
-3.3722512786464196 4.129816734314907e-16
2.5002131202646067 0.0
-2.5002131202646067 3.061877994918267e-16
3.2899480993350485 0.0
-3.2899480993350485 4.0290244092115855e-16
2.7756990976624327 0.0
-2.7756990976624327 3.3992510153484947e-16
2.970601741367147 0.0
-2.970601741367147 3.6379379141068303e-16
1.0 0.5 0.4 0.32000000000000006 0.25600000000000006 0.20480000000000007 0.16384000000000007 0.13107200000000005 0.10485760000000005 0.08388608000000004 0.06710886400000003 0.05368709120000003 0.042949672960000025 0.03435973836800002 0.027487790694400018 0.021990232555520017 0.017592186044416015 0.014073748835532814 0.011258999068426251 0.009007199254741001 0.007205759403792801 0.0057646075230342415 0.0046116860184273935 