0.0 0.0
4.587934770116972 0.0
4.541236209412847 0.6529311948175784
4.402091175328879 1.2925705934067513
4.173332259497875 1.9058969821799483
3.8596163337599156 2.4804248045489987
3.467329749681003 3.004458330851893
3.004458330851893 3.467329749681003
2.480424804548999 3.859616333759915
1.9058969821799487 4.173332259497874
1.2925705934067517 4.402091175328879
0.6529311948175783 4.541236209412847
1.2996561449984672e-15 4.587934770116972
-0.6529311948175779 4.541236209412847
-1.2925705934067513 4.402091175328879
-1.905896982179948 4.173332259497875
-2.480424804548997 3.8596163337599165
-3.0044583308518926 3.467329749681003
-3.4673297496810025 3.0044583308518935
-3.859616333759915 2.4804248045489996
-4.173332259497874 1.9058969821799499
-4.402091175328879 1.2925705934067513
-4.541236209412847 0.6529311948175787
-4.587934770116972 2.5993122899969345e-15
-4.541236209412847 -0.6529311948175774
-4.402091175328879 -1.29257059340675
-4.173332259497874 -1.905896982179949
-3.8596163337599156 -2.4804248045489987
-3.467329749681004 -3.0044583308518926
-3.0044583308518935 -3.4673297496810025
-2.4804248045489983 -3.8596163337599156
-1.905896982179952 -4.173332259497873
-1.2925705934067515 -4.402091175328879
-0.6529311948175789 -4.541236209412847
-8.427899446380895e-16 -4.587934770116972
0.6529311948175772 -4.541236209412847
1.2925705934067497 -4.402091175328879
1.905896982179947 -4.173332259497875
2.480424804549 -3.8596163337599148
3.0044583308518904 -3.467329749681005
3.467329749681001 -3.004458330851895
3.8596163337599156 -2.4804248045489983
4.173332259497873 -1.9058969821799523
4.402091175328879 -1.2925705934067517
4.541236209412847 -0.6529311948175792
-2.874711755326656 -0.0
-2.8454513346494976 -0.4091141385416247
-2.7582657304029246 -0.8098998930102932
-2.6149297900668764 -1.1941984212156984
-2.4183614200398753 -1.554186513349019
-2.1725621854793027 -1.8825358499743527
-1.8825358499743527 -2.1725621854793027
-1.5541865133490194 -2.4183614200398753
-1.1941984212156986 -2.614929790066876
-0.8098998930102934 -2.7582657304029246
-0.4091141385416246 -2.8454513346494976
-8.143395634664535e-16 -2.874711755326656
0.40911413854162426 -2.8454513346494976
0.8098998930102932 -2.7582657304029246
1.1941984212156982 -2.6149297900668764
1.554186513349018 -2.418361420039876
1.8825358499743523 -2.1725621854793027
2.1725621854793027 -1.882535849974353
2.4183614200398753 -1.5541865133490196
2.6149297900668755 -1.1941984212156993
2.7582657304029246 -0.8098998930102932
2.8454513346494976 -0.40911413854162476
2.874711755326656 -1.628679126932907e-15
2.8454513346494976 0.40911413854162404
2.758265730402925 0.8098998930102923
2.614929790066876 1.1941984212156986
2.4183614200398753 1.554186513349019
2.172562185479303 1.8825358499743523
1.882535849974353 2.1725621854793027
1.5541865133490187 2.4183614200398753
1.1941984212157006 2.614929790066875
0.8098998930102933 2.7582657304029246
0.4091141385416249 2.8454513346494976
5.280759824448088e-16 2.874711755326656
-0.4091141385416239 2.8454513346494976
-0.8098998930102922 2.758265730402925
-1.1941984212156975 2.6149297900668764
-1.55418651334902 2.418361420039875
-1.8825358499743512 2.172562185479304
-2.1725621854793014 1.882535849974354
-2.4183614200398753 1.5541865133490187
-2.614929790066875 1.1941984212157009
-2.7582657304029246 0.8098998930102934
-2.8454513346494976 0.40911413854162515
3.963009453566619 0.0
3.922671731517078 0.5639950494598335
3.8024797250649995 1.1165087861400806
3.6048801968566235 1.6462936236799757
3.333895703456287 2.142564670560518
2.995042707694874 2.5952192793947395
2.5952192793947395 2.995042707694874
2.1425646705605184 3.3338957034562866
1.646293623679976 3.604880196856623
1.116508786140081 3.8024797250649995
0.5639950494598334 3.922671731517078
1.1226292105464171e-15 3.963009453566619
-0.5639950494598329 3.9226717315170783
-1.1165087861400806 3.8024797250649995
-1.6462936236799754 3.6048801968566235
-2.1425646705605166 3.333895703456288
-2.595219279394739 2.995042707694874
-2.9950427076948736 2.59521927939474
-3.3338957034562866 2.142564670560519
-3.6048801968566226 1.646293623679977
-3.8024797250649995 1.1165087861400806
-3.922671731517078 0.5639950494598336
-3.963009453566619 2.2452584210928343e-15
-3.9226717315170783 -0.5639950494598326
-3.802479725065 -1.1165087861400795
-3.604880196856623 -1.6462936236799761
-3.333895703456287 -2.142564670560518
-2.9950427076948745 -2.595219279394739
-2.59521927939474 -2.9950427076948736
-2.1425646705605175 -3.333895703456287
-1.6462936236799788 -3.6048801968566218
-1.1165087861400809 -3.8024797250649995
-0.5639950494598338 -3.922671731517078
-7.279930263451591e-16 -3.963009453566619
0.5639950494598324 -3.9226717315170783
1.1165087861400793 -3.802479725065
1.6462936236799743 -3.604880196856624
2.1425646705605192 -3.333895703456286
2.5952192793947373 -2.995042707694876
2.9950427076948722 -2.5952192793947413
3.333895703456287 -2.1425646705605175
3.6048801968566218 -1.646293623679979
3.8024797250649995 -1.116508786140081
3.922671731517078 -0.5639950494598341
3.4639879841007386 0.0
3.4287295810808183 0.49297688973789966
3.323672131429706 0.9759181916286908
3.150954301861631 1.4389926134535864
2.914092129309508 1.872773295380591
2.617907444552398 2.268429713645858
2.268429713645858 2.617907444552398
1.8727732953805911 2.9140921293095077
1.4389926134535866 3.1509543018616304
0.9759181916286911 3.323672131429706
0.49297688973789955 3.4287295810808183
9.812679332453973e-16 3.4639879841007386
-0.49297688973789916 3.4287295810808187
-0.9759181916286908 3.323672131429706
-1.4389926134535864 3.150954301861631
-1.8727732953805896 2.9140921293095086
-2.2684297136458578 2.617907444552398
-2.6179074445523978 2.2684297136458587
-2.9140921293095077 1.8727732953805916
-3.15095430186163 1.4389926134535878
-3.323672131429706 0.9759181916286908
-3.4287295810808183 0.4929768897378997
-3.4639879841007386 1.9625358664907946e-15
-3.4287295810808187 -0.4929768897378989
-3.3236721314297064 -0.9759181916286898
-3.1509543018616304 -1.4389926134535869
-2.914092129309508 -1.872773295380591
-2.6179074445523987 -2.2684297136458578
-2.2684297136458587 -2.6179074445523978
-1.8727732953805905 -2.914092129309508
-1.4389926134535893 -3.150954301861629
-0.9759181916286909 -3.323672131429706
-0.49297688973789994 -3.4287295810808183
-6.363242695520793e-16 -3.4639879841007386
0.49297688973789866 -3.4287295810808187
0.9759181916286895 -3.3236721314297064
1.4389926134535853 -3.1509543018616313
1.872773295380592 -2.9140921293095072
2.2684297136458564 -2.6179074445524
2.617907444552397 -2.26842971364586
2.914092129309508 -1.8727732953805905
3.150954301861629 -1.4389926134535893
3.323672131429706 -0.9759181916286911
3.4287295810808183 -0.4929768897379002
-1.4452783251860684 -0.0
-1.4305674757549336 -0.20568455110873973
-1.3867343979333613 -0.40718195790217027
-1.3146714067816399 -0.6003903142485152
-1.2158454969871126 -0.781376455179453
-1.0922684790828063 -0.9464560247865611
-0.9464560247865611 -1.0922684790828063
-0.7813764551794531 -1.2158454969871126
-0.6003903142485152 -1.3146714067816399
-0.40718195790217043 -1.3867343979333613
-0.2056845511087397 -1.4305674757549336
-4.094140284634598e-16 -1.4452783251860684
0.20568455110873954 -1.4305674757549338
0.40718195790217027 -1.3867343979333613
0.6003903142485151 -1.3146714067816399
0.7813764551794524 -1.215845496987113
0.946456024786561 -1.0922684790828063
1.0922684790828063 -0.9464560247865613
1.2158454969871126 -0.7813764551794533
1.3146714067816396 -0.6003903142485156
1.3867343979333613 -0.40718195790217027
1.4305674757549336 -0.20568455110873976
1.4452783251860684 -8.188280569269196e-16
1.4305674757549338 0.2056845511087394
1.3867343979333613 0.4071819579021699
1.3146714067816399 0.6003903142485153
1.2158454969871126 0.781376455179453
1.0922684790828066 0.946456024786561
0.9464560247865613 1.0922684790828063
0.7813764551794528 1.2158454969871126
0.6003903142485163 1.3146714067816392
0.4071819579021704 1.3867343979333613
0.20568455110873984 1.4305674757549336
2.654933212224249e-16 1.4452783251860684
-0.20568455110873934 1.4305674757549338
-0.4071819579021698 1.3867343979333613
-0.6003903142485146 1.31467140678164
-0.7813764551794534 1.2158454969871124
-0.9464560247865603 1.092268479082807
-1.0922684790828059 0.9464560247865618
-1.2158454969871126 0.7813764551794528
-1.3146714067816392 0.6003903142485164
-1.3867343979333613 0.40718195790217043
-1.4305674757549336 0.20568455110873998
2.558793771924582 0.0
2.5327489408023403 0.36415432182613616
2.4551446450901735 0.7208955117942386
2.327560684456472 1.062961348033196
2.1525943004179786 1.383388356553598
1.93380730399233 1.6756535674971562
1.6756535674971562 1.93380730399233
1.3833883565535983 2.152594300417978
1.0629613480331963 2.327560684456472
0.7208955117942388 2.4551446450901735
0.3641543218261361 2.5327489408023403
7.248472822949057e-16 2.558793771924582
-0.36415432182613583 2.5327489408023407
-0.7208955117942386 2.4551446450901735
-1.062961348033196 2.327560684456472
-1.3833883565535972 2.152594300417979
-1.675653567497156 1.93380730399233
-1.9338073039923296 1.6756535674971567
-2.152594300417978 1.3833883565535985
-2.3275606844564716 1.062961348033197
-2.4551446450901735 0.7208955117942386
-2.5327489408023403 0.3641543218261363
-2.558793771924582 1.4496945645898113e-15
-2.5327489408023407 -0.3641543218261356
-2.4551446450901735 -0.7208955117942378
-2.327560684456472 -1.0629613480331965
-2.1525943004179786 -1.383388356553598
-1.9338073039923303 -1.675653567497156
-1.6756535674971567 -1.9338073039923296
-1.3833883565535976 -2.1525943004179786
-1.062961348033198 -2.327560684456471
-0.7208955117942387 -2.4551446450901735
-0.3641543218261364 -2.5327489408023403
-4.700427903698433e-16 -2.558793771924582
0.36415432182613544 -2.5327489408023407
0.7208955117942377 -2.4551446450901735
1.0629613480331954 -2.3275606844564725
1.3833883565535987 -2.1525943004179777
1.6756535674971549 -1.9338073039923311
1.933807303992329 -1.6756535674971575
2.1525943004179786 -1.3833883565535976
2.327560684456471 -1.0629613480331983
2.4551446450901735 -0.7208955117942388
2.5327489408023403 -0.3641543218261366
1.9209746531241412 0.0
1.9014219009720619 0.27338319708644215
1.8431616821641599 0.5412011006522427
1.7473800067467664 0.7980017105038593
1.6160267134198367 1.0385573067765186
1.4517757764438886 1.2579708712351645
1.2579708712351645 1.4517757764438886
1.0385573067765188 1.6160267134198365
0.7980017105038594 1.7473800067467662
0.5412011006522429 1.8431616821641599
0.2733831970864421 1.9014219009720619
5.441678309335329e-16 1.9209746531241412
-0.27338319708644193 1.901421900972062
-0.5412011006522427 1.8431616821641599
-0.7980017105038592 1.7473800067467664
-1.038557306776518 1.616026713419837
-1.2579708712351643 1.4517757764438886
-1.4517757764438883 1.2579708712351647
-1.6160267134198365 1.038557306776519
-1.747380006746766 0.7980017105038599
-1.8431616821641599 0.5412011006522427
-1.9014219009720619 0.2733831970864422
-1.9209746531241412 1.0883356618670658e-15
-1.901421900972062 -0.27338319708644176
-1.84316168216416 -0.5412011006522423
-1.7473800067467662 -0.7980017105038595
-1.6160267134198367 -1.0385573067765186
-1.4517757764438888 -1.2579708712351643
-1.2579708712351647 -1.4517757764438883
-1.0385573067765184 -1.6160267134198367
-0.7980017105038608 -1.7473800067467655
-0.5412011006522428 -1.8431616821641599
-0.2733831970864423 -1.9014219009720619
-3.5287731902875146e-16 -1.9209746531241412
0.27338319708644165 -1.901421900972062
0.5412011006522421 -1.84316168216416
0.7980017105038586 -1.7473800067467666
1.0385573067765193 -1.6160267134198363
1.2579708712351634 -1.4517757764438894
1.4517757764438877 -1.2579708712351654
1.6160267134198367 -1.0385573067765184
1.7473800067467655 -0.7980017105038609
1.8431616821641599 -0.5412011006522429
1.9014219009720619 -0.2733831970864425
0.878240738153019 0.0
0.8693015137571959 0.12498668861525745
0.8426658173998313 0.24742900868215456
0.7988758750477558 0.36483438765862264
0.7388231236474916 0.4748127905978556
0.6637300640397137 0.575125374367535
0.575125374367535 0.6637300640397137
0.4748127905978557 0.7388231236474915
0.3648343876586227 0.7988758750477557
0.24742900868215467 0.8426658173998313
0.12498668861525743 0.8693015137571959
2.4878535317525014e-16 0.878240738153019
-0.12498668861525733 0.869301513757196
-0.24742900868215456 0.8426658173998313
-0.3648343876586226 0.7988758750477558
-0.4748127905978553 0.7388231236474917
-0.5751253743675349 0.6637300640397137
-0.6637300640397136 0.5751253743675351
-0.7388231236474915 0.47481279059785575
-0.7988758750477556 0.36483438765862297
-0.8426658173998313 0.24742900868215456
-0.8693015137571959 0.12498668861525748
-0.878240738153019 4.975707063505003e-16
-0.869301513757196 -0.12498668861525726
-0.8426658173998314 -0.2474290086821543
-0.7988758750477557 -0.36483438765862275
-0.7388231236474916 -0.4748127905978556
-0.6637300640397138 -0.5751253743675349
-0.5751253743675351 -0.6637300640397136
-0.47481279059785547 -0.7388231236474916
-0.36483438765862336 -0.7988758750477554
-0.24742900868215462 -0.8426658173998313
-0.12498668861525752 -0.8693015137571959
-1.613302063289855e-16 -0.878240738153019
0.12498668861525722 -0.869301513757196
0.24742900868215428 -0.8426658173998314
0.36483438765862236 -0.7988758750477559
0.47481279059785586 -0.7388231236474914
0.5751253743675344 -0.663730064039714
0.6637300640397132 -0.5751253743675353
0.7388231236474916 -0.47481279059785547
0.7988758750477554 -0.3648343876586234
0.8426658173998313 -0.24742900868215467
0.8693015137571959 -0.12498668861525761
2.3451590596596237 0.0
2.321288721872421 0.33375093230058883
2.250163639751791 0.6607076580777487
2.1332317148619095 0.9742142812599942
1.9728733439897093 1.2678887110777795
1.772352961130793 1.535752583027136
1.535752583027136 1.772352961130793
1.2678887110777797 1.972873343989709
0.9742142812599943 2.1332317148619095
0.6607076580777489 2.250163639751791
0.3337509323005887 2.321288721872421
6.643294936836579e-16 2.3451590596596237
-0.3337509323005885 2.3212887218724214
-0.6607076580777487 2.250163639751791
-0.9742142812599941 2.1332317148619095
-1.2678887110777786 1.9728733439897097
-1.5357525830271355 1.772352961130793
-1.7723529611307929 1.5357525830271361
-1.972873343989709 1.26788871107778
-2.133231714861909 0.974214281259995
-2.250163639751791 0.6607076580777487
-2.321288721872421 0.3337509323005889
-2.3451590596596237 1.3286589873673157e-15
-2.3212887218724214 -0.3337509323005883
-2.2501636397517912 -0.660707658077748
-2.1332317148619095 -0.9742142812599944
-1.9728733439897093 -1.2678887110777795
-1.7723529611307933 -1.5357525830271355
-1.5357525830271361 -1.7723529611307929
-1.2678887110777792 -1.9728733439897093
-0.974214281259996 -2.1332317148619087
-0.6607076580777488 -2.250163639751791
-0.333750932300589 -2.321288721872421
-4.307987303855362e-16 -2.3451590596596237
0.33375093230058817 -2.3212887218724214
0.6607076580777479 -2.2501636397517912
0.9742142812599934 -2.13323171486191
1.2678887110777801 -1.9728733439897088
1.5357525830271346 -1.7723529611307942
1.7723529611307922 -1.5357525830271368
1.9728733439897093 -1.2678887110777792
2.1332317148619087 -0.9742142812599962
2.250163639751791 -0.6607076580777489
2.321288721872421 -0.3337509323005892
2.1846911846084 0.0
2.1624541784136495 0.3109139726146162
2.0961958411492927 0.6154986333486564
1.9872650014887656 0.907553516859205
1.837879177196955 1.1811332279347233
1.6510794328632987 1.4306684725964511
1.4306684725964511 1.6510794328632987
1.1811332279347235 1.8378791771969547
0.9075535168592052 1.9872650014887654
0.6154986333486566 2.0961958411492927
0.3109139726146161 2.1624541784136495
6.188726442873766e-16 2.1846911846084
-0.3109139726146159 2.1624541784136495
-0.6154986333486564 2.0961958411492927
-0.9075535168592049 1.9872650014887656
-1.1811332279347224 1.8378791771969554
-1.430668472596451 1.6510794328632987
-1.6510794328632983 1.4306684725964514
-1.8378791771969547 1.1811332279347238
-1.9872650014887652 0.9075535168592058
-2.0961958411492927 0.6154986333486564
-2.1624541784136495 0.31091397261461623
-2.1846911846084 1.2377452885747533e-15
-2.1624541784136495 -0.31091397261461573
-2.0961958411492927 -0.6154986333486557
-1.9872650014887654 -0.9075535168592053
-1.837879177196955 -1.1811332279347233
-1.651079432863299 -1.430668472596451
-1.4306684725964514 -1.6510794328632983
-1.1811332279347229 -1.837879177196955
-0.9075535168592067 -1.9872650014887645
-0.6154986333486565 -2.0961958411492927
-0.3109139726146164 -2.1624541784136495
-4.013212599534174e-16 -2.1846911846084
0.31091397261461556 -2.1624541784136495
0.6154986333486556 -2.0961958411492927
0.9075535168592044 -1.9872650014887658
1.181133227934724 -1.8378791771969543
1.43066847259645 -1.6510794328632996
1.6510794328632976 -1.4306684725964522
1.837879177196955 -1.1811332279347229
1.9872650014887645 -0.9075535168592069
2.0961958411492927 -0.6154986333486566
2.1624541784136495 -0.31091397261461656
4.2166719611913 0.0
4.1737523205652725 0.6000949882084359
4.045867118800315 1.1879737729879907
3.8356197298138923 1.7516688375829734
3.5472901841423665 2.279704976040562
3.18674803986186 2.7613328953122394
2.7613328953122394 3.18674803986186
2.2797049760405623 3.5472901841423656
1.7516688375829736 3.835619729813892
1.1879737729879911 4.045867118800315
0.6000949882084358 4.1737523205652725
1.194485950737545e-15 4.2166719611913
-0.6000949882084353 4.173752320565273
-1.1879737729879907 4.045867118800315
-1.7516688375829732 3.8356197298138923
-2.2797049760405605 3.5472901841423674
-2.761332895312239 3.18674803986186
-3.1867480398618597 2.76133289531224
-3.5472901841423656 2.2797049760405628
-3.8356197298138914 1.751668837582975
-4.045867118800315 1.1879737729879907
-4.1737523205652725 0.600094988208436
-4.2166719611913 2.38897190147509e-15
-4.173752320565273 -0.600094988208435
-4.045867118800315 -1.1879737729879893
-3.835619729813892 -1.751668837582974
-3.5472901841423665 -2.279704976040562
-3.1867480398618606 -2.761332895312239
-2.76133289531224 -3.1867480398618597
-2.2797049760405614 -3.5472901841423665
-1.7516688375829768 -3.8356197298138905
-1.187973772987991 -4.045867118800315
-0.6000949882084362 -4.1737523205652725
-7.745900730490976e-16 -4.2166719611913
0.6000949882084348 -4.173752320565273
1.1879737729879891 -4.045867118800315
1.751668837582972 -3.8356197298138928
2.279704976040563 -3.547290184142365
2.761332895312237 -3.186748039861862
3.1867480398618584 -2.761332895312241
3.5472901841423665 -2.2797049760405614
3.8356197298138905 -1.751668837582977
4.045867118800315 -1.1879737729879911
4.1737523205652725 -0.6000949882084367
5.534530473232378 0.0
5.478196933148833 0.7876458092166342
5.310343101321785 1.5592574211405656
5.034385997716755 2.2991270484971644
4.655943313168567 2.992193079281268
4.1827190493960416 3.624346687743501
3.624346687743501 4.1827190493960416
2.9921930792812685 4.655943313168566
2.299127048497165 5.034385997716755
1.559257421140566 5.310343101321785
0.787645809216634 5.478196933148833
1.5678048838158059e-15 5.534530473232378
-0.7876458092166334 5.478196933148833
-1.5592574211405656 5.310343101321785
-2.2991270484971644 5.034385997716755
-2.9921930792812663 4.655943313168568
-3.6243466877435004 4.1827190493960416
-4.182719049396041 3.6243466877435018
-4.655943313168566 2.992193079281269
-5.034385997716754 2.2991270484971666
-5.310343101321785 1.5592574211405656
-5.478196933148833 0.7876458092166343
-5.534530473232378 3.1356097676316117e-15
-5.478196933148833 -0.787645809216633
-5.310343101321786 -1.559257421140564
-5.034385997716755 -2.2991270484971653
-4.655943313168567 -2.992193079281268
-4.1827190493960416 -3.6243466877435004
-3.6243466877435018 -4.182719049396041
-2.992193079281267 -4.655943313168567
-2.299127048497169 -5.034385997716753
-1.5592574211405659 -5.310343101321785
-0.7876458092166346 -5.478196933148833
-1.0166767543241276e-15 -5.534530473232378
0.7876458092166326 -5.478196933148833
1.5592574211405636 -5.310343101321786
2.2991270484971627 -5.034385997716756
2.99219307928127 -4.6559433131685655
3.6243466877434978 -4.182719049396043
4.182719049396039 -3.6243466877435035
4.655943313168567 -2.992193079281267
5.034385997716753 -2.2991270484971693
5.310343101321785 -1.559257421140566
5.478196933148833 -0.7876458092166351
0.4547977322883822 0.0
0.4501685471378649 0.06472446571767795
0.43637522854650995 0.12813132796328996
0.4136985687041912 0.18892980587180674
0.3826001990112113 0.24588221776134297
0.3437131925942268 0.2978291767630213
0.2978291767630213 0.3437131925942268
0.24588221776134303 0.3826001990112113
0.18892980587180677 0.41369856870419114
0.12813132796329002 0.43637522854650995
0.06472446571767794 0.4501685471378649
1.2883371214209609e-16 0.4547977322883822
-0.06472446571767788 0.45016854713786497
-0.12813132796328996 0.43637522854650995
-0.18892980587180672 0.4136985687041912
-0.24588221776134284 0.3826001990112114
-0.29782917676302123 0.3437131925942268
-0.3437131925942267 0.29782917676302134
-0.3826001990112113 0.24588221776134309
-0.41369856870419114 0.18892980587180688
-0.43637522854650995 0.12813132796328996
-0.4501685471378649 0.06472446571767797
-0.4547977322883822 2.5766742428419217e-16
-0.45016854713786497 -0.06472446571767784
-0.43637522854651 -0.12813132796328983
-0.41369856870419114 -0.1889298058718068
-0.3826001990112113 -0.24588221776134297
-0.34371319259422684 -0.29782917676302123
-0.29782917676302134 -0.3437131925942267
-0.24588221776134292 -0.3826001990112113
-0.1889298058718071 -0.413698568704191
-0.12813132796329 -0.43637522854650995
-0.06472446571767798 -0.4501685471378649
-8.354498806596631e-17 -0.4547977322883822
0.06472446571767783 -0.45016854713786497
0.1281313279632898 -0.43637522854651
0.18892980587180658 -0.41369856870419125
0.24588221776134314 -0.38260019901121123
0.297829176763021 -0.34371319259422695
0.34371319259422656 -0.29782917676302145
0.3826001990112113 -0.24588221776134292
0.413698568704191 -0.1889298058718071
0.43637522854650995 -0.12813132796329002
0.4501685471378649 -0.06472446571767802
1.1793126213574938 0.0
1.1673089193004569 0.1678336849821357
1.1315421738874096 0.33225076013041555
1.0727404929121849 0.489904167934512
0.9921009090293927 0.637584539646419
0.8912650116215305 0.7722855287731065
0.7722855287731065 0.8912650116215305
0.6375845396464191 0.9921009090293926
0.4899041679345121 1.0727404929121847
0.3322507601304157 1.1315421738874096
0.16783368498213566 1.1673089193004569
3.340720764394042e-16 1.1793126213574938
-0.16783368498213552 1.167308919300457
-0.33225076013041555 1.1315421738874096
-0.4899041679345119 1.0727404929121849
-0.6375845396464187 0.9921009090293931
-0.7722855287731064 0.8912650116215305
-0.8912650116215304 0.7722855287731066
-0.9921009090293926 0.6375845396464194
-1.0727404929121844 0.4899041679345124
-1.1315421738874096 0.33225076013041555
-1.1673089193004569 0.16783368498213572
-1.1793126213574938 6.681441528788084e-16
-1.167308919300457 -0.16783368498213544
-1.1315421738874096 -0.3322507601304152
-1.0727404929121847 -0.48990416793451214
-0.9921009090293927 -0.637584539646419
-0.8912650116215306 -0.7722855287731064
-0.7722855287731066 -0.8912650116215304
-0.6375845396464189 -0.9921009090293927
-0.4899041679345129 -1.0727404929121842
-0.3322507601304156 -1.1315421738874096
-0.1678336849821358 -1.1673089193004569
-2.1663621404092938e-16 -1.1793126213574938
0.16783368498213536 -1.167308919300457
0.33225076013041516 -1.1315421738874096
0.48990416793451164 -1.0727404929121849
0.6375845396464195 -0.9921009090293925
0.7722855287731059 -0.891265011621531
0.8912650116215299 -0.7722855287731071
0.9921009090293927 -0.6375845396464189
1.0727404929121842 -0.48990416793451297
1.1315421738874096 -0.3322507601304157
1.1673089193004569 -0.16783368498213588
4.336236380992224 0.0
4.292099746970281 0.6171107792756436
4.160588339493596 1.221658962685767
3.9443793515708125 1.8013376925891376
3.6478741747008043 2.344346381700338
3.2771087992343224 2.8396309390168146
2.8396309390168146 3.2771087992343224
2.3443463817003383 3.647874174700804
1.8013376925891378 3.944379351570812
1.2216589626857675 4.160588339493596
0.6171107792756435 4.292099746970281
1.2283557942953875e-15 4.336236380992224
-0.6171107792756431 4.292099746970281
-1.221658962685767 4.160588339493596
-1.8013376925891371 3.9443793515708125
-2.3443463817003365 3.647874174700805
-2.839630939016814 3.2771087992343224
-3.277108799234322 2.839630939016815
-3.647874174700804 2.3443463817003387
-3.9443793515708117 1.801337692589139
-4.160588339493596 1.221658962685767
-4.292099746970281 0.6171107792756437
-4.336236380992224 2.456711588590775e-15
-4.292099746970281 -0.6171107792756426
-4.160588339493596 -1.221658962685766
-3.944379351570812 -1.801337692589138
-3.6478741747008043 -2.344346381700338
-3.277108799234323 -2.839630939016814
-2.839630939016815 -3.277108799234322
-2.3443463817003374 -3.6478741747008043
-1.801337692589141 -3.9443793515708108
-1.2216589626857672 -4.160588339493596
-0.617110779275644 -4.292099746970281
-7.965537006492644e-16 -4.336236380992224
0.6171107792756424 -4.292099746970281
1.2216589626857657 -4.160588339493596
1.801337692589136 -3.944379351570813
2.3443463817003396 -3.6478741747008034
2.8396309390168124 -3.2771087992343246
3.2771087992343206 -2.839630939016817
3.6478741747008043 -2.3443463817003374
3.9443793515708108 -1.8013376925891411
4.160588339493596 -1.2216589626857675
4.292099746970281 -0.6171107792756443
2.074567105218871 0.0
2.0534510033664954 0.29524168206630097
1.9905325607492743 0.5844730948924358
1.8870926154170888 0.8618063209877831
1.745236906360732 1.121595655632023
1.5678532067385076 1.3585525371423754
1.3585525371423754 1.5678532067385076
1.1215956556320232 1.7452369063607318
0.8618063209877832 1.8870926154170886
0.584473094892436 1.9905325607492743
0.2952416820663009 2.0534510033664954
5.876770315199241e-16 2.074567105218871
-0.29524168206630064 2.053451003366496
-0.5844730948924358 1.9905325607492743
-0.861806320987783 1.8870926154170888
-1.1215956556320223 1.7452369063607325
-1.3585525371423752 1.5678532067385076
-1.5678532067385074 1.3585525371423757
-1.7452369063607318 1.1215956556320235
-1.8870926154170884 0.8618063209877838
-1.9905325607492743 0.5844730948924358
-2.0534510033664954 0.295241682066301
-2.074567105218871 1.1753540630398482e-15
-2.053451003366496 -0.29524168206630047
-1.9905325607492745 -0.5844730948924352
-1.8870926154170886 -0.8618063209877833
-1.745236906360732 -1.121595655632023
-1.5678532067385078 -1.3585525371423752
-1.3585525371423757 -1.5678532067385074
-1.1215956556320228 -1.745236906360732
-0.8618063209877846 -1.887092615417088
-0.5844730948924359 -1.9905325607492743
-0.29524168206630114 -2.0534510033664954
-3.810917947534021e-16 -2.074567105218871
0.29524168206630036 -2.053451003366496
0.584473094892435 -1.9905325607492745
0.8618063209877824 -1.887092615417089
1.1215956556320237 -1.7452369063607316
1.3585525371423741 -1.5678532067385085
1.5678532067385065 -1.3585525371423763
1.745236906360732 -1.1215956556320228
1.887092615417088 -0.8618063209877848
1.9905325607492743 -0.584473094892436
2.0534510033664954 -0.2952416820663013
3.7223571668389797 0.0
3.684468938076382 0.5297466581940933
3.571575546865568 1.048709202090566
3.385975177093933 1.5463230508600796
3.131446117062758 2.0124582215415283
2.8131698444330815 2.4376255462826664
2.4376255462826664 2.8131698444330815
2.0124582215415283 3.1314461170627577
1.5463230508600798 3.3859751770939326
1.0487092020905664 3.571575546865568
0.5297466581940932 3.684468938076382
1.0544579659832484e-15 3.7223571668389797
-0.5297466581940927 3.6844689380763826
-1.048709202090566 3.571575546865568
-1.5463230508600794 3.385975177093933
-2.012458221541527 3.131446117062759
-2.437625546282666 2.8131698444330815
-2.813169844433081 2.437625546282667
-3.1314461170627577 2.0124582215415288
-3.385975177093932 1.546323050860081
-3.571575546865568 1.048709202090566
-3.684468938076382 0.5297466581940934
-3.7223571668389797 2.108915931966497e-15
-3.6844689380763826 -0.5297466581940925
-3.5715755468655686 -1.0487092020905648
-3.3859751770939326 -1.54632305086008
-3.131446117062758 -2.0124582215415283
-2.813169844433082 -2.437625546282666
-2.437625546282667 -2.813169844433081
-2.012458221541528 -3.131446117062758
-1.5463230508600825 -3.3859751770939317
-1.0487092020905662 -3.571575546865568
-0.5297466581940936 -3.684468938076382
-6.83785918447885e-16 -3.7223571668389797
0.5297466581940923 -3.6844689380763826
1.0487092020905646 -3.5715755468655686
1.5463230508600785 -3.3859751770939335
2.012458221541529 -3.131446117062757
2.437625546282664 -2.8131698444330833
2.81316984443308 -2.437625546282668
3.131446117062758 -2.012458221541528
3.3859751770939317 -1.5463230508600827
3.571575546865568 -1.0487092020905664
3.684468938076382 -0.529746658194094
1.0831423125995336 0.0
1.0721174856195184 0.1541472230445547
1.03926743836381 0.3051564531518057
0.9852609030628213 0.44995357787142853
0.9111972970332933 0.5855909453045582
0.8185843417121845 0.7093073697961241
0.7093073697961241 0.8185843417121845
0.5855909453045584 0.9111972970332932
0.4499535778714286 0.9852609030628212
0.30515645315180584 1.03926743836381
0.15414722304455467 1.0721174856195184
3.0682924518605224e-16 1.0831423125995336
-0.15414722304455455 1.0721174856195184
-0.3051564531518057 1.03926743836381
-0.4499535778714285 0.9852609030628213
-0.5855909453045579 0.9111972970332936
-0.7093073697961239 0.8185843417121845
-0.8185843417121844 0.7093073697961242
-0.9111972970332932 0.5855909453045585
-0.9852609030628211 0.4499535778714289
-1.03926743836381 0.3051564531518057
-1.0721174856195184 0.15414722304455472
-1.0831423125995336 6.136584903721045e-16
-1.0721174856195184 -0.15414722304455444
-1.03926743836381 -0.3051564531518054
-0.9852609030628212 -0.44995357787142864
-0.9111972970332933 -0.5855909453045582
-0.8185843417121846 -0.7093073697961239
-0.7093073697961242 -0.8185843417121844
-0.5855909453045581 -0.9111972970332933
-0.44995357787142937 -0.9852609030628209
-0.3051564531518058 -1.03926743836381
-0.15414722304455478 -1.0721174856195184
-1.989700149219121e-16 -1.0831423125995336
0.1541472230445544 -1.0721174856195184
0.30515645315180534 -1.03926743836381
0.4499535778714282 -0.9852609030628214
0.5855909453045586 -0.9111972970332931
0.7093073697961234 -0.818584341712185
0.818584341712184 -0.7093073697961245
0.9111972970332933 -0.5855909453045581
0.9852609030628209 -0.4499535778714295
1.03926743836381 -0.30515645315180584
1.0721174856195184 -0.15414722304455486
3.2605666217614724 0.0
3.227378754900782 0.46402701145525566
3.128490763582091 0.9186077711006824
2.9659157221392296 1.3544883255725588
2.7429631895882682 1.7627954037575586
2.4641718365499345 2.1352170510042168
2.1352170510042168 2.4641718365499345
1.762795403757559 2.7429631895882682
1.354488325572559 2.965915722139229
0.9186077711006827 3.128490763582091
0.46402701145525554 3.227378754900782
9.236433511981144e-16 3.2605666217614724
-0.46402701145525516 3.2273787549007826
-0.9186077711006824 3.128490763582091
-1.3544883255725586 2.9659157221392296
-1.7627954037575575 2.742963189588269
-2.1352170510042163 2.4641718365499345
-2.464171836549934 2.1352170510042168
-2.7429631895882682 1.7627954037575593
-2.9659157221392287 1.35448832557256
-3.128490763582091 0.9186077711006824
-3.227378754900782 0.4640270114552557
-3.2605666217614724 1.8472867023962288e-15
-3.2273787549007826 -0.46402701145525493
-3.1284907635820915 -0.9186077711006815
-2.965915722139229 -1.3544883255725593
-2.7429631895882682 -1.7627954037575586
-2.464171836549935 -2.1352170510042163
-2.1352170510042168 -2.464171836549934
-1.7627954037575582 -2.7429631895882682
-1.3544883255725613 -2.9659157221392283
-0.9186077711006825 -3.128490763582091
-0.46402701145525593 -3.227378754900782
-5.989563715120328e-16 -3.2605666217614724
0.4640270114552547 -3.2273787549007826
0.9186077711006813 -3.1284907635820915
1.3544883255725577 -2.96591572213923
1.7627954037575597 -2.742963189588268
2.135217051004215 -2.464171836549936
2.464171836549933 -2.135217051004218
2.7429631895882682 -1.7627954037575582
2.9659157221392283 -1.3544883255725615
3.128490763582091 -0.9186077711006827
3.227378754900782 -0.46402701145525616
-4.1584033605379105 -0.0
-4.11607681025015 -0.5918025017300382
-3.9899588058910385 -1.171557611142339
-3.7826167463350346 -1.727463186084944
-3.4982715179895734 -2.24820259215132
-3.142711569719843 -2.723175076722396
-2.723175076722396 -3.142711569719843
-2.2482025921513205 -3.498271517989573
-1.7274631860849443 -3.782616746335034
-1.1715576111423396 -3.9899588058910385
-0.5918025017300381 -4.11607681025015
-1.1779797995618804e-15 -4.1584033605379105
0.5918025017300376 -4.116076810250151
1.171557611142339 -3.9899588058910385
1.7274631860849439 -3.7826167463350346
2.2482025921513187 -3.4982715179895743
2.7231750767223954 -3.142711569719843
3.1427115697198427 -2.7231750767223963
3.498271517989573 -2.248202592151321
3.7826167463350338 -1.7274631860849454
3.9899588058910385 -1.171557611142339
4.11607681025015 -0.5918025017300383
4.1584033605379105 -2.3559595991237607e-15
4.116076810250151 0.5918025017300372
3.989958805891039 1.1715576111423378
3.782616746335034 1.7274631860849445
3.4982715179895734 2.24820259215132
3.1427115697198436 2.7231750767223954
2.7231750767223963 3.1427115697198427
2.2482025921513196 3.4982715179895734
1.7274631860849474 3.7826167463350324
1.1715576111423394 3.9899588058910385
0.5918025017300386 4.11607681025015
7.638863047569523e-16 4.1584033605379105
-0.591802501730037 4.116076810250151
-1.1715576111423376 3.989958805891039
-1.7274631860849428 3.782616746335035
-2.2482025921513213 3.4982715179895725
-2.7231750767223937 3.142711569719845
-3.1427115697198413 2.723175076722398
-3.4982715179895734 2.2482025921513196
-3.7826167463350324 1.7274631860849476
-3.9899588058910385 1.1715576111423396
-4.11607681025015 0.5918025017300389
1.7386976326522847 0.0
1.7210001977468488 0.24744247239705364
1.6682681617700277 0.489847729621269
1.5815749969076753 0.722281099674598
1.4626855259939457 0.9400109094252435
1.3140199958077208 1.138604807827605
1.138604807827605 1.3140199958077208
0.9400109094252437 1.4626855259939457
0.722281099674598 1.5815749969076751
0.4898477296212692 1.6682681617700277
0.24744247239705358 1.7210001977468488
4.925329534519988e-16 1.7386976326522847
-0.24744247239705341 1.721000197746849
-0.489847729621269 1.6682681617700277
-0.7222810996745979 1.5815749969076753
-0.9400109094252429 1.4626855259939462
-1.1386048078276048 1.3140199958077208
-1.3140199958077206 1.138604807827605
-1.4626855259939457 0.9400109094252439
-1.581574996907675 0.7222810996745985
-1.6682681617700277 0.489847729621269
-1.7210001977468488 0.2474424723970537
-1.7386976326522847 9.850659069039976e-16
-1.721000197746849 -0.24744247239705325
-1.668268161770028 -0.48984772962126855
-1.5815749969076751 -0.7222810996745981
-1.4626855259939457 -0.9400109094252435
-1.3140199958077208 -1.1386048078276048
-1.138604807827605 -1.3140199958077206
-0.9400109094252432 -1.4626855259939457
-0.7222810996745993 -1.5815749969076744
-0.4898477296212691 -1.6682681617700277
-0.24744247239705378 -1.7210001977468488
-3.1939357357690513e-16 -1.7386976326522847
0.24744247239705316 -1.721000197746849
0.48984772962126844 -1.668268161770028
0.7222810996745973 -1.5815749969076756
0.940010909425244 -1.4626855259939455
1.1386048078276039 -1.3140199958077214
1.3140199958077199 -1.1386048078276056
1.4626855259939457 -0.9400109094252432
1.5815749969076744 -0.7222810996745994
1.6682681617700277 -0.4898477296212692
1.7210001977468488 -0.24744247239705394
-3.322397392425117 -0.0
-3.28858017747168 -0.4728264475825648
-3.1878169535870273 -0.9360275122112269
-3.0221589694323083 -1.3801737559717133
-2.794978543846734 -1.7962236421530609
-2.5109004151609797 -2.1757075948614135
-2.1757075948614135 -2.5109004151609797
-1.7962236421530613 -2.7949785438467334
-1.3801737559717135 -3.022158969432308
-0.9360275122112274 -3.1878169535870273
-0.4728264475825647 -3.28858017747168
-9.41158583011436e-16 -3.322397392425117
0.4728264475825643 -3.2885801774716805
0.9360275122112269 -3.1878169535870273
1.380173755971713 -3.0221589694323083
1.7962236421530597 -2.7949785438467347
2.175707594861413 -2.5109004151609797
2.5109004151609793 -2.175707594861414
2.7949785438467334 -1.7962236421530617
3.0221589694323074 -1.3801737559717144
3.1878169535870273 -0.9360275122112269
3.28858017747168 -0.47282644758256487
3.322397392425117 -1.882317166022872e-15
3.2885801774716805 0.47282644758256404
3.1878169535870278 0.936027512211226
3.022158969432308 1.3801737559717138
2.794978543846734 1.7962236421530609
2.51090041516098 2.175707594861413
2.175707594861414 2.5109004151609793
1.7962236421530606 2.794978543846734
1.380173755971716 3.0221589694323066
0.9360275122112272 3.1878169535870273
0.47282644758256503 3.28858017747168
6.103144998193397e-16 3.322397392425117
-0.47282644758256387 3.2885801774716805
-0.9360275122112258 3.1878169535870278
-1.3801737559717122 3.0221589694323083
-1.796223642153062 2.794978543846733
-2.1757075948614117 2.510900415160981
-2.5109004151609784 2.175707594861415
-2.794978543846734 1.7962236421530606
-3.0221589694323066 1.3801737559717162
-3.1878169535870273 0.9360275122112274
-3.28858017747168 0.4728264475825653
1.0 0.5 0.4 0.32000000000000006 0.25600000000000006 0.20480000000000007 0.16384000000000007 0.13107200000000005 0.10485760000000005 0.08388608000000004 0.06710886400000003 0.05368709120000003 0.042949672960000025 0.03435973836800002 0.027487790694400018 0.021990232555520017 0.017592186044416015 0.014073748835532814 0.011258999068426251 0.009007199254741001 0.007205759403792801 0.0057646075230342415 0.0046116860184273935 