0.0 0.0
2.5091473694509694 0.0
2.5032979677978275 0.17123027197894986
2.485777035449104 0.3416621893868004
2.456666263079403 0.5105011199499981
2.4161013785475935 0.6769598586350126
2.364271514070883 0.8402622979615908
2.3014183244031075 0.9996470465740961
2.227834860128719 1.1543709791994814
2.1438642013256852 1.303712701440352
2.0498978579677907 1.4469759132486564
1.946373944524411 1.5834926553979352
1.8337751372686177 1.7126264238175766
1.7126264238175768 1.8337751372686175
1.5834926553979352 1.946373944524411
1.4469759132486568 2.0498978579677902
1.303712701440352 2.1438642013256852
1.1543709791994816 2.227834860128719
0.9996470465740958 2.3014183244031075
0.840262297961591 2.3642715140708828
0.6769598586350131 2.4161013785475935
0.510501119949998 2.456666263079403
0.3416621893868004 2.485777035449104
0.1712302719789505 2.5032979677978275
1.5364096472935656e-16 2.5091473694509694
-0.1712302719789496 2.5032979677978275
-0.3416621893868006 2.485777035449104
-0.5105011199499984 2.456666263079403
-0.6769598586350122 2.416101378547594
-0.8402622979615908 2.364271514070883
-0.9996470465740961 2.3014183244031075
-1.1543709791994812 2.227834860128719
-1.3037127014403516 2.1438642013256857
-1.4469759132486564 2.0498978579677907
-1.5834926553979354 1.946373944524411
-1.712626423817577 1.8337751372686173
-1.8337751372686177 1.7126264238175768
-1.9463739445244108 1.5834926553979356
-2.0498978579677902 1.4469759132486568
-2.143864201325685 1.303712701440353
-2.227834860128719 1.1543709791994816
-2.3014183244031075 0.9996470465740959
-2.3642715140708828 0.8402622979615911
-2.4161013785475935 0.6769598586350126
-2.4566662630794025 0.5105011199499988
-2.485777035449104 0.3416621893868016
-2.503297967797828 0.17123027197894955
-2.5091473694509694 3.072819294587131e-16
-2.5032979677978275 -0.17123027197895002
-2.485777035449104 -0.3416621893867999
-2.456666263079403 -0.5105011199499971
-2.4161013785475935 -0.6769598586350131
-2.364271514070883 -0.8402622979615906
-2.301418324403107 -0.9996470465740963
-2.2278348601287195 -1.1543709791994812
-2.143864201325686 -1.3037127014403511
-2.0498978579677902 -1.446975913248657
-1.946373944524411 -1.5834926553979352
-1.8337751372686182 -1.7126264238175761
-1.7126264238175768 -1.8337751372686175
-1.5834926553979358 -1.9463739445244106
-1.4469759132486568 -2.0498978579677902
-1.303712701440352 -2.1438642013256852
-1.1543709791994827 -2.2278348601287186
-0.9996470465740951 -2.301418324403108
-0.8402622979615914 -2.3642715140708828
-0.6769598586350127 -2.4161013785475935
-0.5105011199499978 -2.456666263079403
-0.34166218938680176 -2.485777035449104
-0.17123027197894858 -2.503297967797828
-4.609228941880696e-16 -2.5091473694509694
0.17123027197894986 -2.5032979677978275
0.3416621893868009 -2.485777035449104
0.5105011199499969 -2.456666263079403
0.676959858635012 -2.416101378547594
0.8402622979615905 -2.364271514070883
0.9996470465740962 -2.301418324403107
1.15437097919948 -2.22783486012872
1.3037127014403511 -2.143864201325686
1.4469759132486562 -2.049897857967791
1.5834926553979352 -1.946373944524411
1.712626423817577 -1.8337751372686175
1.8337751372686166 -1.7126264238175777
1.9463739445244106 -1.5834926553979358
2.0498978579677916 -1.446975913248655
2.1438642013256852 -1.303712701440352
2.2278348601287195 -1.1543709791994807
2.301418324403107 -0.9996470465740972
2.3642715140708828 -0.8402622979615915
2.416101378547593 -0.676959858635015
2.456666263079403 -0.510501119949998
2.485777035449104 -0.34166218938679965
2.5032979677978275 -0.17123027197895094
3.7171309341174816 0.0
3.708465443961067 0.2536659857366507
3.6825093760070873 0.5061492635507785
3.6393837494261554 0.7562726398501551
3.5792896357969965 1.00286992399279
3.5025072216179307 1.2447913656060379
3.409394501948076 1.4809090152535822
3.300385611269125 1.710121983456392
3.1759887993499913 1.9313615735476621
3.0367840615517636 2.143596264430006
2.8834204346215975 2.345836520002982
2.716612970583794 2.5371394028371785
2.537139402837179 2.716612970583794
2.345836520002982 2.8834204346215975
2.1435962644300064 3.036784061551763
1.9313615735476621 3.1759887993499913
1.7101219834563923 3.300385611269125
1.4809090152535818 3.409394501948076
1.244791365606038 3.5025072216179303
1.0028699239927907 3.5792896357969965
0.756272639850155 3.6393837494261554
0.5061492635507785 3.6825093760070873
0.25366598573665167 3.708465443961067
2.276086250239292e-16 3.7171309341174816
-0.2536659857366504 3.708465443961067
-0.5061492635507787 3.6825093760070873
-0.7562726398501555 3.6393837494261554
-1.0028699239927894 3.579289635796997
-1.2447913656060379 3.5025072216179307
-1.4809090152535822 3.409394501948076
-1.7101219834563919 3.300385611269125
-1.9313615735476612 3.175988799349992
-2.143596264430006 3.0367840615517636
-2.3458365200029823 2.8834204346215975
-2.5371394028371794 2.7166129705837934
-2.716612970583794 2.537139402837179
-2.883420434621597 2.3458365200029827
-3.036784061551763 2.1435962644300064
-3.1759887993499905 1.9313615735476632
-3.300385611269125 1.7101219834563923
-3.409394501948076 1.480909015253582
-3.5025072216179303 1.2447913656060383
-3.5792896357969965 1.00286992399279
-3.639383749426155 0.756272639850156
-3.682509376007087 0.5061492635507803
-3.7084654439610674 0.2536659857366503
-3.7171309341174816 4.552172500478584e-16
-3.708465443961067 -0.253665985736651
-3.6825093760070873 -0.5061492635507777
-3.6393837494261554 -0.7562726398501536
-3.5792896357969965 -1.0028699239927907
-3.5025072216179307 -1.2447913656060376
-3.4093945019480754 -1.4809090152535827
-3.3003856112691254 -1.7101219834563917
-3.1759887993499922 -1.9313615735476608
-3.0367840615517627 -2.143596264430007
-2.8834204346215975 -2.345836520002982
-2.7166129705837943 -2.537139402837178
-2.537139402837179 -2.716612970583794
-2.345836520002983 -2.8834204346215966
-2.1435962644300064 -3.036784061551763
-1.9313615735476621 -3.1759887993499913
-1.710121983456394 -3.3003856112691246
-1.4809090152535809 -3.4093945019480763
-1.2447913656060385 -3.5025072216179303
-1.0028699239927903 -3.5792896357969965
-0.7562726398501547 -3.6393837494261554
-0.5061492635507805 -3.682509376007087
-0.25366598573664884 -3.7084654439610674
-6.828258750717877e-16 -3.7171309341174816
0.2536659857366507 -3.708465443961067
0.5061492635507792 -3.6825093760070873
0.7562726398501534 -3.639383749426156
1.002869923992789 -3.579289635796997
1.2447913656060374 -3.5025072216179307
1.4809090152535824 -3.4093945019480754
1.7101219834563899 -3.3003856112691263
1.9313615735476608 -3.1759887993499922
2.1435962644300055 -3.036784061551764
2.345836520002982 -2.8834204346215975
2.5371394028371794 -2.716612970583794
2.7166129705837925 -2.5371394028371803
2.8834204346215966 -2.345836520002983
3.036784061551765 -2.143596264430004
3.1759887993499913 -1.9313615735476621
3.3003856112691254 -1.7101219834563912
3.409394501948075 -1.4809090152535838
3.5025072216179303 -1.2447913656060388
3.5792896357969957 -1.0028699239927936
3.6393837494261554 -0.7562726398501549
3.6825093760070873 -0.5061492635507774
3.708465443961067 -0.25366598573665233
4.546212506759372 0.0
4.535614236097258 0.3102445131299101
4.503868838141107 0.619042523124871
4.451124324590466 0.9249542711152817
4.377626614715373 1.22655345531736
4.2837183887672 1.5224338811104652
4.169837490245132 1.8112160173655472
4.036514884467655 2.0915534284560864
3.884372182967142 2.3621390519625245
3.714118745249938 2.621711292800632
3.526548371434888 2.8690599053601633
3.3225356011907534 3.1030316362285655
3.1030316362285664 3.322535601190753
2.8690599053601633 3.526548371434888
2.6217112928006325 3.7141187452499373
2.3621390519625245 3.884372182967142
2.0915534284560864 4.036514884467655
1.8112160173655467 4.169837490245132
1.5224338811104658 4.2837183887672
1.2265534553173607 4.377626614715373
0.9249542711152816 4.451124324590466
0.619042523124871 4.503868838141107
0.31024451312991125 4.535614236097258
2.783752297323265e-16 4.546212506759372
-0.31024451312990964 4.535614236097258
-0.6190425231248714 4.503868838141107
-0.9249542711152821 4.451124324590466
-1.2265534553173592 4.377626614715373
-1.5224338811104652 4.2837183887672
-1.8112160173655472 4.169837490245132
-2.091553428456086 4.036514884467655
-2.3621390519625236 3.8843721829671423
-2.621711292800632 3.714118745249938
-2.8690599053601638 3.526548371434888
-3.103031636228567 3.3225356011907525
-3.3225356011907534 3.1030316362285664
-3.5265483714348878 2.869059905360164
-3.7141187452499373 2.6217112928006325
-3.884372182967141 2.3621390519625263
-4.036514884467655 2.091553428456087
-4.169837490245132 1.811216017365547
-4.2837183887672 1.522433881110466
-4.377626614715373 1.22655345531736
-4.451124324590466 0.9249542711152828
-4.5038688381411065 0.6190425231248733
-4.535614236097259 0.3102445131299095
-4.546212506759372 5.56750459464653e-16
-4.535614236097258 -0.3102445131299104
-4.503868838141107 -0.6190425231248701
-4.451124324590466 -0.9249542711152798
-4.377626614715373 -1.2265534553173607
-4.2837183887672 -1.522433881110465
-4.169837490245131 -1.8112160173655476
-4.036514884467655 -2.091553428456086
-3.8843721829671427 -2.362139051962523
-3.714118745249937 -2.621711292800633
-3.526548371434888 -2.8690599053601633
-3.322535601190754 -3.103031636228565
-3.1030316362285664 -3.322535601190753
-2.8690599053601646 -3.5265483714348873
-2.6217112928006325 -3.7141187452499373
-2.3621390519625245 -3.884372182967142
-2.0915534284560886 -4.036514884467653
-1.8112160173655454 -4.169837490245133
-1.5224338811104663 -4.2837183887672
-1.2265534553173603 -4.377626614715373
-0.9249542711152812 -4.451124324590466
-0.6190425231248735 -4.5038688381411065
-0.31024451312990775 -4.535614236097259
-8.351256891969794e-16 -4.546212506759372
0.3102445131299101 -4.535614236097258
0.6190425231248718 -4.503868838141107
0.9249542711152795 -4.451124324590467
1.2265534553173587 -4.377626614715373
1.5224338811104647 -4.2837183887672
1.8112160173655474 -4.169837490245131
2.0915534284560837 -4.036514884467656
2.362139051962523 -3.8843721829671427
2.6217112928006316 -3.7141187452499382
2.8690599053601633 -3.526548371434888
3.103031636228567 -3.322535601190753
3.3225356011907516 -3.1030316362285677
3.5265483714348873 -2.8690599053601646
3.7141187452499396 -2.6217112928006294
3.884372182967142 -2.3621390519625245
4.036514884467655 -2.091553428456085
4.169837490245131 -1.8112160173655492
4.2837183887672 -1.5224338811104665
4.377626614715372 -1.2265534553173643
4.451124324590466 -0.9249542711152815
4.503868838141107 -0.6190425231248697
4.535614236097258 -0.3102445131299121
5.169573067623787 0.0
5.157521599616784 0.35278414219965265
5.121423385102808 0.7039234418765353
5.061446730621543 1.0517807255230094
4.9778712750225385 1.394734121905211
4.871086685659809 1.7311846239754292
4.7415908415827515 2.0595635441810947
4.589987512194183 2.3783398284102857
4.416983542198681 2.6860271944727607
4.223385555966268 2.981191061833627
4.010096196677255 3.262455240290022
3.7781099177830506 3.5285083464051152
3.528508346405116 3.77810991778305
3.262455240290022 4.010096196677255
2.981191061833628 4.223385555966268
2.6860271944727607 4.416983542198681
2.378339828410286 4.589987512194183
2.0595635441810938 4.7415908415827515
1.7311846239754296 4.871086685659809
1.3947341219052118 4.9778712750225385
1.0517807255230092 5.061446730621543
0.7039234418765353 5.121423385102808
0.352784142199654 5.157521599616784
3.165450555111917e-16 5.169573067623787
-0.35278414219965215 5.157521599616784
-0.7039234418765358 5.121423385102808
-1.0517807255230096 5.061446730621543
-1.39473412190521 4.9778712750225385
-1.7311846239754292 4.871086685659809
-2.0595635441810947 4.7415908415827515
-2.3783398284102852 4.589987512194183
-2.68602719447276 4.416983542198681
-2.981191061833627 4.223385555966268
-3.262455240290023 4.010096196677255
-3.5285083464051166 3.7781099177830497
-3.7781099177830506 3.528508346405116
-4.010096196677254 3.2624552402900235
-4.223385555966268 2.981191061833628
-4.41698354219868 2.6860271944727625
-4.589987512194183 2.378339828410286
-4.7415908415827515 2.059563544181094
-4.871086685659809 1.73118462397543
-4.9778712750225385 1.394734121905211
-5.061446730621543 1.0517807255230105
-5.1214233851028075 0.7039234418765379
-5.157521599616784 0.35278414219965204
-5.169573067623787 6.330901110223834e-16
-5.157521599616784 -0.35278414219965304
-5.121423385102808 -0.7039234418765343
-5.061446730621543 -1.0517807255230072
-4.9778712750225385 -1.3947341219052118
-4.871086685659809 -1.7311846239754287
-4.741590841582751 -2.059563544181095
-4.589987512194184 -2.3783398284102852
-4.416983542198682 -2.686027194472759
-4.223385555966267 -2.9811910618336284
-4.010096196677255 -3.262455240290022
-3.7781099177830515 -3.528508346405115
-3.528508346405116 -3.77810991778305
-3.262455240290024 -4.010096196677254
-2.981191061833628 -4.223385555966268
-2.6860271944727607 -4.416983542198681
-2.3783398284102883 -4.589987512194182
-2.0595635441810924 -4.7415908415827515
-1.7311846239754303 -4.871086685659809
-1.3947341219052112 -4.9778712750225385
-1.0517807255230087 -5.061446730621543
-0.7039234418765382 -5.1214233851028075
-0.35278414219965004 -5.157521599616784
-9.49635166533575e-16 -5.169573067623787
0.35278414219965265 -5.157521599616784
0.7039234418765363 -5.121423385102808
1.051780725523007 -5.061446730621544
1.3947341219052094 -4.9778712750225385
1.7311846239754285 -4.871086685659809
2.0595635441810947 -4.741590841582751
2.3783398284102826 -4.589987512194185
2.686027194472759 -4.416983542198682
2.9811910618336266 -4.223385555966269
3.262455240290022 -4.010096196677255
3.5285083464051166 -3.77810991778305
3.7781099177830484 -3.528508346405118
4.010096196677254 -3.262455240290024
4.22338555596627 -2.9811910618336244
4.416983542198681 -2.6860271944727607
4.589987512194184 -2.3783398284102844
4.741590841582751 -2.059563544181097
4.871086685659809 -1.7311846239754305
4.977871275022538 -1.3947341219052158
5.061446730621543 -1.051780725523009
5.121423385102808 -0.7039234418765339
5.157521599616784 -0.35278414219965487
5.658516782358865 0.0
5.645325473699979 0.38615084129266164
5.605813051693647 0.770501269108682
5.540163741490943 1.1512592643301527
5.448683630480996 1.5266495574182561
5.331799241170286 1.8949219055393534
5.190055542537824 2.2543592530050196
5.024113409138207 2.603285736978289
4.834746539799374 2.940074501119811
4.622837850281513 3.2631552807430917
4.389375356716216 3.5710217241133266
4.13544756901919 3.8622384157545477
3.8622384157545486 4.135447569019189
3.5710217241133266 4.389375356716216
3.263155280743092 4.622837850281512
2.940074501119811 4.834746539799374
2.603285736978289 5.024113409138207
2.2543592530050187 5.190055542537824
1.894921905539354 5.331799241170285
1.526649557418257 5.448683630480996
1.1512592643301525 5.540163741490943
0.770501269108682 5.605813051693647
0.386150841292663 5.645325473699979
3.4648422327186824e-16 5.658516782358865
-0.3861508412926611 5.645325473699979
-0.7705012691086824 5.605813051693647
-1.1512592643301531 5.540163741490943
-1.5266495574182553 5.448683630480996
-1.8949219055393534 5.331799241170286
-2.2543592530050196 5.190055542537824
-2.6032857369782887 5.024113409138207
-2.9400745011198097 4.834746539799375
-3.2631552807430917 4.622837850281513
-3.5710217241133275 4.389375356716216
-3.862238415754549 4.135447569019188
-4.13544756901919 3.8622384157545486
-4.389375356716215 3.571021724113328
-4.622837850281512 3.263155280743092
-4.834746539799373 2.940074501119813
-5.024113409138207 2.6032857369782896
-5.190055542537824 2.254359253005019
-5.331799241170285 1.8949219055393542
-5.448683630480996 1.5266495574182561
-5.540163741490942 1.151259264330154
-5.605813051693646 0.7705012691086848
-5.645325473699979 0.3861508412926609
-5.658516782358865 6.929684465437365e-16
-5.645325473699979 -0.38615084129266203
-5.605813051693647 -0.7705012691086809
-5.540163741490943 -1.1512592643301502
-5.448683630480996 -1.526649557418257
-5.331799241170286 -1.8949219055393531
-5.190055542537823 -2.25435925300502
-5.024113409138208 -2.6032857369782882
-4.834746539799376 -2.9400745011198093
-4.622837850281512 -3.263155280743093
-4.389375356716216 -3.5710217241133266
-4.13544756901919 -3.8622384157545473
-3.8622384157545486 -4.135447569019189
-3.571021724113329 -4.389375356716215
-3.263155280743092 -4.622837850281512
-2.940074501119811 -4.834746539799374
-2.6032857369782922 -5.024113409138206
-2.2543592530050174 -5.190055542537824
-1.8949219055393547 -5.331799241170285
-1.5266495574182564 -5.448683630480996
-1.151259264330152 -5.540163741490943
-0.7705012691086851 -5.605813051693646
-0.38615084129265875 -5.645325473699979
-1.0394526698156046e-15 -5.658516782358865
0.38615084129266164 -5.645325473699979
0.7705012691086831 -5.605813051693647
1.15125926433015 -5.540163741490944
1.5266495574182546 -5.448683630480996
1.8949219055393527 -5.331799241170286
2.2543592530050196 -5.190055542537823
2.603285736978286 -5.0241134091382085
2.9400745011198093 -4.834746539799376
3.2631552807430912 -4.622837850281514
3.5710217241133266 -4.389375356716216
3.862238415754549 -4.135447569019189
4.135447569019187 -3.8622384157545504
4.389375356716215 -3.571021724113329
4.622837850281515 -3.2631552807430886
4.834746539799374 -2.940074501119811
5.024113409138208 -2.603285736978288
5.190055542537822 -2.254359253005022
5.331799241170285 -1.894921905539355
5.4486836304809945 -1.5266495574182615
5.540163741490943 -1.1512592643301522
5.605813051693647 -0.7705012691086804
5.645325473699979 -0.3861508412926641
6.052039342239648 0.0
6.03793064166495 0.4130057704923695
5.995670321215779 0.8240859174314252
5.925455418014232 1.231323795409763
5.827613306351561 1.632820673451538
5.70260017131811 2.0267045877727634
5.550998881857834 2.411139069740606
5.373516273164217 2.7843317083379007
5.1709798510883225 3.1445425072107236
4.944333933924511 3.4900919973346083
4.694635249562645 3.819369067474416
4.423048008534857 4.130838475928627
4.130838475928628 4.423048008534857
3.819369067474416 4.694635249562645
3.490091997334609 4.9443339339245105
3.1445425072107236 5.1709798510883225
2.784331708337901 5.373516273164217
2.411139069740605 5.550998881857834
2.0267045877727643 5.70260017131811
1.632820673451539 5.827613306351561
1.2313237954097627 5.925455418014232
0.8240859174314252 5.995670321215779
0.413005770492371 6.03793064166495
3.7058053043938187e-16 6.052039342239648
-0.4130057704923689 6.03793064166495
-0.8240859174314257 5.995670321215779
-1.2313237954097636 5.925455418014232
-1.632820673451537 5.827613306351561
-2.0267045877727634 5.70260017131811
-2.411139069740606 5.550998881857834
-2.7843317083379007 5.373516273164217
-3.1445425072107223 5.170979851088323
-3.4900919973346083 4.944333933924511
-3.8193690674744163 4.694635249562645
-4.130838475928629 4.423048008534856
-4.423048008534857 4.130838475928628
-4.694635249562644 3.819369067474417
-4.9443339339245105 3.490091997334609
-5.170979851088321 3.1445425072107254
-5.373516273164217 2.7843317083379016
-5.550998881857834 2.4111390697406057
-5.70260017131811 2.0267045877727643
-5.827613306351561 1.632820673451538
-5.925455418014231 1.2313237954097644
-5.995670321215778 0.8240859174314282
-6.037930641664951 0.41300577049236875
-6.052039342239648 7.411610608787637e-16
-6.03793064166495 -0.4130057704923699
-5.995670321215779 -0.824085917431424
-5.925455418014232 -1.2313237954097604
-5.827613306351561 -1.632820673451539
-5.70260017131811 -2.026704587772763
-5.550998881857833 -2.4111390697406065
-5.373516273164218 -2.7843317083379002
-5.170979851088323 -3.1445425072107214
-4.9443339339245105 -3.4900919973346096
-4.694635249562645 -3.819369067474416
-4.423048008534858 -4.130838475928626
-4.130838475928628 -4.423048008534857
-3.819369067474418 -4.694635249562643
-3.490091997334609 -4.9443339339245105
-3.1445425072107236 -5.1709798510883225
-2.784331708337904 -5.373516273164216
-2.4111390697406034 -5.550998881857834
-2.0267045877727647 -5.70260017131811
-1.6328206734515383 -5.827613306351561
-1.2313237954097622 -5.925455418014232
-0.8240859174314286 -5.995670321215778
-0.41300577049236636 -6.037930641664951
-1.1117415913181457e-15 -6.052039342239648
0.4130057704923695 -6.03793064166495
0.8240859174314263 -5.995670321215779
1.23132379540976 -5.925455418014232
1.6328206734515363 -5.827613306351561
2.026704587772763 -5.70260017131811
2.411139069740606 -5.550998881857833
2.7843317083378976 -5.373516273164219
3.1445425072107214 -5.170979851088323
3.490091997334608 -4.944333933924512
3.819369067474416 -4.694635249562645
4.130838475928629 -4.423048008534857
4.423048008534854 -4.13083847592863
4.694635249562643 -3.819369067474418
4.944333933924513 -3.490091997334605
5.1709798510883225 -3.1445425072107236
5.373516273164218 -2.7843317083378993
5.550998881857832 -2.4111390697406088
5.70260017131811 -2.026704587772765
5.82761330635156 -1.6328206734515438
5.925455418014232 -1.2313237954097627
5.995670321215779 -0.8240859174314235
6.03793064166495 -0.4130057704923721
6.375374662280262 0.0
6.3605121924456975 0.4350709530579792
6.315994078637174 0.868113404495818
6.242027884851668 1.2971083105043235
6.138958475628801 1.7200554987995187
6.007266408133163 2.134982994349146
5.8475656915749665 2.53995621363057
5.66060092441568 2.9330869845522
5.447243822706271 3.3125423499833966
5.208489155744589 3.6765531138467433
4.945450108001676 4.023422089926853
4.6593530889419155 4.351532014935957
4.351532014935958 4.659353088941915
4.023422089926853 4.945450108001676
3.6765531138467438 5.208489155744588
3.3125423499833966 5.447243822706271
2.9330869845522005 5.66060092441568
2.539956213630569 5.8475656915749665
2.1349829943491465 6.007266408133162
1.7200554987995198 6.138958475628801
1.2971083105043233 6.242027884851668
0.868113404495818 6.315994078637174
0.4350709530579808 6.3605121924456975
3.90379108676333e-16 6.375374662280262
-0.4350709530579786 6.3605121924456975
-0.8681134044958185 6.315994078637174
-1.2971083105043242 6.242027884851668
-1.7200554987995176 6.138958475628802
-2.134982994349146 6.007266408133163
-2.53995621363057 5.8475656915749665
-2.9330869845521996 5.66060092441568
-3.3125423499833953 5.447243822706272
-3.6765531138467433 5.208489155744589
-4.023422089926854 4.945450108001676
-4.351532014935959 4.659353088941914
-4.6593530889419155 4.351532014935958
-4.945450108001675 4.0234220899268545
-5.208489155744588 3.6765531138467438
-5.4472438227062705 3.312542349983399
-5.66060092441568 2.9330869845522005
-5.8475656915749665 2.5399562136305693
-6.007266408133162 2.134982994349147
-6.138958475628801 1.7200554987995187
-6.242027884851667 1.297108310504325
-6.315994078637173 0.8681134044958212
-6.360512192445698 0.43507095305797844
-6.375374662280262 7.80758217352666e-16
-6.3605121924456975 -0.43507095305797966
-6.315994078637174 -0.8681134044958168
-6.242027884851668 -1.2971083105043208
-6.138958475628801 -1.7200554987995198
-6.007266408133163 -2.1349829943491456
-5.8475656915749665 -2.5399562136305707
-5.66060092441568 -2.933086984552199
-5.447243822706273 -3.3125423499833944
-5.208489155744587 -3.6765531138467447
-4.945450108001676 -4.023422089926853
-4.6593530889419155 -4.351532014935957
-4.351532014935958 -4.659353088941915
-4.023422089926855 -4.945450108001674
-3.6765531138467438 -5.208489155744588
-3.3125423499833966 -5.447243822706271
-2.9330869845522036 -5.660600924415678
-2.539956213630567 -5.847565691574967
-2.1349829943491474 -6.007266408133162
-1.720055498799519 -6.138958475628801
-1.2971083105043228 -6.242027884851668
-0.8681134044958215 -6.315994078637173
-0.43507095305797594 -6.360512192445698
-1.171137326028999e-15 -6.375374662280262
0.4350709530579792 -6.3605121924456975
0.8681134044958193 -6.315994078637174
1.2971083105043206 -6.242027884851669
1.720055498799517 -6.138958475628802
2.134982994349145 -6.007266408133163
2.5399562136305702 -5.8475656915749665
2.9330869845521965 -5.660600924415681
3.3125423499833944 -5.447243822706273
3.6765531138467424 -5.20848915574459
4.023422089926853 -4.945450108001676
4.351532014935959 -4.659353088941915
4.659353088941912 -4.35153201493596
4.945450108001674 -4.023422089926855
5.208489155744591 -3.6765531138467398
5.447243822706271 -3.3125423499833966
5.66060092441568 -2.9330869845521987
5.847565691574966 -2.5399562136305724
6.007266408133162 -2.134982994349148
6.1389584756288 -1.7200554987995247
6.242027884851668 -1.2971083105043233
6.315994078637174 -0.8681134044958163
6.3605121924456975 -0.435070953057982
6.645721327551569 0.0
6.6302286172416895 0.4535200619411841
6.583822720479246 0.9049256040001565
6.506720002976784 1.3521119651624987
6.399279953195372 1.7929941561827862
6.262003506243453 2.2255165807669206
6.095530708286121 2.647662619710956
5.900637732354448 3.057464033310735
5.678233259468511 3.4530101382039695
5.429354241947019 3.832456715858081
5.155161068656918 4.194034611168326
4.856932154744846 4.53605798107557
4.536057981075571 4.856932154744846
4.194034611168326 5.155161068656918
3.832456715858082 5.429354241947018
3.4530101382039695 5.678233259468511
3.0574640333107355 5.900637732354448
2.647662619710955 6.095530708286121
2.2255165807669215 6.2620035062434525
1.7929941561827873 6.399279953195372
1.3521119651624984 6.506720002976784
0.9049256040001565 6.583822720479246
0.45352006194118577 6.6302286172416895
4.069330675905664e-16 6.645721327551569
-0.4535200619411835 6.6302286172416895
-0.9049256040001571 6.583822720479246
-1.3521119651624993 6.506720002976784
-1.7929941561827851 6.399279953195372
-2.2255165807669206 6.262003506243453
-2.647662619710956 6.095530708286121
-3.0574640333107346 5.900637732354448
-3.453010138203968 5.678233259468512
-3.832456715858081 5.429354241947019
-4.194034611168327 5.155161068656918
-4.536057981075571 4.856932154744845
-4.856932154744846 4.536057981075571
-5.155161068656917 4.194034611168328
-5.429354241947018 3.832456715858082
-5.678233259468509 3.4530101382039717
-5.900637732354448 3.057464033310736
-6.095530708286121 2.6476626197109554
-6.2620035062434525 2.225516580766922
-6.399279953195372 1.7929941561827862
-6.506720002976783 1.3521119651625004
-6.583822720479246 0.9049256040001599
-6.63022861724169 0.4535200619411833
-6.645721327551569 8.138661351811328e-16
-6.6302286172416895 -0.4535200619411846
-6.583822720479246 -0.9049256040001553
-6.506720002976784 -1.352111965162496
-6.399279953195372 -1.7929941561827873
-6.262003506243453 -2.22551658076692
-6.095530708286121 -2.6476626197109563
-5.900637732354449 -3.0574640333107346
-5.678233259468513 -3.4530101382039673
-5.429354241947017 -3.8324567158580822
-5.155161068656918 -4.194034611168326
-4.856932154744847 -4.536057981075569
-4.536057981075571 -4.856932154744846
-4.194034611168328 -5.155161068656916
-3.832456715858082 -5.429354241947018
-3.4530101382039695 -5.678233259468511
-3.057464033310739 -5.900637732354446
-2.647662619710953 -6.095530708286122
-2.2255165807669224 -6.2620035062434525
-1.7929941561827867 -6.399279953195372
-1.352111965162498 -6.506720002976784
-0.9049256040001603 -6.583822720479246
-0.4535200619411807 -6.63022861724169
-1.220799202771699e-15 -6.645721327551569
0.4535200619411841 -6.6302286172416895
0.9049256040001579 -6.583822720479246
1.3521119651624955 -6.506720002976785
1.7929941561827845 -6.399279953195372
2.22551658076692 -6.262003506243453
2.647662619710956 -6.095530708286121
3.0574640333107315 -5.90063773235445
3.4530101382039673 -5.678233259468513
3.83245671585808 -5.429354241947019
4.194034611168326 -5.155161068656918
4.536057981075571 -4.856932154744846
4.856932154744843 -4.536057981075572
5.155161068656916 -4.194034611168328
5.429354241947021 -3.8324567158580773
5.678233259468511 -3.4530101382039695
5.900637732354449 -3.0574640333107337
6.0955307082861205 -2.6476626197109585
6.2620035062434525 -2.2255165807669224
6.399279953195371 -1.7929941561827925
6.506720002976784 -1.3521119651624984
6.583822720479246 -0.9049256040001548
6.6302286172416895 -0.453520061941187
6.8749635588586235 0.0
6.858936431996292 0.4691641050506797
6.810929777273155 0.9361407504685849
6.731167423874312 1.3987526755675217
6.620021260711118 1.8548429700022613
6.478009502503414 2.3022851302802385
6.305794273623279 2.7389929745024704
6.10417852096556 3.1629303691065886
5.874102270238793 3.5721207222614257
5.616638243131418 3.964656199650564
5.332986855788074 4.338706619676612
5.024470621915406 4.6925279866126575
4.692527986612658 5.024470621915405
4.338706619676612 5.332986855788074
3.9646561996505647 5.616638243131417
3.5721207222614257 5.874102270238793
3.162930369106589 6.10417852096556
2.7389929745024695 6.305794273623279
2.3022851302802394 6.478009502503414
1.8548429700022624 6.620021260711118
1.3987526755675215 6.731167423874312
0.9361407504685849 6.810929777273155
0.4691641050506814 6.858936431996292
4.2097010583054545e-16 6.8749635588586235
-0.469164105050679 6.858936431996292
-0.9361407504685855 6.810929777273155
-1.3987526755675221 6.731167423874312
-1.8548429700022602 6.620021260711119
-2.3022851302802385 6.478009502503414
-2.7389929745024704 6.305794273623279
-3.162930369106588 6.10417852096556
-3.572120722261424 5.874102270238794
-3.964656199650564 5.616638243131418
-4.338706619676613 5.332986855788074
-4.692527986612659 5.0244706219154045
-5.024470621915406 4.692527986612658
-5.332986855788073 4.338706619676614
-5.616638243131417 3.9646561996505647
-5.874102270238792 3.572120722261428
-6.10417852096556 3.1629303691065895
-6.305794273623279 2.73899297450247
-6.478009502503414 2.30228513028024
-6.620021260711118 1.8548429700022613
-6.731167423874311 1.3987526755675235
-6.810929777273154 0.9361407504685882
-6.858936431996293 0.4691641050506788
-6.8749635588586235 8.419402116610909e-16
-6.858936431996292 -0.4691641050506801
-6.810929777273155 -0.9361407504685836
-6.731167423874312 -1.3987526755675188
-6.620021260711118 -1.8548429700022624
-6.478009502503414 -2.302285130280238
-6.305794273623278 -2.7389929745024713
-6.104178520965561 -3.1629303691065878
-5.874102270238795 -3.572120722261423
-5.616638243131416 -3.9646561996505656
-5.332986855788074 -4.338706619676612
-5.024470621915407 -4.692527986612657
-4.692527986612658 -5.024470621915405
-4.338706619676615 -5.332986855788072
-3.9646561996505647 -5.616638243131417
-3.5721207222614257 -5.874102270238793
-3.1629303691065926 -6.104178520965558
-2.7389929745024677 -6.30579427362328
-2.3022851302802403 -6.478009502503414
-1.8548429700022615 -6.620021260711118
-1.3987526755675208 -6.731167423874312
-0.9361407504685887 -6.810929777273154
-0.46916410505067613 -6.858936431996293
-1.2629103174916363e-15 -6.8749635588586235
0.4691641050506797 -6.858936431996292
0.9361407504685862 -6.810929777273155
1.3987526755675184 -6.731167423874312
1.8548429700022593 -6.620021260711119
2.302285130280238 -6.478009502503414
2.738992974502471 -6.305794273623278
3.162930369106585 -6.104178520965562
3.572120722261423 -5.874102270238795
3.9646561996505634 -5.616638243131419
4.338706619676612 -5.332986855788074
4.692527986612659 -5.024470621915405
5.024470621915403 -4.69252798661266
5.332986855788072 -4.338706619676615
5.61663824313142 -3.9646561996505603
5.874102270238793 -3.5721207222614257
6.104178520965561 -3.1629303691065873
6.3057942736232775 -2.7389929745024735
6.478009502503414 -2.3022851302802407
6.620021260711116 -1.8548429700022677
6.731167423874312 -1.3987526755675213
6.810929777273155 -0.9361407504685829
6.858936431996292 -0.4691641050506826
7.071604072384483 0.0
7.055118531098632 0.48258332825895256
7.005738770444591 0.9629166302719663
6.923695021661161 1.4387603704541156
6.809369810578117 1.9078959456301974
6.663296174104209 2.368136029186882
6.4861551749630335 2.8173347693990975
6.278772726264223 3.2533977943813364
6.042115740715274 3.6742919770161877
5.777287622428158 4.0780549143314895
5.485523122339998 4.462804077128866
5.168182581234223 4.826745587203863
4.826745587203864 5.168182581234222
4.462804077128866 5.485523122339998
4.07805491433149 5.777287622428157
3.6742919770161877 6.042115740715274
3.253397794381337 6.278772726264223
2.8173347693990967 6.4861551749630335
2.368136029186883 6.663296174104208
1.9078959456301985 6.809369810578117
1.4387603704541154 6.923695021661161
0.9629166302719663 7.005738770444591
0.48258332825895434 7.055118531098632
4.3301086460415226e-16 7.071604072384483
-0.48258332825895184 7.055118531098632
-0.962916630271967 7.005738770444591
-1.438760370454116 6.923695021661161
-1.907895945630196 6.809369810578118
-2.368136029186882 6.663296174104209
-2.8173347693990975 6.4861551749630335
-3.253397794381336 6.278772726264223
-3.6742919770161864 6.042115740715275
-4.0780549143314895 5.777287622428158
-4.462804077128867 5.485523122339998
-4.826745587203865 5.1681825812342215
-5.168182581234223 4.826745587203864
-5.485523122339998 4.462804077128868
-5.777287622428157 4.07805491433149
-6.042115740715272 3.67429197701619
-6.278772726264223 3.2533977943813372
-6.4861551749630335 2.817334769399097
-6.663296174104208 2.3681360291868834
-6.809369810578117 1.9078959456301974
-6.92369502166116 1.4387603704541174
-7.00573877044459 0.9629166302719698
-7.055118531098632 0.48258332825895167
-7.071604072384483 8.660217292083045e-16
-7.055118531098632 -0.48258332825895306
-7.005738770444591 -0.962916630271965
-6.923695021661161 -1.4387603704541125
-6.809369810578117 -1.9078959456301985
-6.663296174104209 -2.3681360291868816
-6.486155174963033 -2.817334769399098
-6.278772726264224 -3.2533977943813355
-6.042115740715276 -3.6742919770161855
-5.777287622428156 -4.078054914331491
-5.485523122339998 -4.462804077128866
-5.168182581234224 -4.826745587203862
-4.826745587203864 -5.168182581234222
-4.462804077128869 -5.485523122339997
-4.07805491433149 -5.777287622428157
-3.6742919770161877 -6.042115740715274
-3.2533977943813404 -6.278772726264221
-2.8173347693990944 -6.486155174963034
-2.368136029186884 -6.663296174104208
-1.9078959456301976 -6.809369810578117
-1.4387603704541148 -6.923695021661161
-0.9629166302719703 -7.00573877044459
-0.4825833282589489 -7.055118531098632
-1.2990325938124567e-15 -7.071604072384483
0.48258332825895256 -7.055118531098632
0.9629166302719677 -7.005738770444591
1.4387603704541123 -6.923695021661162
1.9078959456301954 -6.809369810578118
2.368136029186881 -6.663296174104209
2.817334769399098 -6.486155174963033
3.2533977943813324 -6.278772726264225
3.6742919770161855 -6.042115740715276
4.078054914331489 -5.777287622428158
4.462804077128866 -5.485523122339998
4.826745587203865 -5.168182581234222
5.16818258123422 -4.826745587203866
5.485523122339997 -4.462804077128869
5.77728762242816 -4.078054914331486
6.042115740715274 -3.6742919770161877
6.278772726264224 -3.253397794381335
6.486155174963032 -2.8173347693991007
6.663296174104208 -2.368136029186884
6.809369810578115 -1.907895945630204
6.923695021661161 -1.4387603704541152
7.005738770444591 -0.9629166302719644
7.055118531098632 -0.4825833282589556
7.241978781670026 0.0
7.225096057612735 0.4942101095969022
7.174526600493804 0.9861159835261258
7.090506188466138 1.4734241295303536
6.973426563476021 1.9538624920822534
6.823833604781331 2.4251910457561694
6.64242478381044 2.8852122392606945
6.430045912228458 3.331781241437224
6.187687198372808 3.7628159414529088
5.916478630444853 4.176306656562503
5.617684707983278 4.570325502177028
5.292698546183528 4.943035380551675
4.943035380551676 5.292698546183527
4.570325502177028 5.617684707983278
4.176306656562504 5.9164786304448524
3.7628159414529088 6.187687198372808
3.3317812414372243 6.430045912228458
2.8852122392606936 6.64242478381044
2.42519104575617 6.82383360478133
1.9538624920822547 6.973426563476021
1.4734241295303534 7.090506188466138
0.9861159835261258 7.174526600493804
0.49421010959690403 7.225096057612735
4.434433067232623e-16 7.241978781670026
-0.49421010959690154 7.225096057612735
-0.9861159835261265 7.174526600493804
-1.4734241295303543 7.090506188466138
-1.9538624920822523 6.973426563476022
-2.4251910457561694 6.823833604781331
-2.8852122392606945 6.64242478381044
-3.3317812414372234 6.430045912228458
-3.7628159414529074 6.187687198372809
-4.176306656562503 5.916478630444853
-4.570325502177029 5.617684707983278
-4.9430353805516765 5.2926985461835265
-5.292698546183528 4.943035380551676
-5.617684707983277 4.57032550217703
-5.9164786304448524 4.176306656562504
-6.187687198372807 3.7628159414529114
-6.430045912228458 3.3317812414372248
-6.64242478381044 2.885212239260694
-6.82383360478133 2.4251910457561703
-6.973426563476021 1.9538624920822534
-7.090506188466137 1.4734241295303554
-7.174526600493803 0.9861159835261295
-7.225096057612736 0.4942101095969013
-7.241978781670026 8.868866134465246e-16
-7.225096057612735 -0.4942101095969027
-7.174526600493804 -0.9861159835261245
-7.090506188466138 -1.4734241295303507
-6.973426563476021 -1.9538624920822547
-6.823833604781331 -2.425191045756169
-6.642424783810439 -2.885212239260695
-6.430045912228459 -3.331781241437223
-6.18768719837281 -3.7628159414529065
-5.916478630444852 -4.176306656562505
-5.617684707983278 -4.570325502177028
-5.292698546183529 -4.943035380551674
-4.943035380551676 -5.292698546183527
-4.570325502177031 -5.617684707983276
-4.176306656562504 -5.9164786304448524
-3.7628159414529088 -6.187687198372808
-3.331781241437228 -6.430045912228457
-2.8852122392606914 -6.642424783810441
-2.4251910457561707 -6.82383360478133
-1.9538624920822538 -6.973426563476021
-1.473424129530353 -7.090506188466138
-0.9861159835261298 -7.174526600493803
-0.4942101095968985 -7.225096057612736
-1.3303299201697868e-15 -7.241978781670026
0.4942101095969022 -7.225096057612735
0.9861159835261273 -7.174526600493804
1.4734241295303503 -7.090506188466138
1.9538624920822514 -6.973426563476022
2.4251910457561685 -6.823833604781331
2.8852122392606945 -6.642424783810439
3.33178124143722 -6.430045912228461
3.7628159414529065 -6.18768719837281
4.176306656562502 -5.916478630444854
4.570325502177028 -5.617684707983278
4.9430353805516765 -5.292698546183527
5.292698546183525 -4.943035380551678
5.617684707983276 -4.570325502177031
5.916478630444855 -4.176306656562499
6.187687198372808 -3.7628159414529088
6.430045912228459 -3.331781241437222
6.642424783810438 -2.8852122392606976
6.82383360478133 -2.425191045756171
6.97342656347602 -1.9538624920822603
7.090506188466138 -1.4734241295303532
7.174526600493804 -0.9861159835261238
7.225096057612735 -0.4942101095969053
7.390965446234504 0.0
7.373735399874581 0.5043773191459349
7.322125595224661 1.0064029983998974
7.236376661018082 1.5037363623006526
7.116888398369445 1.9940586131272042
6.9642179167172635 2.4750836422041704
6.779077036322581 2.9445686887957385
6.562328969434331 3.400324796891519
6.314984295595357 3.8402270211299245
6.038196249854077 4.262224334274366
5.733255345850335 4.664349190049021
5.40158335884509 5.044726696747823
5.044726696747824 5.401583358845089
4.664349190049021 5.733255345850335
4.262224334274367 6.038196249854076
3.8402270211299245 6.314984295595357
3.4003247968915193 6.562328969434331
2.944568688795738 6.779077036322581
2.4750836422041713 6.964217916717263
1.9940586131272056 7.116888398369445
1.5037363623006523 7.236376661018082
1.0064029983998974 7.322125595224661
0.5043773191459368 7.373735399874581
4.525661088169887e-16 7.390965446234504
-0.5043773191459342 7.373735399874581
-1.0064029983998979 7.322125595224661
-1.503736362300653 7.236376661018082
-1.9940586131272031 7.116888398369446
-2.4750836422041704 6.9642179167172635
-2.9445686887957385 6.779077036322581
-3.4003247968915185 6.562328969434331
-3.8402270211299228 6.314984295595358
-4.262224334274366 6.038196249854077
-4.6643491900490215 5.733255345850335
-5.044726696747824 5.401583358845088
-5.40158335884509 5.044726696747824
-5.733255345850334 4.664349190049022
-6.038196249854076 4.262224334274367
-6.314984295595355 3.8402270211299268
-6.562328969434331 3.40032479689152
-6.779077036322581 2.944568688795738
-6.964217916717263 2.4750836422041718
-7.116888398369445 1.9940586131272042
-7.236376661018081 1.5037363623006543
-7.32212559522466 1.006402998399901
-7.373735399874582 0.504377319145934
-7.390965446234504 9.051322176339773e-16
-7.373735399874581 -0.5043773191459354
-7.322125595224661 -1.0064029983998959
-7.236376661018082 -1.5037363623006494
-7.116888398369445 -1.9940586131272056
-6.9642179167172635 -2.47508364220417
-6.7790770363225805 -2.9445686887957394
-6.562328969434332 -3.400324796891518
-6.314984295595359 -3.840227021129922
-6.038196249854075 -4.262224334274368
-5.733255345850335 -4.664349190049021
-5.401583358845091 -5.044726696747822
-5.044726696747824 -5.401583358845089
-4.664349190049022 -5.733255345850334
-4.262224334274367 -6.038196249854076
-3.8402270211299245 -6.314984295595357
-3.400324796891523 -6.562328969434329
-2.944568688795736 -6.779077036322581
-2.475083642204172 -6.964217916717263
-1.9940586131272047 -7.116888398369445
-1.5037363623006517 -7.236376661018082
-1.0064029983999014 -7.32212559522466
-0.5043773191459311 -7.373735399874582
-1.3576983264509661e-15 -7.390965446234504
0.5043773191459349 -7.373735399874581
1.0064029983998988 -7.322125595224661
1.503736362300649 -7.236376661018083
1.9940586131272022 -7.116888398369446
2.4750836422041695 -6.9642179167172635
2.944568688795739 -6.7790770363225805
3.400324796891515 -6.562328969434334
3.840227021129922 -6.314984295595359
4.262224334274365 -6.038196249854078
4.664349190049021 -5.733255345850335
5.044726696747824 -5.401583358845089
5.401583358845087 -5.0447266967478255
5.733255345850334 -4.664349190049022
6.03819624985408 -4.262224334274362
6.314984295595357 -3.8402270211299245
6.562328969434332 -3.400324796891517
6.77907703632258 -2.944568688795742
6.964217916717263 -2.4750836422041727
7.1168883983694435 -1.9940586131272113
7.236376661018082 -1.503736362300652
7.322125595224661 -1.0064029983998952
7.373735399874581 -0.5043773191459381
7.52239151738097 0.0
7.504855086514825 0.5133461514200067
7.452327556852236 1.0242988461117966
7.365053835984192 1.5304757867472842
7.243440834284579 2.029516942768374
7.088055567706186 2.5190955539388553
6.899622514090579 2.9969289787747004
6.679020235317977 3.4607893372723746
6.427277281046205 3.908513898313843
6.145567393137388 4.338015163317402
5.835204033131571 4.747290599119693
5.4976342582827025 5.134431974709721
5.134431974709722 5.497634258282702
4.747290599119693 5.835204033131571
4.338015163317403 6.145567393137387
3.908513898313843 6.427277281046205
3.460789337272375 6.679020235317977
2.9969289787746995 6.899622514090579
2.519095553938856 7.088055567706185
2.0295169427683755 7.243440834284579
1.530475786747284 7.365053835984192
1.0242988461117966 7.452327556852236
0.5133461514200086 7.504855086514825
4.606136346846903e-16 7.52239151738097
-0.513346151420006 7.504855086514825
-1.0242988461117972 7.452327556852236
-1.530475786747285 7.365053835984192
-2.029516942768373 7.24344083428458
-2.5190955539388553 7.088055567706186
-2.9969289787747004 6.899622514090579
-3.460789337272374 6.679020235317977
-3.9085138983138417 6.427277281046206
-4.338015163317402 6.145567393137388
-4.747290599119694 5.835204033131571
-5.134431974709723 5.497634258282701
-5.4976342582827025 5.134431974709722
-5.83520403313157 4.747290599119695
-6.145567393137387 4.338015163317403
-6.427277281046203 3.9085138983138457
-6.679020235317977 3.4607893372723755
-6.899622514090579 2.9969289787747
-7.088055567706185 2.5190955539388566
-7.243440834284579 2.029516942768374
-7.365053835984191 1.530475786747286
-7.452327556852235 1.0242988461118003
-7.504855086514826 0.5133461514200057
-7.52239151738097 9.212272693693805e-16
-7.504855086514825 -0.5133461514200072
-7.452327556852236 -1.024298846111795
-7.365053835984192 -1.5304757867472811
-7.243440834284579 -2.0295169427683755
-7.088055567706186 -2.519095553938855
-6.899622514090578 -2.9969289787747013
-6.679020235317978 -3.460789337272374
-6.427277281046207 -3.9085138983138408
-6.145567393137386 -4.3380151633174036
-5.835204033131571 -4.747290599119693
-5.497634258282703 -5.13443197470972
-5.134431974709722 -5.497634258282702
-4.747290599119696 -5.8352040331315695
-4.338015163317403 -6.145567393137387
-3.908513898313843 -6.427277281046205
-3.460789337272379 -6.679020235317975
-2.9969289787746973 -6.89962251409058
-2.519095553938857 -7.088055567706185
-2.0295169427683746 -7.243440834284579
-1.5304757867472834 -7.365053835984192
-1.0242988461118008 -7.452327556852235
-0.5133461514200028 -7.504855086514826
-1.3818409040540708e-15 -7.52239151738097
0.5133461514200067 -7.504855086514825
1.024298846111798 -7.452327556852236
1.5304757867472807 -7.365053835984193
2.029516942768372 -7.24344083428458
2.5190955539388544 -7.088055567706186
2.996928978774701 -6.899622514090578
3.4607893372723706 -6.67902023531798
3.9085138983138408 -6.427277281046207
4.338015163317401 -6.145567393137389
4.747290599119693 -5.835204033131571
5.134431974709723 -5.497634258282702
5.497634258282699 -5.134431974709725
5.8352040331315695 -4.747290599119696
6.145567393137391 -4.338015163317397
6.427277281046205 -3.908513898313843
6.679020235317978 -3.4607893372723733
6.899622514090577 -2.9969289787747035
7.088055567706185 -2.5190955539388575
7.243440834284577 -2.0295169427683812
7.365053835984192 -1.5304757867472838
7.452327556852236 -1.0242988461117943
7.504855086514825 -0.5133461514200099
7.6390343987368245 0.0
7.621226046391958 0.5213061431455391
7.567884020116664 1.0401817164069542
7.479257025061126 1.5542074823389178
7.35575828118819 2.0609868155366358
7.1979635966511495 2.5581568768098104
7.006608683110329 3.0433996298296786
6.782585725505703 3.5144526488844265
6.526939222278861 3.9691196673522326
6.2408611154391105 4.405280817710102
5.925685233179603 4.820902515334827
5.5828810709545875 5.21404694001324
5.214046940013241 5.582881070954587
4.820902515334827 5.925685233179603
4.405280817710103 6.24086111543911
3.9691196673522326 6.526939222278861
3.514452648884427 6.782585725505703
3.0433996298296777 7.006608683110329
2.5581568768098113 7.1979635966511495
2.0609868155366367 7.35575828118819
1.5542074823389176 7.479257025061126
1.0401817164069542 7.567884020116664
0.5213061431455411 7.621226046391958
4.677559512494789e-16 7.6390343987368245
-0.5213061431455385 7.621226046391958
-1.040181716406955 7.567884020116664
-1.5542074823389185 7.479257025061126
-2.0609868155366344 7.355758281188191
-2.5581568768098104 7.1979635966511495
-3.0433996298296786 7.006608683110329
-3.514452648884426 6.782585725505703
-3.969119667352231 6.526939222278862
-4.405280817710102 6.2408611154391105
-4.8209025153348275 5.925685233179603
-5.214046940013242 5.582881070954586
-5.5828810709545875 5.214046940013241
-5.925685233179602 4.820902515334828
-6.24086111543911 4.405280817710103
-6.526939222278859 3.969119667352235
-6.782585725505703 3.514452648884427
-7.006608683110329 3.043399629829678
-7.1979635966511495 2.5581568768098117
-7.35575828118819 2.0609868155366358
-7.479257025061125 1.5542074823389198
-7.567884020116663 1.040181716406958
-7.621226046391959 0.5213061431455382
-7.6390343987368245 9.355119024989579e-16
-7.621226046391958 -0.5213061431455397
-7.567884020116664 -1.040181716406953
-7.479257025061126 -1.5542074823389147
-7.35575828118819 -2.0609868155366367
-7.1979635966511495 -2.55815687680981
-7.006608683110328 -3.0433996298296795
-6.782585725505704 -3.5144526488844257
-6.5269392222788625 -3.96911966735223
-6.240861115439109 -4.4052808177101035
-5.925685233179603 -4.820902515334827
-5.582881070954588 -5.214046940013239
-5.214046940013241 -5.582881070954587
-4.820902515334829 -5.9256852331796015
-4.405280817710103 -6.24086111543911
-3.9691196673522326 -6.526939222278861
-3.5144526488844305 -6.782585725505701
-3.043399629829676 -7.00660868311033
-2.558156876809812 -7.1979635966511495
-2.060986815536636 -7.35575828118819
-1.554207482338917 -7.479257025061126
-1.0401817164069584 -7.567884020116663
-0.5213061431455353 -7.621226046391959
-1.4032678537484367e-15 -7.6390343987368245
0.5213061431455391 -7.621226046391958
1.0401817164069558 -7.567884020116664
1.5542074823389143 -7.479257025061127
2.0609868155366335 -7.355758281188191
2.5581568768098095 -7.1979635966511495
3.043399629829679 -7.006608683110328
3.514452648884422 -6.782585725505705
3.96911966735223 -6.5269392222788625
4.405280817710101 -6.240861115439111
4.820902515334827 -5.925685233179603
5.214046940013242 -5.582881070954587
5.582881070954584 -5.214046940013244
5.9256852331796015 -4.820902515334829
6.240861115439113 -4.405280817710098
6.526939222278861 -3.9691196673522326
6.782585725505704 -3.5144526488844248
7.006608683110327 -3.043399629829682
7.1979635966511495 -2.558156876809812
7.355758281188188 -2.060986815536643
7.479257025061126 -1.5542074823389174
7.567884020116664 -1.0401817164069522
7.621226046391958 -0.5213061431455425
7.8057863657654005 0.0
7.787589276097459 0.5326856998088753
7.733082850325788 1.0628877729874433
7.642521222568532 1.5881341727192362
7.516326632939256 2.105975957825028
7.355087458868623 2.613998710857089
7.159555471817203 3.109833795227868
6.930642332169896 3.591169398887172
6.669415338654373 4.055761313057118
6.377092452101727 4.501443395769429
6.055036616750841 4.926137671419217
5.704749405573191 5.327864019246488
5.327864019246489 5.70474940557319
4.926137671419217 6.055036616750841
4.50144339576943 6.377092452101726
4.055761313057118 6.669415338654373
3.5911693988871725 6.930642332169896
3.109833795227867 7.159555471817203
2.6139987108570897 7.355087458868622
2.1059759578250294 7.516326632939256
1.588134172719236 7.642521222568532
1.0628877729874433 7.733082850325788
0.5326856998088773 7.787589276097459
4.779665643831324e-16 7.8057863657654005
-0.5326856998088745 7.787589276097459
-1.062887772987444 7.733082850325788
-1.5881341727192368 7.642521222568532
-2.105975957825027 7.516326632939257
-2.613998710857089 7.355087458868623
-3.109833795227868 7.159555471817203
-3.5911693988871716 6.930642332169896
-4.055761313057117 6.669415338654374
-4.501443395769429 6.377092452101727
-4.926137671419218 6.055036616750841
-5.32786401924649 5.704749405573189
-5.704749405573191 5.327864019246489
-6.05503661675084 4.926137671419219
-6.377092452101726 4.50144339576943
-6.669415338654371 4.055761313057121
-6.930642332169896 3.591169398887173
-7.159555471817203 3.1098337952278676
-7.355087458868622 2.61399871085709
-7.516326632939256 2.105975957825028
-7.642521222568531 1.588134172719238
-7.733082850325787 1.062887772987447
-7.78758927609746 0.5326856998088743
-7.8057863657654005 9.559331287662649e-16
-7.787589276097459 -0.5326856998088758
-7.733082850325788 -1.0628877729874417
-7.642521222568532 -1.5881341727192329
-7.516326632939256 -2.1059759578250294
-7.355087458868623 -2.6139987108570883
-7.159555471817202 -3.109833795227869
-6.930642332169897 -3.591169398887171
-6.669415338654375 -4.055761313057116
-6.377092452101725 -4.501443395769431
-6.055036616750841 -4.926137671419217
-5.7047494055731915 -5.327864019246487
-5.327864019246489 -5.70474940557319
-4.9261376714192195 -6.055036616750839
-4.50144339576943 -6.377092452101726
-4.055761313057118 -6.669415338654373
-3.5911693988871765 -6.930642332169894
-3.109833795227865 -7.159555471817204
-2.6139987108570906 -7.355087458868622
-2.1059759578250286 -7.516326632939256
-1.5881341727192353 -7.642521222568532
-1.0628877729874475 -7.733082850325787
-0.5326856998088713 -7.78758927609746
-1.4338996931493971e-15 -7.8057863657654005
0.5326856998088753 -7.787589276097459
1.0628877729874449 -7.733082850325788
1.5881341727192324 -7.642521222568533
2.105975957825026 -7.516326632939257
2.613998710857088 -7.355087458868623
3.1098337952278685 -7.159555471817202
3.5911693988871676 -6.930642332169898
4.055761313057116 -6.669415338654375
4.501443395769428 -6.377092452101728
4.926137671419217 -6.055036616750841
5.32786401924649 -5.70474940557319
5.704749405573187 -5.3278640192464914
6.055036616750839 -4.9261376714192195
6.37709245210173 -4.501443395769424
6.669415338654373 -4.055761313057118
6.930642332169897 -3.5911693988871702
7.159555471817201 -3.109833795227871
7.355087458868622 -2.613998710857091
7.516326632939254 -2.105975957825035
7.642521222568532 -1.5881341727192357
7.733082850325788 -1.062887772987441
7.787589276097459 -0.5326856998088786
0.7066411584540074 0.0
0.7049938148141863 0.04822289803570834
0.700059464571217 0.09622095866017202
0.6918611139437216 0.14377039275794679
0.6804369874268392 0.19064950291755037
0.6658403495719846 0.23663971708713438
0.6481392566429213 0.28152660765828713
0.6274162393060438 0.325100891226528
0.6037679178343139 0.3671594043671479
0.5773045516189453 0.40750605087687986
0.5481495250892245 0.44595271606492004
0.5164387724373453 0.48232014383045374
0.4823201438304538 0.5164387724373452
0.44595271606492004 0.5481495250892245
0.4075060508768799 0.5773045516189452
0.3671594043671479 0.6037679178343139
0.325100891226528 0.6274162393060438
0.2815266076582871 0.6481392566429213
0.23663971708713447 0.6658403495719846
0.19064950291755048 0.6804369874268392
0.14377039275794676 0.6918611139437216
0.09622095866017202 0.700059464571217
0.04822289803570851 0.7049938148141863
4.326929164232389e-17 0.7066411584540074
-0.04822289803570827 0.7049938148141863
-0.09622095866017208 0.700059464571217
-0.14377039275794684 0.6918611139437216
-0.19064950291755026 0.6804369874268393
-0.23663971708713438 0.6658403495719846
-0.28152660765828713 0.6481392566429213
-0.32510089122652797 0.6274162393060438
-0.3671594043671477 0.6037679178343139
-0.40750605087687986 0.5773045516189453
-0.44595271606492015 0.5481495250892245
-0.48232014383045385 0.516438772437345
-0.5164387724373453 0.4823201438304538
-0.5481495250892244 0.4459527160649202
-0.5773045516189452 0.4075060508768799
-0.6037679178343137 0.3671594043671481
-0.6274162393060438 0.3251008912265281
-0.6481392566429213 0.28152660765828713
-0.6658403495719846 0.2366397170871345
-0.6804369874268392 0.19064950291755037
-0.6918611139437216 0.14377039275794698
-0.7000594645712169 0.09622095866017237
-0.7049938148141864 0.04822289803570825
-0.7066411584540074 8.653858328464778e-17
-0.7049938148141863 -0.04822289803570839
-0.700059464571217 -0.09622095866017188
-0.6918611139437216 -0.1437703927579465
-0.6804369874268392 -0.19064950291755048
-0.6658403495719846 -0.23663971708713435
-0.6481392566429212 -0.28152660765828724
-0.627416239306044 -0.3251008912265279
-0.603767917834314 -0.36715940436714767
-0.5773045516189451 -0.40750605087688
-0.5481495250892245 -0.44595271606492004
-0.5164387724373453 -0.48232014383045363
-0.4823201438304538 -0.5164387724373452
-0.4459527160649203 -0.5481495250892244
-0.4075060508768799 -0.5773045516189452
-0.3671594043671479 -0.6037679178343139
-0.3251008912265284 -0.6274162393060436
-0.2815266076582869 -0.6481392566429213
-0.23663971708713455 -0.6658403495719846
-0.19064950291755042 -0.6804369874268392
-0.1437703927579467 -0.6918611139437216
-0.09622095866017241 -0.7000594645712169
-0.04822289803570797 -0.7049938148141864
-1.2980787492697167e-16 -0.7066411584540074
0.04822289803570834 -0.7049938148141863
0.09622095866017216 -0.700059464571217
0.14377039275794645 -0.6918611139437217
0.19064950291755017 -0.6804369874268393
0.2366397170871343 -0.6658403495719846
0.2815266076582872 -0.6481392566429212
0.3251008912265276 -0.6274162393060441
0.36715940436714767 -0.603767917834314
0.40750605087687974 -0.5773045516189453
0.44595271606492004 -0.5481495250892245
0.48232014383045385 -0.5164387724373452
0.5164387724373449 -0.482320143830454
0.5481495250892244 -0.4459527160649203
0.5773045516189456 -0.40750605087687947
0.6037679178343139 -0.3671594043671479
0.627416239306044 -0.32510089122652785
0.648139256642921 -0.28152660765828746
0.6658403495719846 -0.23663971708713458
0.680436987426839 -0.19064950291755103
0.6918611139437216 -0.14377039275794676
0.700059464571217 -0.09622095866017182
0.7049938148141863 -0.048222898035708645
7.899559144387463 0.0
7.881143448728909 0.5390849805299558
7.825982224227441 1.0756564980288537
7.73433265797515 1.6072128083905481
7.6066220625570775 2.1312755507196828
7.443445883722691 2.645401302594241
7.245564924142928 3.1471929724288077
7.013901796196943 3.634310975822086
6.749536620327305 4.104484143779368
6.453701989019885 4.555520311950806
6.127777219888701 4.985316541513556
5.773281924660485 5.391868924043324
5.391868924043325 5.773281924660484
4.985316541513556 6.127777219888701
4.555520311950807 6.453701989019884
4.104484143779368 6.749536620327305
3.6343109758220864 7.013901796196943
3.147192972428807 7.245564924142928
2.6454013025942418 7.44344588372269
2.131275550719684 7.6066220625570775
1.607212808390548 7.73433265797515
1.0756564980288537 7.825982224227441
0.5390849805299578 7.881143448728909
4.837084910424655e-16 7.899559144387463
-0.539084980529955 7.881143448728909
-1.0756564980288543 7.825982224227441
-1.6072128083905488 7.73433265797515
-2.1312755507196814 7.606622062557078
-2.645401302594241 7.443445883722691
-3.1471929724288077 7.245564924142928
-3.6343109758220855 7.013901796196943
-4.104484143779366 6.749536620327306
-4.555520311950806 6.453701989019885
-4.985316541513557 6.127777219888701
-5.391868924043326 5.773281924660483
-5.773281924660485 5.391868924043325
-6.1277772198887 4.985316541513558
-6.453701989019884 4.555520311950807
-6.749536620327303 4.104484143779371
-7.013901796196943 3.634310975822087
-7.245564924142928 3.1471929724288072
-7.44344588372269 2.645401302594242
-7.6066220625570775 2.1312755507196828
-7.734332657975149 1.6072128083905501
-7.82598222422744 1.0756564980288577
-7.88114344872891 0.5390849805299548
-7.899559144387463 9.67416982084931e-16
-7.881143448728909 -0.5390849805299563
-7.825982224227441 -1.075656498028852
-7.73433265797515 -1.6072128083905448
-7.6066220625570775 -2.131275550719684
-7.443445883722691 -2.6454013025942404
-7.245564924142927 -3.1471929724288086
-7.013901796196944 -3.634310975822085
-6.749536620327307 -4.1044841437793655
-6.4537019890198835 -4.555520311950808
-6.127777219888701 -4.985316541513556
-5.773281924660486 -5.391868924043323
-5.391868924043325 -5.773281924660484
-4.9853165415135585 -6.127777219888699
-4.555520311950807 -6.453701989019884
-4.104484143779368 -6.749536620327305
-3.6343109758220904 -7.013901796196941
-3.1471929724288046 -7.245564924142929
-2.6454013025942427 -7.44344588372269
-2.131275550719683 -7.6066220625570775
-1.6072128083905473 -7.73433265797515
-1.075656498028858 -7.82598222422744
-0.5390849805299518 -7.88114344872891
-1.4511254731273965e-15 -7.899559144387463
0.5390849805299558 -7.881143448728909
1.0756564980288552 -7.825982224227441
1.6072128083905444 -7.734332657975151
2.1312755507196806 -7.606622062557078
2.64540130259424 -7.443445883722691
3.147192972428808 -7.245564924142927
3.6343109758220815 -7.013901796196945
4.1044841437793655 -6.749536620327307
4.555520311950805 -6.453701989019886
4.985316541513556 -6.127777219888701
5.391868924043326 -5.773281924660484
5.773281924660481 -5.391868924043328
6.127777219888699 -4.9853165415135585
6.453701989019888 -4.555520311950802
6.749536620327305 -4.104484143779368
7.013901796196944 -3.634310975822084
7.2455649241429265 -3.1471929724288112
7.44344588372269 -2.645401302594243
7.606622062557076 -2.1312755507196903
7.73433265797515 -1.6072128083905477
7.825982224227441 -1.0756564980288514
7.881143448728909 -0.5390849805299592
7.724557487384032 0.0
7.706549760979991 0.5271424451132253
7.652610542101072 1.0518271088084057
7.562991320285051 1.5716076689790255
7.438109941713964 2.084060668713028
7.278548661022317 2.5867968155676517
7.0850514265572 3.077472121553743
6.858520411747674 3.553798831889788
6.600011808755784 4.013556091570779
6.310730904021142 4.454600300019432
5.992026458659157 4.874875105541608
5.645384419914112 5.2724209929871595
5.27242099298716 5.645384419914111
4.874875105541608 5.992026458659157
4.4546003000194325 6.310730904021141
4.013556091570779 6.600011808755784
3.5537988318897886 6.858520411747674
3.077472121553742 7.0850514265572
2.5867968155676526 7.278548661022316
2.0840606687130294 7.438109941713964
1.5716076689790253 7.562991320285051
1.0518271088084057 7.652610542101072
0.5271424451132273 7.706549760979991
4.7299273008772875e-16 7.724557487384032
-0.5271424451132245 7.706549760979991
-1.0518271088084064 7.652610542101072
-1.5716076689790262 7.562991320285051
-2.0840606687130268 7.4381099417139644
-2.5867968155676517 7.278548661022317
-3.077472121553743 7.0850514265572
-3.5537988318897877 6.858520411747674
-4.013556091570777 6.600011808755785
-4.454600300019432 6.310730904021142
-4.874875105541609 5.992026458659157
-5.272420992987161 5.6453844199141106
-5.645384419914112 5.27242099298716
-5.992026458659156 4.8748751055416095
-6.310730904021141 4.4546003000194325
-6.600011808755783 4.0135560915707815
-6.858520411747674 3.553798831889789
-7.0850514265572 3.0774721215537424
-7.278548661022316 2.586796815567653
-7.438109941713964 2.084060668713028
-7.56299132028505 1.5716076689790275
-7.652610542101071 1.0518271088084097
-7.706549760979992 0.5271424451132243
-7.724557487384032 9.459854601754575e-16
-7.706549760979991 -0.5271424451132258
-7.652610542101072 -1.0518271088084041
-7.562991320285051 -1.5716076689790224
-7.438109941713964 -2.0840606687130294
-7.278548661022317 -2.5867968155676513
-7.085051426557199 -3.0774721215537437
-6.858520411747675 -3.5537988318897877
-6.600011808755786 -4.013556091570776
-6.31073090402114 -4.454600300019433
-5.992026458659157 -4.874875105541608
-5.645384419914113 -5.272420992987159
-5.27242099298716 -5.645384419914111
-4.87487510554161 -5.992026458659155
-4.4546003000194325 -6.310730904021141
-4.013556091570779 -6.600011808755784
-3.5537988318897926 -6.858520411747672
-3.0774721215537397 -7.085051426557201
-2.5867968155676535 -7.278548661022316
-2.0840606687130285 -7.438109941713964
-1.5716076689790246 -7.562991320285051
-1.05182710880841 -7.652610542101071
-0.5271424451132213 -7.706549760979992
-1.4189781902631862e-15 -7.724557487384032
0.5271424451132253 -7.706549760979991
1.0518271088084072 -7.652610542101072
1.571607668979022 -7.562991320285052
2.084060668713026 -7.4381099417139644
2.586796815567651 -7.278548661022317
3.0774721215537433 -7.085051426557199
3.553798831889784 -6.858520411747676
4.013556091570776 -6.600011808755786
4.454600300019431 -6.310730904021143
4.874875105541608 -5.992026458659157
5.272420992987161 -5.645384419914111
5.645384419914109 -5.272420992987163
5.992026458659155 -4.87487510554161
6.310730904021145 -4.454600300019427
6.600011808755784 -4.013556091570779
6.858520411747675 -3.553798831889787
7.085051426557198 -3.077472121553746
7.278548661022316 -2.586796815567654
7.438109941713962 -2.084060668713035
7.562991320285051 -1.571607668979025
7.652610542101072 -1.0518271088084037
7.706549760979991 -0.5271424451132286
7.9754043237639305 0.0
7.956811815486465 0.5442608386126824
7.901120977510312 1.085984081954651
7.8085914662300615 1.6226439661957461
7.679654696940673 2.1517383352232793
7.514911832380229 2.670800306848871
7.315130979831732 3.1774097745519763
7.081243609852385 3.669204691133647
6.814340213327868 4.143892081670939
6.515665217100436 4.599258734424487
6.186611181876529 5.033181519853292
5.828712309465932 5.443637289624714
5.443637289624715 5.828712309465931
5.033181519853292 6.186611181876529
4.599258734424488 6.515665217100435
4.143892081670939 6.814340213327868
3.6692046911336473 7.081243609852385
3.1774097745519754 7.315130979831732
2.670800306848872 7.514911832380228
2.1517383352232806 7.679654696940673
1.622643966195746 7.8085914662300615
1.085984081954651 7.901120977510312
0.5442608386126844 7.956811815486465
4.88352668850173e-16 7.9754043237639305
-0.5442608386126816 7.956811815486465
-1.0859840819546516 7.901120977510312
-1.6226439661957468 7.8085914662300615
-2.151738335223278 7.679654696940674
-2.670800306848871 7.514911832380229
-3.1774097745519763 7.315130979831732
-3.6692046911336464 7.081243609852385
-4.143892081670937 6.814340213327869
-4.599258734424487 6.515665217100436
-5.033181519853293 6.186611181876529
-5.443637289624716 5.8287123094659306
-5.828712309465932 5.443637289624715
-6.186611181876528 5.033181519853294
-6.515665217100435 4.599258734424488
-6.814340213327866 4.143892081670941
-7.081243609852385 3.6692046911336478
-7.315130979831732 3.177409774551976
-7.514911832380228 2.6708003068488724
-7.679654696940673 2.1517383352232793
-7.808591466230061 1.6226439661957481
-7.9011209775103115 1.085984081954655
-7.956811815486466 0.5442608386126814
-7.9754043237639305 9.76705337700346e-16
-7.956811815486465 -0.5442608386126829
-7.901120977510312 -1.0859840819546493
-7.8085914662300615 -1.6226439661957428
-7.679654696940673 -2.1517383352232806
-7.514911832380229 -2.6708003068488706
-7.315130979831731 -3.177409774551977
-7.081243609852386 -3.669204691133646
-6.81434021332787 -4.143892081670936
-6.515665217100434 -4.599258734424489
-6.186611181876529 -5.033181519853292
-5.828712309465933 -5.443637289624713
-5.443637289624715 -5.828712309465931
-5.0331815198532945 -6.186611181876527
-4.599258734424488 -6.515665217100435
-4.143892081670939 -6.814340213327868
-3.669204691133651 -7.081243609852383
-3.177409774551973 -7.315130979831733
-2.670800306848873 -7.514911832380228
-2.1517383352232797 -7.679654696940673
-1.6226439661957452 -7.8085914662300615
-1.0859840819546553 -7.9011209775103115
-0.5442608386126783 -7.956811815486466
-1.4650580065505187e-15 -7.9754043237639305
0.5442608386126824 -7.956811815486465
1.0859840819546525 -7.901120977510312
1.6226439661957424 -7.808591466230062
2.151738335223277 -7.679654696940674
2.67080030684887 -7.514911832380229
3.1774097745519767 -7.315130979831731
3.6692046911336424 -7.081243609852388
4.143892081670936 -6.81434021332787
4.599258734424486 -6.515665217100437
5.033181519853292 -6.186611181876529
5.443637289624716 -5.828712309465931
5.828712309465929 -5.443637289624718
6.186611181876527 -5.0331815198532945
6.515665217100438 -4.599258734424483
6.814340213327868 -4.143892081670939
7.081243609852386 -3.669204691133645
7.31513097983173 -3.17740977455198
7.514911832380228 -2.6708003068488733
7.679654696940672 -2.1517383352232864
7.8085914662300615 -1.6226439661957457
7.901120977510312 -1.0859840819546487
7.956811815486465 -0.5442608386126858
8.041284803238957 0.0
8.022538712357997 0.5487566815256798
7.966387842644356 1.0949548060856193
7.873093995372942 1.636047745887731
7.743092149525938 2.1695126758679177
7.576988433719998 2.6928623362651067
7.375557300154825 3.2036566293744198
7.1397379137595225 3.6995139964090713
6.8706297733721575 4.178122521426801
6.569487585368625 4.637250710549227
6.237715413642328 5.0747578962164015
5.876860133210169 5.488604217967146
5.488604217967147 5.876860133210168
5.0747578962164015 6.237715413642328
4.637250710549228 6.569487585368624
4.178122521426801 6.8706297733721575
3.6995139964090717 7.1397379137595225
3.203656629374419 7.375557300154825
2.6928623362651076 7.576988433719997
2.169512675867919 7.743092149525938
1.6360477458877307 7.873093995372942
1.0949548060856193 7.966387842644356
0.5487566815256818 8.022538712357997
4.923866847659421e-16 8.041284803238957
-0.548756681525679 8.022538712357997
-1.09495480608562 7.966387842644356
-1.6360477458877316 7.873093995372942
-2.1695126758679164 7.743092149525939
-2.6928623362651067 7.576988433719998
-3.2036566293744198 7.375557300154825
-3.699513996409071 7.1397379137595225
-4.1781225214268 6.870629773372158
-4.637250710549227 6.569487585368625
-5.074757896216402 6.237715413642328
-5.488604217967148 5.876860133210167
-5.876860133210169 5.488604217967147
-6.237715413642327 5.074757896216403
-6.569487585368624 4.637250710549228
-6.870629773372156 4.178122521426804
-7.1397379137595225 3.699513996409072
-7.375557300154825 3.2036566293744193
-7.576988433719997 2.692862336265108
-7.743092149525938 2.1695126758679177
-7.873093995372941 1.636047745887733
-7.966387842644355 1.0949548060856233
-8.022538712357997 0.5487566815256788
-8.041284803238957 9.847733695318842e-16
-8.022538712357997 -0.5487566815256804
-7.966387842644356 -1.0949548060856178
-7.873093995372942 -1.6360477458877276
-7.743092149525938 -2.169512675867919
-7.576988433719998 -2.6928623362651063
-7.375557300154824 -3.2036566293744206
-7.139737913759523 -3.6995139964090704
-6.870629773372159 -4.178122521426799
-6.569487585368623 -4.637250710549229
-6.237715413642328 -5.0747578962164015
-5.87686013321017 -5.488604217967145
-5.488604217967147 -5.876860133210168
-5.074757896216404 -6.237715413642326
-4.637250710549228 -6.569487585368624
-4.178122521426801 -6.8706297733721575
-3.6995139964090757 -7.139737913759521
-3.2036566293744166 -7.375557300154826
-2.6928623362651085 -7.576988433719997
-2.169512675867918 -7.743092149525938
-1.63604774588773 -7.873093995372942
-1.0949548060856238 -7.966387842644355
-0.5487566815256757 -8.022538712357997
-1.4771600542978263e-15 -8.041284803238957
0.5487566815256798 -8.022538712357997
1.094954806085621 -7.966387842644356
1.6360477458877272 -7.873093995372943
2.1695126758679155 -7.743092149525939
2.692862336265106 -7.576988433719998
3.20365662937442 -7.375557300154824
3.699513996409067 -7.139737913759525
4.178122521426799 -6.870629773372159
4.637250710549226 -6.569487585368626
5.0747578962164015 -6.237715413642328
5.488604217967148 -5.876860133210168
5.876860133210165 -5.48860421796715
6.237715413642326 -5.074757896216404
6.569487585368628 -4.637250710549223
6.8706297733721575 -4.178122521426801
7.139737913759523 -3.6995139964090695
7.375557300154823 -3.2036566293744233
7.576988433719997 -2.692862336265109
7.743092149525936 -2.1695126758679253
7.873093995372942 -1.6360477458877305
7.966387842644356 -1.0949548060856171
8.022538712357997 -0.5487566815256832
8.16689899132948 0.0
8.147860064783139 0.5573288968738208
8.090832053408402 1.1120592691568516
7.996080848119508 1.6616047077794724
7.8640482227744615 2.203402978226252
7.6953497744213815 2.7349279668560347
7.490772053100884 3.253701458809835
7.251268894586714 3.757304692592506
6.977956973163053 4.24338963745537
6.6721105951735336 4.709689940999468
6.335155757616816 5.154031495956636
5.9686634994903205 5.574342576881192
5.574342576881193 5.96866349949032
5.154031495956636 6.335155757616816
4.709689940999469 6.672110595173533
4.24338963745537 6.977956973163053
3.7573046925925064 7.251268894586714
3.253701458809834 7.490772053100884
2.7349279668560356 7.695349774421381
2.2034029782262534 7.8640482227744615
1.6616047077794722 7.996080848119508
1.1120592691568516 8.090832053408402
0.5573288968738229 8.147860064783139
5.000783354345698e-16 8.16689899132948
-0.55732889687382 8.147860064783139
-1.1120592691568523 8.090832053408402
-1.6616047077794731 7.996080848119508
-2.2034029782262508 7.864048222774462
-2.7349279668560347 7.6953497744213815
-3.253701458809835 7.490772053100884
-3.7573046925925055 7.251268894586714
-4.243389637455368 6.977956973163054
-4.709689940999468 6.6721105951735336
-5.1540314959566365 6.335155757616816
-5.574342576881194 5.968663499490319
-5.9686634994903205 5.574342576881193
-6.335155757616815 5.154031495956637
-6.672110595173533 4.709689940999469
-6.977956973163051 4.243389637455373
-7.251268894586714 3.757304692592507
-7.490772053100884 3.2537014588098345
-7.695349774421381 2.734927966856036
-7.8640482227744615 2.203402978226252
-7.996080848119507 1.6616047077794744
-8.0908320534084 1.1120592691568556
-8.147860064783139 0.5573288968738198
-8.16689899132948 1.0001566708691396e-15
-8.147860064783139 -0.5573288968738214
-8.090832053408402 -1.11205926915685
-7.996080848119508 -1.6616047077794691
-7.8640482227744615 -2.2034029782262534
-7.6953497744213815 -2.7349279668560342
-7.4907720531008835 -3.253701458809836
-7.2512688945867145 -3.757304692592505
-6.977956973163055 -4.243389637455367
-6.672110595173531 -4.7096899409994695
-6.335155757616816 -5.154031495956636
-5.968663499490321 -5.574342576881191
-5.574342576881193 -5.96866349949032
-5.154031495956638 -6.335155757616814
-4.709689940999469 -6.672110595173533
-4.24338963745537 -6.977956973163053
-3.7573046925925104 -7.251268894586712
-3.253701458809832 -7.490772053100885
-2.7349279668560365 -7.695349774421381
-2.2034029782262525 -7.8640482227744615
-1.6616047077794716 -7.996080848119508
-1.1120592691568563 -8.0908320534084
-0.5573288968738167 -8.147860064783139
-1.5002350063037092e-15 -8.16689899132948
0.5573288968738208 -8.147860064783139
1.1120592691568532 -8.090832053408402
1.6616047077794687 -7.996080848119509
2.20340297822625 -7.864048222774462
2.734927966856034 -7.6953497744213815
3.2537014588098354 -7.4907720531008835
3.7573046925925015 -7.251268894586716
4.243389637455367 -6.977956973163055
4.709689940999467 -6.672110595173534
5.154031495956636 -6.335155757616816
5.574342576881194 -5.96866349949032
5.968663499490317 -5.574342576881196
6.335155757616814 -5.154031495956638
6.672110595173536 -4.709689940999463
6.977956973163053 -4.24338963745537
7.2512688945867145 -3.757304692592504
7.490772053100883 -3.2537014588098385
7.695349774421381 -2.734927966856037
7.86404822277446 -2.20340297822626
7.996080848119508 -1.661604707779472
8.090832053408402 -1.1120592691568494
8.147860064783139 -0.5573288968738244
8.10122467867736 0.0
8.082338854112063 0.5528471232823742
8.02576943484835 1.1031166180713132
7.931780173632342 1.6482428739672998
7.80080929178705 2.185684260724753
7.633467436022275 2.7129349785054964
7.430534831317757 3.2275367410743274
7.19295764315416 3.7270902374642403
6.921843566052828 4.209266318671719
6.618456658992596 4.67181685722457
6.284211451783313 5.112585228989983
5.920666349874905 5.5295163683517625
5.529516368351763 5.920666349874904
5.112585228989983 6.284211451783313
4.671816857224571 6.618456658992595
4.209266318671719 6.921843566052828
3.7270902374642407 7.19295764315416
3.2275367410743265 7.430534831317757
2.7129349785054973 7.633467436022274
2.1856842607247544 7.80080929178705
1.6482428739672996 7.931780173632342
1.1031166180713132 8.02576943484835
0.5528471232823762 8.082338854112063
4.960569435957887e-16 8.10122467867736
-0.5528471232823734 8.082338854112063
-1.103116618071314 8.02576943484835
-1.6482428739673005 7.931780173632342
-2.1856842607247517 7.800809291787051
-2.7129349785054964 7.633467436022275
-3.2275367410743274 7.430534831317757
-3.72709023746424 7.19295764315416
-4.209266318671717 6.921843566052829
-4.67181685722457 6.618456658992596
-5.112585228989984 6.284211451783313
-5.529516368351764 5.920666349874903
-5.920666349874905 5.529516368351763
-6.284211451783312 5.1125852289899845
-6.618456658992595 4.671816857224571
-6.921843566052826 4.209266318671721
-7.19295764315416 3.7270902374642416
-7.430534831317757 3.227536741074327
-7.633467436022274 2.7129349785054977
-7.80080929178705 2.185684260724753
-7.931780173632341 1.6482428739673018
-8.02576943484835 1.1031166180713172
-8.082338854112063 0.5528471232823732
-8.10122467867736 9.921138871915774e-16
-8.082338854112063 -0.5528471232823747
-8.02576943484835 -1.1031166180713114
-7.931780173632342 -1.6482428739672965
-7.80080929178705 -2.1856842607247544
-7.633467436022275 -2.712934978505496
-7.430534831317756 -3.2275367410743283
-7.192957643154161 -3.7270902374642394
-6.9218435660528295 -4.209266318671716
-6.618456658992594 -4.671816857224572
-6.284211451783313 -5.112585228989983
-5.920666349874906 -5.529516368351762
-5.529516368351763 -5.920666349874904
-5.112585228989985 -6.284211451783311
-4.671816857224571 -6.618456658992595
-4.209266318671719 -6.921843566052828
-3.727090237464245 -7.192957643154158
-3.2275367410743243 -7.4305348313177575
-2.712934978505498 -7.633467436022274
-2.1856842607247535 -7.80080929178705
-1.648242873967299 -7.931780173632342
-1.1031166180713177 -8.02576943484835
-0.5528471232823701 -8.082338854112063
-1.488170830787366e-15 -8.10122467867736
0.5528471232823742 -8.082338854112063
1.1031166180713148 -8.02576943484835
1.648242873967296 -7.931780173632343
2.185684260724751 -7.800809291787051
2.7129349785054955 -7.633467436022275
3.227536741074328 -7.430534831317756
3.727090237464236 -7.192957643154163
4.209266318671716 -6.9218435660528295
4.671816857224569 -6.618456658992597
5.112585228989983 -6.284211451783313
5.529516368351764 -5.920666349874904
5.920666349874901 -5.529516368351766
6.284211451783311 -5.112585228989985
6.618456658992598 -4.671816857224566
6.921843566052828 -4.209266318671719
7.192957643154161 -3.7270902374642385
7.430534831317755 -3.227536741074331
7.633467436022274 -2.7129349785054986
7.800809291787048 -2.1856842607247606
7.931780173632342 -1.6482428739672994
8.02576943484835 -1.1031166180713108
8.082338854112063 -0.5528471232823777
1.0 0.5 0.4 0.32000000000000006 0.25600000000000006 0.20480000000000007 0.16384000000000007 0.13107200000000005 0.10485760000000005 0.08388608000000004 0.06710886400000003 0.05368709120000003 0.042949672960000025 0.03435973836800002 0.027487790694400018 0.021990232555520017 0.017592186044416015 0.014073748835532814 0.011258999068426251 0.009007199254741001 0.007205759403792801 0.0057646075230342415 0.0046116860184273935 