0.0 0.0
0.7530042469114084 0.0
0.37650212345570433 0.6521208069828496
-0.37650212345570405 0.6521208069828497
-0.7530042469114084 9.221642407244195e-17
-0.37650212345570455 -0.6521208069828495
0.37650212345570433 -0.6521208069828496
1.3975809802966288 0.0
0.6987904901483145 1.2103406327828394
-0.6987904901483141 1.2103406327828397
-1.3975809802966288 1.7115430740694865e-16
-0.6987904901483151 -1.2103406327828392
0.6987904901483145 -1.2103406327828394
1.9355891703369281 0.0
0.9677945851684643 1.6762693928018246
-0.9677945851684636 1.6762693928018249
-1.9355891703369281 2.3704130819174e-16
-0.967794585168465 -1.6762693928018242
0.9677945851684643 -1.6762693928018246
2.4670973576114728 0.0
1.2335486788057366 2.1365689853009973
-1.233548678805736 2.1365689853009973
-2.4670973576114728 3.0213228821837833e-16
-1.2335486788057375 -2.136568985300997
1.2335486788057366 -2.1365689853009973
1.0 0.5 0.4 0.32000000000000006 0.25600000000000006 