0.0 0.0
1.7728400379453202 0.0
1.753038879486459 0.2642280968232256
1.6940777292694178 0.5225537745872069
1.597273681959677 0.7692064645210291
1.4647891800102633 0.9986763531128717
1.2995837082706774 1.205837462239169
1.1053476839857574 1.386062155045468
0.8864200189726603 1.5353245097068153
0.6476911955007019 1.6502902518686935
0.3944940209987406 1.728391236826376
0.13248450194941394 1.7678828176339008
-0.13248450194941333 1.7678828176339008
-0.3944940209987404 1.728391236826376
-0.647691195500702 1.6502902518686935
-0.8864200189726597 1.5353245097068156
-1.1053476839857572 1.3860621550454681
-1.2995837082706774 1.205837462239169
-1.4647891800102635 0.9986763531128713
-1.5972736819596767 0.7692064645210294
-1.6940777292694176 0.5225537745872075
-1.753038879486459 0.2642280968232261
-1.7728400379453202 2.1711028778700085e-16
-1.7530388794864593 -0.2642280968232249
-1.694077729269418 -0.5225537745872064
-1.597273681959677 -0.7692064645210289
-1.4647891800102633 -0.9986763531128717
-1.2995837082706772 -1.2058374622391692
-1.1053476839857577 -1.3860621550454677
-0.8864200189726609 -1.5353245097068149
-0.6476911955007016 -1.6502902518686937
-0.3944940209987408 -1.728391236826376
-0.13248450194941455 -1.7678828176339008
0.1324845019494139 -1.7678828176339008
0.3944940209987402 -1.728391236826376
0.6476911955007025 -1.6502902518686933
0.8864200189726589 -1.5353245097068162
1.105347683985757 -1.3860621550454681
1.2995837082706778 -1.2058374622391685
1.4647891800102624 -0.998676353112873
1.5972736819596767 -0.7692064645210296
1.6940777292694176 -0.5225537745872078
1.7530388794864589 -0.26422809682322707
2.7462574105566606 0.0
2.715583984307625 0.4093084279724774
2.6242488992166093 0.8094735820258666
2.4742924301578637 1.191556433871627
2.269064356854553 1.5470218839724303
2.013149135335092 1.8679294215619995
1.712263488761051 2.1471105025343267
1.3731287052783305 2.378328682873339
1.0033204955465738 2.556418930506804
0.6110997638815178 2.6774030035878664
0.20522807330331078 2.7385783178440573
-0.2052280733033098 2.7385783178440573
-0.6110997638815175 2.6774030035878664
-1.003320495546574 2.556418930506804
-1.3731287052783296 2.378328682873339
-1.7122634887610508 2.147110502534327
-2.013149135335092 1.8679294215619995
-2.2690643568545537 1.54702188397243
-2.4742924301578633 1.1915564338716271
-2.6242488992166093 0.8094735820258677
-2.715583984307625 0.40930842797247813
-2.7462574105566606 3.363195347472913e-16
-2.715583984307625 -0.40930842797247624
-2.6242488992166098 -0.809473582025866
-2.4742924301578637 -1.1915564338716265
-2.269064356854553 -1.5470218839724303
-2.0131491353350914 -1.867929421562
-1.7122634887610515 -2.1471105025343262
-1.3731287052783314 -2.378328682873338
-1.0033204955465735 -2.5564189305068044
-0.6110997638815182 -2.6774030035878664
-0.20522807330331166 -2.7385783178440573
0.2052280733033107 -2.7385783178440573
0.6110997638815172 -2.6774030035878664
1.0033204955465749 -2.556418930506804
1.3731287052783285 -2.37832868287334
1.7122634887610506 -2.147110502534327
2.0131491353350928 -1.867929421561999
2.269064356854552 -1.5470218839724323
2.4742924301578633 -1.1915564338716274
2.6242488992166093 -0.809473582025868
2.7155839843076244 -0.4093084279724797
3.398070469072422 0.0
3.360116829504093 0.5064561233368898
3.2471037323905616 1.0015988537719849
3.0615557035728225 1.4743675209060971
2.807617579405776 1.9142012539421562
2.4909619179631948 2.3112748940875014
2.118662283463978 2.656718472365725
1.6990352345362114 2.9428153500664207
1.241454546040115 3.163174595702615
0.7561418144273668 3.3128737478594865
0.25393812416704714 3.388568774848253
-0.2539381241670459 3.388568774848253
-0.7561418144273665 3.3128737478594865
-1.2414545460401154 3.163174595702615
-1.6990352345362103 2.942815350066421
-2.118662283463978 2.6567184723657253
-2.4909619179631948 2.3112748940875014
-2.8076175794057763 1.9142012539421553
-3.061555703572822 1.4743675209060974
-3.247103732390561 1.0015988537719862
-3.360116829504093 0.5064561233368908
-3.398070469072422 4.1614361232266864e-16
-3.3601168295040935 -0.5064561233368884
-3.2471037323905616 -1.0015988537719838
-3.0615557035728225 -1.4743675209060967
-2.807617579405776 -1.9142012539421562
-2.4909619179631943 -2.311274894087502
-2.1186622834639786 -2.656718472365725
-1.6990352345362125 -2.9428153500664203
-1.2414545460401145 -3.1631745957026154
-0.7561418144273674 -3.3128737478594865
-0.25393812416704825 -3.388568774848253
0.25393812416704703 -3.388568774848253
0.756141814427366 -3.3128737478594865
1.2414545460401163 -3.1631745957026145
1.6990352345362087 -2.9428153500664225
2.1186622834639777 -2.6567184723657253
2.4909619179631957 -2.3112748940875005
2.807617579405774 -1.9142012539421585
3.061555703572822 -1.4743675209060978
3.247103732390561 -1.0015988537719864
3.3601168295040926 -0.5064561233368927
3.880246372594056 0.0
3.8369072265692385 0.5783207126932987
3.707857913401197 1.1437226963112395
3.4959811814985353 1.6835758048384506
3.2060100069361983 2.1858206119108425
2.8444218665909666 2.639237798472978
2.419294042011738 3.033698773826406
1.9401231862970285 3.360391931608871
1.4176131845575008 3.6120194865197046
0.8634360468102307 3.7829604947842177
0.28997117456233756 3.869396416749293
-0.28997117456233623 3.869396416749293
-0.8634360468102302 3.7829604947842177
-1.4176131845575013 3.6120194865197046
-1.9401231862970272 3.3603919316088713
-2.4192940420117375 3.0336987738264063
-2.8444218665909666 2.639237798472978
-3.2060100069361988 2.1858206119108416
-3.495981181498535 1.683575804838451
-3.7078579134011966 1.143722696311241
-3.8369072265692385 0.5783207126932998
-3.880246372594056 4.751931300100439e-16
-3.836907226569239 -0.5783207126932971
-3.707857913401197 -1.1437226963112384
-3.4959811814985353 -1.6835758048384502
-3.2060100069361983 -2.1858206119108425
-2.844421866590966 -2.6392377984729785
-2.4192940420117384 -3.0336987738264054
-1.9401231862970298 -3.36039193160887
-1.4176131845575004 -3.612019486519705
-0.8634360468102312 -3.7829604947842177
-0.2899711745623389 -3.869396416749293
0.2899711745623375 -3.869396416749293
0.8634360468102298 -3.7829604947842177
1.4176131845575024 -3.612019486519704
1.9401231862970254 -3.360391931608872
2.419294042011737 -3.0336987738264063
2.8444218665909675 -2.639237798472977
3.2060100069361965 -2.185820611910845
3.495981181498535 -1.6835758048384515
3.7078579134011966 -1.1437226963112415
3.836907226569238 -0.5783207126933019
4.259038516299245 0.0
4.211468574996828 0.6347767522008511
4.069821384971311 1.2553736406945426
3.8372611103829293 1.8479275564976132
3.5189827634717012 2.399201824296893
3.1220961565684875 2.8968818879030516
2.655467080636131 3.3298503970866764
2.1295192581496227 3.6884355508115294
1.556001494360697 3.964627149287528
0.9477252284028237 4.152255528597594
0.31827834691122864 4.247129380794506
-0.31827834691122714 4.247129380794506
-0.9477252284028232 4.152255528597594
-1.5560014943606975 3.964627149287528
-2.1295192581496214 3.68843555081153
-2.65546708063613 3.329850397086677
-3.1220961565684875 2.8968818879030516
-3.5189827634717017 2.399201824296892
-3.837261110382929 1.8479275564976136
-4.06982138497131 1.2553736406945442
-4.211468574996828 0.6347767522008523
-4.259038516299245 5.215817886431162e-16
-4.211468574996828 -0.6347767522008493
-4.069821384971311 -1.2553736406945413
-3.8372611103829293 -1.8479275564976128
-3.5189827634717012 -2.399201824296893
-3.122096156568487 -2.896881887903052
-2.6554670806361313 -3.329850397086676
-2.129519258149624 -3.6884355508115285
-1.5560014943606966 -3.9646271492875282
-0.9477252284028242 -4.152255528597594
-0.3182783469112301 -4.247129380794506
0.3182783469112285 -4.247129380794506
0.9477252284028227 -4.152255528597594
1.5560014943606988 -3.964627149287527
2.1295192581496196 -3.6884355508115316
2.6554670806361296 -3.329850397086677
3.1220961565684884 -2.8968818879030507
3.5189827634716995 -2.399201824296896
3.837261110382929 -1.847927556497614
4.06982138497131 -1.2553736406945446
4.211468574996827 -0.6347767522008546
4.5670657845973155 0.0
4.516055433207878 0.6806858343120521
4.364163865997539 1.3461662718850549
4.114784089584517 1.9815755794169476
3.7734868360862035 2.5727197629597414
3.3478961221690167 3.106393638289448
2.847518941114382 3.5706758129007348
2.283532892298658 3.955194990215984
1.6685364920934966 4.251361647212787
1.0162677438285226 4.452559910174503
0.34129725349831413 4.5542953423766885
-0.3412972534983125 4.5542953423766885
-1.0162677438285221 4.452559910174503
-1.668536492093497 4.251361647212787
-2.283532892298657 3.9551949902159844
-2.8475189411143815 3.570675812900735
-3.3478961221690167 3.106393638289448
-3.773486836086204 2.5727197629597405
-4.114784089584517 1.981575579416948
-4.364163865997538 1.3461662718850567
-4.516055433207878 0.6806858343120533
-4.5670657845973155 5.593042494602498e-16
-4.516055433207879 -0.6806858343120502
-4.364163865997539 -1.3461662718850536
-4.114784089584517 -1.981575579416947
-3.7734868360862035 -2.5727197629597414
-3.347896122169016 -3.1063936382894486
-2.8475189411143824 -3.5706758129007343
-2.28353289229866 -3.955194990215983
-1.6685364920934962 -4.2513616472127875
-1.0162677438285233 -4.452559910174503
-0.34129725349831563 -4.5542953423766885
0.341297253498314 -4.5542953423766885
1.0162677438285217 -4.452559910174503
1.6685364920934984 -4.251361647212787
2.2835328922986546 -3.955194990215986
2.847518941114381 -3.570675812900735
3.3478961221690176 -3.106393638289447
3.7734868360862017 -2.5727197629597445
4.114784089584517 -1.9815755794169485
4.364163865997538 -1.346166271885057
4.516055433207878 -0.6806858343120559
4.862197016965589 0.0
4.807890293555439 0.7246728620035867
4.646183245786811 1.4331577297558704
4.380688141894006 2.109628222047267
4.017335703780535 2.738973105913826
3.564242624492023 3.307133856611082
3.031530254706001 3.8014187018258387
2.431098508482795 4.210786134897117
1.7763600388494383 4.526091563829425
1.0819406212947889 4.740291586366952
0.36335243811347195 4.8486013279610924
-0.3633524381134703 4.8486013279610924
-1.0819406212947884 4.740291586366952
-1.7763600388494387 4.526091563829425
-2.4310985084827936 4.210786134897118
-3.031530254706 3.801418701825839
-3.564242624492023 3.307133856611082
-4.017335703780535 2.7389731059138245
-4.380688141894006 2.1096282220472675
-4.646183245786811 1.4331577297558722
-4.807890293555439 0.724672862003588
-4.862197016965589 5.954474013650717e-16
-4.807890293555439 -0.7246728620035846
-4.646183245786812 -1.433157729755869
-4.380688141894006 -2.109628222047266
-4.017335703780535 -2.738973105913826
-3.5642426244920222 -3.3071338566110824
-3.0315302547060012 -3.8014187018258383
-2.4310985084827967 -4.210786134897116
-1.7763600388494378 -4.526091563829426
-1.0819406212947897 -4.740291586366952
-0.3633524381134736 -4.8486013279610924
0.36335243811347184 -4.8486013279610924
1.081940621294788 -4.740291586366952
1.77636003884944 -4.526091563829425
2.4310985084827914 -4.210786134897119
3.0315302547059995 -3.801418701825839
3.564242624492024 -3.307133856611081
4.017335703780533 -2.738973105913829
4.380688141894006 -2.109628222047268
4.646183245786811 -1.4331577297558729
4.807890293555438 -0.7246728620035907
5.080980236452884 0.0
5.024229885245254 0.7572808088372925
4.855246540691211 1.4976452157740272
4.577805011471521 2.204554703374592
4.198102882890625 2.862218081818755
3.7246220730621404 3.4559442379880916
3.16793936087415 3.972470310656719
2.5404901182264426 4.400257960894861
1.8562905243711045 4.729751119494011
1.1306244676290713 4.953589453762119
0.3797021285808968 5.066772785193346
-0.379702128580895 5.066772785193346
-1.1306244676290707 4.953589453762119
-1.856290524371105 4.729751119494011
-2.5404901182264408 4.400257960894862
-3.1679393608741497 3.97247031065672
-3.7246220730621404 3.4559442379880916
-4.198102882890626 2.862218081818754
-4.57780501147152 2.2045547033745927
-4.85524654069121 1.4976452157740292
-5.024229885245254 0.757280808837294
-5.080980236452884 6.222406183102986e-16
-5.024229885245255 -0.7572808088372904
-4.855246540691212 -1.4976452157740259
-4.577805011471521 -2.2045547033745914
-4.198102882890625 -2.862218081818755
-3.72462207306214 -3.455944237988092
-3.1679393608741506 -3.9724703106567185
-2.5404901182264443 -4.40025796089486
-1.8562905243711039 -4.729751119494012
-1.130624467629072 -4.953589453762119
-0.37970212858089847 -5.066772785193346
0.37970212858089664 -5.066772785193346
1.13062446762907 -4.953589453762119
1.8562905243711065 -4.729751119494011
2.5404901182264386 -4.400257960894864
3.167939360874149 -3.97247031065672
3.7246220730621413 -3.4559442379880903
4.198102882890622 -2.8622180818187584
4.57780501147152 -2.204554703374593
4.85524654069121 -1.4976452157740296
5.024229885245254 -0.7572808088372968
5.269890445912353 0.0
5.211030123747422 0.7854364145589475
5.035763999586043 1.5533274775112533
4.748007229023427 2.286519771412347
4.354187822810194 2.9686349919802737
3.863103055714168 3.5844358123490156
3.285722949939126 4.120166259771762
2.6349452229561767 4.563859001321
1.925307173808297 4.905602674330709
1.1726609438718751 5.13776328986027
0.39381940621323386 5.25515476339262
-0.393819406213232 5.25515476339262
-1.1726609438718745 5.13776328986027
-1.9253071738082974 4.905602674330709
-2.634945222956175 4.563859001321001
-3.2857229499391254 4.120166259771762
-3.863103055714168 3.5844358123490156
-4.354187822810195 2.9686349919802724
-4.748007229023426 2.286519771412348
-5.035763999586043 1.5533274775112553
-5.211030123747422 0.785436414558949
-5.269890445912353 6.453754466443781e-16
-5.211030123747423 -0.7854364145589453
-5.0357639995860435 -1.5533274775112518
-4.748007229023427 -2.2865197714123466
-4.354187822810194 -2.9686349919802737
-3.8631030557141677 -3.5844358123490165
-3.2857229499391267 -4.120166259771761
-2.6349452229561785 -4.563859001320999
-1.9253071738082963 -4.9056026743307095
-1.1726609438718758 -5.13776328986027
-0.39381940621323563 -5.25515476339262
0.39381940621323375 -5.25515476339262
1.172660943871874 -5.13776328986027
1.925307173808299 -4.905602674330708
2.6349452229561727 -4.563859001321003
3.285722949939125 -4.120166259771762
3.8631030557141695 -3.5844358123490148
4.354187822810192 -2.9686349919802772
4.748007229023426 -2.2865197714123484
5.035763999586043 -1.5533274775112558
5.211030123747422 -0.7854364145589519
5.464252807337322 0.0
5.403221618182343 0.8144046213650776
5.221491386632121 1.6106167892519854
4.923121665759323 2.3708504395311314
4.514777542087123 3.07812320870357
4.005580748570008 3.7166357918390585
3.406905900152776 4.2721248729406325
2.7321264036686617 4.732181743854557
1.996315718029567 5.08652949430571
1.215910638062114 5.327252581091044
0.4083441236722003 5.448973648234701
-0.4083441236721984 5.448973648234701
-1.2159106380621136 5.327252581091044
-1.9963157180295674 5.08652949430571
-2.73212640366866 4.732181743854557
-3.4069059001527755 4.272124872940633
-4.005580748570008 3.7166357918390585
-4.514777542087124 3.0781232087035693
-4.923121665759322 2.370850439531132
-5.22149138663212 1.6106167892519876
-5.403221618182343 0.8144046213650792
-5.464252807337322 6.691779710237591e-16
-5.403221618182343 -0.8144046213650754
-5.221491386632122 -1.6106167892519838
-4.923121665759323 -2.370850439531131
-4.514777542087123 -3.07812320870357
-4.005580748570007 -3.7166357918390593
-3.4069059001527764 -4.272124872940632
-2.7321264036686634 -4.7321817438545555
-1.9963157180295663 -5.086529494305711
-1.215910638062115 -5.327252581091044
-0.40834412367220213 -5.448973648234701
0.4083441236722002 -5.448973648234701
1.215910638062113 -5.327252581091044
1.996315718029569 -5.08652949430571
2.7321264036686577 -4.732181743854559
3.4069059001527746 -4.272124872940633
4.005580748570009 -3.716635791839057
4.5147775420871215 -3.078123208703574
4.923121665759322 -2.3708504395311327
5.22149138663212 -1.6106167892519883
5.403221618182342 -0.8144046213650822
5.608255380746915 0.0
5.545615801825495 0.8358670912412443
5.35909632974555 1.6530622928929488
5.052863501299198 2.433330814524636
4.633758051839414 3.1592427467179727
4.1111421045562215 3.8145824164411186
3.4966900361150706 4.384710618388665
2.8041276903734578 4.856891630637597
2.0489257657104245 5.220577709629909
1.2479542251893294 5.467644709334068
0.4191054494597851 5.592573561242609
-0.4191054494597832 5.592573561242609
-1.2479542251893287 5.467644709334068
-2.048925765710425 5.220577709629909
-2.804127690373456 4.856891630637598
-3.4966900361150697 4.384710618388666
-4.1111421045562215 3.8145824164411186
-4.633758051839415 3.159242746717972
-5.052863501299198 2.4333308145246364
-5.359096329745549 1.653062292892951
-5.545615801825495 0.8358670912412458
-5.608255380746915 6.86813200083263e-16
-5.545615801825495 -0.8358670912412418
-5.359096329745551 -1.6530622928929473
-5.052863501299198 -2.433330814524635
-4.633758051839414 -3.1592427467179727
-4.111142104556221 -3.8145824164411195
-3.496690036115071 -4.384710618388665
-2.80412769037346 -4.8568916306375955
-2.0489257657104236 -5.22057770962991
-1.24795422518933 -5.467644709334068
-0.41910544945978695 -5.592573561242609
0.41910544945978495 -5.592573561242609
1.247954225189328 -5.467644709334068
2.0489257657104263 -5.220577709629909
2.8041276903734538 -4.8568916306376
3.4966900361150692 -4.384710618388666
4.111142104556222 -3.8145824164411173
4.633758051839411 -3.1592427467179767
5.052863501299198 -2.4333308145246373
5.359096329745549 -1.6530622928929517
5.545615801825494 -0.8358670912412489
6.137004049281746 0.0
6.068458784598228 0.9146729910373104
5.864354178493064 1.8089136989064665
5.5292495905939365 2.662746263881959
5.070630703650847 3.4570974773780767
4.498742305753208 4.174222845911183
3.8263594386929216 4.79810297376225
3.068502024640874 5.314801409805959
2.242099345905307 5.71277596479956
1.3656118727398576 5.98313654481765
0.45861888694309033 6.119843741260035
-0.4586188869430882 6.119843741260035
-1.365611872739857 5.98313654481765
-2.2420993459053076 5.71277596479956
-3.0685020246408716 5.314801409805959
-3.8263594386929207 4.79810297376225
-4.498742305753208 4.174222845911183
-5.070630703650848 3.4570974773780754
-5.529249590593936 2.6627462638819597
-5.864354178493064 1.8089136989064687
-6.068458784598228 0.914672991037312
-6.137004049281746 7.515662365307235e-16
-6.068458784598229 -0.9146729910373078
-5.864354178493065 -1.8089136989064647
-5.5292495905939365 -2.6627462638819583
-5.070630703650847 -3.4570974773780767
-4.498742305753207 -4.174222845911184
-3.826359438692922 -4.798102973762249
-3.0685020246408756 -5.314801409805957
-2.2420993459053062 -5.71277596479956
-1.3656118727398585 -5.98313654481765
-0.4586188869430924 -6.119843741260035
0.45861888694309016 -6.119843741260035
1.3656118727398563 -5.98313654481765
2.2420993459053093 -5.712775964799559
3.068502024640869 -5.314801409805962
3.8263594386929203 -4.79810297376225
4.498742305753209 -4.174222845911181
5.070630703650845 -3.4570974773780807
5.529249590593936 -2.66274626388196
5.864354178493064 -1.8089136989064694
6.068458784598228 -0.9146729910373155
5.750546281033139 0.0
5.686317430319839 0.8570744494761511
5.495065644569893 1.6950032720238994
5.181063172642894 2.4950685223832263
4.751324310888223 3.2393980649291336
4.2154487153553895 3.9113648076486887
3.585406961340829 4.495958123901154
2.87527314051657 4.980119165012826
2.10091046897901 5.353032573377305
1.2796169292145048 5.606368079672588
0.42973886175467124 5.73446658731236
-0.42973886175466924 5.73446658731236
-1.279616929214504 5.606368079672588
-2.1009104689790106 5.353032573377305
-2.875273140516568 4.980119165012827
-3.5854069613408286 4.495958123901155
-4.2154487153553895 3.9113648076486887
-4.751324310888224 3.2393980649291323
-5.181063172642893 2.495068522383227
-5.495065644569893 1.6950032720239017
-5.686317430319839 0.8570744494761527
-5.750546281033139 7.0423880964159495e-16
-5.686317430319839 -0.8570744494761487
-5.495065644569894 -1.6950032720238979
-5.181063172642894 -2.495068522383226
-4.751324310888223 -3.2393980649291336
-4.215448715355389 -3.9113648076486895
-3.58540696134083 -4.495958123901154
-2.875273140516572 -4.980119165012825
-2.1009104689790092 -5.353032573377306
-1.2796169292145056 -5.606368079672588
-0.42973886175467313 -5.73446658731236
0.4297388617546711 -5.73446658731236
1.2796169292145034 -5.606368079672588
2.1009104689790123 -5.353032573377305
2.8752731405165655 -4.9801191650128285
3.5854069613408277 -4.495958123901155
4.21544871535539 -3.9113648076486873
4.751324310888221 -3.2393980649291376
5.181063172642893 -2.4950685223832276
5.495065644569893 -1.6950032720239023
5.686317430319838 -0.857074449476156
5.959723544161063 0.0
5.893158356246135 0.8882507028052669
5.69494974880371 1.7566593526999663
5.369525374594186 2.5858271354475475
4.924154676389814 3.3572318129399457
4.368786499635554 4.053641479389837
3.7158268516818107 4.659499493631064
2.979861772080532 5.16127198877571
2.1773315045643247 5.547750196436332
1.3261632491681563 5.810300832089804
0.44537069820437314 5.943058948387493
-0.44537069820437103 5.943058948387493
-1.3261632491681556 5.810300832089804
-2.1773315045643256 5.547750196436332
-2.9798617720805303 5.161271988775711
-3.7158268516818103 4.659499493631065
-4.368786499635554 4.053641479389837
-4.924154676389815 3.3572318129399443
-5.369525374594185 2.5858271354475484
-5.694949748803709 1.7566593526999688
-5.893158356246135 0.8882507028052685
-5.959723544161063 7.298556362159965e-16
-5.893158356246136 -0.8882507028052644
-5.69494974880371 -1.7566593526999648
-5.369525374594186 -2.585827135447547
-4.924154676389814 -3.3572318129399457
-4.368786499635553 -4.053641479389838
-3.7158268516818116 -4.659499493631064
-2.9798617720805343 -5.161271988775709
-2.1773315045643242 -5.547750196436333
-1.326163249168157 -5.810300832089804
-0.4453706982043751 -5.943058948387493
0.445370698204373 -5.943058948387493
1.326163249168155 -5.810300832089804
2.1773315045643273 -5.547750196436331
2.9798617720805276 -5.161271988775713
3.7158268516818094 -4.659499493631065
4.368786499635555 -4.053641479389835
4.924154676389811 -3.3572318129399497
5.369525374594185 -2.585827135447549
5.694949748803709 -1.7566593526999694
5.8931583562461345 -0.8882507028052719
5.839670198503756 0.0
5.774445907268729 0.8703576801064702
5.580230036449943 1.721273007862134
5.261361047669424 2.533737940940182
4.824961947221386 3.289603355293539
4.280781169882031 3.9719844665955475
3.640974814985458 4.565638008420565
2.9198350992518782 5.057302741627168
2.1334710922832714 5.4359956885270355
1.2994488665679118 5.693257474457682
0.43639910044803915 5.823341296233721
-0.43639910044803715 5.823341296233721
-1.2994488665679111 5.693257474457682
-2.133471092283272 5.4359956885270355
-2.9198350992518765 5.0573027416271685
-3.6409748149854573 4.565638008420565
-4.280781169882031 3.9719844665955475
-4.824961947221387 3.2896033552935378
-5.261361047669423 2.533737940940183
-5.580230036449942 1.7212730078621363
-5.774445907268729 0.8703576801064719
-5.839670198503756 7.151533416673813e-16
-5.7744459072687295 -0.8703576801064677
-5.580230036449944 -1.7212730078621326
-5.261361047669424 -2.5337379409401817
-4.824961947221386 -3.289603355293539
-4.280781169882031 -3.9719844665955484
-3.6409748149854586 -4.5656380084205646
-2.9198350992518805 -5.057302741627167
-2.1334710922832705 -5.4359956885270355
-1.2994488665679127 -5.693257474457682
-0.4363991004480411 -5.823341296233721
0.436399100448039 -5.823341296233721
1.2994488665679105 -5.693257474457682
2.1334710922832736 -5.435995688527035
2.919835099251874 -5.05730274162717
3.640974814985457 -4.565638008420565
4.280781169882033 -3.971984466595546
4.824961947221383 -3.289603355293543
5.261361047669423 -2.5337379409401835
5.580230036449942 -1.721273007862137
5.774445907268729 -0.8703576801064751
6.279899824736893 0.0
6.209758532305622 0.9359705012381473
6.000901495579726 1.8510329681233297
5.657994235633799 2.7247464172405413
5.188696734017842 3.537593533904517
4.603492321427178 4.27141665671841
3.9154534974179014 4.909823389724766
3.1399499123684476 5.438552781443593
2.2943050348877208 5.845793890962913
1.397409174152549 6.12244962484174
0.4692975016159582 6.262339951145058
-0.469297501615956 6.262339951145058
-1.3974091741525483 6.12244962484174
-2.2943050348877216 5.845793890962913
-3.1399499123684453 5.438552781443594
-3.915453497417901 4.9098233897247665
-4.603492321427178 4.27141665671841
-5.188696734017842 3.5375935339045155
-5.657994235633798 2.724746417240542
-6.0009014955797255 1.8510329681233322
-6.209758532305622 0.9359705012381491
-6.279899824736893 7.690659219330061e-16
-6.209758532305623 -0.9359705012381446
-6.000901495579727 -1.851032968123328
-5.657994235633799 -2.7247464172405405
-5.188696734017842 -3.537593533904517
-4.6034923214271775 -4.27141665671841
-3.9154534974179023 -4.909823389724765
-3.1399499123684493 -5.438552781443592
-2.2943050348877203 -5.845793890962914
-1.3974091741525498 -6.12244962484174
-0.4692975016159603 -6.262339951145058
0.469297501615958 -6.262339951145058
1.3974091741525476 -6.12244962484174
2.2943050348877234 -5.845793890962913
3.1399499123684427 -5.438552781443596
3.9154534974179 -4.9098233897247665
4.603492321427179 -4.271416656718408
5.18869673401784 -3.537593533904521
5.657994235633798 -2.7247464172405427
6.0009014955797255 -1.8510329681233328
6.209758532305622 -0.9359705012381525
4.722016962675268 0.0
4.669275934651258 0.7037801090394581
4.512230997993356 1.3918389334045969
4.254390277077556 2.0488063759420805
3.901513507540151 2.6600068695916406
3.461483373301297 3.2117872053035583
2.944129420431982 3.6918215221675883
2.3610084813376346 4.089386646777817
1.7251465142192757 4.395601631207047
1.05074762469206 4.603626138708155
0.35287676953740627 4.708813245533721
-0.3528767695374046 4.708813245533721
-1.0507476246920595 4.603626138708155
-1.7251465142192761 4.395601631207047
-2.3610084813376333 4.089386646777818
-2.9441294204319814 3.6918215221675887
-3.461483373301297 3.2117872053035583
-3.9015135075401512 2.6600068695916392
-4.2543902770775555 2.048806375942081
-4.512230997993355 1.3918389334045986
-4.669275934651258 0.7037801090394594
-4.722016962675268 5.782802958859774e-16
-4.6692759346512585 -0.7037801090394562
-4.512230997993357 -1.3918389334045955
-4.254390277077556 -2.0488063759420796
-3.901513507540151 -2.6600068695916406
-3.461483373301296 -3.2117872053035588
-2.944129420431983 -3.691821522167588
-2.3610084813376364 -4.089386646777816
-1.7251465142192752 -4.395601631207047
-1.0507476246920606 -4.603626138708155
-0.3528767695374078 -4.708813245533721
0.35287676953740615 -4.708813245533721
1.0507476246920588 -4.603626138708155
1.7251465142192774 -4.395601631207046
2.361008481337631 -4.08938664677782
2.944129420431981 -3.6918215221675887
3.4614833733012977 -3.2117872053035574
3.9015135075401486 -2.6600068695916437
4.2543902770775555 -2.0488063759420814
4.512230997993355 -1.3918389334045993
4.669275934651257 -0.7037801090394621
6.037586230695467 0.0
5.970151380904058 0.8998555340569195
5.769353214641437 1.7796097824495163
5.439677231132929 2.619610489018833
4.988487847076951 3.4010934260394956
4.425863887745298 4.106601556060141
3.764373442681335 4.720374993273201
3.0187931153477345 5.228703053321409
2.2057779382227234 5.620230527330121
1.3434893268961396 5.886211338509658
0.4511893840559796 6.020703915058329
-0.45118938405597747 6.020703915058329
-1.343489326896139 5.886211338509658
-2.2057779382227243 5.620230527330121
-3.0187931153477323 5.228703053321409
-3.7643734426813347 4.720374993273202
-4.425863887745298 4.106601556060141
-4.988487847076951 3.4010934260394943
-5.4396772311329284 2.619610489018834
-5.769353214641436 1.7796097824495185
-5.970151380904058 0.8998555340569213
-6.037586230695467 7.393910651997337e-16
-5.970151380904059 -0.8998555340569171
-5.769353214641438 -1.7796097824495145
-5.439677231132929 -2.6196104890188328
-4.988487847076951 -3.4010934260394956
-4.425863887745297 -4.106601556060142
-3.764373442681336 -4.720374993273201
-3.0187931153477363 -5.228703053321407
-2.205777938222723 -5.620230527330122
-1.3434893268961403 -5.886211338509658
-0.4511893840559816 -6.020703915058329
0.4511893840559794 -6.020703915058329
1.3434893268961383 -5.886211338509658
2.205777938222726 -5.62023052733012
3.0187931153477296 -5.228703053321412
3.764373442681334 -4.720374993273202
4.425863887745299 -4.1066015560601405
4.988487847076948 -3.4010934260394996
5.4396772311329284 -2.6196104890188345
5.769353214641436 -1.7796097824495192
5.970151380904058 -0.8998555340569246
5.371470112513512 0.0
5.31147522940032 0.8005760782666045
5.132830766610933 1.5832686098568793
4.839527346242979 2.3305935369755733
4.438116882038163 3.0258568556681222
3.937566220455998 3.6535275322829834
3.349056836141159 4.199584441099153
2.6857350562567563 4.651829573105558
1.9624183932591612 5.000160519365759
1.195264546154936 5.236796142139863
0.4014104642048163 5.356450392643695
-0.4014104642048144 5.356450392643695
-1.1952645461549356 5.236796142139863
-1.962418393259162 5.000160519365759
-2.6857350562567546 4.651829573105559
-3.349056836141158 4.199584441099154
-3.937566220455998 3.6535275322829834
-4.438116882038164 3.025856855668121
-4.839527346242978 2.3305935369755737
-5.132830766610932 1.5832686098568816
-5.31147522940032 0.800576078266606
-5.371470112513512 6.578153680005346e-16
-5.311475229400321 -0.8005760782666023
-5.132830766610934 -1.583268609856878
-4.839527346242979 -2.3305935369755724
-4.438116882038163 -3.0258568556681222
-3.937566220455997 -3.6535275322829843
-3.3490568361411595 -4.199584441099153
-2.685735056256758 -4.651829573105557
-1.9624183932591608 -5.000160519365759
-1.195264546154937 -5.236796142139863
-0.4014104642048181 -5.356450392643695
0.40141046420481613 -5.356450392643695
1.195264546154935 -5.236796142139863
1.9624183932591635 -5.000160519365758
2.6857350562567524 -4.6518295731055606
3.3490568361411577 -4.199584441099154
3.937566220455999 -3.6535275322829825
4.438116882038161 -3.025856855668126
4.839527346242978 -2.330593536975574
5.132830766610932 -1.583268609856882
5.311475229400319 -0.800576078266609
5.896466058970922 0.0
5.830607404900644 0.8788226638599225
5.634502616193591 1.738013881619951
5.31253234977607 2.5583807412460753
4.871888889359999 3.3215976027096765
4.322415481709673 4.010615462503555
3.6763864547745277 4.6100428002076566
2.9482330294854613 5.1064893996215295
2.1542209501261165 5.48886546406758
1.3120871344839182 5.748629344123507
0.440643460416072 5.879978343955751
-0.44064346041606994 5.879978343955751
-1.3120871344839176 5.748629344123507
-2.1542209501261174 5.48886546406758
-2.9482330294854595 5.10648939962153
-3.676386454774527 4.610042800207657
-4.322415481709673 4.010615462503555
-4.87188888936 3.321597602709675
-5.3125323497760695 2.558380741246076
-5.63450261619359 1.7380138816199533
-5.830607404900644 0.878822663859924
-5.896466058970922 7.221088285399748e-16
-5.830607404900644 -0.8788226638599199
-5.634502616193592 -1.7380138816199493
-5.31253234977607 -2.558380741246075
-4.871888889359999 -3.3215976027096765
-4.3224154817096725 -4.010615462503556
-3.676386454774528 -4.6100428002076566
-2.9482330294854635 -5.106489399621529
-2.154220950126116 -5.48886546406758
-1.3120871344839191 -5.748629344123507
-0.44064346041607394 -5.879978343955751
0.44064346041607183 -5.879978343955751
1.312087134483917 -5.748629344123507
2.1542209501261187 -5.488865464067579
2.948233029485457 -5.106489399621532
3.6763864547745264 -4.610042800207657
4.322415481709674 -4.010615462503553
4.8718888893599965 -3.32159760270968
5.3125323497760695 -2.5583807412460766
5.63450261619359 -1.738013881619954
5.830607404900643 -0.8788226638599274
5.685887402420829 0.0
5.622380737958839 0.8474375436793623
5.433279378515343 1.6759447329813146
5.122807535979721 2.4670140863637693
4.697900638274942 3.2029744216749187
4.168050403358218 3.8673856011617564
3.545092809926432 4.445405776980972
2.842943701210415 4.924122933554352
2.0772879280324066 5.292843320660334
1.2652289751571257 5.5433303341430715
0.4249068977047801 5.669988508038688
-0.4249068977047781 5.669988508038688
-1.265228975157125 5.5433303341430715
-2.077287928032407 5.292843320660334
-2.8429437012104133 4.924122933554352
-3.5450928099264316 4.445405776980973
-4.168050403358218 3.8673856011617564
-4.697900638274943 3.2029744216749174
-5.122807535979721 2.4670140863637697
-5.433279378515342 1.6759447329813169
-5.622380737958839 0.8474375436793639
-5.685887402420829 6.963203807686927e-16
-5.622380737958839 -0.84743754367936
-5.433279378515343 -1.675944732981313
-5.122807535979721 -2.467014086363769
-4.697900638274942 -3.2029744216749187
-4.168050403358217 -3.8673856011617573
-3.545092809926433 -4.445405776980971
-2.8429437012104173 -4.92412293355435
-2.0772879280324057 -5.292843320660335
-1.2652289751571264 -5.5433303341430715
-0.42490689770478196 -5.669988508038688
0.4249068977047799 -5.669988508038688
1.2652289751571244 -5.5433303341430715
2.077287928032409 -5.292843320660333
2.8429437012104106 -4.9241229335543535
3.545092809926431 -4.445405776980973
4.168050403358219 -3.867385601161755
4.697900638274939 -3.2029744216749227
5.122807535979721 -2.4670140863637706
5.433279378515342 -1.6759447329813175
5.622380737958838 -0.8474375436793671
6.371903288451561 0.0
6.30073439334617 0.9496829059662388
6.088817503543595 1.878151465116954
5.7408864921799045 2.764665224088828
5.264713563110275 3.589420930426318
4.6709356327180425 4.333994904517622
3.9728167187796766 4.981754594152998
3.1859516442257814 5.518230118256655
2.327917674566494 5.9314375001192365
1.4178818708255527 6.212146369634577
0.4761729290696305 6.354086154515145
-0.47617292906962827 6.354086154515145
-1.4178818708255518 6.212146369634577
-2.327917674566495 5.9314375001192365
-3.185951644225779 5.518230118256656
-3.972816718779676 4.981754594152998
-4.6709356327180425 4.333994904517622
-5.264713563110276 3.5894209304263165
-5.740886492179904 2.7646652240888283
-6.088817503543594 1.8781514651169564
-6.30073439334617 0.9496829059662406
-6.371903288451561 7.803330966678698e-16
-6.300734393346171 -0.9496829059662362
-6.088817503543595 -1.8781514651169522
-5.7408864921799045 -2.764665224088827
-5.264713563110275 -3.589420930426318
-4.670935632718042 -4.333994904517623
-3.9728167187796775 -4.9817545941529975
-3.185951644225783 -5.518230118256654
-2.3279176745664936 -5.931437500119237
-1.4178818708255536 -6.212146369634577
-0.4761729290696326 -6.354086154515145
0.4761729290696303 -6.354086154515145
1.4178818708255512 -6.212146369634577
2.3279176745664967 -5.9314375001192365
3.185951644225776 -5.518230118256658
3.9728167187796752 -4.981754594152998
4.670935632718044 -4.3339949045176205
5.264713563110273 -3.589420930426322
5.740886492179904 -2.764665224088829
6.088817503543594 -1.878151465116957
6.30073439334617 -0.949682905966244
6.436870418818528 0.0
6.364975894544414 0.9593657543030946
6.150898326592231 1.8973008629592454
5.7994198540775 2.792853405532185
5.318391925275505 3.6260182180768648
4.718559909240961 4.378183775444443
4.0133230620195075 5.032547941999498
3.218435209409265 5.574493303565424
2.351652832524907 5.991913696302593
1.4323384173512719 6.275484638403689
0.4810279288019954 6.41887162360905
-0.48102792880199313 6.41887162360905
-1.4323384173512712 6.275484638403689
-2.3516528325249078 5.991913696302593
-3.2184352094092628 5.574493303565425
-4.013323062019507 5.032547941999498
-4.718559909240961 4.378183775444443
-5.318391925275506 3.626018218076863
-5.799419854077499 2.792853405532186
-6.15089832659223 1.8973008629592478
-6.364975894544414 0.9593657543030963
-6.436870418818528 7.882892754932393e-16
-6.364975894544415 -0.9593657543030919
-6.150898326592232 -1.8973008629592436
-5.7994198540775 -2.7928534055321848
-5.318391925275505 -3.6260182180768648
-4.71855990924096 -4.378183775444444
-4.013323062019508 -5.032547941999497
-3.2184352094092668 -5.574493303565423
-2.3516528325249064 -5.991913696302593
-1.4323384173512728 -6.275484638403689
-0.4810279288019975 -6.41887162360905
0.4810279288019952 -6.41887162360905
1.4323384173512703 -6.275484638403689
2.3516528325249095 -5.991913696302592
3.2184352094092596 -5.574493303565427
4.013323062019507 -5.032547941999498
4.718559909240962 -4.378183775444441
5.3183919252755025 -3.6260182180768687
5.799419854077499 -2.792853405532187
6.15089832659223 -1.8973008629592485
6.364975894544414 -0.9593657543030999
1.0 0.5 0.4 0.32000000000000006 0.25600000000000006 0.20480000000000007 0.16384000000000007 0.13107200000000005 0.10485760000000005 0.08388608000000004 0.06710886400000003 0.05368709120000003 0.042949672960000025 0.03435973836800002 0.027487790694400018 0.021990232555520017 0.017592186044416015 0.014073748835532814 0.011258999068426251 0.009007199254741001 0.007205759403792801 0.0057646075230342415 0.0046116860184273935 0.003689348814741915 