0.0 0.0
1.8133374028045823 0.0
1.7948802426606574 0.25806481921503305
1.7398844967833582 0.5108761829083325
1.6494697199641124 0.7532875807628725
1.5254764963242735 0.9803642157750796
1.3704289703302193 1.187483462491046
1.187483462491046 1.3704289703302193
0.9803642157750798 1.5254764963242733
0.7532875807628725 1.6494697199641122
0.5108761829083327 1.7398844967833582
0.258064819215033 1.7948802426606574
5.136766795074662e-16 1.8133374028045823
-0.2580648192150328 1.7948802426606576
-0.5108761829083325 1.7398844967833582
-0.7532875807628724 1.6494697199641124
-0.9803642157750789 1.525476496324274
-1.1874834624910457 1.3704289703302193
-1.370428970330219 1.187483462491046
-1.5254764963242733 0.9803642157750799
-1.649469719964112 0.753287580762873
-1.7398844967833582 0.5108761829083325
-1.7948802426606574 0.2580648192150331
-1.8133374028045823 1.0273533590149324e-15
-1.7948802426606576 -0.25806481921503266
-1.7398844967833584 -0.5108761829083319
-1.6494697199641122 -0.7532875807628726
-1.5254764963242735 -0.9803642157750796
-1.3704289703302195 -1.1874834624910457
-1.187483462491046 -1.370428970330219
-0.9803642157750794 -1.5254764963242735
-0.7532875807628738 -1.6494697199641115
-0.5108761829083326 -1.7398844967833582
-0.2580648192150332 -1.7948802426606574
-3.331046769178209e-16 -1.8133374028045823
0.25806481921503255 -1.7948802426606576
0.5108761829083318 -1.7398844967833584
0.7532875807628718 -1.6494697199641126
0.9803642157750802 -1.525476496324273
1.1874834624910449 -1.3704289703302202
1.3704289703302184 -1.1874834624910466
1.5254764963242735 -0.9803642157750794
1.6494697199641115 -0.7532875807628739
1.7398844967833582 -0.5108761829083327
1.7948802426606574 -0.2580648192150334
2.80144809130041 0.0
2.7729333890855585 0.3986876320444212
2.6879697595484884 0.7892591336206074
2.5482868171716992 1.1637635952716696
2.3567281038496395 1.5145771861400772
2.117193202575834 1.8345583531786045
1.8345583531786045 2.117193202575834
1.5145771861400774 2.356728103849639
1.1637635952716698 2.548286817171699
0.7892591336206077 2.6879697595484884
0.39868763204442115 2.7729333890855585
7.935856565502081e-16 2.80144809130041
-0.3986876320444208 2.772933389085559
-0.7892591336206074 2.6879697595484884
-1.1637635952716694 2.5482868171716992
-1.5145771861400763 2.35672810384964
-1.8345583531786043 2.117193202575834
-2.1171932025758338 1.834558353178605
-2.356728103849639 1.5145771861400779
-2.5482868171716984 1.1637635952716705
-2.6879697595484884 0.7892591336206074
-2.7729333890855585 0.3986876320444213
-2.80144809130041 1.5871713131004161e-15
-2.772933389085559 -0.3986876320444206
-2.687969759548489 -0.7892591336206066
-2.548286817171699 -1.1637635952716698
-2.3567281038496395 -1.5145771861400772
-2.1171932025758347 -1.8345583531786043
-1.834558353178605 -2.1171932025758338
-1.514577186140077 -2.3567281038496395
-1.1637635952716718 -2.548286817171698
-0.7892591336206076 -2.6879697595484884
-0.3986876320444214 -2.7729333890855585
-5.146176656982764e-16 -2.80144809130041
0.3986876320444204 -2.772933389085559
0.7892591336206065 -2.687969759548489
1.1637635952716687 -2.5482868171716992
1.514577186140078 -2.3567281038496386
1.834558353178603 -2.1171932025758355
2.117193202575833 -1.8345583531786058
2.3567281038496395 -1.514577186140077
2.548286817171698 -1.163763595271672
2.6879697595484884 -0.7892591336206077
2.7729333890855585 -0.3986876320444217
3.5123890169089718 0.0
3.4766379611635903 0.4998650748942633
3.3701125823248903 0.9895543383555202
3.1949814299122035 1.4590991291269235
2.954809669152112 1.898940869323729
2.654486504495527 2.3001256495143676
2.3001256495143676 2.654486504495527
1.8989408693237295 2.9548096691521115
1.4590991291269235 3.194981429912203
0.9895543383555205 3.3701125823248903
0.49986507489426324 3.4766379611635903
9.949788299484663e-16 3.5123890169089718
-0.49986507489426285 3.4766379611635903
-0.9895543383555202 3.3701125823248903
-1.4590991291269233 3.1949814299122035
-1.898940869323728 2.954809669152113
-2.300125649514367 2.654486504495527
-2.6544865044955266 2.300125649514368
-2.9548096691521115 1.89894086932373
-3.1949814299122026 1.4590991291269246
-3.3701125823248903 0.9895543383555202
-3.4766379611635903 0.4998650748942634
-3.5123890169089718 1.9899576598969327e-15
-3.4766379611635903 -0.4998650748942625
-3.3701125823248907 -0.9895543383555192
-3.194981429912203 -1.4590991291269237
-2.954809669152112 -1.898940869323729
-2.6544865044955275 -2.300125649514367
-2.300125649514368 -2.6544865044955266
-1.8989408693237289 -2.954809669152112
-1.4590991291269262 -3.1949814299122017
-0.9895543383555203 -3.3701125823248903
-0.49986507489426363 -3.4766379611635903
-6.452153950376836e-16 -3.5123890169089718
0.49986507489426235 -3.4766379611635903
0.989554338355519 -3.3701125823248907
1.4590991291269222 -3.194981429912204
1.8989408693237304 -2.954809669152111
2.300125649514366 -2.654486504495529
2.6544865044955257 -2.3001256495143694
2.954809669152112 -1.8989408693237289
3.1949814299122017 -1.4590991291269264
3.3701125823248903 -0.9895543383555205
3.4766379611635903 -0.4998650748942639
3.994511247007546 0.0
3.9538528821226118 0.5684782220986975
3.8327054745278244 1.1253838669512837
3.63353523608154 1.6593799416118211
3.3603966984789855 2.159595825917738
3.01885017467925 2.6158485669680576
2.6158485669680576 3.01885017467925
2.1595958259177386 3.360396698478985
1.6593799416118213 3.6335352360815394
1.1253838669512841 3.8327054745278244
0.5684782220986974 3.9538528821226118
1.1315529423506796e-15 3.994511247007546
-0.5684782220986969 3.953852882122612
-1.1253838669512837 3.8327054745278244
-1.659379941611821 3.63353523608154
-2.159595825917737 3.3603966984789864
-2.615848566968057 3.01885017467925
-3.0188501746792498 2.615848566968058
-3.360396698478985 2.159595825917739
-3.633535236081539 1.6593799416118225
-3.8327054745278244 1.1253838669512837
-3.9538528821226118 0.5684782220986976
-3.994511247007546 2.263105884701359e-15
-3.953852882122612 -0.5684782220986966
-3.832705474527825 -1.1253838669512826
-3.6335352360815394 -1.6593799416118216
-3.3603966984789855 -2.159595825917738
-3.0188501746792507 -2.615848566968057
-2.615848566968058 -3.0188501746792498
-2.1595958259177377 -3.3603966984789855
-1.6593799416118242 -3.633535236081538
-1.125383866951284 -3.8327054745278244
-0.5684782220986978 -3.9538528821226118
-7.33779811920884e-16 -3.994511247007546
0.5684782220986964 -3.953852882122612
1.1253838669512823 -3.832705474527825
1.6593799416118198 -3.6335352360815403
2.1595958259177395 -3.3603966984789846
2.6158485669680553 -3.018850174679252
3.0188501746792484 -2.6158485669680593
3.3603966984789855 -2.1595958259177377
3.633535236081538 -1.6593799416118244
3.8327054745278244 -1.1253838669512841
3.9538528821226118 -0.5684782220986981
4.878204035350396 0.0
4.828550952059913 0.6942408183549785
4.680602495776592 1.3743488956734469
4.437370470422244 2.0264791927709394
4.103806378609844 2.637356217387033
3.6867006233292865 3.1945442749244117
3.1945442749244117 3.6867006233292865
2.6373562173870333 4.103806378609844
2.0264791927709394 4.437370470422244
1.3743488956734475 4.680602495776592
0.6942408183549784 4.828550952059913
1.3818827356470503e-15 4.878204035350396
-0.6942408183549779 4.8285509520599135
-1.3743488956734469 4.680602495776592
-2.026479192770939 4.437370470422244
-2.637356217387031 4.103806378609846
-3.1945442749244113 3.6867006233292865
-3.686700623329286 3.194544274924412
-4.103806378609844 2.6373562173870337
-4.437370470422243 2.0264791927709407
-4.680602495776592 1.3743488956734469
-4.828550952059913 0.6942408183549786
-4.878204035350396 2.7637654712941006e-15
-4.8285509520599135 -0.6942408183549774
-4.680602495776593 -1.3743488956734455
-4.437370470422244 -2.02647919277094
-4.103806378609844 -2.637356217387033
-3.686700623329287 -3.1945442749244113
-3.194544274924412 -3.686700623329286
-2.637356217387032 -4.103806378609844
-2.026479192770943 -4.437370470422242
-1.3743488956734473 -4.680602495776592
-0.694240818354979 -4.828550952059913
-8.961115436219345e-16 -4.878204035350396
0.6942408183549772 -4.8285509520599135
1.3743488956734453 -4.680602495776593
2.0264791927709376 -4.437370470422245
2.637356217387034 -4.1038063786098435
3.194544274924409 -3.6867006233292887
3.6867006233292843 -3.194544274924414
4.103806378609844 -2.637356217387032
4.437370470422242 -2.0264791927709433
4.680602495776592 -1.3743488956734475
4.828550952059913 -0.6942408183549793
4.564904998065697 0.0
4.5184408472348645 0.6496537165326307
4.379994270861737 1.2860823568432704
4.152383641994314 1.8963300691238376
3.840242456661484 2.4679739697613816
3.4499250092557765 2.9893770374238025
2.9893770374238025 3.4499250092557765
2.467973969761382 3.8402424566614837
1.8963300691238378 4.152383641994314
1.2860823568432709 4.379994270861737
0.6496537165326306 4.5184408472348645
1.2931323415304441e-15 4.564904998065697
-0.64965371653263 4.518440847234865
-1.2860823568432704 4.379994270861737
-1.8963300691238374 4.152383641994314
-2.46797396976138 3.840242456661485
-2.989377037423802 3.4499250092557765
-3.449925009255776 2.9893770374238033
-3.8402424566614837 2.4679739697613825
-4.152383641994313 1.8963300691238392
-4.379994270861737 1.2860823568432704
-4.5184408472348645 0.6496537165326308
-4.564904998065697 2.5862646830608883e-15
-4.518440847234865 -0.6496537165326297
-4.379994270861737 -1.286082356843269
-4.152383641994314 -1.896330069123838
-3.840242456661484 -2.4679739697613816
-3.4499250092557774 -2.989377037423802
-2.9893770374238033 -3.449925009255776
-2.4679739697613807 -3.840242456661484
-1.8963300691238412 -4.152383641994312
-1.2860823568432707 -4.379994270861737
-0.649653716532631 -4.5184408472348645
-8.385594441439365e-16 -4.564904998065697
0.6496537165326295 -4.518440847234865
1.2860823568432689 -4.379994270861737
1.896330069123836 -4.152383641994315
2.467973969761383 -3.8402424566614832
2.9893770374238002 -3.4499250092557787
3.4499250092557747 -2.9893770374238047
3.840242456661484 -2.4679739697613807
4.152383641994312 -1.8963300691238414
4.379994270861737 -1.2860823568432709
4.5184408472348645 -0.6496537165326315
5.176421756115191 0.0
5.123733246421768 0.7366816250558481
4.966740303457743 1.4583665366399363
4.708638850811602 2.1503633111198397
4.354683089756092 2.798584889721057
3.9120785388621777 3.389835350419936
3.389835350419936 3.9120785388621777
2.7985848897210572 4.354683089756091
2.15036331111984 4.708638850811601
1.458366536639937 4.966740303457743
0.736681625055848 5.123733246421768
1.4663609404950939e-15 5.176421756115191
-0.7366816250558474 5.123733246421769
-1.4583665366399363 4.966740303457743
-2.1503633111198392 4.708638850811602
-2.798584889721055 4.354683089756093
-3.389835350419935 3.9120785388621777
-3.9120785388621773 3.3898353504199363
-4.354683089756091 2.798584889721058
-4.7086388508116 2.1503633111198415
-4.966740303457743 1.4583665366399363
-5.123733246421768 0.7366816250558482
-5.176421756115191 2.9327218809901878e-15
-5.123733246421769 -0.736681625055847
-4.966740303457744 -1.458366536639935
-4.708638850811601 -2.15036331111984
-4.354683089756092 -2.798584889721057
-3.9120785388621786 -3.389835350419935
-3.3898353504199363 -3.9120785388621773
-2.7985848897210563 -4.354683089756092
-2.1503633111198437 -4.7086388508115995
-1.4583665366399365 -4.966740303457743
-0.7366816250558486 -5.123733246421768
-9.508932501994784e-16 -5.176421756115191
0.7366816250558467 -5.123733246421769
1.4583665366399345 -4.966740303457744
2.150363311119838 -4.708638850811602
2.7985848897210586 -4.35468308975609
3.389835350419933 -3.9120785388621804
3.9120785388621755 -3.389835350419938
4.354683089756092 -2.7985848897210563
4.7086388508115995 -2.150363311119844
4.966740303457743 -1.458366536639937
5.123733246421768 -0.736681625055849
5.58398041399086 0.0
5.52714354481132 0.794683269538301
5.357789972025202 1.5731890793861099
5.079367245999055 2.319669296280292
4.697543250529932 3.0189277356760646
4.2200908210761074 3.6567295122421513
3.6567295122421513 4.2200908210761074
3.018927735676065 4.697543250529932
2.319669296280292 5.079367245999055
1.5731890793861105 5.357789972025202
0.7946832695383009 5.52714354481132
1.5818129119584843e-15 5.58398041399086
-0.7946832695383003 5.527143544811321
-1.5731890793861099 5.357789972025202
-2.3196692962802916 5.079367245999055
-3.0189277356760624 4.697543250529934
-3.656729512242151 4.2200908210761074
-4.220090821076107 3.656729512242152
-4.697543250529932 3.0189277356760655
-5.079367245999054 2.319669296280294
-5.357789972025202 1.5731890793861099
-5.52714354481132 0.7946832695383012
-5.58398041399086 3.1636258239169686e-15
-5.527143544811321 -0.7946832695382998
-5.357789972025203 -1.5731890793861083
-5.079367245999055 -2.3196692962802925
-4.697543250529932 -3.0189277356760646
-4.2200908210761074 -3.656729512242151
-3.656729512242152 -4.220090821076107
-3.0189277356760638 -4.697543250529932
-2.319669296280296 -5.0793672459990535
-1.5731890793861103 -5.357789972025202
-0.7946832695383015 -5.52714354481132
-1.0257605610743128e-15 -5.58398041399086
0.7946832695382995 -5.527143544811321
1.573189079386108 -5.357789972025203
2.31966929628029 -5.079367245999056
3.0189277356760664 -4.6975432505299315
3.656729512242148 -4.220090821076109
4.220090821076105 -3.656729512242154
4.697543250529932 -3.0189277356760638
5.0793672459990535 -2.3196692962802965
5.357789972025202 -1.5731890793861105
5.52714354481132 -0.7946832695383019
4.279171973185459 0.0
4.235616172554907 0.6089896673074631
4.105835441159533 1.2055820611697252
3.892471740433821 1.7776322808781453
3.599868540034444 2.313495033616069
3.233982397323582 2.802261699038324
2.802261699038324 3.233982397323582
2.3134950336160696 3.5998685400344437
1.7776322808781455 3.8924717404338205
1.2055820611697257 4.105835441159533
0.608989667307463 4.235616172554907
1.2121907631903639e-15 4.279171973185459
-0.6089896673074625 4.2356161725549075
-1.2055820611697252 4.105835441159533
-1.777632280878145 3.892471740433821
-2.313495033616068 3.599868540034445
-2.8022616990383233 3.233982397323582
-3.2339823973235817 2.8022616990383242
-3.5998685400344437 2.31349503361607
-3.89247174043382 1.7776322808781468
-4.105835441159533 1.2055820611697252
-4.235616172554907 0.6089896673074632
-4.279171973185459 2.4243815263807277e-15
-4.2356161725549075 -0.6089896673074622
-4.105835441159533 -1.2055820611697239
-3.8924717404338205 -1.7776322808781457
-3.599868540034444 -2.313495033616069
-3.2339823973235826 -2.8022616990383233
-2.8022616990383242 -3.2339823973235817
-2.3134950336160687 -3.599868540034444
-1.7776322808781486 -3.892471740433819
-1.2055820611697254 -4.105835441159533
-0.6089896673074634 -4.235616172554907
-7.860711389943954e-16 -4.279171973185459
0.608989667307462 -4.2356161725549075
1.2055820611697237 -4.105835441159533
1.777632280878144 -3.8924717404338214
2.3134950336160705 -3.5998685400344432
2.802261699038321 -3.233982397323584
3.2339823973235804 -2.8022616990383256
3.599868540034444 -2.3134950336160687
3.892471740433819 -1.7776322808781488
4.105835441159533 -1.2055820611697257
4.235616172554907 -0.6089896673074638
5.386534335770937 0.0
5.3317071829739415 0.7665837628487384
5.168341847305448 1.5175620909308982
4.899763975892943 2.2376472311293916
4.531441039683761 2.9121803265438437
4.070871031503483 3.527429828544435
3.527429828544435 4.070871031503483
2.9121803265438446 4.53144103968376
2.2376472311293916 4.8997639758929425
1.5175620909308989 5.168341847305448
0.7665837628487382 5.3317071829739415
1.5258809901413334e-15 5.386534335770937
-0.7665837628487376 5.3317071829739415
-1.5175620909308982 5.168341847305448
-2.237647231129391 4.899763975892943
-2.912180326543842 4.531441039683762
-3.527429828544434 4.070871031503483
-4.070871031503483 3.5274298285444354
-4.53144103968376 2.912180326543845
-4.8997639758929425 2.2376472311293933
-5.168341847305448 1.5175620909308982
-5.3317071829739415 0.7665837628487385
-5.386534335770937 3.0517619802826668e-15
-5.3317071829739415 -0.7665837628487372
-5.168341847305449 -1.5175620909308967
-4.8997639758929425 -2.237647231129392
-4.531441039683761 -2.9121803265438437
-4.070871031503484 -3.527429828544434
-3.5274298285444354 -4.070871031503483
-2.9121803265438433 -4.531441039683761
-2.2376472311293956 -4.899763975892941
-1.5175620909308984 -5.168341847305448
-0.7665837628487389 -5.3317071829739415
-9.89490304919879e-16 -5.386534335770937
0.7665837628487369 -5.3317071829739415
1.5175620909308964 -5.168341847305449
2.23764723112939 -4.899763975892944
2.9121803265438455 -4.53144103968376
3.527429828544432 -4.0708710315034855
4.070871031503481 -3.527429828544437
4.531441039683761 -2.9121803265438433
4.899763975892941 -2.237647231129396
5.168341847305448 -1.5175620909308989
5.3317071829739415 -0.7665837628487393
5.895103551020814 0.0
5.835099896908829 0.838960708467796
5.656310435934343 1.6608425962740854
5.36237480593657 2.448914518294778
4.959276688701901 3.1871336028092885
4.4552219994582565 3.8604718381049463
3.8604718381049463 4.4552219994582565
3.1871336028092894 4.9592766887019
2.448914518294778 5.362374805936569
1.660842596274086 5.656310435934343
0.8389607084677959 5.835099896908829
1.6699469236985576e-15 5.895103551020814
-0.8389607084677952 5.835099896908829
-1.6608425962740854 5.656310435934343
-2.4489145182947776 5.36237480593657
-3.1871336028092867 4.959276688701903
-3.860471838104946 4.4552219994582565
-4.455221999458256 3.860471838104947
-4.9592766887019 3.18713360280929
-5.362374805936569 2.44891451829478
-5.656310435934343 1.6608425962740854
-5.835099896908829 0.8389607084677962
-5.895103551020814 3.3398938473971152e-15
-5.835099896908829 -0.8389607084677947
-5.656310435934344 -1.6608425962740836
-5.362374805936569 -2.4489145182947785
-4.959276688701901 -3.1871336028092885
-4.455221999458257 -3.860471838104946
-3.860471838104947 -4.455221999458256
-3.187133602809288 -4.959276688701901
-2.4489145182947825 -5.362374805936567
-1.6608425962740856 -5.656310435934343
-0.8389607084677966 -5.835099896908829
-1.082912954159975e-15 -5.895103551020814
0.8389607084677944 -5.835099896908829
1.6608425962740834 -5.656310435934344
2.448914518294776 -5.362374805936571
3.1871336028092907 -4.9592766887019
3.860471838104943 -4.455221999458259
4.455221999458254 -3.860471838104949
4.959276688701901 -3.187133602809288
5.362374805936567 -2.448914518294783
5.656310435934343 -1.660842596274086
5.835099896908829 -0.838960708467797
6.128742390684096 0.0
6.066360630063726 0.8722109821488341
5.880485260954707 1.7266662639498866
5.574900169851795 2.5459715999112458
5.155826187975215 3.3134482960742226
4.631794453086404 4.013472740124968
4.013472740124968 4.631794453086404
3.3134482960742235 5.155826187975214
2.545971599911246 5.574900169851795
1.7266662639498873 5.880485260954707
0.8722109821488339 6.066360630063726
1.7361314204042407e-15 6.128742390684096
-0.8722109821488332 6.066360630063727
-1.7266662639498866 5.880485260954707
-2.5459715999112453 5.574900169851795
-3.313448296074221 5.155826187975216
-4.013472740124968 4.631794453086404
-4.631794453086404 4.013472740124969
-5.155826187975214 3.313448296074224
-5.574900169851794 2.545971599911248
-5.880485260954707 1.7266662639498866
-6.066360630063726 0.8722109821488342
-6.128742390684096 3.4722628408084815e-15
-6.066360630063727 -0.8722109821488326
-5.880485260954707 -1.7266662639498849
-5.574900169851795 -2.5459715999112467
-5.155826187975215 -3.3134482960742226
-4.631794453086405 -4.013472740124968
-4.013472740124969 -4.631794453086404
-3.313448296074222 -5.155826187975215
-2.5459715999112507 -5.574900169851793
-1.7266662639498869 -5.880485260954707
-0.8722109821488345 -6.066360630063726
-1.1258317127324961e-15 -6.128742390684096
0.8722109821488323 -6.066360630063727
1.7266662639498844 -5.880485260954707
2.5459715999112436 -5.574900169851796
3.313448296074225 -5.155826187975213
4.013472740124965 -4.631794453086408
4.6317944530864015 -4.013472740124971
5.155826187975215 -3.313448296074222
5.574900169851793 -2.545971599911251
5.880485260954707 -1.7266662639498873
6.066360630063726 -0.8722109821488351
5.755936956263679 0.0
5.697349817424662 0.8191552370418906
5.522781066103017 1.6216348357062427
5.235784418660944 2.3911026255243146
4.842202299210376 3.1118944612572794
4.35004690470622 3.769337099721623
3.769337099721623 4.35004690470622
3.1118944612572803 4.842202299210376
2.391102625524315 5.235784418660943
1.6216348357062433 5.522781066103017
0.8191552370418904 5.697349817424662
1.6305242359060696e-15 5.755936956263679
-0.8191552370418899 5.697349817424662
-1.6216348357062427 5.522781066103017
-2.391102625524314 5.235784418660944
-3.1118944612572776 4.842202299210378
-3.7693370997216227 4.35004690470622
-4.35004690470622 3.769337099721624
-4.842202299210376 3.1118944612572808
-5.235784418660943 2.3911026255243164
-5.522781066103017 1.6216348357062427
-5.697349817424662 0.8191552370418907
-5.755936956263679 3.2610484718121392e-15
-5.697349817424662 -0.8191552370418893
-5.5227810661030174 -1.6216348357062411
-5.235784418660943 -2.391102625524315
-4.842202299210376 -3.1118944612572794
-4.350046904706221 -3.7693370997216227
-3.769337099721624 -4.35004690470622
-3.111894461257279 -4.842202299210376
-2.391102625524319 -5.235784418660941
-1.621634835706243 -5.522781066103017
-0.8191552370418911 -5.697349817424662
-1.057348465437341e-15 -5.755936956263679
0.8191552370418891 -5.697349817424662
1.6216348357062407 -5.5227810661030174
2.391102625524313 -5.235784418660945
3.1118944612572816 -4.842202299210375
3.76933709972162 -4.350046904706223
4.350046904706217 -3.769337099721626
4.842202299210376 -3.111894461257279
5.235784418660941 -2.3911026255243195
5.522781066103017 -1.6216348357062433
5.697349817424662 -0.8191552370418916
6.302299348643355 0.0
6.238151028439428 0.8969107125520094
6.047011942638522 1.7755629094733691
5.732773131827937 2.618069765858459
5.3018315920058745 3.407280271700423
4.762960050190334 4.127128376995479
4.127128376995479 4.762960050190334
3.407280271700424 5.301831592005874
2.6180697658584595 5.732773131827936
1.7755629094733698 6.047011942638522
0.8969107125520092 6.238151028439428
1.7852961052180226e-15 6.302299348643355
-0.8969107125520085 6.238151028439429
-1.7755629094733691 6.047011942638522
-2.618069765858459 5.732773131827937
-3.4072802717004214 5.301831592005875
-4.127128376995479 4.762960050190334
-4.762960050190334 4.12712837699548
-5.301831592005874 3.407280271700425
-5.732773131827935 2.6180697658584613
-6.047011942638522 1.7755629094733691
-6.238151028439428 0.8969107125520095
-6.302299348643355 3.570592210436045e-15
-6.238151028439429 -0.8969107125520079
-6.047011942638523 -1.7755629094733674
-5.732773131827936 -2.61806976585846
-5.3018315920058745 -3.407280271700423
-4.762960050190335 -4.127128376995479
-4.12712837699548 -4.762960050190334
-3.4072802717004227 -5.3018315920058745
-2.618069765858464 -5.732773131827934
-1.7755629094733694 -6.047011942638522
-0.8969107125520098 -6.238151028439428
-1.15771360868768e-15 -6.302299348643355
0.8969107125520076 -6.238151028439429
1.775562909473367 -6.047011942638523
2.6180697658584573 -5.732773131827937
3.4072802717004254 -5.301831592005873
4.127128376995476 -4.762960050190337
4.7629600501903315 -4.127128376995483
5.3018315920058745 -3.4072802717004227
5.732773131827934 -2.6180697658584644
6.047011942638522 -1.7755629094733698
6.238151028439428 -0.8969107125520104
3.1891005470664826 0.0
3.156640101800617 0.45385632859301167
3.0599195670604398 0.8984734511494423
2.9009078940142707 1.3248002452239458
2.6828421017735313 1.7241579267141165
2.4101613810184266 2.088416724877267
2.088416724877267 2.4101613810184266
1.724157926714117 2.682842101773531
1.324800245223946 2.9009078940142707
0.8984734511494427 3.0599195670604398
0.45385632859301156 3.156640101800617
9.033986598957805e-16 3.1891005470664826
-0.4538563285930112 3.1566401018006176
-0.8984734511494423 3.0599195670604398
-1.3248002452239456 2.9009078940142707
-1.7241579267141154 2.6828421017735318
-2.0884167248772667 2.4101613810184266
-2.410161381018426 2.0884167248772676
-2.682842101773531 1.7241579267141172
-2.9009078940142703 1.324800245223947
-3.0599195670604398 0.8984734511494423
-3.156640101800617 0.4538563285930117
-3.1891005470664826 1.806797319791561e-15
-3.1566401018006176 -0.45385632859301095
-3.05991956706044 -0.8984734511494414
-2.9009078940142707 -1.3248002452239462
-2.6828421017735313 -1.7241579267141165
-2.4101613810184266 -2.0884167248772667
-2.0884167248772676 -2.410161381018426
-1.7241579267141163 -2.6828421017735313
-1.3248002452239482 -2.9009078940142694
-0.8984734511494424 -3.0599195670604398
-0.4538563285930119 -3.156640101800617
-5.858282665686061e-16 -3.1891005470664826
0.4538563285930108 -3.1566401018006176
0.8984734511494412 -3.05991956706044
1.3248002452239447 -2.900907894014271
1.7241579267141176 -2.6828421017735304
2.0884167248772654 -2.410161381018428
2.410161381018425 -2.0884167248772685
2.6828421017735313 -1.7241579267141163
2.9009078940142694 -1.3248002452239485
3.0599195670604398 -0.8984734511494427
3.156640101800617 -0.45385632859301217
4.402943502348317 0.0
4.358127886014695 0.6266041924631124
4.224593353724816 1.2404525305449507
4.005058283474312 1.8290488322745972
3.703991776206616 2.380410974320406
3.3275226778055877 2.883314813467443
2.883314813467443 3.3275226778055877
2.3804109743204065 3.7039917762066157
1.8290488322745977 4.005058283474312
1.2404525305449512 4.224593353724816
0.6266041924631123 4.358127886014695
1.247252383835041e-15 4.402943502348317
-0.6266041924631118 4.358127886014696
-1.2404525305449507 4.224593353724816
-1.829048832274597 4.005058283474312
-2.3804109743204043 3.703991776206617
-2.8833148134674427 3.3275226778055877
-3.3275226778055873 2.8833148134674436
-3.7039917762066157 2.380410974320407
-4.005058283474311 1.8290488322745988
-4.224593353724816 1.2404525305449507
-4.358127886014695 0.6266041924631126
-4.402943502348317 2.494504767670082e-15
-4.358127886014696 -0.6266041924631115
-4.224593353724817 -1.2404525305449494
-4.005058283474312 -1.829048832274598
-3.703991776206616 -2.380410974320406
-3.327522677805588 -2.8833148134674427
-2.8833148134674436 -3.3275226778055873
-2.3804109743204056 -3.703991776206616
-1.8290488322746008 -4.00505828347431
-1.240452530544951 -4.224593353724816
-0.6266041924631128 -4.358127886014695
-8.088076000466255e-16 -4.402943502348317
0.6266041924631112 -4.358127886014696
1.2404525305449492 -4.224593353724817
1.829048832274596 -4.0050582834743125
2.3804109743204074 -3.7039917762066152
2.883314813467441 -3.32752267780559
3.327522677805586 -2.883314813467445
3.703991776206616 -2.3804109743204056
4.00505828347431 -1.829048832274601
4.224593353724816 -1.2404525305449512
4.358127886014695 -0.6266041924631132
6.013482336953712 0.0
5.952273757489044 0.8558077662428243
5.769894049261974 1.694193754310745
5.470055937192358 2.4980908431922404
5.0588632605802175 3.2511340064054517
4.544686716539618 3.937993456744516
3.937993456744516 4.544686716539618
3.2511340064054526 5.058863260580217
2.498090843192241 5.470055937192357
1.6941937543107457 5.769894049261974
0.8558077662428242 5.952273757489044
1.7034809045165165e-15 6.013482336953712
-0.8558077662428235 5.952273757489045
-1.694193754310745 5.769894049261974
-2.49809084319224 5.470055937192358
-3.25113400640545 5.058863260580219
-3.937993456744515 4.544686716539618
-4.544686716539617 3.9379934567445165
-5.058863260580217 3.251134006405453
-5.470055937192356 2.498090843192242
-5.769894049261974 1.694193754310745
-5.952273757489044 0.8558077662428245
-6.013482336953712 3.406961809033033e-15
-5.952273757489045 -0.855807766242823
-5.769894049261975 -1.6941937543107433
-5.470055937192357 -2.498090843192241
-5.0588632605802175 -3.2511340064054517
-4.544686716539618 -3.937993456744515
-3.9379934567445165 -4.544686716539617
-3.2511340064054512 -5.0588632605802175
-2.498090843192245 -5.470055937192355
-1.6941937543107453 -5.769894049261974
-0.8558077662428248 -5.952273757489044
-1.1046587843519262e-15 -6.013482336953712
0.8558077662428226 -5.952273757489045
1.694193754310743 -5.769894049261975
2.498090843192238 -5.470055937192358
3.251134006405454 -5.058863260580217
3.9379934567445125 -4.544686716539621
4.544686716539616 -3.9379934567445187
5.0588632605802175 -3.2511340064054512
5.470055937192355 -2.4980908431922453
5.769894049261974 -1.6941937543107457
5.952273757489044 -0.8558077662428253
1.0 0.5 0.4 0.32000000000000006 0.25600000000000006 0.20480000000000007 0.16384000000000007 0.13107200000000005 0.10485760000000005 0.08388608000000004 0.06710886400000003 0.05368709120000003 0.042949672960000025 0.03435973836800002 0.027487790694400018 0.021990232555520017 0.017592186044416015 0.014073748835532814 