0.0 0.0
2.402330485971827 0.0
2.2194639663172637 0.9193320760469929
1.698704177281853 1.6987041772818527
0.919332076046993 2.2194639663172637
1.4710031700697515e-16 2.402330485971827
-0.9193320760469927 2.2194639663172637
-1.6987041772818527 1.698704177281853
-2.2194639663172637 0.9193320760469932
-2.402330485971827 2.942006340139503e-16
-2.2194639663172637 -0.9193320760469926
-1.6987041772818534 -1.6987041772818527
-0.9193320760469942 -2.2194639663172633
-4.4130095102092546e-16 -2.402330485971827
0.9193320760469934 -2.2194639663172633
1.6987041772818525 -1.6987041772818534
2.2194639663172633 -0.9193320760469943
2.9509334405352945 0.0
2.726307007513671 1.12927333770497
2.0866250466326566 2.086625046632656
1.1292733377049702 2.726307007513671
1.8069255962242173e-16 2.9509334405352945
-1.12927333770497 2.726307007513671
-2.086625046632656 2.0866250466326566
-2.726307007513671 1.1292733377049704
-2.9509334405352945 3.6138511924484346e-16
-2.7263070075136713 -1.1292733377049697
-2.086625046632657 -2.086625046632656
-1.1292733377049717 -2.7263070075136704
-5.420776788672652e-16 -2.9509334405352945
1.1292733377049706 -2.7263070075136704
2.0866250466326557 -2.086625046632657
2.7263070075136704 -1.129273337704972
3.851106336407046 0.0
3.557958321730996 1.4737545912191945
2.7231434055439037 2.7231434055439037
1.4737545912191947 3.557958321730996
2.3581225240284894e-16 3.851106336407046
-1.4737545912191943 3.557958321730996
-2.7231434055439037 2.7231434055439037
-3.557958321730996 1.473754591219195
-3.851106336407046 4.716245048056979e-16
-3.5579583217309962 -1.473754591219194
-2.723143405543904 -2.7231434055439037
-1.4737545912191965 -3.557958321730995
-7.074367572085468e-16 -3.851106336407046
1.4737545912191954 -3.5579583217309954
2.723143405543903 -2.723143405543904
3.557958321730995 -1.4737545912191967
3.4199825405716773 0.0
3.1596518707801238 1.3087706572546494
2.41829284597783 2.4182928459778297
1.3087706572546496 3.1596518707801238
2.094135335725469e-16 3.4199825405716773
-1.3087706572546491 3.1596518707801238
-2.4182928459778297 2.41829284597783
-3.1596518707801238 1.3087706572546498
-3.4199825405716773 4.188270671450938e-16
-3.159651870780124 -1.308770657254649
-2.4182928459778306 -2.4182928459778297
-1.3087706572546514 -3.1596518707801233
-6.282406007176406e-16 -3.4199825405716773
1.3087706572546502 -3.1596518707801238
2.4182928459778292 -2.4182928459778306
3.1596518707801233 -1.3087706572546514
1.6939990317358424 0.0
1.5650510335146826 0.6482653638878109
1.1978382026638599 1.1978382026638597
0.648265363887811 1.5650510335146826
1.0372752459870075e-16 1.6939990317358424
-0.6482653638878108 1.5650510335146826
-1.1978382026638597 1.1978382026638599
-1.5650510335146826 0.648265363887811
-1.6939990317358424 2.074550491974015e-16
-1.5650510335146828 -0.6482653638878106
-1.1978382026638599 -1.1978382026638597
-0.6482653638878118 -1.565051033514682
-3.1118257379610225e-16 -1.6939990317358424
0.6482653638878112 -1.5650510335146823
1.1978382026638594 -1.1978382026638599
1.565051033514682 -0.6482653638878119
1.9801898433060656 0.0
1.829456866717206 0.7577858459708545
1.4002056662384461 1.400205666238446
0.7577858459708546 1.829456866717206
1.212516576654436e-16 1.9801898433060656
-0.7577858459708544 1.829456866717206
-1.400205666238446 1.4002056662384461
-1.829456866717206 0.7577858459708547
-1.9801898433060656 2.425033153308872e-16
-1.8294568667172062 -0.7577858459708543
-1.4002056662384463 -1.400205666238446
-0.7577858459708556 -1.8294568667172055
-3.637549729963308e-16 -1.9801898433060656
0.757785845970855 -1.8294568667172058
1.4002056662384457 -1.4002056662384463
1.8294568667172055 -0.7577858459708557
0.7551421438587504 0.0
0.6976603708477932 0.288980387535399
0.5339661306822698 0.5339661306822698
0.28898038753539906 0.6976603708477932
4.623912046889444e-17 0.7551421438587504
-0.288980387535399 0.6976603708477932
-0.5339661306822698 0.5339661306822698
-0.6976603708477932 0.2889803875353991
-0.7551421438587504 9.247824093778888e-17
-0.6976603708477933 -0.28898038753539895
-0.53396613068227 -0.5339661306822698
-0.28898038753539945 -0.6976603708477931
-1.3871736140668333e-16 -0.7551421438587504
0.2889803875353992 -0.6976603708477931
0.5339661306822697 -0.53396613068227
0.6976603708477931 -0.2889803875353995
1.1607091947362833 0.0
1.0723554682145096 0.4441841786194003
0.8207453425836029 0.8207453425836028
0.44418417861940035 1.0723554682145096
7.107294000373456e-17 1.1607091947362833
-0.44418417861940024 1.0723554682145096
-0.8207453425836028 0.8207453425836029
-1.0723554682145096 0.4441841786194004
-1.1607091947362833 1.421458800074691e-16
-1.0723554682145096 -0.4441841786194002
-0.8207453425836031 -0.8207453425836028
-0.44418417861940096 -1.0723554682145093
-2.1321882001120368e-16 -1.1607091947362833
0.44418417861940057 -1.0723554682145093
0.8207453425836027 -0.8207453425836031
1.0723554682145093 -0.444184178619401
-1.5187875817086882 -0.0
-1.4031767609729706 -0.581214844801755
-1.073944998208131 -1.073944998208131
-0.5812148448017551 -1.4031767609729706
-9.299891752621472e-17 -1.5187875817086882
0.581214844801755 -1.4031767609729706
1.073944998208131 -1.073944998208131
1.4031767609729706 -0.5812148448017552
1.5187875817086882 -1.8599783505242943e-16
1.4031767609729708 0.5812148448017549
1.0739449982081313 1.073944998208131
0.5812148448017559 1.4031767609729702
2.789967525786441e-16 1.5187875817086882
-0.5812148448017554 1.4031767609729704
-1.0739449982081308 1.0739449982081313
-1.4031767609729702 0.581214844801756
1.3660933929014516 0.0
1.2621057252005508 0.5227813085267987
0.9659739018547551 0.965973901854755
0.5227813085267987 1.2621057252005508
8.364909504765551e-17 1.3660933929014516
-0.5227813085267986 1.2621057252005508
-0.965973901854755 0.9659739018547551
-1.2621057252005508 0.5227813085267988
-1.3660933929014516 1.6729819009531102e-16
-1.2621057252005508 -0.5227813085267985
-0.9659739018547553 -0.965973901854755
-0.5227813085267994 -1.2621057252005503
-2.509472851429665e-16 -1.3660933929014516
0.5227813085267989 -1.2621057252005505
0.9659739018547548 -0.9659739018547553
1.2621057252005503 -0.5227813085267995
0.9746176075639265 0.0
0.9004292596534291 0.3729700113060155
0.6891587193722618 0.6891587193722617
0.37297001130601554 0.9004292596534291
5.967811667479069e-17 0.9746176075639265
-0.3729700113060154 0.9004292596534291
-0.6891587193722617 0.6891587193722618
-0.9004292596534291 0.3729700113060156
-0.9746176075639265 1.1935623334958137e-16
-0.9004292596534292 -0.37297001130601537
-0.6891587193722619 -0.6891587193722617
-0.372970011306016 -0.9004292596534289
-1.7903435002437206e-16 -0.9746176075639265
0.3729700113060157 -0.900429259653429
0.6891587193722616 -0.6891587193722619
0.9004292596534289 -0.37297001130601604
4.390770586296149 0.0
4.056543076631595 1.6802751586914881
3.1047436562044406 3.1047436562044397
1.6802751586914884 4.056543076631595
2.688571572148963e-16 4.390770586296149
-1.6802751586914877 4.056543076631595
-3.1047436562044397 3.1047436562044406
-4.056543076631595 1.6802751586914886
-4.390770586296149 5.377143144297926e-16
-4.056543076631595 -1.6802751586914875
-3.104743656204441 -3.1047436562044397
-1.6802751586914906 -4.056543076631594
-8.065714716446889e-16 -4.390770586296149
1.680275158691489 -4.056543076631594
3.1047436562044393 -3.104743656204441
4.056543076631594 -1.6802751586914908
0.29852688093573293 0.0
0.2758028752009575 0.11424129144973076
0.21109038187612583 0.2110903818761258
0.11424129144973078 0.2758028752009575
1.8279499459869418e-17 0.29852688093573293
-0.11424129144973075 0.2758028752009575
-0.2110903818761258 0.21109038187612583
-0.2758028752009575 0.1142412914497308
-0.29852688093573293 3.6558998919738835e-17
-0.27580287520095753 -0.11424129144973073
-0.2110903818761259 -0.2110903818761258
-0.11424129144973093 -0.2758028752009574
-5.483849837960825e-17 -0.29852688093573293
0.11424129144973083 -0.2758028752009575
0.21109038187612578 -0.2110903818761259
0.2758028752009574 -0.11424129144973094
1.60143153887425 0.0
1.4795298214839725 0.6128413179941057
1.1323831007439904 1.1323831007439902
0.6128413179941058 1.4795298214839725
9.805940040679852e-17 1.60143153887425
-0.6128413179941056 1.4795298214839725
-1.1323831007439902 1.1323831007439904
-1.4795298214839725 0.6128413179941059
-1.60143153887425 1.9611880081359703e-16
-1.4795298214839727 -0.6128413179941055
-1.1323831007439906 -1.1323831007439902
-0.6128413179941066 -1.4795298214839723
-2.9417820122039554e-16 -1.60143153887425
0.612841317994106 -1.4795298214839723
1.13238310074399 -1.1323831007439906
1.4795298214839723 -0.6128413179941067
4.2084380797903425 0.0
3.8880898057593987 1.6104995292701159
2.975815104423444 2.9758151044234435
1.610499529270116 3.8880898057593987
2.576925111912538e-16 4.2084380797903425
-1.6104995292701156 3.8880898057593987
-2.9758151044234435 2.975815104423444
-3.8880898057593987 1.6104995292701163
-4.2084380797903425 5.153850223825076e-16
-3.888089805759399 -1.6104995292701154
-2.9758151044234444 -2.9758151044234435
-1.610499529270118 -3.8880898057593978
-7.730775335737614e-16 -4.2084380797903425
1.6104995292701167 -3.888089805759398
2.975815104423443 -2.9758151044234444
3.8880898057593978 -1.6104995292701183
0.4662212313429594 0.0
0.4307322532599698 0.17841514105180228
0.3296681942157488 0.3296681942157487
0.1784151410518023 0.4307322532599698
2.854781693293464e-17 0.4662212313429594
-0.17841514105180226 0.4307322532599698
-0.3296681942157487 0.3296681942157488
-0.4307322532599698 0.17841514105180234
-0.4662212313429594 5.709563386586929e-17
-0.43073225325996983 -0.17841514105180223
-0.32966819421574883 -0.3296681942157487
-0.17841514105180253 -0.43073225325996967
-8.564345079880392e-17 -0.4662212313429594
0.1784151410518024 -0.4307322532599697
0.32966819421574867 -0.32966819421574883
0.43073225325996967 -0.17841514105180256
1.28331193119854 0.0
1.1856256270618637 0.4911022146261292
0.9074385689280917 0.9074385689280916
0.4911022146261293 1.1856256270618637
7.858019244249501e-17 1.28331193119854
-0.49110221462612913 1.1856256270618637
-0.9074385689280916 0.9074385689280917
-1.1856256270618637 0.49110221462612935
-1.28331193119854 1.5716038488499002e-16
-1.1856256270618637 -0.4911022146261291
-0.9074385689280919 -0.9074385689280916
-0.4911022146261299 -1.1856256270618633
-2.3574057732748505e-16 -1.28331193119854
0.49110221462612946 -1.1856256270618635
0.9074385689280915 -0.9074385689280919
1.1856256270618633 -0.49110221462612996
1.5678836164238976 0.0
1.4485355825738162 0.600003083882087
1.1086611372846258 1.1086611372846258
0.6000030838820871 1.4485355825738162
9.600518261445514e-17 1.5678836164238976
-0.6000030838820869 1.4485355825738162
-1.1086611372846258 1.1086611372846258
-1.4485355825738162 0.6000030838820871
-1.5678836164238976 1.9201036522891027e-16
-1.4485355825738164 -0.6000030838820868
-1.108661137284626 -1.1086611372846258
-0.6000030838820879 -1.4485355825738158
-2.8801554784336537e-16 -1.5678836164238976
0.6000030838820873 -1.448535582573816
1.1086611372846256 -1.108661137284626
1.4485355825738158 -0.600003083882088
3.2100335408149223 0.0
2.965684287033641 1.228426653406117
2.269836484546496 2.2698364845464956
1.2284266534061172 2.965684287033641
1.9655786504573197e-16 3.2100335408149223
-1.2284266534061168 2.965684287033641
-2.2698364845464956 2.269836484546496
-2.965684287033641 1.2284266534061175
-3.2100335408149223 3.9311573009146393e-16
-2.9656842870336413 -1.2284266534061166
-2.269836484546496 -2.2698364845464956
-1.2284266534061188 -2.9656842870336404
-5.896735951371958e-16 -3.2100335408149223
1.2284266534061177 -2.9656842870336404
2.269836484546495 -2.269836484546496
2.9656842870336404 -1.228426653406119
-3.6806078046015984 -0.0
-3.400438217872718 -1.4085076278546773
-2.6025827375219217 -2.6025827375219213
-1.4085076278546775 -3.400438217872718
-2.2537222834110573e-16 -3.6806078046015984
1.408507627854677 -3.400438217872718
2.6025827375219213 -2.6025827375219217
3.400438217872718 -1.4085076278546778
3.6806078046015984 -4.507444566822115e-16
3.4004382178727184 1.4085076278546769
2.602582737521922 2.6025827375219213
1.4085076278546793 3.4004382178727175
6.761166850233171e-16 3.6806078046015984
-1.4085076278546782 3.400438217872718
-2.602582737521921 2.602582737521922
-3.4004382178727175 1.4085076278546795
1.2454421823933302 0.0
1.1506385412393865 0.47661008917054776
0.8806606127460967 0.8806606127460966
0.47661008917054787 1.1506385412393865
7.62613391095543e-17 1.2454421823933302
-0.4766100891705477 1.1506385412393865
-0.8806606127460966 0.8806606127460967
-1.1506385412393865 0.4766100891705479
-1.2454421823933302 1.525226782191086e-16
-1.1506385412393867 -0.47661008917054765
-0.880660612746097 -0.8806606127460966
-0.4766100891705485 -1.1506385412393862
-2.2878401732866287e-16 -1.2454421823933302
0.47661008917054803 -1.1506385412393865
0.8806606127460965 -0.880660612746097
1.1506385412393862 -0.47661008917054853
0.5516636102159863 0.0
0.5096707183098341 0.21111252386837065
0.3900850797175763 0.3900850797175762
0.21111252386837068 0.5096707183098341
3.377965372285404e-17 0.5516636102159863
-0.21111252386837062 0.5096707183098341
-0.3900850797175762 0.3900850797175763
-0.5096707183098341 0.2111125238683707
-0.5516636102159863 6.755930744570807e-17
-0.5096707183098342 -0.2111125238683706
-0.3900850797175764 -0.3900850797175762
-0.21111252386837095 -0.509670718309834
-1.013389611685621e-16 -0.5516636102159863
0.21111252386837076 -0.5096707183098341
0.39008507971757617 -0.3900850797175764
0.509670718309834 -0.21111252386837098
1.0 0.5 0.4 0.32000000000000006 0.25600000000000006 0.20480000000000007 0.16384000000000007 0.13107200000000005 0.10485760000000005 0.08388608000000004 0.06710886400000003 0.05368709120000003 0.042949672960000025 0.03435973836800002 0.027487790694400018 0.021990232555520017 0.017592186044416015 0.014073748835532814 0.011258999068426251 0.009007199254741001 0.007205759403792801 0.0057646075230342415 0.0046116860184273935 