0.0 0.0
1.7517928691141846 0.0
1.7251791991751493 0.30419563937160154
1.6461468322519741 0.5991484481713178
1.517097126821312 0.8758964345570922
1.3419511928803722 1.1260307510038312
1.1260307510038314 1.3419511928803722
0.8758964345570925 1.517097126821312
0.5991484481713181 1.646146832251974
0.3041956393716017 1.7251791991751493
1.0726637649649223e-16 1.7517928691141846
-0.3041956393716015 1.7251791991751493
-0.5991484481713174 1.6461468322519741
-0.8758964345570919 1.517097126821312
-1.1260307510038314 1.3419511928803722
-1.341951192880372 1.1260307510038317
-1.5170971268213118 0.8758964345570929
-1.646146832251974 0.5991484481713182
-1.7251791991751493 0.3041956393716015
-1.7517928691141846 2.1453275299298445e-16
-1.7251791991751493 -0.30419563937160105
-1.6461468322519741 -0.5991484481713177
-1.517097126821312 -0.8758964345570925
-1.341951192880373 -1.1260307510038308
-1.1260307510038317 -1.341951192880372
-0.8758964345570931 -1.5170971268213116
-0.5991484481713175 -1.6461468322519741
-0.30419563937160154 -1.7251791991751493
-3.2179912948947667e-16 -1.7517928691141846
0.30419563937160093 -1.7251791991751493
0.5991484481713183 -1.646146832251974
0.8758964345570911 -1.5170971268213127
1.1260307510038312 -1.3419511928803725
1.341951192880372 -1.1260307510038319
1.5170971268213123 -0.8758964345570918
1.6461468322519741 -0.5991484481713176
1.7251791991751493 -0.30419563937160166
2.757112738101582 0.0
2.715226000411155 0.4787676025936202
2.5908384946688874 0.94298809385053
2.387729672293642 1.3785563690507907
2.112070892075267 1.772237906560625
1.7722379065606255 2.112070892075267
1.3785563690507912 2.3877296722936414
0.9429880938505303 2.590838494668887
0.47876760259362044 2.715226000411155
1.6882446448022486e-16 2.757112738101582
-0.47876760259362017 2.715226000411155
-0.9429880938505293 2.5908384946688874
-1.3785563690507903 2.387729672293642
-1.7722379065606255 2.112070892075267
-2.1120708920752667 1.7722379065606257
-2.3877296722936414 1.3785563690507918
-2.590838494668887 0.9429880938505304
-2.715226000411155 0.4787676025936201
-2.757112738101582 3.376489289604497e-16
-2.7152260004111555 -0.4787676025936194
-2.5908384946688874 -0.9429880938505297
-2.3877296722936414 -1.3785563690507912
-2.112070892075268 -1.7722379065606242
-1.7722379065606257 -2.1120708920752667
-1.3785563690507923 -2.387729672293641
-0.9429880938505295 -2.5908384946688874
-0.4787676025936202 -2.715226000411155
-5.064733934406745e-16 -2.757112738101582
0.4787676025936192 -2.7152260004111555
0.9429880938505307 -2.590838494668887
1.3785563690507892 -2.3877296722936427
1.772237906560625 -2.112070892075267
2.112070892075266 -1.772237906560626
2.3877296722936423 -1.37855636905079
2.5908384946688874 -0.9429880938505296
2.715226000411155 -0.4787676025936204
3.4516375135591137 0.0
3.3991993839407955 0.5993705641963546
3.2434783011193202 1.1805295570957428
2.9892057713975477 1.7258187567795567
2.6441077369229653 2.2186698268450527
2.2186698268450527 2.6441077369229653
1.7258187567795573 2.9892057713975473
1.1805295570957433 3.24347830111932
0.5993705641963549 3.3991993839407955
2.1135184163985487e-16 3.4516375135591137
-0.5993705641963545 3.3991993839407955
-1.1805295570957421 3.2434783011193202
-1.7258187567795562 2.9892057713975477
-2.2186698268450527 2.6441077369229653
-2.644107736922965 2.218669826845053
-2.989205771397547 1.725818756779558
-3.24347830111932 1.1805295570957435
-3.3991993839407955 0.5993705641963545
-3.4516375135591137 4.2270368327970975e-16
-3.399199383940796 -0.5993705641963536
-3.2434783011193202 -1.1805295570957426
-2.9892057713975473 -1.7258187567795573
-2.644107736922966 -2.2186698268450513
-2.218669826845053 -2.644107736922965
-1.7258187567795584 -2.9892057713975464
-1.1805295570957424 -3.2434783011193202
-0.5993705641963546 -3.3991993839407955
-6.340555249195646e-16 -3.4516375135591137
0.5993705641963534 -3.399199383940796
1.180529557095744 -3.24347830111932
1.7258187567795547 -2.9892057713975486
2.2186698268450527 -2.6441077369229657
2.6441077369229644 -2.2186698268450535
2.9892057713975477 -1.7258187567795558
3.2434783011193202 -1.1805295570957426
3.3991993839407955 -0.5993705641963548
3.996676796637581 0.0
3.9359582956126857 0.6940156424598207
3.7556476934665977 1.36694397081236
3.4612236366039584 1.9983383983187903
3.061632051006777 2.5690143248003254
2.569014324800326 3.061632051006777
1.998338398318791 3.461223636603958
1.3669439708123605 3.755647693466597
0.6940156424598211 3.9359582956126857
2.4472587231143556e-16 3.996676796637581
-0.6940156424598206 3.9359582956126857
-1.3669439708123592 3.7556476934665977
-1.9983383983187897 3.4612236366039584
-2.569014324800326 3.061632051006777
-3.0616320510067765 2.5690143248003263
-3.4612236366039575 1.998338398318792
-3.755647693466597 1.3669439708123607
-3.9359582956126857 0.6940156424598205
-3.996676796637581 4.894517446228711e-16
-3.935958295612686 -0.6940156424598195
-3.7556476934665977 -1.3669439708123599
-3.461223636603958 -1.998338398318791
-3.0616320510067783 -2.569014324800324
-2.5690143248003263 -3.0616320510067765
-1.9983383983187923 -3.461223636603957
-1.3669439708123594 -3.7556476934665977
-0.6940156424598207 -3.9359582956126857
-7.341776169343065e-16 -3.996676796637581
0.6940156424598193 -3.935958295612686
1.3669439708123612 -3.755647693466597
1.998338398318788 -3.4612236366039597
2.5690143248003254 -3.0616320510067774
3.061632051006776 -2.5690143248003268
3.461223636603959 -1.9983383983187892
3.7556476934665977 -1.3669439708123596
3.9359582956126857 -0.694015642459821
4.467668532263364 0.0
4.399794608461633 0.7758024990474225
4.198235151885293 1.5280326317362956
3.8691144446284103 2.2338342661316815
3.4224326528378706 2.871761976725337
2.8717619767253373 3.4224326528378706
2.2338342661316823 3.86911444462841
1.5280326317362962 4.198235151885292
0.7758024990474228 4.399794608461633
2.735657983843841e-16 4.467668532263364
-0.7758024990474224 4.399794608461633
-1.5280326317362947 4.198235151885293
-2.233834266131681 3.8691144446284103
-2.8717619767253373 3.4224326528378706
-3.4224326528378697 2.8717619767253377
-3.8691144446284094 2.2338342661316832
-4.198235151885292 1.5280326317362964
-4.399794608461633 0.7758024990474223
-4.467668532263364 5.471315967687682e-16
-4.399794608461633 -0.775802499047421
-4.198235151885293 -1.5280326317362953
-3.86911444462841 -2.2338342661316823
-3.422432652837872 -2.8717619767253355
-2.8717619767253377 -3.4224326528378697
-2.2338342661316837 -3.869114444628409
-1.5280326317362949 -4.198235151885293
-0.7758024990474225 -4.399794608461633
-8.206973951531522e-16 -4.467668532263364
0.7758024990474208 -4.399794608461633
1.5280326317362969 -4.198235151885292
2.233834266131679 -3.8691144446284116
2.871761976725337 -3.422432652837871
3.4224326528378692 -2.871761976725338
3.8691144446284107 -2.2338342661316806
4.198235151885293 -1.528032631736295
4.399794608461633 -0.7758024990474227
4.9220942440851685 0.0
4.847316572631837 0.8547126957902765
4.625255639979627 1.6834553788244584
4.26265865519892 2.461047122042584
3.77054294418935 3.163861193807379
3.1638611938073793 3.77054294418935
2.4610471220425847 4.262658655198919
1.6834553788244588 4.625255639979626
0.8547126957902769 4.847316572631837
3.013913480560256e-16 4.9220942440851685
-0.8547126957902763 4.847316572631837
-1.6834553788244573 4.625255639979627
-2.4610471220425834 4.26265865519892
-3.1638611938073793 3.77054294418935
-3.770542944189349 3.1638611938073797
-4.262658655198918 2.461047122042586
-4.625255639979626 1.683455378824459
-4.847316572631837 0.8547126957902762
-4.9220942440851685 6.027826961120512e-16
-4.847316572631838 -0.854712695790275
-4.625255639979627 -1.683455378824458
-4.262658655198919 -2.4610471220425847
-3.7705429441893514 -3.163861193807377
-3.1638611938073797 -3.770542944189349
-2.4610471220425865 -4.262658655198918
-1.6834553788244575 -4.625255639979627
-0.8547126957902765 -4.847316572631837
-9.041740441680769e-16 -4.9220942440851685
0.8547126957902748 -4.847316572631838
1.6834553788244597 -4.625255639979626
2.461047122042581 -4.262658655198921
3.163861193807379 -3.7705429441893505
3.7705429441893488 -3.16386119380738
4.26265865519892 -2.4610471220425825
4.625255639979627 -1.6834553788244577
4.847316572631837 -0.8547126957902768
1.0 0.5 0.4 0.32000000000000006 0.25600000000000006 0.20480000000000007 0.16384000000000007 