0.0 0.0
2.7192353537939304 0.0
2.7131629711966956 0.18162489105274401
2.6949729441397636 0.3624386012519333
2.6647465136996664 0.5416335726746223
2.6226186784523278 0.718409477078196
2.5687775915366498 0.8919767903605844
2.5034637203169208 1.0615603187665619
2.426968772397191 1.2264026610912393
2.3396343927843017 1.3857675914177074
2.2418506380183465 1.538943347280703
2.134054234085479 1.6852458085705606
2.0167266258936376 1.8240215529796975
1.8903918270227174 1.9546507743452575
1.7556140793527153 2.0765500508538968
1.6129953330225217 2.189174950745227
1.4631725579744745 2.292022463876224
1.3068148990919704 2.3846332482866304
1.1446206876359775 2.4665936817316596
0.9773143223281027 2.5375377090193485
0.8056430340100497 2.597148476901905
0.6303735483292847 2.645159749219232
0.45228866135617346 2.681357095974246
0.2721837434267035 2.7055788510293
0.09086318682548021 2.717716834146398
-0.09086318682547988 2.717716834146398
-0.2721837434267032 2.7055788510293
-0.4522886613561737 2.681357095974246
-0.6303735483292838 2.645159749219232
-0.8056430340100488 2.597148476901905
-0.977314322328103 2.5375377090193485
-1.1446206876359772 2.46659368173166
-1.30681489909197 2.3846332482866304
-1.463172557974474 2.292022463876224
-1.6129953330225215 2.189174950745227
-1.7556140793527153 2.0765500508538968
-1.8903918270227174 1.9546507743452575
-2.0167266258936376 1.8240215529796975
-2.134054234085479 1.6852458085705606
-2.241850638018346 1.5389433472807035
-2.339634392784301 1.3857675914177086
-2.4269687723971907 1.2264026610912402
-2.5034637203169203 1.0615603187665625
-2.56877759153665 0.891976790360584
-2.6226186784523278 0.7184094770781966
-2.6647465136996664 0.5416335726746229
-2.694972944139763 0.36243860125193383
-2.7131629711966956 0.18162489105274443
-2.7192353537939304 -8.745727924474964e-16
-2.7131629711966956 -0.18162489105274376
-2.6949729441397636 -0.36243860125193195
-2.6647465136996664 -0.5416335726746222
-2.6226186784523278 -0.718409477078196
-2.5687775915366498 -0.8919767903605844
-2.5034637203169208 -1.061560318766562
-2.4269687723971916 -1.2264026610912386
-2.3396343927843017 -1.385767591417708
-2.2418506380183474 -1.5389433472807021
-2.1340542340854793 -1.68524580857056
-2.016726625893637 -1.8240215529796977
-1.8903918270227176 -1.954650774345257
-1.7556140793527155 -2.076550050853896
-1.6129953330225208 -2.1891749507452274
-1.4631725579744748 -2.292022463876224
-1.3068148990919695 -2.3846332482866304
-1.144620687635978 -2.4665936817316596
-0.9773143223281042 -2.537537709019348
-0.8056430340100493 -2.597148476901905
-0.6303735483292857 -2.6451597492192316
-0.4522886613561738 -2.681357095974246
-0.2721837434267044 -2.7055788510293
-0.09086318682547995 -2.717716834146398
0.09086318682547895 -2.717716834146398
0.27218374342670343 -2.7055788510293
0.4522886613561728 -2.681357095974246
0.6303735483292847 -2.645159749219232
0.8056430340100484 -2.5971484769019053
0.977314322328101 -2.5375377090193494
1.144620687635977 -2.46659368173166
1.3068148990919686 -2.3846332482866313
1.4631725579744739 -2.292022463876224
1.6129953330225204 -2.189174950745228
1.755614079352715 -2.0765500508538968
1.890391827022716 -1.9546507743452586
2.016726625893637 -1.8240215529796975
2.1340542340854793 -1.68524580857056
2.2418506380183465 -1.538943347280703
2.339634392784301 -1.3857675914177088
2.4269687723971898 -1.2264026610912415
2.5034637203169203 -1.061560318766563
2.5687775915366498 -0.8919767903605842
2.6226186784523278 -0.7184094770781969
2.6647465136996664 -0.541633572674622
2.694972944139763 -0.3624386012519341
2.7131629711966956 -0.18162489105274598
4.1194064792515634 0.0
4.110207344582825 0.2751460082159303
4.082651026145166 0.5490631475664585
4.036860597146125 0.8205280376128478
3.9730405687574093 1.0883282502570462
3.8914759767183495 1.3512677247398939
3.7925311082970983 1.608172109538822
3.6766478752952576 1.8578940073068297
3.5443438403624956 2.099318099427573
3.396209905436116 2.3313661272990496
3.23290767262956 2.5530017080982694
3.0551664893567616 2.7632349635185287
2.8637801908895453 2.9611269408062193
2.6596035548965973 3.1457938063517683
2.4435484837988946 3.316410793105083
2.2165799319921256 3.472215884185421
1.979711596126114 3.612513216233756
1.7340013876895009 3.736676187307464
1.4805467081202244 3.8441502554367104
1.220479547544302 3.9344554153435034
0.9549614290331276 4.007188342261787
0.6851782209594762 4.062024193283759
0.41233484062147757 4.098718058187147
0.13764987278945695 4.117106053263726
-0.13764987278945642 4.117106053263726
-0.41233484062147713 4.098718058187147
-0.6851782209594766 4.062024193283759
-0.9549614290331263 4.007188342261787
-1.2204795475443007 3.9344554153435034
-1.4805467081202248 3.8441502554367104
-1.7340013876895004 3.7366761873074643
-1.9797115961261136 3.6125132162337565
-2.216579931992125 3.4722158841854216
-2.443548483798894 3.3164107931050832
-2.6596035548965973 3.1457938063517683
-2.8637801908895453 2.9611269408062193
-3.0551664893567616 2.7632349635185287
-3.23290767262956 2.5530017080982694
-3.3962099054361152 2.3313661272990505
-3.5443438403624947 2.0993180994275744
-3.676647875295257 1.857894007306831
-3.792531108297098 1.608172109538823
-3.89147597671835 1.3512677247398932
-3.973040568757409 1.088328250257047
-4.036860597146125 0.8205280376128485
-4.082651026145165 0.5490631475664592
-4.110207344582825 0.275146008215931
-4.1194064792515634 -1.3249021725018257e-15
-4.110207344582825 -0.27514600821592994
-4.082651026145166 -0.5490631475664565
-4.036860597146125 -0.8205280376128476
-3.9730405687574093 -1.0883282502570462
-3.8914759767183495 -1.3512677247398939
-3.7925311082970983 -1.6081721095388222
-3.6766478752952585 -1.8578940073068286
-3.5443438403624956 -2.0993180994275735
-3.396209905436117 -2.3313661272990482
-3.2329076726295605 -2.5530017080982685
-3.055166489356761 -2.763234963518529
-2.8637801908895457 -2.961126940806219
-2.6596035548965977 -3.1457938063517674
-2.4435484837988932 -3.3164107931050837
-2.216579931992126 -3.472215884185421
-1.9797115961261127 -3.6125132162337565
-1.7340013876895013 -3.736676187307464
-1.4805467081202266 -3.84415025543671
-1.2204795475443015 -3.9344554153435034
-0.954961429033129 -4.007188342261787
-0.6851782209594767 -4.062024193283759
-0.412334840621479 -4.098718058187147
-0.13764987278945656 -4.117106053263726
0.13764987278945504 -4.117106053263726
0.4123348406214775 -4.098718058187147
0.6851782209594752 -4.062024193283759
0.9549614290331275 -4.007188342261787
1.2204795475443002 -3.934455415343504
1.4805467081202217 -3.844150255436712
1.7340013876894997 -3.7366761873074643
1.9797115961261116 -3.6125132162337574
2.2165799319921247 -3.4722158841854216
2.4435484837988923 -3.3164107931050846
2.659603554896597 -3.1457938063517683
2.8637801908895435 -2.961126940806221
3.055166489356761 -2.7632349635185287
3.232907672629561 -2.5530017080982685
3.396209905436116 -2.3313661272990496
3.5443438403624947 -2.099318099427575
3.6766478752952554 -1.8578940073068333
3.792531108297098 -1.6081721095388235
3.8914759767183495 -1.3512677247398936
3.973040568757409 -1.0883282502570475
4.036860597146125 -0.8205280376128473
4.082651026145165 -0.5490631475664598
4.110207344582825 -0.2751460082159333
5.150572467308022 0.0
5.139070613828277 0.34402030038661174
5.104616423458803 0.6865041225994982
5.04736377697767 1.0259218507494439
4.967568378602353 1.3607575628676238
4.865586613952626 1.6895158013811125
4.741873958345865 2.010728252189432
4.596982942533712 2.3229603025117624
4.431560684965615 2.6248174482158824
4.2463460016007355 2.9149515220121396
4.0421661061765315 3.192066714695841
3.819932915671391 3.4549253625457257
3.5806389774620357 3.7023534750305878
3.3253530363659984 3.9332459781359828
3.055215261367818 4.146571649893032
2.771432153347579 4.341377726066075
2.475271156555098 4.516794155429029
2.1680549978962254 4.6720374856253715
1.8511557793133893 4.806414362256555
1.525988849645238 4.91932462557106
1.1940064833351403 5.0102639909235425
0.8566913942209825 5.0788263010324695
0.5155501133752356 5.124705339977141
0.1721062605714596 5.147696200832325
-0.17210626057145897 5.147696200832325
-0.515550113375235 5.124705339977141
-0.8566913942209828 5.0788263010324695
-1.1940064833351385 5.0102639909235425
-1.5259888496452365 4.91932462557106
-1.85115577931339 4.806414362256555
-2.168054997896225 4.6720374856253715
-2.4752711565550976 4.51679415542903
-2.7714321533475785 4.341377726066075
-3.0552152613678176 4.1465716498930325
-3.3253530363659984 3.9332459781359828
-3.5806389774620357 3.7023534750305878
-3.819932915671391 3.4549253625457257
-4.0421661061765315 3.192066714695841
-4.246346001600735 2.914951522012141
-4.431560684965613 2.624817448215884
-4.596982942533711 2.322960302511764
-4.741873958345864 2.010728252189433
-4.865586613952627 1.6895158013811116
-4.967568378602352 1.360757562867625
-5.047363776977669 1.025921850749445
-5.104616423458802 0.6865041225994992
-5.139070613828277 0.3440203003866125
-5.150572467308022 -1.6565504486957816e-15
-5.139070613828277 -0.34402030038661124
-5.104616423458803 -0.6865041225994957
-5.04736377697767 -1.0259218507494439
-4.967568378602353 -1.3607575628676238
-4.865586613952626 -1.6895158013811125
-4.741873958345865 -2.010728252189432
-4.596982942533713 -2.322960302511761
-4.431560684965615 -2.6248174482158833
-4.246346001600737 -2.914951522012138
-4.042166106176532 -3.19206671469584
-3.81993291567139 -3.4549253625457266
-3.5806389774620366 -3.7023534750305873
-3.325353036365999 -3.9332459781359814
-3.0552152613678163 -4.1465716498930325
-2.7714321533475794 -4.341377726066075
-2.475271156555096 -4.51679415542903
-2.1680549978962262 -4.6720374856253715
-1.8511557793133921 -4.806414362256554
-1.5259888496452376 -4.91932462557106
-1.194006483335142 -5.010263990923542
-0.8566913942209831 -5.0788263010324695
-0.5155501133752374 -5.124705339977141
-0.1721062605714591 -5.147696200832325
0.17210626057145723 -5.147696200832325
0.5155501133752356 -5.124705339977141
0.8566913942209812 -5.0788263010324695
1.19400648333514 -5.0102639909235425
1.5259888496452358 -4.91932462557106
1.8511557793133862 -4.8064143622565565
2.1680549978962245 -4.6720374856253715
2.475271156555095 -4.5167941554290305
2.771432153347578 -4.341377726066075
3.0552152613678154 -4.146571649893034
3.325353036365998 -3.9332459781359828
3.5806389774620335 -3.70235347503059
3.81993291567139 -3.4549253625457257
4.042166106176533 -3.19206671469584
4.2463460016007355 -2.9149515220121396
4.431560684965613 -2.6248174482158846
4.596982942533709 -2.322960302511767
4.741873958345864 -2.0107282521894336
4.865586613952626 -1.6895158013811122
4.967568378602352 -1.3607575628676256
5.04736377697767 -1.0259218507494434
5.104616423458802 -0.6865041225994998
5.139070613828277 -0.34402030038661546
6.043072936076777 0.0
6.02957802072138 0.40363275731443254
5.989153546223105 0.805462792751356
5.921980058098252 1.203695435826784
5.8283575694513985 1.5965520828842963
5.708704221044048 1.9822781407707322
5.563554413776479 2.3591508632751457
5.3935564219236 2.725487045331586
5.1994694977846665 3.079650540621528
4.982160480678201 3.420059569000511
4.742599925427168 3.7451937811122438
4.481857767625527 4.053601048637906
4.201098545046143 4.343903949853724
3.901576196532394 4.614805921530766
3.5846284616028985 4.865097049701069
3.2516709057820843 5.093659473427127
2.9041905983409246 5.2994723774402095
2.5437394706845793 5.481616551349149
2.171927385050004 5.639278495057098
1.790414944470402 5.771754052050438
1.4009060761189527 5.878451554332706
1.0051404211564305 5.9588944649574955
0.6048855650714763 6.012723506358143
0.20192914321470642 6.039698264968555
-0.20192914321470568 6.039698264968555
-0.6048855650714756 6.012723506358143
-1.005140421156431 5.9588944649574955
-1.4009060761189507 5.878451554332706
-1.7904149444704 5.771754052050438
-2.1719273850500045 5.639278495057098
-2.5437394706845784 5.48161655134915
-2.9041905983409237 5.29947237744021
-3.2516709057820834 5.093659473427128
-3.584628461602898 4.8650970497010695
-3.901576196532394 4.614805921530766
-4.201098545046143 4.343903949853724
-4.481857767625527 4.053601048637906
-4.742599925427168 3.7451937811122438
-4.9821604806782 3.4200595690005122
-5.199469497784666 3.07965054062153
-5.393556421923599 2.7254870453315876
-5.563554413776478 2.359150863275147
-5.708704221044049 1.9822781407707313
-5.8283575694513985 1.5965520828842976
-5.921980058098251 1.2036954358267853
-5.989153546223104 0.8054627927513572
-6.02957802072138 0.4036327573144335
-6.043072936076777 -1.943600492430592e-15
-6.02957802072138 -0.40363275731443193
-5.989153546223105 -0.805462792751353
-5.921980058098252 -1.2036954358267837
-5.8283575694513985 -1.5965520828842963
-5.708704221044048 -1.9822781407707322
-5.563554413776479 -2.3591508632751457
-5.393556421923601 -2.725487045331584
-5.1994694977846665 -3.079650540621529
-4.9821604806782025 -3.4200595690005087
-4.742599925427169 -3.7451937811122424
-4.4818577676255265 -4.053601048637907
-4.201098545046144 -4.343903949853723
-3.9015761965323947 -4.614805921530765
-3.5846284616028967 -4.8650970497010695
-3.2516709057820847 -5.093659473427127
-2.9041905983409224 -5.29947237744021
-2.5437394706845797 -5.481616551349149
-2.171927385050007 -5.6392784950570976
-1.7904149444704014 -5.771754052050438
-1.4009060761189547 -5.878451554332705
-1.0051404211564312 -5.9588944649574955
-0.6048855650714784 -6.012723506358143
-0.20192914321470584 -6.039698264968555
0.20192914321470362 -6.039698264968555
0.6048855650714762 -6.012723506358143
1.005140421156429 -5.9588944649574955
1.4009060761189525 -5.878451554332706
1.7904149444703994 -5.771754052050439
2.17192738505 -5.6392784950571
2.543739470684578 -5.48161655134915
2.9041905983409206 -5.299472377440211
3.251670905782083 -5.093659473427128
3.584628461602895 -4.865097049701071
3.9015761965323934 -4.614805921530766
4.201098545046141 -4.343903949853726
4.4818577676255265 -4.053601048637906
4.742599925427169 -3.7451937811122424
4.982160480678201 -3.420059569000511
5.199469497784666 -3.0796505406215307
5.393556421923597 -2.7254870453315907
5.563554413776478 -2.359150863275148
5.708704221044048 -1.982278140770732
5.8283575694513985 -1.5965520828842983
5.921980058098252 -1.2036954358267833
5.989153546223104 -0.8054627927513579
6.02957802072138 -0.4036327573144369
1.0 0.5 0.4 0.32000000000000006 0.25600000000000006 