0.0 0.0
1.20178532473128 0.0
1.1103048639916597 0.45990333303416026
0.8497905526479653 0.8497905526479652
0.4599033330341603 1.1103048639916597
7.358812755972123e-17 1.20178532473128
-0.45990333303416014 1.11030486399166
-0.8497905526479651 0.8497905526479653
-1.1103048639916597 0.45990333303416037
-1.20178532473128 1.4717625511944246e-16
-1.11030486399166 -0.4599033330341601
-0.8497905526479653 -0.8497905526479651
-0.4599033330341609 -1.1103048639916595
-2.2076438267916366e-16 -1.20178532473128
0.4599033330341606 -1.1103048639916597
0.849790552647965 -0.8497905526479653
1.1103048639916595 -0.459903333034161
1.9728281485188468 0.0
1.8226555475786994 0.7549686473416574
1.3950001619333783 1.395000161933378
0.7549686473416575 1.8226555475786994
1.2080088386757025e-16 1.9728281485188468
-0.7549686473416573 1.8226555475786996
-1.3950001619333778 1.3950001619333783
-1.8226555475786994 0.7549686473416576
-1.9728281485188468 2.416017677351405e-16
-1.8226555475786996 -0.7549686473416571
-1.3950001619333783 -1.3950001619333778
-0.7549686473416585 -1.822655547578699
-3.624026516027107e-16 -1.9728281485188468
0.7549686473416579 -1.8226555475786994
1.3950001619333776 -1.3950001619333783
1.822655547578699 -0.7549686473416586
2.4997717376578925 0.0
2.3094879443723 0.9566212286961671
1.7676055471163754 1.7676055471163752
0.9566212286961672 2.3094879443723
1.5306687285608776e-16 2.4997717376578925
-0.956621228696167 2.3094879443723006
-1.767605547116375 1.7676055471163754
-2.3094879443723 0.9566212286961674
-2.4997717376578925 3.061337457121755e-16
-2.3094879443723006 -0.9566212286961668
-1.7676055471163754 -1.767605547116375
-0.9566212286961685 -2.3094879443722998
-4.592006185682632e-16 -2.4997717376578925
0.9566212286961677 -2.3094879443723
1.7676055471163747 -1.7676055471163754
2.3094879443722998 -0.9566212286961686
2.928553568288541 0.0
2.7056307016046777 1.1207089313776903
2.070800087204889 2.0708000872048884
1.1207089313776903 2.7056307016046777
1.7932218767680609e-16 2.928553568288541
-1.1207089313776901 2.705630701604678
-2.0708000872048884 2.070800087204889
-2.7056307016046777 1.1207089313776906
-2.928553568288541 3.5864437535361217e-16
-2.705630701604678 -1.12070893137769
-2.070800087204889 -2.0708000872048884
-1.120708931377692 -2.705630701604677
-5.379665630304182e-16 -2.928553568288541
1.120708931377691 -2.7056307016046777
2.070800087204888 -2.070800087204889
2.705630701604677 -1.1207089313776921
3.3036529814603903 0.0
3.0521773720911436 1.2642532622884244
2.336035425877798 2.3360354258777978
1.2642532622884246 3.0521773720911436
2.0229040246195386e-16 3.3036529814603903
-1.2642532622884244 3.052177372091144
-2.3360354258777973 2.336035425877798
-3.0521773720911436 1.2642532622884248
-3.3036529814603903 4.045808049239077e-16
-3.052177372091144 -1.2642532622884242
-2.336035425877798 -2.3360354258777973
-1.2642532622884264 -3.052177372091143
-6.068712073858615e-16 -3.3036529814603903
1.2642532622884255 -3.0521773720911436
2.336035425877797 -2.336035425877798
3.052177372091143 -1.2642532622884266
3.6528859734875647 0.0
3.3748265855027273 1.3978989423725137
2.582980442754281 2.5829804427542804
1.3978989423725139 3.3748265855027273
2.2367475575409046e-16 3.6528859734875647
-1.3978989423725134 3.3748265855027277
-2.58298044275428 2.582980442754281
-3.3748265855027273 1.397898942372514
-3.6528859734875647 4.473495115081809e-16
-3.3748265855027277 -1.3978989423725132
-2.582980442754281 -2.58298044275428
-1.3978989423725157 -3.374826585502727
-6.710242672622714e-16 -3.6528859734875647
1.3978989423725146 -3.3748265855027273
2.5829804427542795 -2.582980442754281
3.374826585502727 -1.3978989423725159
4.011377596180213 0.0
3.706029658285224 1.535087747018667
2.8364723001588215 2.836472300158821
1.5350877470186672 3.706029658285224
2.456260366666751e-16 4.011377596180213
-1.5350877470186668 3.7060296582852246
-2.8364723001588206 2.8364723001588215
-3.706029658285224 1.5350877470186675
-4.011377596180213 4.912520733333502e-16
-3.7060296582852246 -1.5350877470186666
-2.8364723001588215 -2.8364723001588206
-1.5350877470186692 -3.7060296582852232
-7.368781100000252e-16 -4.011377596180213
1.5350877470186681 -3.706029658285224
2.83647230015882 -2.8364723001588215
3.7060296582852232 -1.5350877470186695
1.0 0.5 0.4 0.32000000000000006 0.25600000000000006 0.20480000000000007 0.16384000000000007 0.13107200000000005 