0.0 0.0
3.811546259985518 0.0
3.6571518550627204 1.0738366733451086
3.2064767567622927 2.060677485768396
2.4960319812805225 2.8805744636156203
1.5833735391491754 3.467104429856678
0.5424395895609837 3.772750214854742
-0.5424395895609833 3.7727502148547423
-1.583373539149175 3.4671044298566787
-2.496031981280522 2.8805744636156203
-3.2064767567622923 2.0606774857683967
-3.6571518550627204 1.0738366733451086
-3.811546259985518 2.159446359613263e-15
-3.657151855062721 -1.0738366733451075
-3.2064767567622927 -2.060677485768396
-2.496031981280523 -2.88057446361562
-1.5833735391491783 -3.467104429856677
-0.5424395895609841 -3.772750214854742
0.5424395895609828 -3.7727502148547423
1.5833735391491741 -3.467104429856679
2.4960319812805207 -2.8805744636156216
3.2064767567622927 -2.0606774857683954
3.6571518550627204 -1.073836673345109
3.2414026090756187 0.0
3.1101030280637554 0.9132086448073552
2.7268413962130724 1.7524345562733492
2.1226672915914215 2.449688642119681
1.3465273069934969 2.948483523040797
0.4612996880892011 3.208409804231846
-0.46129968808920074 3.2084098042318465
-1.3465273069934964 2.9484835230407973
-2.1226672915914215 2.449688642119681
-2.726841396213072 1.7524345562733499
-3.1101030280637554 0.9132086448073552
-3.2414026090756187 1.8364292564655567e-15
-3.110103028063756 -0.9132086448073543
-2.7268413962130724 -1.7524345562733492
-2.122667291591422 -2.4496886421196806
-1.346527306993499 -2.9484835230407955
-0.46129968808920147 -3.208409804231846
0.4612996880892003 -3.2084098042318465
1.3465273069934955 -2.9484835230407973
2.1226672915914198 -2.4496886421196824
2.7268413962130724 -1.7524345562733488
3.1101030280637554 -0.9132086448073555
4.412335540243359 0.0
4.2336049480930305 1.2430985733950723
3.7118928612663042 2.3854886933655552
2.889465290296632 3.334620706447085
1.8329504258188807 4.013601581645223
0.6279408188172018 4.367424326506166
-0.6279408188172013 4.367424326506166
-1.83295042581888 4.013601581645224
-2.8894652902966316 3.334620706447085
-3.711892861266304 2.385488693365556
-4.2336049480930305 1.2430985733950723
-4.412335540243359 2.4998258632723364e-15
-4.2336049480930305 -1.2430985733950712
-3.7118928612663042 -2.3854886933655552
-2.8894652902966325 -3.3346207064470845
-1.8329504258188838 -4.013601581645222
-0.6279408188172022 -4.367424326506166
0.6279408188172007 -4.367424326506166
1.832950425818879 -4.013601581645224
2.88946529029663 -3.3346207064470867
3.7118928612663042 -2.385488693365555
4.2336049480930305 -1.243098573395073
2.089419681683401 0.0
2.0047835035070634 0.5886575492354708
1.7577316887831633 1.1296255647131284
1.368278906266916 1.5790780350796403
0.8679763042329075 1.9006029941826748
0.2973554240837921 2.0681524020182636
-0.2973554240837919 2.068152402018264
-0.8679763042329073 1.900602994182675
-1.3682789062669158 1.5790780350796403
-1.757731688783163 1.129625564713129
-2.0047835035070634 0.5886575492354708
-2.089419681683401 1.183768848008857e-15
-2.0047835035070634 -0.5886575492354701
-1.7577316887831633 -1.1296255647131284
-1.3682789062669163 -1.57907803507964
-0.8679763042329091 -1.900602994182674
-0.29735542408379234 -2.0681524020182636
0.29735542408379156 -2.068152402018264
0.8679763042329067 -1.9006029941826752
1.368278906266915 -1.5790780350796412
1.7577316887831633 -1.1296255647131281
2.0047835035070634 -0.588657549235471
2.47524398142865 0.0
2.374979208162363 0.6973568156942539
2.0823077439959707 1.3382179295216334
1.6209400903720155 1.870664585387642
1.028253510728024 2.2515611218162053
0.3522639469039407 2.450049566704807
-0.3522639469039404 2.4500495667048074
-1.0282535107280235 2.2515611218162057
-1.6209400903720153 1.870664585387642
-2.0823077439959703 1.3382179295216339
-2.374979208162363 0.6973568156942539
-2.47524398142865 1.402359105795307e-15
-2.3749792081623635 -0.6973568156942532
-2.0823077439959707 -1.3382179295216334
-1.6209400903720157 -1.8706645853876416
-1.0282535107280257 -2.2515611218162044
-0.35226394690394097 -2.450049566704807
0.3522639469039401 -2.4500495667048074
1.0282535107280228 -2.251561121816206
1.6209400903720141 -1.8706645853876431
2.0823077439959707 -1.3382179295216332
2.374979208162363 -0.6973568156942541
2.8153712154790576 0.0
2.701328899368663 0.7931817309946785
2.368440981252974 1.522104595377557
1.843676060497045 2.1277155977475286
1.1695474700833695 2.5609517363998906
0.4006690992101642 2.7867147959355547
-0.4006690992101639 2.786714795935555
-1.1695474700833692 2.560951736399891
-1.8436760604970448 2.1277155977475286
-2.3684409812529736 1.5221045953775576
-2.701328899368663 0.7931817309946785
-2.8153712154790576 1.5950595132615072e-15
-2.7013288993686633 -0.7931817309946777
-2.368440981252974 -1.522104595377557
-1.8436760604970452 -2.127715597747528
-1.1695474700833715 -2.5609517363998897
-0.4006690992101645 -2.7867147959355547
0.4006690992101635 -2.786714795935555
1.1695474700833683 -2.5609517363998915
1.8436760604970435 -2.12771559774753
2.368440981252974 -1.5221045953775567
2.701328899368663 -0.7931817309946788
0.9760761922073852 0.0
0.9365382481353797 0.2749924413026334
0.8211275450068698 0.5277066304539477
0.6391939716154474 0.7376691667980565
0.4054767040766627 0.8878701343356441
0.13891012543639797 0.9661411439563644
-0.13891012543639786 0.9661411439563645
-0.4054767040766626 0.8878701343356442
-0.6391939716154473 0.7376691667980565
-0.8211275450068697 0.527706630453948
-0.9365382481353797 0.2749924413026334
-0.9760761922073852 5.529997634019066e-16
-0.9365382481353798 -0.2749924413026331
-0.8211275450068698 -0.5277066304539477
-0.6391939716154476 -0.7376691667980564
-0.4054767040766634 -0.8878701343356438
-0.13891012543639808 -0.9661411439563644
0.13891012543639775 -0.9661411439563645
0.4054767040766623 -0.8878701343356443
0.6391939716154469 -0.7376691667980569
0.8211275450068698 -0.5277066304539476
0.9365382481353797 -0.2749924413026335
1.5820319537636618 0.0
1.5179485436698488 0.4457099073386789
1.3308899701554964 0.8553110487236623
1.0360106063665648 1.195619975671723
0.6571998246421313 1.4390668828166469
0.2251466216430448 1.5659291495760568
-0.22514662164304464 1.565929149576057
-0.6571998246421312 1.4390668828166469
-1.0360106063665648 1.195619975671723
-1.3308899701554961 0.8553110487236626
-1.5179485436698488 0.4457099073386789
-1.5820319537636618 8.963063571370057e-16
-1.517948543669849 -0.44570990733867843
-1.3308899701554964 -0.8553110487236623
-1.036010606366565 -1.1956199756717227
-0.6571998246421326 -1.4390668828166462
-0.22514662164304497 -1.5659291495760568
0.22514662164304441 -1.565929149576057
0.6571998246421308 -1.439066882816647
1.036010606366564 -1.1956199756717236
1.3308899701554964 -0.855311048723662
1.5179485436698488 -0.44570990733867905
1.366645746877322 0.0
1.3112869915489274 0.38502860056421323
1.1496955626892555 0.7388644737639711
0.8949626368432855 1.0328419414955936
0.5677251607080156 1.2431446976747844
0.19449396844371905 1.352735263714555
-0.19449396844371888 1.3527352637145553
-0.5677251607080154 1.2431446976747846
-0.8949626368432854 1.0328419414955936
-1.1496955626892553 0.7388644737639714
-1.3112869915489274 0.38502860056421323
-1.366645746877322 7.742784638238643e-16
-1.3112869915489276 -0.3850286005642129
-1.1496955626892555 -0.7388644737639711
-0.8949626368432856 -1.0328419414955934
-0.5677251607080166 -1.243144697674784
-0.1944939684437192 -1.352735263714555
0.1944939684437187 -1.3527352637145553
0.567725160708015 -1.2431446976747849
0.8949626368432847 -1.0328419414955943
1.1496955626892555 -0.7388644737639709
1.3112869915489274 -0.3850286005642134
0.49327423614591426 0.0
0.47329316364706303 0.1389714117733916
0.4149686938123527 0.2666841862597126
0.32302592831881327 0.3727917940071966
0.20491352322205056 0.44869802768238387
0.07020024314148404 0.4882534156646645
-0.07020024314148399 0.48825341566466457
-0.2049135232220505 0.4486980276823839
-0.3230259283188132 0.3727917940071966
-0.41496869381235263 0.2666841862597127
-0.47329316364706303 0.1389714117733916
-0.49327423614591426 2.7946643720922723e-16
-0.4732931636470631 -0.13897141177339145
-0.4149686938123527 -0.2666841862597126
-0.3230259283188133 -0.37279179400719653
-0.20491352322205092 -0.4486980276823837
-0.0702002431414841 -0.4882534156646645
0.07020024314148392 -0.48825341566466457
0.2049135232220504 -0.448698027682384
0.323025928318813 -0.3727917940071968
0.4149686938123527 -0.2666841862597125
0.47329316364706303 -0.13897141177339165
1.7583061065835384 0.0
1.6870823547303686 0.4953720751176796
1.479181223962041 0.9506120508004933
1.1514456274577727 1.3288390916350021
0.7304267541276969 1.5994114921756184
0.25023304919336586 1.7404090856865668
-0.2502330491933657 1.740409085686567
-0.7304267541276968 1.5994114921756186
-1.1514456274577725 1.3288390916350021
-1.479181223962041 0.9506120508004936
-1.6870823547303686 0.4953720751176796
-1.7583061065835384 9.96175164082101e-16
-1.6870823547303688 -0.4953720751176791
-1.479181223962041 -0.9506120508004933
-1.151445627457773 -1.328839091635002
-0.7304267541276982 -1.5994114921756177
-0.2502330491933661 -1.7404090856865668
0.2502330491933654 -1.740409085686567
0.7304267541276962 -1.5994114921756188
1.1514456274577716 -1.328839091635003
1.479181223962041 -0.950612050800493
1.6870823547303686 -0.49537207511767983
4.903636566871422 0.0
4.705004831072246 1.381514067805816
4.125201585600749 2.6511060820185257
3.2111990411823577 3.705921248201054
2.0370442481834177 4.460504714816632
0.6978602449652735 4.853724617080738
-0.697860244965273 4.853724617080738
-2.0370442481834172 4.460504714816633
-3.211199041182357 3.705921248201054
-4.125201585600748 2.651106082018527
-4.705004831072246 1.381514067805816
-4.903636566871422 2.778174370953904e-15
-4.705004831072246 -1.3815140678058146
-4.125201585600749 -2.6511060820185257
-3.211199041182358 -3.705921248201053
-2.0370442481834212 -4.46050471481663
-0.6978602449652741 -4.853724617080738
0.6978602449652723 -4.853724617080738
2.037044248183416 -4.460504714816633
3.211199041182355 -3.7059212482010557
4.125201585600749 -2.6511060820185253
4.705004831072246 -1.3815140678058166
1.198917229984256 0.0
1.1503526581152501 0.33777401664470885
1.0085933552964292 0.6481835912802889
0.7851238171671381 0.906081186246588
0.4980482166820954 1.0905734721754907
0.17062371168826437 1.1867139812789103
-0.17062371168826426 1.1867139812789103
-0.49804821668209526 1.090573472175491
-0.785123817167138 0.906081186246588
-1.008593355296429 0.6481835912802891
-1.1503526581152501 0.33777401664470885
-1.198917229984256 6.792512201536172e-16
-1.1503526581152503 -0.3377740166447085
-1.0085933552964292 -0.6481835912802889
-0.7851238171671383 -0.9060811862465877
-0.49804821668209626 -1.0905734721754905
-0.1706237116882645 -1.1867139812789103
0.1706237116882641 -1.1867139812789103
0.4980482166820949 -1.0905734721754912
0.7851238171671374 -0.9060811862465884
1.0085933552964292 -0.6481835912802887
1.1503526581152501 -0.33777401664470896
1.874020387222368 0.0
1.7981093939501815 0.5279725552651239
1.5765262713484753 1.0131719140763564
1.2272223662048674 1.4162901099745069
0.7784962035237802 1.7046689041641296
0.26670090832839044 1.8549455617947082
-0.2667009083283902 1.8549455617947084
-0.77849620352378 1.7046689041641299
-1.2272223662048671 1.4162901099745069
-1.5765262713484751 1.0131719140763569
-1.7981093939501815 0.5279725552651239
-1.874020387222368 1.0617335398793654e-15
-1.7981093939501818 -0.5279725552651233
-1.5765262713484753 -1.0131719140763564
-1.2272223662048676 -1.4162901099745067
-0.7784962035237816 -1.704668904164129
-0.26670090832839066 -1.8549455617947082
0.26670090832839 -1.8549455617947084
0.7784962035237795 -1.70466890416413
1.2272223662048662 -1.4162901099745078
1.5765262713484753 -1.0131719140763562
1.7981093939501815 -0.527972555265124
2.6534654593726263 0.0
2.5459814639967995 0.7475676083594688
2.232237191942735 1.4345717350454095
1.7376503382232211 2.005355391484589
1.1022893883053362 2.4136770804134158
0.37762750771436354 2.626457006977464
-0.3776275077143632 2.6264570069774646
-1.1022893883053357 2.4136770804134158
-1.737650338223221 2.005355391484589
-2.2322371919427346 1.43457173504541
-2.5459814639967995 0.7475676083594688
-2.6534654593726263 1.503331177364098e-15
-2.5459814639968 -0.747567608359468
-2.232237191942735 -1.4345717350454095
-1.7376503382232216 -2.0053553914845885
-1.102289388305338 -2.413677080413415
-0.3776275077143638 -2.626457006977464
0.3776275077143629 -2.6264570069774646
1.102289388305335 -2.413677080413416
1.7376503382232198 -2.00535539148459
2.232237191942735 -1.434571735045409
2.5459814639967995 -0.747567608359469
0.7180270796049204 0.0
0.6889419377458585 0.20229160501847898
0.6040428173860951 0.3881947472728596
0.4702077403426678 0.5426486597862498
0.29827922860978456 0.6531404051396014
0.10218590770981346 0.7107185992440975
-0.10218590770981338 0.7107185992440976
-0.29827922860978445 0.6531404051396014
-0.47020774034266777 0.5426486597862498
-0.604042817386095 0.38819474727285974
-0.6889419377458585 0.20229160501847898
-0.7180270796049204 4.0680103490662587e-16
-0.6889419377458585 -0.2022916050184788
-0.6040428173860951 -0.3881947472728596
-0.4702077403426679 -0.5426486597862497
-0.29827922860978506 -0.653140405139601
-0.10218590770981355 -0.7107185992440975
0.10218590770981328 -0.7107185992440976
0.2982792286097843 -0.6531404051396015
0.47020774034266744 -0.54264865978625
0.6040428173860951 -0.3881947472728595
0.6889419377458585 -0.20229160501847906
3.0077203954252134 0.0
2.88588658600751 0.8473727572672612
2.5302554084198583 1.6260964132605604
1.9696379856503583 2.273083408619226
1.249452207171604 2.7359187047591176
0.4280432416462004 2.9771061385744737
-0.42804324164620006 2.977106138574474
-1.2494522071716037 2.735918704759118
-1.969637985650358 2.273083408619226
-2.530255408419858 1.626096413260561
-2.88588658600751 0.8473727572672612
-3.0077203954252134 1.704035689353071e-15
-2.8858865860075102 -0.8473727572672605
-2.5302554084198583 -1.6260964132605604
-1.9696379856503587 -2.273083408619226
-1.249452207171606 -2.7359187047591167
-0.4280432416462007 -2.9771061385744737
0.42804324164619967 -2.977106138574474
1.2494522071716028 -2.7359187047591185
1.9696379856503567 -2.2730834086192275
2.5302554084198583 -1.6260964132605602
2.88588658600751 -0.8473727572672616
4.742937245923998 0.0
4.550814961758571 1.3362398372326167
3.990012714130156 2.5642254697769506
3.1059633659222183 3.5844728047960195
1.970287337682649 4.31432747085111
0.6749903470940141 4.694660983511271
-0.6749903470940136 4.694660983511272
-1.9702873376826486 4.314327470851111
-3.105963365922218 3.5844728047960195
-3.9900127141301556 2.564225469776952
-4.550814961758571 1.3362398372326167
-4.742937245923998 2.6871295455885794e-15
-4.550814961758572 -1.3362398372326154
-3.990012714130156 -2.5642254697769506
-3.105963365922219 -3.584472804796019
-1.9702873376826524 -4.314327470851109
-0.6749903470940146 -4.694660983511271
0.674990347094013 -4.694660983511272
1.9702873376826473 -4.3143274708511115
3.1059633659222157 -3.5844728047960217
3.990012714130156 -2.56422546977695
4.550814961758571 -1.3362398372326172
2.273824893786411 0.0
2.181719008817792 0.6406105011361378
1.9128632249373037 1.2293225493275726
1.489038638808029 1.7184421956351965
0.9445809978162949 2.0683438752217085
0.3235990220209828 2.250680634952424
-0.3235990220209825 2.250680634952424
-0.9445809978162947 2.068343875221709
-1.4890386388080288 1.7184421956351965
-1.9128632249373034 1.229322549327573
-2.181719008817792 0.6406105011361378
-2.273824893786411 1.2882443382187197e-15
-2.1817190088177925 -0.6406105011361372
-1.9128632249373037 -1.2293225493275726
-1.4890386388080292 -1.7184421956351963
-0.9445809978162966 -2.068343875221708
-0.323599022020983 -2.250680634952424
0.32359902202098223 -2.250680634952424
0.944580997816294 -2.0683438752217094
1.4890386388080277 -1.7184421956351976
1.9128632249373037 -1.2293225493275723
2.181719008817792 -0.640610501136138
2.9532300860574585 0.0
2.833603517039069 0.8320210630860032
2.4844152431591704 1.596636727860569
1.9339544216648847 2.2319023805081137
1.2268161145971213 2.686352575921442
0.42028846208106707 2.9231704619875445
-0.42028846208106674 2.923170461987545
-1.226816114597121 2.6863525759214424
-1.9339544216648845 2.2319023805081137
-2.48441524315917 1.5966367278605698
-2.833603517039069 0.8320210630860032
-2.9532300860574585 1.673163992626282e-15
-2.833603517039069 -0.8320210630860023
-2.4844152431591704 -1.596636727860569
-1.9339544216648852 -2.2319023805081133
-1.2268161145971235 -2.686352575921441
-0.4202884620810674 -2.9231704619875445
0.42028846208106635 -2.923170461987545
1.2268161145971201 -2.6863525759214424
1.9339544216648832 -2.231902380508115
2.4844152431591704 -1.5966367278605686
2.833603517039069 -0.8320210630860035
2.320880159124961 0.0
2.2268682052816966 0.6538675013528195
1.9524486331416675 1.2547625464457963
1.519853284403622 1.7540041923859324
0.964128461478716 2.1111468501235504
0.33029568449754504 2.2972569455379173
-0.3302956844975448 2.2972569455379177
-0.9641284614787157 2.1111468501235504
-1.5198532844036219 1.7540041923859324
-1.9524486331416673 1.2547625464457968
-2.2268682052816966 0.6538675013528195
-2.320880159124961 1.3149036818301899e-15
-2.226868205281697 -0.6538675013528188
-1.9524486331416675 -1.2547625464457963
-1.5198532844036223 -1.7540041923859322
-0.9641284614787177 -2.1111468501235495
-0.3302956844975453 -2.2972569455379173
0.3302956844975445 -2.2972569455379177
0.964128461478715 -2.111146850123551
1.5198532844036208 -1.7540041923859335
1.9524486331416675 -1.254762546445796
2.2268682052816966 -0.6538675013528197
1.0 0.5 0.4 0.32000000000000006 0.25600000000000006 0.20480000000000007 0.16384000000000007 0.13107200000000005 0.10485760000000005 0.08388608000000004 0.06710886400000003 0.05368709120000003 0.042949672960000025 0.03435973836800002 0.027487790694400018 0.021990232555520017 0.017592186044416015 0.014073748835532814 0.011258999068426251 0.009007199254741001 0.007205759403792801 0.0057646075230342415 