0.0 0.0
1.8794060441150078 0.0
1.8633274648727052 0.24531171457368223
1.8153668360944581 0.48642607769775226
1.73634477743586 0.7192175557696265
1.6276133782296143 0.9397030220575038
1.491033062862178 1.1441099091030789
1.328940758396706 1.3289407583967057
1.1441099091030789 1.491033062862178
0.9397030220575041 1.627613378229614
0.7192175557696266 1.73634477743586
0.48642607769775226 1.8153668360944581
0.2453117145736825 1.8633274648727052
1.150804298111817e-16 1.8794060441150078
-0.24531171457368228 1.8633274648727052
-0.4864260776977521 1.8153668360944581
-0.719217555769626 1.7363447774358602
-0.9397030220575034 1.6276133782296143
-1.1441099091030789 1.491033062862178
-1.3289407583967057 1.328940758396706
-1.4910330628621777 1.1441099091030793
-1.6276133782296143 0.9397030220575038
-1.73634477743586 0.7192175557696268
-1.815366836094458 0.4864260776977528
-1.8633274648727052 0.245311714573683
-1.8794060441150078 2.301608596223634e-16
-1.8633274648727052 -0.2453117145736826
-1.8153668360944581 -0.48642607769775237
-1.7363447774358602 -0.7192175557696263
-1.6276133782296145 -0.9397030220575033
-1.491033062862178 -1.1441099091030789
-1.3289407583967063 -1.328940758396705
-1.1441099091030793 -1.4910330628621775
-0.9397030220575048 -1.6276133782296136
-0.719217555769626 -1.7363447774358602
-0.4864260776977521 -1.8153668360944581
-0.24531171457368234 -1.8633274648727052
-3.45241289433545e-16 -1.8794060441150078
0.24531171457368167 -1.8633274648727054
0.4864260776977514 -1.8153668360944584
0.7192175557696254 -1.7363447774358605
0.9397030220575041 -1.627613378229614
1.1441099091030773 -1.4910330628621788
1.3289407583967054 -1.328940758396706
1.4910330628621775 -1.1441099091030793
1.6276133782296136 -0.9397030220575048
1.7363447774358602 -0.7192175557696261
1.8153668360944577 -0.48642607769775387
1.8633274648727052 -0.24531171457368245
2.891850496959981 0.0
2.867110315072273 0.37746223383785016
2.7933130807805227 0.7484659842024324
2.6717214852239195 1.1066632740633362
2.504415994313997 1.4459252484799903
2.294259251386069 1.760447041008937
2.0448470965780903 2.04484709657809
1.760447041008937 2.294259251386069
1.4459252484799907 2.5044159943139968
1.1066632740633364 2.6717214852239195
0.7484659842024324 2.7933130807805227
0.37746223383785055 2.867110315072273
1.7707477273573616e-16 2.891850496959981
-0.3774622338378502 2.867110315072273
-0.748465984202432 2.7933130807805227
-1.1066632740633353 2.67172148522392
-1.4459252484799898 2.504415994313997
-1.760447041008937 2.294259251386069
-2.04484709657809 2.0448470965780903
-2.294259251386069 1.7604470410089377
-2.504415994313997 1.4459252484799903
-2.6717214852239195 1.1066632740633364
-2.793313080780522 0.7484659842024332
-2.867110315072273 0.3774622338378513
-2.891850496959981 3.541495454714723e-16
-2.867110315072273 -0.3774622338378507
-2.7933130807805227 -0.7484659842024325
-2.67172148522392 -1.1066632740633358
-2.5044159943139976 -1.4459252484799896
-2.294259251386069 -1.760447041008937
-2.044847096578091 -2.044847096578089
-1.7604470410089377 -2.2942592513860687
-1.4459252484799918 -2.5044159943139963
-1.1066632740633353 -2.67172148522392
-0.748465984202432 -2.7933130807805227
-0.3774622338378503 -2.867110315072273
-5.312243182072085e-16 -2.891850496959981
0.37746223383784927 -2.8671103150722734
0.748465984202431 -2.7933130807805227
1.1066632740633344 -2.67172148522392
1.4459252484799907 -2.5044159943139968
1.7604470410089348 -2.294259251386071
2.0448470965780894 -2.0448470965780903
2.2942592513860687 -1.7604470410089377
2.5044159943139963 -1.4459252484799918
2.67172148522392 -1.1066632740633355
2.7933130807805218 -0.7484659842024347
2.867110315072273 -0.3774622338378505
3.594099404672917 0.0
3.5633513860296344 0.46912410975231006
3.4716334372237356 0.9302213759209826
3.3205148777883084 1.3754022964415575
3.1125813881732736 1.7970497023364582
2.8513907680359982 2.187949089588077
2.5414120613027533 2.541412061302753
2.187949089588077 2.8513907680359982
1.7970497023364589 3.112581388173273
1.3754022964415578 3.3205148777883084
0.9302213759209826 3.4716334372237356
0.46912410975231056 3.5633513860296344
2.2007511658750478e-16 3.594099404672917
-0.46912410975231017 3.5633513860296344
-0.9302213759209822 3.4716334372237356
-1.3754022964415566 3.320514877788309
-1.7970497023364576 3.1125813881732736
-2.187949089588077 2.8513907680359982
-2.541412061302753 2.5414120613027533
-2.851390768035998 2.187949089588078
-3.1125813881732736 1.7970497023364582
-3.3205148777883084 1.375402296441558
-3.471633437223735 0.9302213759209836
-3.5633513860296344 0.46912410975231156
-3.594099404672917 4.4015023317500956e-16
-3.5633513860296344 -0.4691241097523108
-3.4716334372237356 -0.9302213759209829
-3.320514877788309 -1.3754022964415573
-3.112581388173274 -1.7970497023364576
-2.8513907680359982 -2.187949089588077
-2.541412061302754 -2.5414120613027515
-2.187949089588078 -2.8513907680359973
-1.79704970233646 -3.1125813881732722
-1.3754022964415566 -3.320514877788309
-0.9302213759209822 -3.4716334372237356
-0.4691241097523103 -3.5633513860296344
-6.602253497625142e-16 -3.594099404672917
0.469124109752309 -3.563351386029635
0.930221375920981 -3.471633437223736
1.3754022964415555 -3.3205148777883093
1.7970497023364589 -3.112581388173273
2.1879490895880744 -2.8513907680360004
2.5414120613027524 -2.5414120613027533
2.8513907680359973 -2.187949089588078
3.1125813881732722 -1.79704970233646
3.320514877788309 -1.3754022964415569
3.4716334372237347 -0.9302213759209856
3.5633513860296344 -0.46912410975231045
4.096962437080587 0.0
4.061912355485071 0.5347609065807117
3.9573618273123414 1.0603719057860939
3.785099741086315 1.5678396476928422
3.548073548862394 2.048481218540293
3.2503388345056035 2.494072707792229
2.8969899215262473 2.896989921526247
2.494072707792229 3.2503388345056035
2.048481218540294 3.5480735488623933
1.5678396476928425 3.785099741086315
1.0603719057860939 3.9573618273123414
0.5347609065807123 4.061912355485071
2.5086659673988405e-16 4.096962437080587
-0.5347609065807118 4.061912355485071
-1.0603719057860934 3.9573618273123414
-1.5678396476928411 3.7850997410863156
-2.0484812185402927 3.548073548862394
-2.494072707792229 3.2503388345056035
-2.896989921526247 2.8969899215262473
-3.250338834505603 2.4940727077922302
-3.548073548862394 2.048481218540293
-3.785099741086315 1.5678396476928427
-3.957361827312341 1.060371905786095
-4.061912355485071 0.5347609065807134
-4.096962437080587 5.017331934797681e-16
-4.061912355485071 -0.5347609065807125
-3.9573618273123414 -1.060371905786094
-3.7850997410863156 -1.5678396476928418
-3.5480735488623942 -2.0484812185402923
-3.2503388345056035 -2.494072707792229
-2.8969899215262487 -2.8969899215262456
-2.4940727077922302 -3.2503388345056026
-2.0484812185402954 -3.5480735488623925
-1.5678396476928411 -3.7850997410863156
-1.0603719057860934 -3.9573618273123414
-0.534760906580712 -4.061912355485071
-7.525997902196521e-16 -4.096962437080587
0.5347609065807104 -4.061912355485072
1.060371905786092 -3.957361827312342
1.5678396476928398 -3.785099741086316
2.048481218540294 -3.5480735488623933
2.494072707792226 -3.2503388345056057
2.8969899215262465 -2.896989921526248
3.2503388345056026 -2.4940727077922302
3.5480735488623925 -2.0484812185402954
3.7850997410863156 -1.5678396476928413
3.9573618273123405 -1.0603719057860972
4.061912355485071 -0.5347609065807122
4.789298056428612 0.0
4.748324947633725 0.6251288387125203
4.626106682500436 1.2395615496762118
4.424734449430479 1.8327850188535546
4.147653783162616 2.3946490282143054
3.7996056107179594 2.91553992878017
3.386545132824224 3.386545132824223
2.91553992878017 3.7996056107179594
2.3946490282143063 4.147653783162616
1.8327850188535548 4.424734449430479
1.2395615496762118 4.626106682500436
0.625128838712521 4.748324947633725
2.9325992674839697e-16 4.789298056428612
-0.6251288387125205 4.748324947633725
-1.2395615496762111 4.626106682500436
-1.8327850188535533 4.42473444943048
-2.394649028214305 4.147653783162616
-2.91553992878017 3.7996056107179594
-3.386545132824223 3.386545132824224
-3.799605610717959 2.9155399287801713
-4.147653783162616 2.3946490282143054
-4.424734449430479 1.832785018853555
-4.626106682500435 1.2395615496762131
-4.748324947633725 0.6251288387125223
-4.789298056428612 5.865198534967939e-16
-4.748324947633725 -0.6251288387125213
-4.626106682500436 -1.239561549676212
-4.42473444943048 -1.832785018853554
-4.147653783162617 -2.3946490282143045
-3.7996056107179594 -2.91553992878017
-3.3865451328242253 -3.3865451328242218
-2.9155399287801713 -3.7996056107179585
-2.394649028214308 -4.147653783162614
-1.8327850188535533 -4.42473444943048
-1.2395615496762111 -4.626106682500436
-0.6251288387125207 -4.748324947633725
-8.797797802451908e-16 -4.789298056428612
0.6251288387125189 -4.748324947633725
1.2395615496762096 -4.626106682500436
1.8327850188535517 -4.424734449430481
2.3946490282143063 -4.147653783162616
2.9155399287801664 -3.799605610717962
3.3865451328242226 -3.3865451328242244
3.7996056107179585 -2.9155399287801713
4.147653783162614 -2.394649028214308
4.42473444943048 -1.8327850188535535
4.626106682500435 -1.2395615496762158
4.748324947633725 -0.6251288387125209
4.464053549806839 0.0
4.425862952853508 0.5826759117226911
4.31194461369582 1.155382077047524
4.124247706700893 1.7083193347016443
3.8659837779868247 2.232026774903419
3.5415717949782013 2.7175436181518635
3.1565625366482952 3.156562536648295
2.7175436181518635 3.5415717949782013
2.23202677490342 3.8659837779868242
1.7083193347016448 4.124247706700893
1.155382077047524 4.31194461369582
0.5826759117226916 4.425862952853508
2.7334444454966624e-16 4.464053549806839
-0.5826759117226912 4.425862952853508
-1.1553820770475236 4.31194461369582
-1.7083193347016432 4.124247706700893
-2.2320267749034186 3.8659837779868247
-2.7175436181518635 3.5415717949782013
-3.156562536648295 3.1565625366482952
-3.541571794978201 2.7175436181518644
-3.8659837779868247 2.232026774903419
-4.124247706700893 1.708319334701645
-4.311944613695819 1.1553820770475254
-4.425862952853508 0.5826759117226928
-4.464053549806839 5.466888890993325e-16
-4.425862952853508 -0.582675911722692
-4.31194461369582 -1.1553820770475243
-4.124247706700893 -1.7083193347016439
-3.865983777986825 -2.232026774903418
-3.5415717949782013 -2.7175436181518635
-3.156562536648297 -3.1565625366482934
-2.7175436181518644 -3.5415717949782004
-2.2320267749034213 -3.8659837779868234
-1.7083193347016432 -4.124247706700893
-1.1553820770475236 -4.31194461369582
-0.5826759117226913 -4.425862952853508
-8.200333336489987e-16 -4.464053549806839
0.5826759117226896 -4.4258629528535085
1.155382077047522 -4.31194461369582
1.7083193347016417 -4.124247706700894
2.23202677490342 -3.8659837779868242
2.71754361815186 -3.541571794978204
3.1565625366482943 -3.156562536648296
3.5415717949782004 -2.7175436181518644
3.8659837779868234 -2.2320267749034213
4.124247706700893 -1.7083193347016434
4.311944613695818 -1.1553820770475278
4.425862952853508 -0.5826759117226915
5.081929680293884 0.0
5.038453067390423 0.6633249302988248
4.908767125580811 1.3153001871318215
4.695090817285147 1.944770293092887
4.401080203380634 2.5409648401469416
4.031765886986322 3.0936827742975357
3.593466938448989 3.5934669384489886
3.0936827742975357 4.031765886986322
2.5409648401469425 4.4010802033806335
1.9447702930928872 4.695090817285147
1.3153001871318215 4.908767125580811
0.6633249302988254 5.038453067390423
3.111784458231919e-16 5.081929680293884
-0.6633249302988249 5.038453067390423
-1.315300187131821 4.908767125580811
-1.9447702930928854 4.695090817285147
-2.5409648401469407 4.401080203380634
-3.0936827742975357 4.031765886986322
-3.5934669384489886 3.593466938448989
-4.031765886986321 3.093682774297537
-4.401080203380634 2.5409648401469416
-4.695090817285147 1.9447702930928874
-4.90876712558081 1.315300187131823
-5.038453067390423 0.6633249302988269
-5.081929680293884 6.223568916463838e-16
-5.038453067390423 -0.6633249302988258
-4.908767125580811 -1.315300187131822
-4.695090817285147 -1.9447702930928863
-4.401080203380635 -2.5409648401469407
-4.031765886986322 -3.0936827742975357
-3.593466938448991 -3.593466938448987
-3.093682774297537 -4.031765886986321
-2.5409648401469442 -4.401080203380633
-1.9447702930928854 -4.695090817285147
-1.315300187131821 -4.908767125580811
-0.663324930298825 -5.038453067390423
-9.335353374695754e-16 -5.081929680293884
0.6633249302988232 -5.038453067390423
1.3153001871318193 -4.908767125580812
1.9447702930928839 -4.6950908172851475
2.5409648401469425 -4.4010802033806335
3.0936827742975317 -4.031765886986324
3.593466938448988 -3.59346693844899
4.031765886986321 -3.093682774297537
4.401080203380633 -2.5409648401469442
4.695090817285147 -1.9447702930928858
4.90876712558081 -1.3153001871318257
5.038453067390423 -0.6633249302988253
5.568171033974703 0.0
5.520534558884715 0.7267921626947054
5.37844020691087 1.441148709980848
5.144319251811436 2.13084680327731
4.822177568038757 2.784085516987351
4.417527089116731 3.3896877556074054
3.9372914969300226 3.9372914969300217
3.3896877556074054 4.417527089116731
2.7840855169873517 4.822177568038756
2.1308468032773105 5.144319251811436
1.441148709980848 5.37844020691087
0.7267921626947061 5.520534558884715
3.409521416931064e-16 5.568171033974703
-0.7267921626947055 5.520534558884715
-1.4411487099808475 5.37844020691087
-2.1308468032773087 5.144319251811437
-2.78408551698735 4.822177568038757
-3.3896877556074054 4.417527089116731
-3.9372914969300217 3.9372914969300226
-4.417527089116731 3.3896877556074068
-4.822177568038757 2.784085516987351
-5.144319251811436 2.130846803277311
-5.37844020691087 1.4411487099808495
-5.520534558884715 0.7267921626947077
-5.568171033974703 6.819042833862128e-16
-5.520534558884715 -0.7267921626947065
-5.37844020691087 -1.4411487099808484
-5.144319251811437 -2.1308468032773096
-4.822177568038758 -2.78408551698735
-4.417527089116731 -3.3896877556074054
-3.9372914969300243 -3.93729149693002
-3.3896877556074068 -4.41752708911673
-2.784085516987354 -4.8221775680387555
-2.1308468032773087 -5.144319251811437
-1.4411487099808475 -5.37844020691087
-0.7267921626947057 -5.520534558884715
-1.022856425079319e-15 -5.568171033974703
0.7267921626947037 -5.520534558884716
1.4411487099808455 -5.378440206910871
2.130846803277307 -5.144319251811438
2.7840855169873517 -4.822177568038756
3.3896877556074014 -4.417527089116734
3.9372914969300212 -3.937291496930023
4.41752708911673 -3.3896877556074068
4.8221775680387555 -2.784085516987354
5.144319251811437 -2.1308468032773087
5.378440206910869 -1.4411487099808526
5.520534558884715 -0.7267921626947059
5.370753901944423 0.0
5.324806357786139 0.7010240561717898
5.187749900530904 1.3900533963818928
4.961929604161583 2.0552985375842905
4.651209316558268 2.685376950972211
4.260905547989792 3.269507820201849
3.7976965041490116 3.797696504149011
3.269507820201849 4.260905547989792
2.685376950972212 4.651209316558268
2.055298537584291 4.961929604161583
1.3900533963818928 5.187749900530904
0.7010240561717905 5.324806357786139
3.2886382875121976e-16 5.370753901944423
-0.7010240561717899 5.324806357786139
-1.3900533963818922 5.187749900530904
-2.055298537584289 4.9619296041615835
-2.68537695097221 4.651209316558268
-3.269507820201849 4.260905547989792
-3.797696504149011 3.7976965041490116
-4.260905547989792 3.2695078202018504
-4.651209316558268 2.685376950972211
-4.961929604161583 2.0552985375842914
-5.187749900530903 1.3900533963818944
-5.324806357786139 0.701024056171792
-5.370753901944423 6.577276575024395e-16
-5.324806357786139 -0.7010240561717908
-5.187749900530904 -1.390053396381893
-4.9619296041615835 -2.05529853758429
-4.651209316558269 -2.68537695097221
-4.260905547989792 -3.269507820201849
-3.7976965041490134 -3.7976965041490094
-3.2695078202018504 -4.2609055479897915
-2.6853769509722136 -4.651209316558266
-2.055298537584289 -4.9619296041615835
-1.3900533963818922 -5.187749900530904
-0.7010240561717901 -5.324806357786139
-9.865914862536592e-16 -5.370753901944423
0.7010240561717881 -5.32480635778614
1.3900533963818904 -5.187749900530905
2.0552985375842874 -4.9619296041615835
2.685376950972212 -4.651209316558268
3.269507820201845 -4.260905547989796
3.7976965041490103 -3.797696504149012
4.2609055479897915 -3.2695078202018504
4.651209316558266 -2.6853769509722136
4.9619296041615835 -2.055298537584289
5.187749900530903 -1.3900533963818973
5.324806357786139 -0.7010240561717903
5.9036135531109455 0.0
5.85310732076863 0.7705761974262609
5.7024527993800325 1.5279676224704746
5.454227729575437 2.25921509786156
5.112679311120192 2.9518067765554723
4.683651532149176 3.59389222290707
4.174485176909558 4.174485176909557
3.59389222290707 4.683651532149176
2.951806776555473 5.112679311120191
2.2592150978615604 5.454227729575437
1.5279676224704746 5.7024527993800325
0.7705761974262617 5.85310732076863
3.614920720610126e-16 5.9036135531109455
-0.770576197426261 5.85310732076863
-1.527967622470474 5.7024527993800325
-2.259215097861558 5.454227729575438
-2.9518067765554714 5.112679311120192
-3.59389222290707 4.683651532149176
-4.174485176909557 4.174485176909558
-4.683651532149176 3.5938922229070713
-5.112679311120192 2.9518067765554723
-5.454227729575437 2.2592150978615604
-5.702452799380032 1.5279676224704761
-5.85310732076863 0.7705761974262634
-5.9036135531109455 7.229841441220252e-16
-5.85310732076863 -0.770576197426262
-5.7024527993800325 -1.5279676224704748
-5.454227729575438 -2.259215097861559
-5.112679311120192 -2.951806776555471
-4.683651532149176 -3.59389222290707
-4.17448517690956 -4.174485176909555
-3.5938922229070713 -4.683651532149175
-2.9518067765554754 -5.112679311120189
-2.259215097861558 -5.454227729575438
-1.527967622470474 -5.7024527993800325
-0.7705761974262613 -5.85310732076863
-1.0844762161830379e-15 -5.9036135531109455
0.7705761974262592 -5.85310732076863
1.527967622470472 -5.702452799380033
2.2592150978615564 -5.454227729575438
2.951806776555473 -5.112679311120191
3.5938922229070656 -4.683651532149179
4.174485176909557 -4.174485176909559
4.683651532149175 -3.5938922229070713
5.112679311120189 -2.9518067765554754
5.454227729575438 -2.2592150978615586
5.702452799380032 -1.5279676224704795
5.85310732076863 -0.7705761974262616
5.7469951265328145 0.0
5.69782878654129 0.7501333905735218
5.5511710162754575 1.4874317908580634
5.30953117084578 2.199279820807021
4.977043775002782 2.873497563266407
4.559397780272258 3.4985489657342694
4.063739225417394 4.063739225417393
3.4985489657342694 4.559397780272258
2.8734975632664077 4.977043775002781
2.1992798208070212 5.30953117084578
1.4874317908580634 5.5511710162754575
0.7501333905735226 5.69782878654129
3.519019593211925e-16 5.7469951265328145
-0.7501333905735219 5.69782878654129
-1.4874317908580628 5.5511710162754575
-2.1992798208070194 5.309531170845781
-2.873497563266406 4.977043775002782
-3.4985489657342694 4.559397780272258
-4.063739225417393 4.063739225417394
-4.559397780272257 3.4985489657342708
-4.977043775002782 2.873497563266407
-5.30953117084578 2.1992798208070217
-5.551171016275457 1.487431790858065
-5.69782878654129 0.7501333905735241
-5.7469951265328145 7.03803918642385e-16
-5.69782878654129 -0.7501333905735229
-5.5511710162754575 -1.4874317908580637
-5.309531170845781 -2.1992798208070203
-4.977043775002783 -2.8734975632664055
-4.559397780272258 -3.4985489657342694
-4.063739225417396 -4.063739225417391
-3.4985489657342708 -4.559397780272257
-2.87349756326641 -4.97704377500278
-2.1992798208070194 -5.309531170845781
-1.4874317908580628 -5.5511710162754575
-0.7501333905735221 -5.69782878654129
-1.0557058779635774e-15 -5.7469951265328145
0.75013339057352 -5.697828786541291
1.4874317908580608 -5.551171016275458
2.1992798208070172 -5.309531170845781
2.8734975632664077 -4.977043775002781
3.498548965734265 -4.559397780272262
4.063739225417393 -4.063739225417395
4.559397780272257 -3.4985489657342708
4.97704377500278 -2.87349756326641
5.309531170845781 -2.1992798208070194
5.551171016275457 -1.487431790858068
5.69782878654129 -0.7501333905735224
6.1899980634369385 0.0
6.1370417719083905 0.8079568770699168
5.979078994153057 1.602089387965201
5.718812517093889 2.3688097052493062
5.360695572312868 3.094999031718469
4.910855640023972 3.7682320666590843
4.376989606187856 4.3769896061878555
3.7682320666590843 4.910855640023972
3.09499903171847 5.360695572312868
2.3688097052493067 5.718812517093889
1.602089387965201 5.979078994153057
0.8079568770699177 6.1370417719083905
3.790280657558181e-16 6.1899980634369385
-0.807956877069917 6.1370417719083905
-1.6020893879652003 5.979078994153057
-2.3688097052493045 5.718812517093889
-3.094999031718468 5.360695572312868
-3.7682320666590843 4.910855640023972
-4.3769896061878555 4.376989606187856
-4.910855640023971 3.7682320666590856
-5.360695572312868 3.094999031718469
-5.718812517093889 2.368809705249307
-5.979078994153057 1.6020893879652027
-6.1370417719083905 0.8079568770699194
-6.1899980634369385 7.580561315116362e-16
-6.1370417719083905 -0.807956877069918
-5.979078994153057 -1.6020893879652014
-5.718812517093889 -2.368809705249306
-5.360695572312869 -3.0949990317184675
-4.910855640023972 -3.7682320666590843
-4.376989606187858 -4.376989606187854
-3.7682320666590856 -4.9108556400239705
-3.094999031718472 -5.360695572312866
-2.3688097052493045 -5.718812517093889
-1.6020893879652003 -5.979078994153057
-0.8079568770699171 -6.1370417719083905
-1.1370841972674542e-15 -6.1899980634369385
0.8079568770699149 -6.1370417719083905
1.6020893879651983 -5.979078994153058
2.3688097052493027 -5.71881251709389
3.09499903171847 -5.360695572312868
3.7682320666590794 -4.910855640023976
4.3769896061878555 -4.376989606187857
4.9108556400239705 -3.7682320666590856
5.360695572312866 -3.094999031718472
5.718812517093889 -2.368809705249305
5.979078994153056 -1.602089387965206
6.1370417719083905 -0.8079568770699175
6.333707016986955 0.0
6.279521275438962 0.8267146595647288
6.117891183855995 1.639284002095699
5.851582277917365 2.423804740855422
5.48515117683846 3.1668535084934772
5.024867618352636 3.8557165345835402
4.478607181760296 4.478607181760295
3.8557165345835402 5.024867618352636
3.1668535084934786 5.48515117683846
2.4238047408554224 5.851582277917365
1.639284002095699 6.117891183855995
0.8267146595647297 6.279521275438962
3.8782770125451027e-16 6.333707016986955
-0.826714659564729 6.279521275438962
-1.6392840020956982 6.117891183855995
-2.42380474085542 5.851582277917365
-3.1668535084934764 5.48515117683846
-3.8557165345835402 5.024867618352636
-4.478607181760295 4.478607181760296
-5.024867618352635 3.8557165345835416
-5.48515117683846 3.1668535084934772
-5.851582277917365 2.423804740855423
-6.117891183855995 1.6392840020957007
-6.279521275438962 0.8267146595647314
-6.333707016986955 7.756554025090205e-16
-6.279521275438962 -0.82671465956473
-6.117891183855995 -1.6392840020956994
-5.851582277917365 -2.4238047408554215
-5.485151176838461 -3.166853508493476
-5.024867618352636 -3.8557165345835402
-4.478607181760298 -4.478607181760293
-3.8557165345835416 -5.024867618352634
-3.1668535084934804 -5.485151176838459
-2.42380474085542 -5.851582277917365
-1.6392840020956982 -6.117891183855995
-0.8267146595647291 -6.279521275438962
-1.1634831037635307e-15 -6.333707016986955
0.8267146595647269 -6.279521275438963
1.639284002095696 -6.1178911838559955
2.4238047408554184 -5.851582277917366
3.1668535084934786 -5.48515117683846
3.8557165345835354 -5.02486761835264
4.478607181760294 -4.478607181760297
5.024867618352634 -3.8557165345835416
5.485151176838459 -3.1668535084934804
5.851582277917365 -2.4238047408554206
6.117891183855994 -1.6392840020957042
6.279521275438962 -0.8267146595647294
5.2394031761267295 0.0
5.194579355636467 0.6838793460854662
5.06087484216178 1.3560573269522345
4.840577356998113 2.0050327909847296
4.537456251194621 2.6197015880633643
4.156698010912647 3.1895465646517374
3.7048175152095455 3.704817515209545
3.1895465646517374 4.156698010912647
2.619701588063365 4.537456251194621
2.00503279098473 4.840577356998113
1.3560573269522345 5.06087484216178
0.683879346085467 5.194579355636467
3.2082091645430377e-16 5.2394031761267295
-0.6838793460854664 5.194579355636467
-1.3560573269522338 5.06087484216178
-2.0050327909847283 4.840577356998114
-2.6197015880633634 4.537456251194621
-3.1895465646517374 4.156698010912647
-3.704817515209545 3.7048175152095455
-4.156698010912647 3.1895465646517387
-4.537456251194621 2.6197015880633643
-4.840577356998113 2.0050327909847305
-5.0608748421617795 1.3560573269522358
-5.194579355636467 0.6838793460854684
-5.2394031761267295 6.416418329086075e-16
-5.194579355636467 -0.6838793460854672
-5.06087484216178 -1.3560573269522347
-4.840577356998114 -2.005032790984729
-4.537456251194622 -2.6197015880633634
-4.156698010912647 -3.1895465646517374
-3.7048175152095473 -3.7048175152095433
-3.1895465646517387 -4.156698010912646
-2.619701588063367 -4.5374562511946195
-2.0050327909847283 -4.840577356998114
-1.3560573269522338 -5.06087484216178
-0.6838793460854665 -5.194579355636467
-9.624627493629112e-16 -5.2394031761267295
0.6838793460854646 -5.194579355636468
1.356057326952232 -5.06087484216178
2.0050327909847265 -4.840577356998115
2.619701588063365 -4.537456251194621
3.1895465646517334 -4.156698010912651
3.7048175152095446 -3.7048175152095464
4.156698010912646 -3.1895465646517387
4.5374562511946195 -2.619701588063367
4.840577356998114 -2.0050327909847288
5.060874842161779 -1.3560573269522387
5.194579355636467 -0.6838793460854669
6.028026213431726 0.0
5.9764556135335125 0.7868153082418992
5.822626201101204 1.5601679884133632
5.569170040031085 2.3068257617427883
5.220423835510392 3.0140131067158626
4.782354731789186 3.669629851790725
4.26245821268784 4.262458212687839
3.669629851790725 4.782354731789186
3.014013106715864 5.220423835510391
2.3068257617427887 5.569170040031085
1.5601679884133632 5.822626201101204
0.7868153082418999 5.9764556135335125
3.6911015037277515e-16 6.028026213431726
-0.7868153082418993 5.9764556135335125
-1.5601679884133626 5.822626201101204
-2.3068257617427865 5.569170040031086
-3.0140131067158618 5.220423835510392
-3.669629851790725 4.782354731789186
-4.262458212687839 4.26245821268784
-4.7823547317891855 3.6696298517907264
-5.220423835510392 3.0140131067158626
-5.569170040031085 2.3068257617427887
-5.822626201101203 1.560167988413365
-5.9764556135335125 0.7868153082419016
-6.028026213431726 7.382203007455503e-16
-5.9764556135335125 -0.7868153082419003
-5.822626201101204 -1.5601679884133637
-5.569170040031086 -2.3068257617427874
-5.220423835510393 -3.0140131067158613
-4.782354731789186 -3.669629851790725
-4.262458212687842 -4.262458212687838
-3.6696298517907264 -4.782354731789185
-3.0140131067158658 -5.22042383551039
-2.3068257617427865 -5.569170040031086
-1.5601679884133626 -5.822626201101204
-0.7868153082418995 -5.9764556135335125
-1.1073304511183254e-15 -6.028026213431726
0.7868153082418973 -5.976455613533513
1.5601679884133606 -5.822626201101205
2.3068257617427848 -5.569170040031087
3.014013106715864 -5.220423835510391
3.66962985179072 -4.782354731789189
4.262458212687839 -4.262458212687841
4.782354731789185 -3.6696298517907264
5.22042383551039 -3.0140131067158658
5.569170040031086 -2.306825761742787
5.822626201101202 -1.5601679884133683
5.9764556135335125 -0.7868153082418998
6.566370084232746 0.0
6.510193877891271 0.8570832838025597
6.342626449332334 1.699501634990878
6.066534923717048 2.512841042013631
5.686643303595723 3.2831850421163726
5.209451639914488 3.99735283587764
4.643124814341457 4.643124814341456
3.99735283587764 5.209451639914488
3.283185042116374 5.686643303595722
2.5128410420136316 6.066534923717048
1.699501634990878 6.342626449332334
0.8570832838025606 6.510193877891271
4.0207420528362846e-16 6.566370084232746
-0.8570832838025598 6.510193877891271
-1.6995016349908774 6.342626449332334
-2.5128410420136293 6.0665349237170485
-3.2831850421163717 5.686643303595723
-3.99735283587764 5.209451639914488
-4.643124814341456 4.643124814341457
-5.209451639914487 3.9973528358776416
-5.686643303595723 3.2831850421163726
-6.066534923717048 2.5128410420136316
-6.342626449332334 1.6995016349908798
-6.510193877891271 0.8570832838025624
-6.566370084232746 8.041484105672569e-16
-6.510193877891271 -0.8570832838025609
-6.342626449332334 -1.6995016349908785
-6.0665349237170485 -2.5128410420136302
-5.686643303595724 -3.2831850421163713
-5.209451639914488 -3.99735283587764
-4.6431248143414585 -4.643124814341453
-3.9973528358776416 -5.209451639914487
-3.283185042116376 -5.68664330359572
-2.5128410420136293 -6.0665349237170485
-1.6995016349908774 -6.342626449332334
-0.85708328380256 -6.510193877891271
-1.2062226158508851e-15 -6.566370084232746
0.8570832838025577 -6.510193877891271
1.6995016349908751 -6.342626449332335
2.512841042013627 -6.066534923717049
3.283185042116374 -5.686643303595722
3.997352835877635 -5.209451639914492
4.643124814341455 -4.643124814341457
5.209451639914487 -3.9973528358776416
5.68664330359572 -3.283185042116376
6.0665349237170485 -2.5128410420136293
6.342626449332333 -1.6995016349908836
6.510193877891271 -0.8570832838025604
6.454430045229135 0.0
6.399211501439157 0.8424721767544543
6.234500674662941 1.6705294209872246
5.963115812813097 2.4700034436686473
5.589700386117975 3.2272150226145673
5.1206436360586425 3.92920805777051
4.563971253675716 4.5639712536757155
3.92920805777051 5.1206436360586425
3.2272150226145686 5.589700386117975
2.4700034436686478 5.963115812813097
1.6705294209872246 6.234500674662941
0.8424721767544552 6.399211501439157
3.9521985476051836e-16 6.454430045229135
-0.8424721767544545 6.399211501439157
-1.670529420987224 6.234500674662941
-2.4700034436686455 5.963115812813098
-3.2272150226145664 5.589700386117975
-3.92920805777051 5.1206436360586425
-4.5639712536757155 4.563971253675716
-5.120643636058642 3.9292080577705115
-5.589700386117975 3.2272150226145673
-5.963115812813097 2.4700034436686478
-6.23450067466294 1.6705294209872263
-6.399211501439157 0.842472176754457
-6.454430045229135 7.904397095210367e-16
-6.399211501439157 -0.8424721767544555
-6.234500674662941 -1.670529420987225
-5.963115812813098 -2.4700034436686464
-5.5897003861179755 -3.227215022614566
-5.1206436360586425 -3.92920805777051
-4.563971253675719 -4.563971253675714
-3.9292080577705115 -5.120643636058642
-3.2272150226145704 -5.589700386117973
-2.4700034436686455 -5.963115812813098
-1.670529420987224 -6.234500674662941
-0.8424721767544546 -6.399211501439157
-1.1856595642815549e-15 -6.454430045229135
0.8424721767544523 -6.399211501439158
1.6705294209872217 -6.234500674662942
2.4700034436686433 -5.963115812813099
3.2272150226145686 -5.589700386117975
3.929208057770505 -5.120643636058646
4.5639712536757155 -4.563971253675717
5.120643636058642 -3.9292080577705115
5.589700386117973 -3.2272150226145704
5.963115812813098 -2.470003443668646
6.2345006746629394 -1.67052942098723
6.399211501439157 -0.8424721767544551
6.097720433014217 0.0
6.0455535894060315 0.7959122293437498
5.889945647738993 1.578206179774869
5.633559103037696 2.333496584908622
5.2807808001657595 3.048860216507108
4.837646873693946 3.7120570044974097
4.3117394679641246 4.311739467964124
3.7120570044974097 4.837646873693946
3.0488602165071095 5.2807808001657595
2.3334965849086227 5.633559103037696
1.578206179774869 5.889945647738993
0.7959122293437507 6.0455535894060315
3.733776905193137e-16 6.097720433014217
-0.7959122293437499 6.0455535894060315
-1.5782061797748683 5.889945647738993
-2.3334965849086204 5.633559103037697
-3.0488602165071073 5.2807808001657595
-3.7120570044974097 4.837646873693946
-4.311739467964124 4.3117394679641246
-4.837646873693945 3.712057004497411
-5.2807808001657595 3.048860216507108
-5.633559103037696 2.3334965849086227
-5.889945647738992 1.5782061797748708
-6.0455535894060315 0.7959122293437524
-6.097720433014217 7.467553810386274e-16
-6.0455535894060315 -0.795912229343751
-5.889945647738993 -1.5782061797748692
-5.633559103037697 -2.3334965849086213
-5.28078080016576 -3.048860216507107
-4.837646873693946 -3.7120570044974097
-4.311739467964126 -4.311739467964122
-3.712057004497411 -4.837646873693945
-3.0488602165071113 -5.280780800165758
-2.3334965849086204 -5.633559103037697
-1.5782061797748683 -5.889945647738993
-0.7959122293437502 -6.0455535894060315
-1.1201330715579409e-15 -6.097720433014217
0.795912229343748 -6.045553589406032
1.5782061797748663 -5.889945647738994
2.333496584908618 -5.6335591030376975
3.0488602165071095 -5.2807808001657595
3.712057004497405 -4.8376468736939495
4.311739467964123 -4.3117394679641246
4.837646873693945 -3.712057004497411
5.280780800165758 -3.0488602165071113
5.633559103037697 -2.333496584908621
5.889945647738992 -1.578206179774874
6.0455535894060315 -0.7959122293437505
3.275232110260182 0.0
3.2472120455239586 0.42750357598910566
3.163631282391555 0.8476924472666542
3.025919910893132 1.2533770657467225
2.8364342107758334 1.6376160551300907
2.598416334904026 1.993834979777236
2.315938835124901 2.3159388351249004
1.993834979777236 2.598416334904026
1.6376160551300913 2.836434210775833
1.2533770657467227 3.025919910893132
0.8476924472666542 3.163631282391555
0.4275035759891061 3.2472120455239586
2.0055012601473814e-16 3.275232110260182
-0.4275035759891057 3.2472120455239586
-0.8476924472666538 3.163631282391555
-1.2533770657467216 3.025919910893132
-1.6376160551300902 2.8364342107758334
-1.993834979777236 2.598416334904026
-2.3159388351249004 2.315938835124901
-2.5984163349040257 1.9938349797772368
-2.8364342107758334 1.6376160551300907
-3.025919910893132 1.253377065746723
-3.1636312823915547 0.847692447266655
-3.2472120455239586 0.427503575989107
-3.275232110260182 4.0110025202947627e-16
-3.2472120455239586 -0.42750357598910627
-3.163631282391555 -0.8476924472666544
-3.025919910893132 -1.2533770657467223
-2.836434210775834 -1.63761605513009
-2.598416334904026 -1.993834979777236
-2.3159388351249017 -2.3159388351248995
-1.9938349797772368 -2.5984163349040257
-1.6376160551300925 -2.836434210775832
-1.2533770657467216 -3.025919910893132
-0.8476924472666538 -3.163631282391555
-0.4275035759891058 -3.2472120455239586
-6.016503780442144e-16 -3.275232110260182
0.42750357598910466 -3.2472120455239586
0.8476924472666527 -3.1636312823915556
1.2533770657467205 -3.0259199108931325
1.6376160551300913 -2.836434210775833
1.9938349797772335 -2.598416334904028
2.3159388351249 -2.3159388351249013
2.5984163349040257 -1.9938349797772368
2.836434210775832 -1.6376160551300925
3.025919910893132 -1.2533770657467218
3.1636312823915542 -0.8476924472666569
3.2472120455239586 -0.427503575989106
1.0 0.5 0.4 0.32000000000000006 0.25600000000000006 0.20480000000000007 0.16384000000000007 0.13107200000000005 0.10485760000000005 0.08388608000000004 0.06710886400000003 0.05368709120000003 0.042949672960000025 0.03435973836800002 0.027487790694400018 0.021990232555520017 0.017592186044416015 0.014073748835532814 0.011258999068426251 0.009007199254741001 