0.0 0.0
1.6207528610798445 0.0
1.593156463677207 0.29781255672324825
1.5113070336846108 0.5854834640140782
1.3779918552728827 0.853216434147925
1.1977508169489013 1.091894141937185
0.9767218110974916 1.2933887043054526
0.7224317154178501 1.4508384655973676
0.4435400741309936 1.5588816630323081
0.14954420758729028 1.6138390151051594
-0.1495442075872901 1.6138390151051596
-0.44354007413099344 1.5588816630323081
-0.7224317154178493 1.450838465597368
-0.9767218110974913 1.2933887043054528
-1.1977508169489015 1.0918941419371848
-1.3779918552728825 0.8532164341479256
-1.5113070336846106 0.5854834640140788
-1.593156463677207 0.2978125567232483
-1.6207528610798445 1.9848498035303464e-16
-1.593156463677207 -0.29781255672324786
-1.511307033684611 -0.5854834640140779
-1.3779918552728825 -0.8532164341479251
-1.1977508169489013 -1.091894141937185
-0.9767218110974928 -1.2933887043054517
-0.722431715417851 -1.4508384655973672
-0.4435400741309938 -1.5588816630323081
-0.14954420758729012 -1.6138390151051596
0.14954420758729095 -1.6138390151051594
0.4435400741309932 -1.5588816630323081
0.7224317154178491 -1.450838465597368
0.9767218110974912 -1.293388704305453
1.1977508169489004 -1.091894141937186
1.3779918552728823 -0.8532164341479257
1.5113070336846108 -0.5854834640140784
1.593156463677207 -0.2978125567232478
2.5385411567827134 0.0
2.4953176695578616 0.4664557135163423
2.367119131899889 0.91702683716085
2.1583111912515403 1.3363697117183084
1.8760045515940724 1.710204118542006
1.5298128269515274 2.025799575272513
1.1315251612953983 2.272408857145901
0.6947047633862018 2.4416339808432053
0.23422702796641393 2.527712187740079
-0.2342270279664136 2.527712187740079
-0.6947047633862015 2.4416339808432053
-1.131525161295397 2.272408857145902
-1.5298128269515272 2.025799575272513
-1.876004551594073 1.7102041185420058
-2.1583111912515394 1.3363697117183093
-2.367119131899889 0.917026837160851
-2.4953176695578616 0.46645571351634235
-2.5385411567827134 3.108816302157769e-16
-2.4953176695578616 -0.46645571351634174
-2.3671191318998894 -0.9170268371608494
-2.15831119125154 -1.3363697117183087
-1.8760045515940724 -1.710204118542006
-1.5298128269515294 -2.025799575272511
-1.1315251612953996 -2.2724088571459
-0.6947047633862021 -2.4416339808432053
-0.23422702796641368 -2.527712187740079
0.23422702796641498 -2.527712187740079
0.6947047633862012 -2.4416339808432053
1.1315251612953967 -2.272408857145902
1.5298128269515268 -2.0257995752725133
1.876004551594071 -1.7102041185420074
2.1583111912515394 -1.3363697117183095
2.367119131899889 -0.9170268371608503
2.4953176695578616 -0.4664557135163416
3.147669574476801 0.0
3.094074518404169 0.5783827665560013
2.9351144655406425 1.1370694016906062
2.6762026098349194 1.6570345021150683
2.3261558840025134 2.120571279963833
1.8968947094568755 2.5118945462183477
1.4030370606551252 2.8176782563868414
0.8614006675102425 3.0275093129666626
0.29043030776952433 3.134242170990599
-0.29043030776952394 3.1342421709905994
-0.8614006675102421 3.0275093129666626
-1.4030370606551237 2.8176782563868423
-1.8968947094568753 2.511894546218348
-2.326155884002514 2.120571279963833
-2.6762026098349185 1.6570345021150692
-2.935114465540642 1.1370694016906073
-3.094074518404169 0.5783827665560014
-3.147669574476801 3.854783469156525e-16
-3.094074518404169 -0.5783827665560006
-2.935114465540643 -1.1370694016906056
-2.676202609834919 -1.6570345021150685
-2.3261558840025134 -2.120571279963833
-1.896894709456878 -2.511894546218346
-1.403037060655127 -2.8176782563868406
-0.8614006675102428 -3.0275093129666626
-0.29043030776952405 -3.1342421709905994
0.29043030776952566 -3.134242170990599
0.8614006675102418 -3.0275093129666626
1.4030370606551232 -2.8176782563868423
1.8968947094568749 -2.5118945462183486
2.3261558840025116 -2.1205712799638348
2.676202609834918 -1.6570345021150696
2.9351144655406425 -1.1370694016906064
3.094074518404169 -0.5783827665560004
3.6001025721990376 0.0
3.538803984574476 0.6615171117317677
3.3569956715827924 1.3005070516258352
3.0608688972678824 1.895209783663071
2.6605079037641204 2.425373419571257
2.1695465045251927 2.872943872590734
1.6047038011588852 3.2226796677455165
0.9852148344741857 3.4626709719934596
0.332175558236419 3.5847451693062435
-0.33217555823641853 3.584745169306244
-0.9852148344741853 3.4626709719934596
-1.6047038011588834 3.2226796677455174
-2.1695465045251923 2.8729438725907346
-2.6605079037641213 2.4253734195712564
-3.0608688972678815 1.8952097836630724
-3.356995671582792 1.3005070516258368
-3.538803984574476 0.6615171117317679
-3.6001025721990376 4.4088540916457046e-16
-3.538803984574476 -0.661517111731767
-3.356995671582793 -1.3005070516258346
-3.060868897267882 -1.8952097836630715
-2.6605079037641204 -2.425373419571257
-2.1695465045251954 -2.8729438725907324
-1.6047038011588872 -3.222679667745515
-0.9852148344741861 -3.4626709719934596
-0.33217555823641864 -3.584745169306244
0.3321755582364205 -3.5847451693062435
0.9852148344741849 -3.4626709719934596
1.6047038011588832 -3.2226796677455174
2.169546504525192 -2.872943872590735
2.6605079037641186 -2.4253734195712586
3.060868897267881 -1.8952097836630726
3.3569956715827924 -1.3005070516258357
3.538803984574476 -0.6615171117317667
3.959867597165639 0.0
3.8924433263237526 0.7276237615966472
3.692466566475113 1.4304691686806332
3.3667472863306798 2.084601663883865
2.926377465318552 2.6677455496276514
2.3863533695279147 3.1600425602869877
1.7650648718534037 3.544728111609056
1.0836692069299034 3.8087021985230463
0.36537048688236123 3.942975500101125
-0.36537048688236073 3.9429755001011255
-1.083669206929903 3.8087021985230463
-1.7650648718534017 3.5447281116090568
-2.386353369527914 3.160042560286988
-2.926377465318553 2.667745549627651
-3.366747286330679 2.0846016638838663
-3.6924665664751126 1.4304691686806348
-3.8924433263237526 0.7276237615966473
-3.959867597165639 4.849439177916221e-16
-3.8924433263237526 -0.7276237615966463
-3.6924665664751135 -1.4304691686806323
-3.3667472863306793 -2.0846016638838654
-2.926377465318552 -2.6677455496276514
-2.3863533695279178 -3.1600425602869855
-1.7650648718534057 -3.5447281116090545
-1.0836692069299039 -3.8087021985230463
-0.36537048688236085 -3.9429755001011255
0.36537048688236284 -3.942975500101125
1.0836692069299025 -3.8087021985230463
1.7650648718534012 -3.5447281116090568
2.3863533695279138 -3.1600425602869886
2.92637746531855 -2.667745549627653
3.3667472863306784 -2.0846016638838667
3.692466566475113 -1.4304691686806337
3.8924433263237526 -0.7276237615966461
4.256627626623955 0.0
4.18415045234268 0.782153273916844
3.9691870527422113 1.537671256179904
3.619057748575765 2.240825688047154
3.145685773362913 2.867671488682143
2.5651912419724243 3.3968621761629154
1.8973421994443505 3.810376796321587
1.1648814439253456 4.094133604724776
0.3927520479547612 4.238469603591092
-0.3927520479547607 4.238469603591092
-1.1648814439253452 4.094133604724776
-1.8973421994443485 3.810376796321588
-2.565191241972424 3.396862176162916
-3.145685773362914 2.8676714886821424
-3.6190577485757642 2.2408256880471558
-3.969187052742211 1.5376712561799055
-4.18415045234268 0.7821532739168441
-4.256627626623955 5.212865398107222e-16
-4.18415045234268 -0.7821532739168431
-3.969187052742212 -1.5376712561799029
-3.6190577485757647 -2.240825688047155
-3.145685773362913 -2.867671488682143
-2.565191241972428 -3.396862176162913
-1.897342199444353 -3.8103767963215858
-1.164881443925346 -4.094133604724776
-0.3927520479547608 -4.238469603591092
0.392752047954763 -4.238469603591092
1.1648814439253448 -4.094133604724776
1.8973421994443478 -3.810376796321588
2.5651912419724234 -3.3968621761629163
3.145685773362911 -2.867671488682145
3.619057748575764 -2.240825688047156
3.9691870527422113 -1.5376712561799044
4.18415045234268 -0.7821532739168429
4.506878938518349 0.0
4.430140760095474 0.828136831810403
4.202539451455741 1.6280724570541554
3.8318257021871944 2.3725660274306155
3.330623724399038 3.0362647073222315
2.7160013503193343 3.5965670342041216
2.008888807739079 4.0343925843428945
1.233365966207827 4.334831733742443
0.41584232595679604 4.487653387507008
-0.4158423259567955 4.487653387507008
-1.2333659662078265 4.334831733742443
-2.0088888077390767 4.034392584342895
-2.716001350319334 3.596567034204122
-3.330623724399039 3.036264707322231
-3.8318257021871935 2.372566027430617
-4.202539451455741 1.6280724570541572
-4.430140760095474 0.8281368318104031
-4.506878938518349 5.519334866201117e-16
-4.430140760095474 -0.828136831810402
-4.202539451455742 -1.6280724570541545
-3.831825702187194 -2.372566027430616
-3.330623724399038 -3.0362647073222315
-2.716001350319338 -3.596567034204119
-2.0088888077390816 -4.034392584342894
-1.2333659662078273 -4.334831733742443
-0.4158423259567956 -4.487653387507008
0.41584232595679793 -4.487653387507008
1.2333659662078258 -4.334831733742443
2.0088888077390763 -4.034392584342895
2.716001350319333 -3.5965670342041225
3.330623724399036 -3.036264707322234
3.831825702187193 -2.3725660274306173
4.202539451455741 -1.628072457054156
4.430140760095474 -0.8281368318104017
4.7210725019145885 0.0
4.6406872710394165 0.867494795803875
4.402269001039897 1.7054480967819767
4.013936740149665 2.485324408283706
3.488914677760128 3.180565977879411
2.845081810511404 3.767497187766863
2.1043630945052367 4.2261307995397415
1.2919828172210361 4.540848595619509
0.43560561465896586 4.70093323892306
-0.43560561465896525 4.700933238923061
-1.2919828172210355 4.540848595619509
-2.1043630945052345 4.226130799539743
-2.8450818105114037 3.7674971877668635
-3.488914677760129 3.1805659778794104
-4.013936740149664 2.4853244082837076
-4.402269001039896 1.7054480967819785
-4.6406872710394165 0.8674947958038751
-4.7210725019145885 5.781646328012288e-16
-4.6406872710394165 -0.8674947958038739
-4.402269001039897 -1.7054480967819756
-4.013936740149664 -2.4853244082837063
-3.488914677760128 -3.180565977879411
-2.845081810511408 -3.7674971877668604
-2.1043630945052394 -4.226130799539741
-1.2919828172210366 -4.540848595619509
-0.4356056146589654 -4.700933238923061
0.4356056146589678 -4.70093323892306
1.291982817221035 -4.540848595619509
2.1043630945052336 -4.226130799539743
2.8450818105114033 -3.767497187766864
3.488914677760125 -3.1805659778794135
4.0139367401496635 -2.485324408283708
4.402269001039897 -1.7054480967819772
4.6406872710394165 -0.8674947958038737
4.906039670660693 0.0
4.82250502224153 0.9014824238728679
4.574745749247188 1.7722659450097398
4.1711989965649945 2.5826970749880185
3.6256070648565575 3.305177553681299
2.9565494329908137 3.9151041749075057
2.186810056174767 4.391706619107132
1.3426014856852626 4.718754761664586
0.45267223187374067 4.885111370336087
-0.45267223187374006 4.885111370336088
-1.342601485685262 4.718754761664586
-2.1868100561747643 4.391706619107133
-2.956549432990813 3.915104174907506
-3.625607064856559 3.3051775536812986
-4.171198996564994 2.5826970749880203
-4.574745749247187 1.7722659450097416
-4.82250502224153 0.901482423872868
-4.906039670660693 6.008165779164552e-16
-4.82250502224153 -0.9014824238728668
-4.574745749247189 -1.7722659450097387
-4.171198996564994 -2.582697074988019
-3.6256070648565575 -3.305177553681299
-2.9565494329908173 -3.915104174907503
-2.1868100561747696 -4.39170661910713
-1.342601485685263 -4.718754761664586
-0.45267223187374017 -4.885111370336088
0.4526722318737427 -4.885111370336087
1.3426014856852615 -4.718754761664586
2.186810056174764 -4.391706619107133
2.9565494329908124 -3.9151041749075066
3.625607064856555 -3.3051775536813017
4.171198996564993 -2.5826970749880207
4.574745749247188 -1.7722659450097402
4.82250502224153 -0.9014824238728666
5.242079972847757 0.0
5.152823599701064 0.9632296673666756
4.888093998997273 1.8936577036778293
4.456906219780194 2.759599498082315
3.873943844718323 3.5315664413543972
3.1590589583080906 4.183270125113241
2.33659610794628 4.692517562040854
1.4345632795665009 5.041966941447648
0.48367811927009335 5.2197181838362585
-0.4836781192700927 5.2197181838362585
-1.4345632795665004 5.041966941447648
-2.3365961079462774 4.692517562040855
-3.15905895830809 4.183270125113241
-3.8739438447183243 3.5315664413543963
-4.456906219780193 2.759599498082317
-4.888093998997273 1.8936577036778313
-5.152823599701064 0.9632296673666757
-5.242079972847757 6.419696459622451e-16
-5.152823599701064 -0.9632296673666744
-4.888093998997274 -1.8936577036778282
-4.456906219780193 -2.7595994980823155
-3.873943844718323 -3.5315664413543972
-3.1590589583080946 -4.183270125113237
-2.3365961079462827 -4.692517562040853
-1.4345632795665015 -5.041966941447648
-0.48367811927009285 -5.2197181838362585
0.4836781192700955 -5.2197181838362585
1.4345632795664998 -5.041966941447648
2.336596107946277 -4.692517562040855
3.1590589583080892 -4.183270125113242
3.8739438447183203 -3.5315664413544
4.456906219780192 -2.7595994980823173
4.888093998997273 -1.8936577036778297
5.152823599701064 -0.9632296673666741
5.055201044695165 0.0
4.969126640429305 0.9288907544285593
4.713834588234129 1.8261492482967177
4.2980185527580765 2.661220419738744
3.735838650372919 3.405666921568658
3.046439243393908 4.034137521031806
2.2532970017822618 4.525230405630873
1.3834214333067967 4.862221996181834
0.4664351071511934 5.033636448245338
-0.46643510715119274 5.033636448245338
-1.383421433306796 4.862221996181834
-2.253297001782259 4.525230405630875
-3.0464392433939076 4.0341375210318065
-3.7358386503729197 3.405666921568657
-4.298018552758076 2.6612204197387457
-4.713834588234128 1.8261492482967194
-4.969126640429305 0.9288907544285594
-5.055201044695165 6.19083577843229e-16
-4.969126640429305 -0.9288907544285582
-4.71383458823413 -1.8261492482967165
-4.2980185527580765 -2.661220419738745
-3.735838650372919 -3.405666921568658
-3.046439243393912 -4.034137521031803
-2.2532970017822644 -4.525230405630872
-1.3834214333067971 -4.862221996181834
-0.4664351071511929 -5.033636448245338
0.46643510715119546 -5.033636448245338
1.3834214333067956 -4.862221996181834
2.2532970017822587 -4.525230405630875
3.0464392433939067 -4.0341375210318065
3.7358386503729157 -3.4056669215686606
4.298018552758075 -2.661220419738746
4.713834588234129 -1.826149248296718
4.969126640429305 -0.9288907544285578
5.523253368123254 0.0
5.429209483603666 1.014895143171396
5.150280381739008 1.9952292494746486
4.695964658554698 2.9076182167007647
4.081733491112124 3.7209917328608104
3.3285037851294605 4.407651338395963
2.4619258748444866 4.944213663997146
1.511510031646313 5.312406723201588
0.50962152717689 5.499692142976984
-0.5096215271768892 5.499692142976984
-1.5115100316463124 5.312406723201588
-2.461925874844484 4.9442136639971475
-3.3285037851294597 4.407651338395964
-4.081733491112126 3.72099173286081
-4.695964658554696 2.9076182167007665
-5.150280381739007 1.9952292494746506
-5.429209483603666 1.0148951431713962
-5.523253368123254 6.764034558151981e-16
-5.429209483603666 -1.0148951431713948
-5.150280381739009 -1.9952292494746473
-4.695964658554697 -2.907618216700765
-4.081733491112124 -3.7209917328608104
-3.3285037851294645 -4.40765133839596
-2.4619258748444897 -4.944213663997144
-1.5115100316463137 -5.312406723201588
-0.5096215271768895 -5.499692142976984
0.5096215271768922 -5.499692142976984
1.511510031646312 -5.312406723201588
2.461925874844483 -4.9442136639971475
3.328503785129459 -4.407651338395964
4.0817334911121215 -3.7209917328608135
4.695964658554696 -2.907618216700767
5.150280381739008 -1.9952292494746493
5.429209483603666 -1.0148951431713944
5.8836562702832556 0.0
5.7834758414749565 1.0811190026629889
5.486346079399945 2.125421794349613
5.002385381737814 3.09734589599213
4.3480744496005705 3.96379359800358
3.5456950570226815 4.695259063081439
2.6225712718703784 5.26683311210861
1.6101389674820754 5.659051476372982
0.5428753117050062 5.858557629893612
-0.5428753117050056 5.858557629893613
-1.6101389674820747 5.659051476372982
-2.6225712718703753 5.2668331121086105
-3.545695057022681 4.69525906308144
-4.348074449600571 3.9637935980035794
-5.002385381737813 3.097345895992132
-5.486346079399944 2.125421794349615
-5.7834758414749565 1.081119002662989
-5.8836562702832556 7.205400818685643e-16
-5.7834758414749565 -1.0811190026629875
-5.4863460793999455 -2.1254217943496116
-5.002385381737814 -3.097345895992131
-4.3480744496005705 -3.96379359800358
-3.5456950570226864 -4.695259063081435
-2.6225712718703815 -5.266833112108607
-1.610138967482076 -5.659051476372982
-0.5428753117050057 -5.858557629893613
0.5428753117050087 -5.858557629893612
1.610138967482074 -5.659051476372982
2.6225712718703744 -5.2668331121086105
3.54569505702268 -4.695259063081441
4.348074449600567 -3.9637935980035834
5.002385381737812 -3.0973458959921327
5.486346079399945 -2.1254217943496134
5.7834758414749565 -1.0811190026629873
5.642465043073736 0.0
5.546391353248251 1.0368002309616529
5.261441958051111 2.038293473562722
4.797320467376626 2.9703750765851793
4.1698319819373415 3.80130411894676
3.4003448695154064 4.50278430869938
2.5150630908262817 5.050927579313769
1.5441338550647632 5.427067569134544
0.5206209928534434 5.618395281938553
-0.5206209928534427 5.618395281938554
-1.5441338550647625 5.427067569134544
-2.5150630908262785 5.050927579313771
-3.400344869515406 4.502784308699381
-4.169831981937342 3.801304118946759
-4.797320467376625 2.970375076585181
-5.261441958051111 2.038293473562724
-5.546391353248251 1.036800230961653
-5.642465043073736 6.910026754301084e-16
-5.546391353248251 -1.0368002309616515
-5.261441958051112 -2.038293473562721
-4.797320467376625 -2.9703750765851797
-4.1698319819373415 -3.80130411894676
-3.400344869515411 -4.502784308699377
-2.5150630908262848 -5.050927579313767
-1.5441338550647639 -5.427067569134544
-0.5206209928534429 -5.618395281938554
0.5206209928534458 -5.618395281938553
1.544133855064762 -5.427067569134544
2.515063090826278 -5.050927579313771
3.400344869515405 -4.502784308699382
4.169831981937338 -3.801304118946763
4.7973204673766245 -2.9703750765851815
5.261441958051111 -2.0382934735627227
5.546391353248251 -1.0368002309616513
5.749053408336923 0.0
5.651164849041246 1.05638579168362
5.3608326486366416 2.0767976322265604
4.887943721992795 3.02648662024824
4.248601734338809 3.873112236287977
3.4645787102580465 4.587843660407042
2.562573613503604 5.146341571182919
1.5733031458095823 5.529586992108549
0.5304557264541528 5.724528960026527
-0.5304557264541522 5.724528960026528
-1.5733031458095819 5.529586992108549
-2.562573613503601 5.146341571182921
-3.4645787102580456 4.587843660407042
-4.248601734338811 3.8731122362879766
-4.8879437219927935 3.0264866202482423
-5.360832648636641 2.0767976322265627
-5.651164849041246 1.0563857916836201
-5.749053408336923 7.040559854646995e-16
-5.651164849041246 -1.0563857916836186
-5.3608326486366416 -2.0767976322265596
-4.887943721992794 -3.026486620248241
-4.248601734338809 -3.873112236287977
-3.464578710258051 -4.587843660407039
-2.562573613503607 -5.1463415711829175
-1.573303145809583 -5.529586992108549
-0.5304557264541523 -5.724528960026528
0.5304557264541553 -5.724528960026527
1.5733031458095812 -5.529586992108549
2.5625736135036004 -5.146341571182921
3.464578710258045 -4.587843660407043
4.2486017343388065 -3.87311223628798
4.8879437219927935 -3.0264866202482428
5.3608326486366416 -2.0767976322265613
5.651164849041246 -1.0563857916836183
5.43068756585113 0.0
5.338219790019509 0.9978862216375892
5.063965341727718 1.961790624829916
4.617263627280378 2.858888601202173
4.013326537803341 3.6586305551194322
3.272720426536045 4.333782233525792
2.4206657463385737 4.8613521557683095
1.4861781974181025 5.223374560895395
0.5010806324588367 5.407521210098461
-0.501080632458836 5.407521210098461
-1.4861781974181019 5.223374560895395
-2.420665746338571 4.86135215576831
-3.2727204265360443 4.333782233525793
-4.013326537803342 3.658630555119432
-4.617263627280377 2.8588886012021746
-5.063965341727717 1.9617906248299182
-5.338219790019509 0.9978862216375894
-5.43068756585113 6.650674144688918e-16
-5.338219790019509 -0.9978862216375881
-5.063965341727719 -1.9617906248299148
-4.617263627280378 -2.8588886012021733
-4.013326537803341 -3.6586305551194322
-3.272720426536049 -4.333782233525789
-2.420665746338577 -4.861352155768308
-1.486178197418103 -5.223374560895395
-0.5010806324588362 -5.407521210098461
0.5010806324588389 -5.407521210098461
1.4861781974181012 -5.223374560895395
2.4206657463385706 -4.86135215576831
3.272720426536044 -4.333782233525794
4.013326537803337 -3.6586305551194354
4.617263627280376 -2.858888601202175
5.063965341727718 -1.9617906248299166
5.338219790019509 -0.9978862216375878
5.144128589116335 0.0
5.05654002441626 0.9452311478365608
4.796757053835992 1.858273582613353
4.3736262748633115 2.7080347392877524
3.801556898686699 3.465577020845385
3.1000300617902594 4.105103233459627
2.292935419215799 4.604835078987051
1.4077576110128618 4.947754788790505
0.4746403057860346 5.122184643439491
-0.47464030578603394 5.122184643439492
-1.4077576110128613 4.947754788790505
-2.2929354192157962 4.604835078987052
-3.100030061790259 4.105103233459628
-3.8015568986867003 3.4655770208453847
-4.373626274863311 2.708034739287754
-4.796757053835991 1.858273582613355
-5.05654002441626 0.9452311478365609
-5.144128589116335 6.299740611063709e-16
-5.05654002441626 -0.9452311478365596
-4.796757053835993 -1.8582735826133518
-4.373626274863311 -2.708034739287753
-3.801556898686699 -3.465577020845385
-3.1000300617902634 -4.105103233459625
-2.2929354192158016 -4.604835078987049
-1.4077576110128625 -4.947754788790505
-0.4746403057860341 -5.122184643439492
0.4746403057860367 -5.122184643439491
1.4077576110128607 -4.947754788790505
2.292935419215796 -4.604835078987052
3.1000300617902585 -4.105103233459629
3.8015568986866963 -3.465577020845388
4.37362627486331 -2.7080347392877546
4.796757053835992 -1.8582735826133534
5.05654002441626 -0.9452311478365594
5.3753175741309285 0.0
5.28379257762883 0.9877120123574947
5.01233436210628 1.9417886767641415
4.570187111514656 2.8297400567024056
3.9724076201756775 3.6213280329087865
3.239352551709419 4.289596026258707
2.3959852172698506 4.811786971737751
1.4710254799236855 5.170118282996638
0.4959717341593171 5.352387417001483
-0.49597173415931645 5.352387417001483
-1.471025479923685 5.170118282996638
-2.395985217269848 4.811786971737752
-3.239352551709418 4.289596026258708
-3.9724076201756784 3.6213280329087856
-4.570187111514655 2.8297400567024074
-5.01233436210628 1.9417886767641437
-5.28379257762883 0.9877120123574948
-5.3753175741309285 6.582865461559957e-16
-5.28379257762883 -0.9877120123574935
-5.012334362106281 -1.9417886767641404
-4.570187111514656 -2.829740056702406
-3.9724076201756775 -3.6213280329087865
-3.239352551709423 -4.289596026258704
-2.3959852172698537 -4.8117869717377495
-1.4710254799236862 -5.170118282996638
-0.49597173415931656 -5.352387417001483
0.49597173415931933 -5.352387417001483
1.4710254799236844 -5.170118282996638
2.3959852172698475 -4.811786971737752
3.2393525517094175 -4.289596026258708
3.9724076201756744 -3.621328032908789
4.570187111514654 -2.829740056702408
5.01233436210628 -1.9417886767641421
5.28379257762883 -0.9877120123574932
5.330829640584985 0.0
5.240062135692642 0.9795373760197719
4.970850599531102 1.9257177815247815
4.5323627080806945 2.80632017762387
3.9395306405765047 3.5913567058840465
3.212542582053694 4.254093888882945
2.3761552389191856 4.7719630067191785
1.4588507790073744 5.127328647700381
0.49186690551512047 5.308089261137044
-0.4918669055151198 5.308089261137045
-1.458850779007374 5.127328647700381
-2.376155238919183 4.77196300671918
-3.2125425820536937 4.254093888882946
-3.939530640576506 3.5913567058840457
-4.532362708080694 2.806320177623872
-4.970850599531101 1.9257177815247835
-5.240062135692642 0.9795373760197721
-5.330829640584985 6.528383456142236e-16
-5.240062135692642 -0.9795373760197708
-4.970850599531102 -1.9257177815247801
-4.532362708080694 -2.806320177623871
-3.9395306405765047 -3.5913567058840465
-3.2125425820536986 -4.2540938888829425
-2.3761552389191887 -4.771963006719177
-1.458850779007375 -5.127328647700381
-0.4918669055151199 -5.308089261137045
0.4918669055151227 -5.308089261137044
1.4588507790073733 -5.127328647700381
2.3761552389191825 -4.77196300671918
3.2125425820536933 -4.254093888882946
3.9395306405765016 -3.591356705884049
4.532362708080693 -2.806320177623873
4.970850599531102 -1.925717781524782
5.240062135692642 -0.9795373760197704
1.0 0.5 0.4 0.32000000000000006 0.25600000000000006 0.20480000000000007 0.16384000000000007 0.13107200000000005 0.10485760000000005 0.08388608000000004 0.06710886400000003 0.05368709120000003 0.042949672960000025 0.03435973836800002 0.027487790694400018 0.021990232555520017 0.017592186044416015 0.014073748835532814 0.011258999068426251 0.009007199254741001 