0.0 0.0
2.022729444493126 0.0
2.007981469447753 0.2438130922938951
1.9639526029973442 0.4840708406828751
1.8912848851591189 0.7172697461820957
1.7910379748926082 0.9400092436311752
1.6646736978858807 1.149041289591639
1.5140347298452652 1.3413177261342086
1.3413177261342089 1.5140347298452652
1.1490412895916393 1.6646736978858807
0.9400092436311754 1.7910379748926082
0.7172697461820956 1.8912848851591189
0.4840708406828757 1.9639526029973442
0.24381309229389503 2.007981469447753
-3.252797033857237e-16 2.022729444493126
-0.24381309229389478 2.007981469447753
-0.48407084068287454 1.9639526029973444
-0.7172697461820954 1.8912848851591189
-0.9400092436311752 1.7910379748926082
-1.1490412895916389 1.664673697885881
-1.3413177261342082 1.5140347298452657
-1.5140347298452654 1.3413177261342086
-1.6646736978858807 1.149041289591639
-1.7910379748926075 0.9400092436311763
-1.8912848851591186 0.7172697461820962
-1.9639526029973442 0.4840708406828749
-2.007981469447753 0.24381309229389517
-2.022729444493126 -6.505594067714474e-16
-2.007981469447753 -0.24381309229389467
-1.9639526029973444 -0.4840708406828744
-1.8912848851591189 -0.7172697461820957
-1.7910379748926086 -0.9400092436311743
-1.664673697885881 -1.1490412895916386
-1.5140347298452657 -1.3413177261342082
-1.3413177261342086 -1.5140347298452652
-1.1490412895916393 -1.6646736978858807
-0.9400092436311764 -1.7910379748926075
-0.7172697461820963 -1.8912848851591186
-0.4840708406828751 -1.9639526029973442
-0.2438130922938962 -2.007981469447753
-3.7156937096094155e-16 -2.022729444493126
0.24381309229389542 -2.007981469447753
0.4840708406828743 -1.9639526029973444
0.7172697461820956 -1.8912848851591189
0.9400092436311742 -1.7910379748926086
1.149041289591637 -1.664673697885882
1.3413177261342086 -1.5140347298452652
1.5140347298452645 -1.3413177261342093
1.6646736978858807 -1.1490412895916393
1.7910379748926084 -0.940009243631175
1.8912848851591186 -0.7172697461820964
1.9639526029973442 -0.4840708406828752
2.007981469447753 -0.2438130922938963
3.117759319510406 0.0
3.0950273437798903 0.37580435820887936
3.0271628999824447 0.7461286426373568
2.915155604526056 1.1055726913208004
2.76063877599694 1.448895000631897
2.5658656176966494 1.7710891582063795
2.333676360864157 2.0674568477087534
2.0674568477087534 2.333676360864157
1.77108915820638 2.5658656176966494
1.4488950006318975 2.76063877599694
1.1055726913208002 2.915155604526056
0.7461286426373578 3.0271628999824447
0.37580435820887925 3.0950273437798903
-5.013739377945102e-16 3.117759319510406
-0.37580435820887886 3.0950273437798903
-0.746128642637356 3.027162899982445
-1.1055726913207997 2.915155604526056
-1.448895000631897 2.76063877599694
-1.7710891582063792 2.56586561769665
-2.0674568477087525 2.3336763608641578
-2.3336763608641573 2.0674568477087534
-2.5658656176966494 1.7710891582063795
-2.7606387759969393 1.4488950006318988
-2.9151556045260554 1.105572691320801
-3.0271628999824447 0.7461286426373567
-3.0950273437798903 0.3758043582088795
-3.117759319510406 -1.0027478755890203e-15
-3.0950273437798903 -0.3758043582088787
-3.027162899982445 -0.7461286426373559
-2.915155604526056 -1.1055726913208004
-2.760638775996941 -1.4488950006318957
-2.56586561769665 -1.7710891582063788
-2.3336763608641578 -2.0674568477087525
-2.0674568477087534 -2.333676360864157
-1.77108915820638 -2.5658656176966494
-1.448895000631899 -2.7606387759969393
-1.105572691320801 -2.9151556045260554
-0.7461286426373568 -3.0271628999824447
-0.37580435820888103 -3.0950273437798903
-5.727230956725373e-16 -3.117759319510406
0.37580435820887986 -3.0950273437798903
0.7461286426373557 -3.027162899982445
1.1055726913208002 -2.915155604526056
1.4488950006318955 -2.760638775996941
1.7710891582063764 -2.5658656176966512
2.0674568477087534 -2.333676360864157
2.333676360864156 -2.0674568477087543
2.5658656176966494 -1.77108915820638
2.7606387759969406 -1.4488950006318968
2.9151556045260554 -1.1055726913208013
3.0271628999824447 -0.746128642637357
3.0950273437798903 -0.3758043582088812
3.8752549280973994 0.0
3.8469999565145043 0.46711036417594115
3.7626470628761535 0.927409207401261
3.623426302317768 1.3741843360390078
3.431367827026139 1.8009207626636694
3.189272282049041 2.2013957092483127
2.9006699655839308 2.5697693492806892
2.5697693492806897 2.9006699655839308
2.201395709248313 3.189272282049041
1.8009207626636698 3.431367827026139
1.3741843360390076 3.623426302317768
0.9274092074012621 3.7626470628761535
0.467110364175941 3.8469999565145043
-6.231885223144434e-16 3.8752549280973994
-0.4671103641759405 3.8469999565145043
-0.92740920740126 3.762647062876154
-1.3741843360390071 3.623426302317768
-1.8009207626636694 3.431367827026139
-2.2013957092483123 3.1892722820490413
-2.5697693492806883 2.9006699655839316
-2.900669965583931 2.5697693492806892
-3.189272282049041 2.2013957092483127
-3.4313678270261376 1.8009207626636716
-3.6234263023177675 1.3741843360390087
-3.7626470628761535 0.9274092074012608
-3.8469999565145043 0.46711036417594126
-3.8752549280973994 -1.2463770446288868e-15
-3.8469999565145043 -0.46711036417594026
-3.762647062876154 -0.9274092074012598
-3.623426302317768 -1.3741843360390078
-3.43136782702614 -1.8009207626636679
-3.1892722820490413 -2.201395709248312
-2.9006699655839316 -2.5697693492806883
-2.5697693492806892 -2.9006699655839308
-2.201395709248313 -3.189272282049041
-1.8009207626636718 -3.4313678270261376
-1.374184336039009 -3.6234263023177675
-0.927409207401261 -3.7626470628761535
-0.4671103641759432 -3.8469999565145043
-7.11872781536173e-16 -3.8752549280973994
0.4671103641759417 -3.8469999565145043
0.9274092074012595 -3.762647062876154
1.3741843360390076 -3.623426302317768
1.8009207626636676 -3.43136782702614
2.2013957092483087 -3.1892722820490436
2.5697693492806892 -2.9006699655839308
2.9006699655839294 -2.5697693492806906
3.189272282049041 -2.201395709248313
3.4313678270261394 -1.800920762663669
3.6234263023177675 -1.3741843360390091
3.7626470628761535 -0.9274092074012611
3.8469999565145043 -0.46711036417594337
4.457801685453993 0.0
4.4252992921194405 0.5373286164012081
4.328266070199618 1.0668217716166168
4.168116982569902 1.580758263128438
3.947187363552273 2.071643739606237
3.668698864482184 2.532319985425142
3.336712474777564 2.956069303568549
2.9560693035685497 3.336712474777564
2.5323199854251426 3.668698864482184
2.071643739606238 3.947187363552273
1.5807582631284378 4.168116982569902
1.0668217716166182 4.328266070199618
0.537328616401208 4.4252992921194405
-7.168691858145252e-16 4.457801685453993
-0.5373286164012073 4.4252992921194405
-1.0668217716166157 4.328266070199619
-1.5807582631284374 4.168116982569902
-2.071643739606237 3.947187363552273
-2.5323199854251417 3.668698864482185
-2.956069303568548 3.3367124747775647
-3.3367124747775643 2.956069303568549
-3.668698864482184 2.532319985425142
-3.947187363552272 2.0716437396062397
-4.168116982569901 1.5807582631284391
-4.328266070199618 1.0668217716166166
-4.4252992921194405 0.5373286164012082
-4.457801685453993 -1.4337383716290504e-15
-4.4252992921194405 -0.5373286164012071
-4.328266070199619 -1.0668217716166155
-4.168116982569902 -1.580758263128438
-3.947187363552274 -2.0716437396062353
-3.668698864482185 -2.5323199854251413
-3.3367124747775647 -2.956069303568548
-2.956069303568549 -3.336712474777564
-2.5323199854251426 -3.668698864482184
-2.07164373960624 -3.947187363552272
-1.5807582631284394 -4.168116982569901
-1.0668217716166168 -4.328266070199618
-0.5373286164012104 -4.4252992921194405
-8.188848847987363e-16 -4.457801685453993
0.5373286164012088 -4.4252992921194405
1.0668217716166153 -4.328266070199619
1.5807582631284378 -4.168116982569902
2.071643739606235 -3.947187363552274
2.5323199854251377 -3.668698864482187
2.956069303568549 -3.336712474777564
3.336712474777562 -2.9560693035685506
3.668698864482184 -2.5323199854251426
3.9471873635522736 -2.0716437396062366
4.168116982569901 -1.5807582631284396
4.328266070199618 -1.066821771616617
4.4252992921194405 -0.5373286164012108
5.324077377014082 0.0
5.28525885854657 0.6417466124477454
5.1693693645549805 1.2741351141984831
4.978098824822126 1.8879438568817979
4.7142363945210555 2.474222126852451
4.381629782052007 3.024420666750581
3.985129140789644 3.5305163429252584
3.5305163429252593 3.985129140789644
3.0244206667505815 4.381629782052007
2.474222126852452 4.7142363945210555
1.8879438568817977 4.978098824822126
1.2741351141984847 5.1693693645549805
0.6417466124477452 5.28525885854657
-8.561769418607323e-16 5.324077377014082
-0.6417466124477446 5.28525885854657
-1.2741351141984818 5.169369364554981
-1.887943856881797 4.978098824822126
-2.474222126852451 4.7142363945210555
-3.02442066675058 4.381629782052007
-3.5305163429252575 3.985129140789645
-3.9851291407896445 3.5305163429252584
-4.381629782052007 3.024420666750581
-4.714236394521054 2.474222126852454
-4.978098824822125 1.8879438568817992
-5.1693693645549805 1.2741351141984827
-5.28525885854657 0.6417466124477456
-5.324077377014082 -1.7123538837214645e-15
-5.28525885854657 -0.6417466124477442
-5.169369364554981 -1.2741351141984814
-4.978098824822126 -1.8879438568817979
-4.714236394521057 -2.4742221268524487
-4.381629782052007 -3.0244206667505797
-3.985129140789645 -3.5305163429252575
-3.5305163429252584 -3.985129140789644
-3.0244206667505815 -4.381629782052007
-2.4742221268524545 -4.714236394521054
-1.8879438568817994 -4.978098824822125
-1.2741351141984831 -5.1693693645549805
-0.6417466124477482 -5.28525885854657
-9.780171477259698e-16 -5.324077377014082
0.6417466124477462 -5.28525885854657
1.2741351141984811 -5.169369364554981
1.8879438568817977 -4.978098824822126
2.4742221268524482 -4.714236394521057
3.0244206667505757 -4.381629782052011
3.5305163429252584 -3.985129140789644
3.9851291407896423 -3.53051634292526
4.381629782052007 -3.0244206667505815
4.714236394521056 -2.4742221268524505
4.978098824822125 -1.8879438568817997
5.1693693645549805 -1.2741351141984834
5.28525885854657 -0.6417466124477486
4.902936215159963 0.0
4.8671882899260215 0.5909836548789802
4.760465799471423 1.1733494372905307
4.584324998025117 1.7386051427535558
4.341334415106732 2.2785080702374065
4.035037400582358 2.785185219303856
3.6699004546445706 3.2512480961819383
3.2512480961819388 3.6699004546445706
2.7851852193038567 4.035037400582358
2.2785080702374074 4.341334415106732
1.7386051427535556 4.584324998025117
1.1733494372905322 4.760465799471423
0.5909836548789801 4.8671882899260215
-7.88452277751858e-16 4.902936215159963
-0.5909836548789794 4.8671882899260215
-1.1733494372905295 4.760465799471424
-1.738605142753555 4.584324998025117
-2.2785080702374065 4.341334415106732
-2.7851852193038558 4.035037400582358
-3.251248096181937 3.669900454644572
-3.669900454644571 3.2512480961819383
-4.035037400582358 2.785185219303856
-4.341334415106731 2.2785080702374096
-4.584324998025116 1.738605142753557
-4.760465799471423 1.1733494372905304
-4.8671882899260215 0.5909836548789804
-4.902936215159963 -1.576904555503716e-15
-4.8671882899260215 -0.5909836548789792
-4.760465799471424 -1.173349437290529
-4.584324998025117 -1.7386051427535558
-4.341334415106734 -2.2785080702374048
-4.035037400582358 -2.785185219303855
-3.669900454644572 -3.251248096181937
-3.2512480961819383 -3.6699004546445706
-2.7851852193038567 -4.035037400582358
-2.2785080702374096 -4.341334415106731
-1.7386051427535572 -4.584324998025116
-1.1733494372905307 -4.760465799471423
-0.5909836548789829 -4.8671882899260215
-9.00654771347893e-16 -4.902936215159963
0.590983654878981 -4.8671882899260215
1.1733494372905289 -4.760465799471424
1.7386051427535556 -4.584324998025117
2.2785080702374043 -4.341334415106734
2.7851852193038513 -4.035037400582361
3.2512480961819383 -3.6699004546445706
3.669900454644569 -3.2512480961819397
4.035037400582358 -2.7851852193038567
4.341334415106733 -2.278508070237406
4.584324998025116 -1.7386051427535576
4.760465799471423 -1.1733494372905309
4.8671882899260215 -0.5909836548789831
5.777190573926988 0.0
5.73506835009295 0.6963633729835036
5.609315915465326 1.3825721999151541
5.401767023710807 2.048620010890581
5.115448205030577 2.684794329016709
4.754534632534824 3.281818300195455
4.324289238817123 3.8309859705461293
3.8309859705461298 4.324289238817123
3.2818183001954555 4.754534632534824
2.68479432901671 5.115448205030577
2.0486200108905805 5.401767023710807
1.3825721999151557 5.609315915465326
0.6963633729835034 5.73506835009295
-9.290431013430357e-16 5.777190573926988
-0.6963633729835026 5.73506835009295
-1.3825721999151526 5.609315915465326
-2.04862001089058 5.401767023710807
-2.684794329016709 5.115448205030577
-3.281818300195454 4.754534632534824
-3.830985970546128 4.324289238817124
-4.324289238817123 3.8309859705461293
-4.754534632534824 3.281818300195455
-5.115448205030575 2.6847943290167127
-5.401767023710807 2.0486200108905823
-5.609315915465326 1.3825721999151537
-5.73506835009295 0.6963633729835037
-5.777190573926988 -1.8580862026860715e-15
-5.73506835009295 -0.6963633729835023
-5.609315915465326 -1.3825721999151523
-5.401767023710807 -2.048620010890581
-5.115448205030579 -2.684794329016707
-4.754534632534824 -3.2818183001954537
-4.324289238817124 -3.830985970546128
-3.8309859705461293 -4.324289238817123
-3.2818183001954555 -4.754534632534824
-2.6847943290167127 -5.115448205030575
-2.0486200108905828 -5.401767023710807
-1.3825721999151541 -5.609315915465326
-0.6963633729835066 -5.73506835009295
-1.0612526916635918e-15 -5.777190573926988
0.6963633729835045 -5.73506835009295
1.382572199915152 -5.609315915465326
2.0486200108905805 -5.401767023710807
2.6847943290167064 -5.115448205030579
3.2818183001954493 -4.754534632534828
3.8309859705461293 -4.324289238817123
4.32428923881712 -3.830985970546131
4.754534632534824 -3.2818183001954555
5.115448205030578 -2.6847943290167087
5.401767023710807 -2.0486200108905828
5.609315915465326 -1.3825721999151543
5.73506835009295 -0.6963633729835069
1.0 0.5 0.4 0.32000000000000006 0.25600000000000006 0.20480000000000007 0.16384000000000007 0.13107200000000005 