0.0 0.0
1.388181985180219 0.0
1.3408808310748024 0.3592879358328659
1.202200864241983 0.6940909925901094
0.9815928952419364 0.9815928952419363
0.6940909925901096 1.2022008642419828
0.3592879358328659 1.3408808310748024
8.500163123924869e-17 1.388181985180219
-0.3592879358328657 1.3408808310748024
-0.6940909925901092 1.202200864241983
-0.9815928952419363 0.9815928952419364
-1.202200864241983 0.6940909925901094
-1.3408808310748022 0.3592879358328663
-1.388181985180219 1.7000326247849738e-16
-1.3408808310748024 -0.35928793583286595
-1.202200864241983 -0.6940909925901092
-0.9815928952419368 -0.9815928952419358
-0.6940909925901102 -1.2022008642419824
-0.3592879358328657 -1.3408808310748024
-2.5500489371774605e-16 -1.388181985180219
0.3592879358328653 -1.3408808310748024
0.6940909925901096 -1.2022008642419828
0.981592895241936 -0.9815928952419365
1.2022008642419824 -0.6940909925901102
1.340880831074802 -0.35928793583286706
2.2140732723082754 0.0
2.138630555018912 0.5730443301258412
1.9174436996591078 1.1070366361541375
1.565586224893071 1.5655862248930708
1.107036636154138 1.9174436996591075
0.5730443301258412 2.138630555018912
1.3557288730050179e-16 2.2140732723082754
-0.573044330125841 2.138630555018912
-1.1070366361541373 1.9174436996591078
-1.5655862248930708 1.565586224893071
-1.9174436996591078 1.1070366361541375
-2.138630555018912 0.5730443301258419
-2.2140732723082754 2.7114577460100357e-16
-2.138630555018912 -0.5730443301258413
-1.917443699659108 -1.107036636154137
-1.5655862248930719 -1.56558622489307
-1.1070366361541386 -1.917443699659107
-0.573044330125841 -2.138630555018912
-4.067186619015053e-16 -2.2140732723082754
0.5730443301258402 -2.1386305550189126
1.107036636154138 -1.9174436996591075
1.5655862248930705 -1.5655862248930714
1.917443699659107 -1.1070366361541386
2.1386305550189117 -0.5730443301258431
2.7544115892032437 0.0
2.660557290241329 0.7128941773369002
2.3853904087282767 1.3772057946016216
1.9476631129044288 1.9476631129044284
1.377205794601622 2.3853904087282762
0.7128941773369002 2.660557290241329
1.6865906681260634e-16 2.7544115892032437
-0.7128941773368999 2.660557290241329
-1.3772057946016212 2.3853904087282767
-1.9476631129044284 1.9476631129044288
-2.3853904087282767 1.3772057946016216
-2.6605572902413286 0.712894177336901
-2.7544115892032437 3.3731813362521267e-16
-2.660557290241329 -0.7128941773369003
-2.385390408728277 -1.3772057946016212
-1.9476631129044297 -1.9476631129044275
-1.3772057946016232 -2.385390408728276
-0.7128941773368999 -2.660557290241329
-5.05977200437819e-16 -2.7544115892032437
0.712894177336899 -2.6605572902413295
1.377205794601622 -2.3853904087282762
1.9476631129044282 -1.947663112904429
2.385390408728276 -1.3772057946016232
2.660557290241328 -0.7128941773369024
3.163481322827475 0.0
3.0556883107021635 0.8187692151738662
2.7396551899661943 1.5817406614137373
2.2369190955282976 2.236919095528297
1.581740661413738 2.739655189966194
0.8187692151738662 3.0556883107021635
1.937073638081551e-16 3.163481322827475
-0.8187692151738659 3.0556883107021635
-1.5817406614137368 2.7396551899661943
-2.236919095528297 2.2369190955282976
-2.7396551899661943 1.5817406614137373
-3.055688310702163 0.8187692151738671
-3.163481322827475 3.874147276163102e-16
-3.0556883107021635 -0.8187692151738664
-2.7396551899661947 -1.5817406614137366
-2.2369190955282985 -2.236919095528296
-1.5817406614137388 -2.7396551899661934
-0.8187692151738659 -3.0556883107021635
-5.811220914244652e-16 -3.163481322827475
0.8187692151738648 -3.055688310702164
1.581740661413738 -2.739655189966194
2.2369190955282967 -2.2369190955282976
2.7396551899661934 -1.5817406614137388
3.055688310702163 -0.8187692151738688
3.4942580287240697 0.0
3.375194073662508 0.9043805263361802
3.026116220252779 1.7471290143620346
2.470813547326328 2.4708135473263275
1.7471290143620353 3.0261162202527787
0.9043805263361802 3.375194073662508
2.139615955135936e-16 3.4942580287240697
-0.9043805263361798 3.375194073662508
-1.7471290143620342 3.026116220252779
-2.4708135473263275 2.470813547326328
-3.026116220252779 1.7471290143620346
-3.3751940736625077 0.9043805263361812
-3.4942580287240697 4.279231910271872e-16
-3.375194073662508 -0.9043805263361804
-3.0261162202527796 -1.747129014362034
-2.470813547326329 -2.470813547326326
-1.7471290143620364 -3.0261162202527783
-0.9043805263361798 -3.375194073662508
-6.418847865407808e-16 -3.4942580287240697
0.9043805263361786 -3.3751940736625086
1.7471290143620353 -3.0261162202527787
2.470813547326327 -2.470813547326328
3.0261162202527783 -1.7471290143620364
3.3751940736625072 -0.9043805263361832
3.7704695321483213 0.0
3.641993898338124 0.9758693238987767
3.2653223990356737 1.8852347660741604
2.6661245744393476 2.666124574439347
1.885234766074161 3.2653223990356732
0.9758693238987767 3.641993898338124
2.30874672191403e-16 3.7704695321483213
-0.9758693238987762 3.641993898338124
-1.8852347660741597 3.2653223990356737
-2.666124574439347 2.6661245744393476
-3.2653223990356737 1.8852347660741604
-3.6419938983381237 0.9758693238987777
-3.7704695321483213 4.61749344382806e-16
-3.641993898338124 -0.9758693238987768
-3.265322399035674 -1.8852347660741595
-2.6661245744393485 -2.666124574439346
-1.8852347660741624 -3.2653223990356723
-0.9758693238987762 -3.641993898338124
-6.92624016574209e-16 -3.7704695321483213
0.975869323898775 -3.6419938983381246
1.885234766074161 -3.2653223990356732
2.6661245744393467 -2.666124574439348
3.2653223990356723 -1.8852347660741624
3.6419938983381233 -0.9758693238987798
4.00566513243771 0.0
3.8691754028872056 1.0367424245779904
3.469007763744615 2.0028325662188546
2.832432978309215 2.8324329783092144
2.0028325662188555 3.4690077637446146
1.0367424245779904 3.8691754028872056
2.4527624914480003e-16 4.00566513243771
-1.03674242457799 3.8691754028872056
-2.002832566218854 3.469007763744615
-2.8324329783092144 2.832432978309215
-3.469007763744615 2.0028325662188546
-3.869175402887205 1.0367424245779915
-4.00566513243771 4.905524982896001e-16
-3.8691754028872056 -1.0367424245779906
-3.4690077637446155 -2.0028325662188537
-2.832432978309216 -2.832432978309213
-2.002832566218857 -3.4690077637446137
-1.03674242457799 -3.8691754028872056
-7.358287474344e-16 -4.00566513243771
1.0367424245779886 -3.869175402887206
2.0028325662188555 -3.4690077637446146
2.832432978309214 -2.8324329783092153
3.4690077637446137 -2.002832566218857
3.8691754028872047 -1.0367424245779937
4.208158416183883 0.0
4.064768895307714 1.0891515429168486
3.6443720915645312 2.104079208091941
2.9756173523908656 2.975617352390865
2.104079208091942 3.644372091564531
1.0891515429168486 4.064768895307714
2.5767538673422937e-16 4.208158416183883
-1.0891515429168481 4.064768895307714
-2.1040792080919406 3.6443720915645312
-2.975617352390865 2.9756173523908656
-3.6443720915645312 2.104079208091941
-4.064768895307714 1.08915154291685
-4.208158416183883 5.153507734684587e-16
-4.064768895307714 -1.0891515429168488
-3.6443720915645317 -2.10407920809194
-2.975617352390867 -2.975617352390864
-2.1040792080919433 -3.64437209156453
-1.0891515429168481 -4.064768895307714
-7.730261602026881e-16 -4.208158416183883
1.0891515429168468 -4.064768895307715
2.104079208091942 -3.644372091564531
2.9756173523908647 -2.975617352390866
3.64437209156453 -2.1040792080919433
4.064768895307713 -1.0891515429168521
4.505854717280438 0.0
4.352321440927604 1.1662010152972115
3.902184650926809 2.2529273586402185
3.1861204256303917 3.186120425630391
2.2529273586402194 3.9021846509268086
1.1662010152972115 4.352321440927604
2.759040278470245e-16 4.505854717280438
-1.166201015297211 4.352321440927604
-2.252927358640218 3.902184650926809
-3.186120425630391 3.1861204256303917
-3.902184650926809 2.2529273586402185
-4.352321440927603 1.1662010152972127
-4.505854717280438 5.51808055694049e-16
-4.352321440927604 -1.1662010152972118
-3.90218465092681 -2.2529273586402176
-3.1861204256303934 -3.18612042563039
-2.252927358640221 -3.9021846509268077
-1.166201015297211 -4.352321440927604
-8.277120835410736e-16 -4.505854717280438
1.1662010152972095 -4.352321440927604
2.2529273586402194 -3.9021846509268086
3.1861204256303908 -3.186120425630392
3.9021846509268077 -2.252927358640221
4.352321440927603 -1.1662010152972153
4.666342330994699 0.0
4.507340571813712 1.2077382662295189
4.041171001396103 2.3331711654973493
3.299602305584193 3.2996023055841928
2.33317116549735 4.041171001396103
1.2077382662295189 4.507340571813712
2.857310599689229e-16 4.666342330994699
-1.2077382662295184 4.507340571813712
-2.333171165497349 4.041171001396103
-3.2996023055841928 3.299602305584193
-4.041171001396103 2.3331711654973493
-4.507340571813712 1.2077382662295202
-4.666342330994699 5.714621199378458e-16
-4.507340571813712 -1.207738266229519
-4.041171001396104 -2.3331711654973484
-3.299602305584195 -3.299602305584191
-2.333171165497352 -4.041171001396102
-1.2077382662295184 -4.507340571813712
-8.571931799067686e-16 -4.666342330994699
1.2077382662295169 -4.507340571813713
2.33317116549735 -4.041171001396103
3.2996023055841923 -3.2996023055841937
4.041171001396102 -2.333171165497352
4.507340571813711 -1.2077382662295228
4.361806830476978 0.0
4.2131818668417775 1.1289186787857042
3.777435521593548 2.1809034152384887
3.0842631880560734 3.084263188056073
2.1809034152384896 3.7774355215935476
1.1289186787857042 4.2131818668417775
2.6708363867213467e-16 4.361806830476978
-1.1289186787857035 4.2131818668417775
-2.1809034152384883 3.777435521593548
-3.084263188056073 3.0842631880560734
-3.777435521593548 2.1809034152384887
-4.213181866841777 1.1289186787857053
-4.361806830476978 5.341672773442693e-16
-4.2131818668417775 -1.1289186787857044
-3.7774355215935485 -2.180903415238488
-3.0842631880560747 -3.0842631880560716
-2.180903415238491 -3.7774355215935467
-1.1289186787857035 -4.2131818668417775
-8.01250916016404e-16 -4.361806830476978
1.1289186787857022 -4.2131818668417775
2.1809034152384896 -3.7774355215935476
3.0842631880560725 -3.084263188056074
3.7774355215935467 -2.180903415238491
4.213181866841777 -1.1289186787857077
5.2587969286130845 0.0
5.0796077685570085 1.3610767994517075
4.554251733522513 2.629398464306542
3.718530969105301 3.7185309691053003
2.6293984643065427 4.554251733522512
1.3610767994517075 5.0796077685570085
3.220084412995973e-16 5.2587969286130845
-1.3610767994517068 5.0796077685570085
-2.629398464306541 4.554251733522513
-3.7185309691053003 3.718530969105301
-4.554251733522513 2.629398464306542
-5.079607768557008 1.361076799451709
-5.2587969286130845 6.440168825991946e-16
-5.0796077685570085 -1.3610767994517077
-4.554251733522513 -2.629398464306541
-3.7185309691053026 -3.7185309691052986
-2.6293984643065444 -4.554251733522511
-1.3610767994517068 -5.0796077685570085
-9.660253238987919e-16 -5.2587969286130845
1.361076799451705 -5.0796077685570085
2.6293984643065427 -4.554251733522512
3.7185309691052995 -3.7185309691053012
4.554251733522511 -2.6293984643065444
5.079607768557007 -1.361076799451712
4.790904263026779 0.0
4.6276581589359616 1.2399772665341868
4.149044798880356 2.395452131513389
3.3876808924017747 3.3876808924017743
2.39545213151339 4.149044798880355
1.2399772665341868 4.6276581589359616
2.9335827853685773e-16 4.790904263026779
-1.2399772665341864 4.6276581589359616
-2.3954521315133888 4.149044798880356
-3.3876808924017743 3.3876808924017747
-4.149044798880356 2.395452131513389
-4.6276581589359616 1.2399772665341882
-4.790904263026779 5.867165570737155e-16
-4.6276581589359616 -1.239977266534187
-4.149044798880356 -2.3954521315133883
-3.3876808924017765 -3.3876808924017725
-2.395452131513392 -4.149044798880354
-1.2399772665341864 -4.6276581589359616
-8.800748356105732e-16 -4.790904263026779
1.2399772665341848 -4.627658158935962
2.39545213151339 -4.149044798880355
3.387680892401774 -3.387680892401775
4.149044798880354 -2.395452131513392
4.627658158935961 -1.2399772665341908
5.126373126246621 0.0
4.951696197835842 1.3268029973743745
4.439569356607426 2.56318656312331
3.6248932004614676 3.6248932004614667
2.563186563123311 4.439569356607425
1.3268029973743745 4.951696197835842
3.1389982201464674e-16 5.126373126246621
-1.326802997374374 4.951696197835842
-2.5631865631233093 4.439569356607426
-3.6248932004614667 3.6248932004614676
-4.439569356607426 2.56318656312331
-4.951696197835841 1.326802997374376
-5.126373126246621 6.277996440292935e-16
-4.951696197835842 -1.3268029973743747
-4.439569356607426 -2.5631865631233093
-3.624893200461469 -3.6248932004614653
-2.563186563123313 -4.439569356607424
-1.326802997374374 -4.951696197835842
-9.416994660439403e-16 -5.126373126246621
1.3268029973743722 -4.951696197835843
2.563186563123311 -4.439569356607425
3.6248932004614662 -3.624893200461468
4.439569356607424 -2.563186563123313
4.951696197835841 -1.3268029973743787
4.876965870308619 0.0
4.7107872880614385 1.2622516495508609
4.223576337076948 2.438482935154309
3.4485356385105774 3.448535638510577
2.43848293515431 4.223576337076948
1.2622516495508609 4.7107872880614385
2.986280321312168e-16 4.876965870308619
-1.2622516495508602 4.7107872880614385
-2.4384829351543087 4.223576337076948
-3.448535638510577 3.4485356385105774
-4.223576337076948 2.438482935154309
-4.710787288061438 1.2622516495508622
-4.876965870308619 5.972560642624336e-16
-4.7107872880614385 -1.262251649550861
-4.223576337076949 -2.4384829351543083
-3.4485356385105788 -3.448535638510575
-2.438482935154312 -4.223576337076947
-1.2622516495508602 -4.7107872880614385
-8.958840963936503e-16 -4.876965870308619
1.2622516495508587 -4.7107872880614385
2.43848293515431 -4.223576337076948
3.448535638510576 -3.448535638510578
4.223576337076947 -2.438482935154312
4.710787288061437 -1.2622516495508649
4.945919957266807 0.0
4.777391821482534 1.2800982804932952
4.283292328077501 2.472959978633403
3.4972935409892387 3.4972935409892383
2.472959978633404 4.2832923280775
1.2800982804932952 4.777391821482534
3.0285025222529047e-16 4.945919957266807
-1.2800982804932945 4.777391821482534
-2.4729599786334027 4.283292328077501
-3.4972935409892383 3.4972935409892387
-4.283292328077501 2.472959978633403
-4.777391821482533 1.2800982804932965
-4.945919957266807 6.057005044505809e-16
-4.777391821482534 -1.2800982804932954
-4.283292328077501 -2.4729599786334022
-3.4972935409892405 -3.4972935409892365
-2.4729599786334058 -4.283292328077499
-1.2800982804932945 -4.777391821482534
-9.085507566758713e-16 -4.945919957266807
1.280098280493293 -4.777391821482535
2.472959978633404 -4.2832923280775
3.497293540989238 -3.4972935409892396
4.283292328077499 -2.4729599786334058
4.777391821482533 -1.2800982804932992
5.006404446615235 0.0
4.835815351834087 1.295752818269969
4.335673432388169 2.503202223307617
3.540062533564118 3.5400625335641176
2.503202223307618 4.335673432388168
1.295752818269969 4.835815351834087
3.065538590392212e-16 5.006404446615235
-1.2957528182699685 4.835815351834087
-2.5032022233076163 4.335673432388169
-3.5400625335641176 3.540062533564118
-4.335673432388169 2.503202223307617
-4.8358153518340865 1.2957528182699705
-5.006404446615235 6.131077180784424e-16
-4.835815351834087 -1.2957528182699694
-4.335673432388169 -2.5032022233076163
-3.54006253356412 -3.540062533564116
-2.50320222330762 -4.335673432388167
-1.2957528182699685 -4.835815351834087
-9.196615771176635e-16 -5.006404446615235
1.2957528182699667 -4.835815351834087
2.503202223307618 -4.335673432388168
3.5400625335641167 -3.5400625335641185
4.335673432388167 -2.50320222330762
4.835815351834086 -1.2957528182699731
5.413866147751515 0.0
5.229393132185297 1.4012116666739094
4.6885456166414095 2.706933073875757
3.8281814655113875 3.828181465511387
2.7069330738757578 4.688545616641409
1.4012116666739094 5.229393132185297
3.315036924428052e-16 5.413866147751515
-1.401211666673909 5.229393132185297
-2.706933073875756 4.6885456166414095
-3.828181465511387 3.8281814655113875
-4.6885456166414095 2.706933073875757
-5.2293931321852964 1.401211666673911
-5.413866147751515 6.630073848856104e-16
-5.229393132185297 -1.4012116666739098
-4.6885456166414095 -2.706933073875756
-3.8281814655113893 -3.8281814655113853
-2.7069330738757595 -4.688545616641408
-1.401211666673909 -5.229393132185297
-9.945110773284155e-16 -5.413866147751515
1.4012116666739072 -5.229393132185297
2.7069330738757578 -4.688545616641409
3.828181465511386 -3.828181465511388
4.688545616641408 -2.7069330738757595
5.229393132185296 -1.401211666673914
5.0573168320115585 0.0
4.884992939766378 1.3089299132421368
4.379764851508648 2.528658416005779
3.576063026524241 3.5760630265242406
2.5286584160057797 4.379764851508647
1.3089299132421368 4.884992939766378
3.096713435298494e-16 5.0573168320115585
-1.3089299132421364 4.884992939766378
-2.528658416005778 4.379764851508648
-3.5760630265242406 3.576063026524241
-4.379764851508648 2.528658416005779
-4.884992939766377 1.3089299132421384
-5.0573168320115585 6.193426870596988e-16
-4.884992939766378 -1.308929913242137
-4.379764851508649 -2.528658416005778
-3.576063026524243 -3.576063026524239
-2.5286584160057815 -4.3797648515086465
-1.3089299132421364 -4.884992939766378
-9.29014030589548e-16 -5.0573168320115585
1.3089299132421346 -4.884992939766378
2.5286584160057797 -4.379764851508647
3.57606302652424 -3.5760630265242415
4.3797648515086465 -2.5286584160057815
4.884992939766377 -1.308929913242141
1.0 0.5 0.4 0.32000000000000006 0.25600000000000006 0.20480000000000007 0.16384000000000007 0.13107200000000005 0.10485760000000005 0.08388608000000004 0.06710886400000003 0.05368709120000003 0.042949672960000025 0.03435973836800002 0.027487790694400018 0.021990232555520017 0.017592186044416015 0.014073748835532814 0.011258999068426251 0.009007199254741001 