0.0 0.0
1.3905473224895224 0.0
1.3431655714697435 0.35990013017660516
1.2042493064403588 0.6952736612447611
0.9832654412931383 0.9832654412931382
0.6952736612447613 1.2042493064403585
0.35990013017660516 1.3431655714697435
8.51464663774858e-17 1.3905473224895224
-0.359900130176605 1.3431655714697435
-0.6952736612447609 1.2042493064403588
-0.9832654412931382 0.9832654412931383
-1.2042493064403588 0.6952736612447611
-1.3431655714697432 0.35990013017660555
-1.3905473224895224 1.702929327549716e-16
-1.3431655714697435 -0.3599001301766052
-1.204249306440359 -0.6952736612447609
-0.9832654412931388 -0.9832654412931378
-0.6952736612447619 -1.2042493064403583
-0.359900130176605 -1.3431655714697435
-2.554393991324574e-16 -1.3905473224895224
0.35990013017660455 -1.3431655714697437
0.6952736612447613 -1.2042493064403585
0.983265441293138 -0.9832654412931384
1.2042493064403583 -0.6952736612447619
1.3431655714697432 -0.3599001301766063
2.216469046214024 0.0
2.1409446949084243 0.5736644020404087
1.91951850072321 1.1082345231070119
1.5672802928680158 1.5672802928680156
1.1082345231070123 1.9195185007232098
0.5736644020404087 2.1409446949084243
1.3571958614275958e-16 2.216469046214024
-0.5736644020404084 2.1409446949084243
-1.1082345231070116 1.91951850072321
-1.5672802928680156 1.5672802928680158
-1.91951850072321 1.1082345231070119
-2.1409446949084243 0.5736644020404092
-2.216469046214024 2.7143917228551915e-16
-2.1409446949084243 -0.5736644020404088
-1.9195185007232103 -1.1082345231070114
-1.5672802928680165 -1.5672802928680147
-1.108234523107013 -1.9195185007232094
-0.5736644020404084 -2.1409446949084243
-4.0715875842827873e-16 -2.216469046214024
0.5736644020404077 -2.1409446949084248
1.1082345231070123 -1.9195185007232098
1.5672802928680154 -1.567280292868016
1.9195185007232094 -1.108234523107013
2.140944694908424 -0.5736644020404105
2.749075604779945 0.0
2.655403125078189 0.7115131229437801
2.380769310663502 1.3745378023899724
1.9438900021344085 1.9438900021344083
1.3745378023899728 2.380769310663502
0.7115131229437801 2.655403125078189
1.683323320003917e-16 2.749075604779945
-0.7115131229437798 2.655403125078189
-1.374537802389972 2.380769310663502
-1.9438900021344083 1.9438900021344085
-2.380769310663502 1.3745378023899724
-2.6554031250781884 0.7115131229437809
-2.749075604779945 3.366646640007834e-16
-2.655403125078189 -0.7115131229437802
-2.3807693106635024 -1.374537802389972
-1.9438900021344094 -1.9438900021344074
-1.3745378023899737 -2.380769310663501
-0.7115131229437798 -2.655403125078189
-5.049969960011751e-16 -2.749075604779945
0.7115131229437789 -2.655403125078189
1.3745378023899728 -2.380769310663502
1.943890002134408 -1.943890002134409
2.380769310663501 -1.3745378023899737
2.655403125078188 -0.7115131229437824
3.668613948006585 0.0
3.5436089590638615 0.949507158872853
3.1771128756516265 1.8343069740032922
2.5941018001910088 2.5941018001910083
1.834306974003293 3.177112875651626
0.949507158872853 3.5436089590638615
2.2463781643667993e-16 3.668613948006585
-0.9495071588728525 3.5436089590638615
-1.8343069740032916 3.1771128756516265
-2.5941018001910083 2.5941018001910088
-3.1771128756516265 1.8343069740032922
-3.543608959063861 0.949507158872854
-3.668613948006585 4.492756328733599e-16
-3.5436089590638615 -0.9495071588728532
-3.177112875651627 -1.8343069740032913
-2.5941018001910097 -2.594101800191007
-1.834306974003294 -3.177112875651625
-0.9495071588728525 -3.5436089590638615
-6.739134493100398e-16 -3.668613948006585
0.9495071588728513 -3.543608959063862
1.834306974003293 -3.177112875651626
2.594101800191008 -2.594101800191009
3.177112875651625 -1.834306974003294
3.5436089590638606 -0.9495071588728561
3.9973710121781063 0.0
3.861163897922107 1.0345957482924342
3.461824844897755 1.998685506089053
2.8265681496296726 2.826568149629672
1.9986855060890536 3.4618248448977544
1.0345957482924342 3.861163897922107
2.4476838075341667e-16 3.9973710121781063
-1.0345957482924337 3.861163897922107
-1.9986855060890523 3.461824844897755
-2.826568149629672 2.8265681496296726
-3.461824844897755 1.998685506089053
-3.8611638979221063 1.0345957482924353
-3.9973710121781063 4.895367615068333e-16
-3.861163897922107 -1.0345957482924344
-3.4618248448977553 -1.998685506089052
-2.826568149629674 -2.826568149629671
-1.998685506089055 -3.4618248448977536
-1.0345957482924337 -3.861163897922107
-7.3430514226025e-16 -3.9973710121781063
1.0345957482924324 -3.8611638979221072
1.9986855060890536 -3.4618248448977544
2.8265681496296717 -2.826568149629673
3.4618248448977536 -1.998685506089055
3.861163897922106 -1.0345957482924375
3.182438929695383 0.0
3.0739999527805106 0.8236758048808471
2.756072959108761 1.5912194648476912
2.2503241478996636 2.250324147899663
1.5912194648476918 2.7560729591087605
0.8236758048808471 3.0739999527805106
1.9486818243666895e-16 3.182438929695383
-0.8236758048808468 3.0739999527805106
-1.5912194648476907 2.756072959108761
-2.250324147899663 2.2503241478996636
-2.756072959108761 1.5912194648476912
-3.0739999527805106 0.823675804880848
-3.182438929695383 3.897363648733379e-16
-3.0739999527805106 -0.8236758048808472
-2.7560729591087614 -1.5912194648476905
-2.250324147899665 -2.2503241478996623
-1.5912194648476927 -2.7560729591087596
-0.8236758048808468 -3.0739999527805106
-5.846045473100068e-16 -3.182438929695383
0.8236758048808457 -3.073999952780511
1.5912194648476918 -2.7560729591087605
2.250324147899663 -2.250324147899664
2.7560729591087596 -1.5912194648476927
3.07399995278051 -0.8236758048808498
4.879888323313871 0.0
4.713610160895327 1.263008036047037
4.226107255620863 2.439944161656935
3.45060212484829 3.4506021248482894
2.439944161656936 4.226107255620862
1.263008036047037 4.713610160895327
2.9880698076714383e-16 4.879888323313871
-1.2630080360470366 4.713610160895327
-2.4399441616569346 4.226107255620863
-3.4506021248482894 3.45060212484829
-4.226107255620863 2.439944161656935
-4.7136101608953265 1.2630080360470384
-4.879888323313871 5.976139615342877e-16
-4.713610160895327 -1.2630080360470373
-4.226107255620863 -2.439944161656934
-3.4506021248482917 -3.4506021248482877
-2.4399441616569377 -4.226107255620861
-1.2630080360470366 -4.713610160895327
-8.964209423014314e-16 -4.879888323313871
1.2630080360470348 -4.713610160895327
2.439944161656936 -4.226107255620862
3.450602124848289 -3.4506021248482903
4.226107255620861 -2.4399441616569377
4.713610160895326 -1.2630080360470413
3.405042504222162 0.0
3.2890184944401906 0.881289849476276
2.9488533096221743 1.7025212521110809
2.4077286449639144 2.407728644963914
1.7025212521110815 2.948853309622174
0.881289849476276 3.2890184944401906
2.0849872018781794e-16 3.405042504222162
-0.8812898494762755 3.2890184944401906
-1.7025212521110804 2.9488533096221743
-2.407728644963914 2.4077286449639144
-2.9488533096221743 1.7025212521110809
-3.28901849444019 0.8812898494762769
-3.405042504222162 4.169974403756359e-16
-3.2890184944401906 -0.8812898494762761
-2.9488533096221747 -1.7025212521110802
-2.4077286449639157 -2.407728644963913
-1.7025212521110826 -2.9488533096221734
-0.8812898494762755 -3.2890184944401906
-6.254961605634538e-16 -3.405042504222162
0.8812898494762744 -3.2890184944401906
1.7025212521110815 -2.948853309622174
2.4077286449639135 -2.407728644963915
2.9488533096221734 -1.7025212521110826
3.2890184944401897 -0.8812898494762788
4.229229454014733 0.0
4.0851219549352455 1.0946051288075482
3.66262014561015 2.114614727007366
2.9905168261276978 2.9905168261276973
2.1146147270073667 3.6626201456101497
1.0946051288075482 4.0851219549352455
2.589656156859425e-16 4.229229454014733
-1.0946051288075478 4.0851219549352455
-2.1146147270073654 3.66262014561015
-2.9905168261276973 2.9905168261276978
-3.66262014561015 2.114614727007366
-4.0851219549352455 1.0946051288075493
-4.229229454014733 5.17931231371885e-16
-4.0851219549352455 -1.0946051288075485
-3.6626201456101506 -2.114614727007365
-2.990516826127699 -2.9905168261276955
-2.114614727007368 -3.662620145610149
-1.0946051288075478 -4.0851219549352455
-7.768968470578275e-16 -4.229229454014733
1.0946051288075465 -4.085121954935246
2.1146147270073667 -3.6626201456101497
2.9905168261276964 -2.990516826127698
3.662620145610149 -2.114614727007368
4.085121954935245 -1.0946051288075518
4.6006569060765 0.0
4.443893323474452 1.1907376272750372
3.9842857547585675 2.3003284530382495
3.2531556961994146 3.253155696199414
2.3003284530382504 3.9842857547585666
1.1907376272750372 4.443893323474452
2.8170898770008755e-16 4.6006569060765
-1.1907376272750367 4.443893323474452
-2.300328453038249 3.9842857547585675
-3.253155696199414 3.2531556961994146
-3.9842857547585675 2.3003284530382495
-4.443893323474451 1.1907376272750385
-4.6006569060765 5.634179754001751e-16
-4.443893323474452 -1.1907376272750374
-3.984285754758568 -2.3003284530382486
-3.253155696199416 -3.2531556961994124
-2.300328453038252 -3.9842857547585657
-1.1907376272750367 -4.443893323474452
-8.451269631002625e-16 -4.6006569060765
1.1907376272750352 -4.443893323474453
2.3003284530382504 -3.9842857547585666
3.2531556961994137 -3.253155696199415
3.9842857547585657 -2.300328453038252
4.443893323474451 -1.190737627275041
5.156526328254066 0.0
4.980821954400144 1.3346072203247248
4.4656827955513165 2.5782631641270326
3.6462147340754196 3.6462147340754187
2.5782631641270335 4.4656827955513165
1.3346072203247248 4.980821954400144
3.157461731307698e-16 5.156526328254066
-1.3346072203247241 4.980821954400144
-2.5782631641270317 4.4656827955513165
-3.6462147340754187 3.6462147340754196
-4.4656827955513165 2.5782631641270326
-4.9808219544001435 1.3346072203247261
-5.156526328254066 6.314923462615396e-16
-4.980821954400144 -1.334607220324725
-4.465682795551317 -2.5782631641270317
-3.6462147340754214 -3.6462147340754174
-2.5782631641270353 -4.465682795551315
-1.3346072203247241 -4.980821954400144
-9.472385193923093e-16 -5.156526328254066
1.3346072203247226 -4.980821954400145
2.5782631641270335 -4.4656827955513165
3.6462147340754183 -3.64621473407542
4.465682795551315 -2.5782631641270353
4.9808219544001435 -1.334607220324729
2.9983051991346943 0.0
2.896140426940989 0.7760184885659649
2.5966084707496053 1.499152599567347
2.120121938375024 2.120121938375024
1.4991525995673474 2.5966084707496053
0.7760184885659649 2.896140426940989
1.8359324324935855e-16 2.9983051991346943
-0.7760184885659646 2.896140426940989
-1.4991525995673465 2.5966084707496053
-2.120121938375024 2.120121938375024
-2.5966084707496053 1.499152599567347
-2.8961404269409887 0.7760184885659657
-2.9983051991346943 3.671864864987171e-16
-2.896140426940989 -0.776018488565965
-2.5966084707496058 -1.4991525995673463
-2.1201219383750254 -2.1201219383750227
-1.4991525995673485 -2.5966084707496044
-0.7760184885659646 -2.896140426940989
-5.507797297480756e-16 -2.9983051991346943
0.7760184885659636 -2.8961404269409896
1.4991525995673474 -2.5966084707496053
2.1201219383750236 -2.1201219383750245
2.5966084707496044 -1.4991525995673485
2.8961404269409883 -0.7760184885659673
4.3539188929379735 0.0
4.205562704256698 1.1268771303240306
3.770604367301305 2.1769594464689863
3.0786855739326673 3.0786855739326664
2.176959446468987 3.7706043673013045
1.1268771303240306 4.205562704256698
2.6660064179918383e-16 4.3539188929379735
-1.1268771303240301 4.205562704256698
-2.176959446468986 3.770604367301305
-3.0786855739326664 3.0786855739326673
-3.770604367301305 2.1769594464689863
-4.205562704256697 1.1268771303240317
-4.3539188929379735 5.332012835983677e-16
-4.205562704256698 -1.1268771303240308
-3.7706043673013054 -2.1769594464689854
-3.0786855739326686 -3.078685573932665
-2.1769594464689885 -3.770604367301303
-1.1268771303240301 -4.205562704256698
-7.998019253975514e-16 -4.3539188929379735
1.1268771303240286 -4.205562704256698
2.176959446468987 -3.7706043673013045
3.078685573932666 -3.0786855739326677
3.770604367301303 -2.1769594464689885
4.205562704256697 -1.1268771303240341
4.436352977892592 0.0
4.285187915880871 1.148212641475885
3.841994379009729 2.2181764889462956
3.136975274404986 3.1369752744049855
2.2181764889462965 3.8419943790097286
1.148212641475885 4.285187915880871
2.716482737131996e-16 4.436352977892592
-1.1482126414758844 4.285187915880871
-2.218176488946295 3.841994379009729
-3.1369752744049855 3.136975274404986
-3.841994379009729 2.2181764889462956
-4.28518791588087 1.1482126414758862
-4.436352977892592 5.432965474263992e-16
-4.285187915880871 -1.1482126414758853
-3.8419943790097295 -2.2181764889462947
-3.1369752744049872 -3.1369752744049837
-2.218176488946298 -3.8419943790097277
-1.1482126414758844 -4.285187915880871
-8.149448211395986e-16 -4.436352977892592
1.148212641475883 -4.285187915880871
2.2181764889462965 -3.8419943790097286
3.136975274404985 -3.1369752744049864
3.8419943790097277 -2.218176488946298
4.2851879158808694 -1.1482126414758886
4.717204189304832 0.0
4.556469354328525 1.2209022838294872
4.085218662776363 2.3586020946524155
3.3355670704990374 3.335567070499037
2.3586020946524164 4.085218662776362
1.2209022838294872 4.556469354328525
2.8884545056783237e-16 4.717204189304832
-1.2209022838294865 4.556469354328525
-2.358602094652415 4.085218662776363
-3.335567070499037 3.3355670704990374
-4.085218662776363 2.3586020946524155
-4.556469354328524 1.2209022838294883
-4.717204189304832 5.776909011356647e-16
-4.556469354328525 -1.2209022838294874
-4.085218662776364 -2.3586020946524147
-3.3355670704990388 -3.3355670704990352
-2.358602094652418 -4.085218662776361
-1.2209022838294865 -4.556469354328525
-8.665363517034971e-16 -4.717204189304832
1.220902283829485 -4.556469354328525
2.3586020946524164 -4.085218662776362
3.335567070499036 -3.335567070499038
4.085218662776361 -2.358602094652418
4.556469354328524 -1.220902283829491
4.503604154645197 0.0
4.350147564354543 1.165618526825015
3.900235606511883 2.251802077322598
3.184529037529528 3.1845290375295274
2.251802077322599 3.9002356065118824
1.165618526825015 4.350147564354543
2.7576622063064813e-16 4.503604154645197
-1.1656185268250145 4.350147564354543
-2.2518020773225977 3.900235606511883
-3.1845290375295274 3.184529037529528
-3.900235606511883 2.251802077322598
-4.350147564354542 1.1656185268250163
-4.503604154645197 5.515324412612963e-16
-4.350147564354543 -1.1656185268250154
-3.9002356065118833 -2.2518020773225973
-3.1845290375295296 -3.184529037529526
-2.251802077322601 -3.900235606511881
-1.1656185268250145 -4.350147564354543
-8.272986618919443e-16 -4.503604154645197
1.165618526825013 -4.350147564354543
2.251802077322599 -3.9002356065118824
3.184529037529527 -3.1845290375295288
3.900235606511881 -2.251802077322601
4.350147564354542 -1.1656185268250188
1.0 0.5 0.4 0.32000000000000006 0.25600000000000006 0.20480000000000007 0.16384000000000007 0.13107200000000005 0.10485760000000005 0.08388608000000004 0.06710886400000003 0.05368709120000003 0.042949672960000025 0.03435973836800002 0.027487790694400018 0.021990232555520017 0.017592186044416015 