0.0 0.0
2.658326066794036 0.0
2.650526009595617 0.20349287420886367
2.6271716118375568 0.4057915713164855
2.588399926412368 0.6057089221276974
2.534438480987008 0.8020717321342997
2.465603942780059 0.9937276662869343
2.3823002602325696 1.1795520113553621
2.2850162924779815 1.358454276192919
2.1743229405223485 1.5293845911721802
2.0508697969702223 1.6913398692373949
1.915381333956951 1.8433696924181922
1.7686526516581156 1.9845818892601446
1.611544812325541 2.114147770441623
1.4449797872316166 2.2313069918522466
1.2699350461752648 2.3353720165944605
1.0874378213004847 2.4257321497234403
0.8985590788896728 2.5018571220478583
0.7044072345076268 2.563300201960349
0.5061216483782669 2.60970081703622
0.3048659391657973 2.6407866700158125
0.10182115539769146 2.6563753367530967
-0.10182115539769114 2.6563753367530967
-0.3048659391657964 2.640786670015813
-0.5061216483782666 2.60970081703622
-0.7044072345076264 2.563300201960349
-0.8985590788896731 2.501857122047858
-1.0874378213004845 2.4257321497234403
-1.2699350461752639 2.335372016594461
-1.4449797872316164 2.2313069918522466
-1.611544812325541 2.114147770441623
-1.7686526516581151 1.9845818892601452
-1.9153813339569508 1.8433696924181922
-2.0508697969702223 1.6913398692373947
-2.1743229405223485 1.5293845911721804
-2.2850162924779815 1.358454276192919
-2.382300260232569 1.1795520113553628
-2.4656039427800587 0.9937276662869345
-2.534438480987008 0.8020717321342995
-2.5883999264123676 0.605708922127698
-2.6271716118375568 0.4057915713164856
-2.650526009595617 0.20349287420886444
-2.658326066794036 1.5060849734053172e-15
-2.650526009595617 -0.20349287420886378
-2.6271716118375568 -0.4057915713164849
-2.588399926412368 -0.6057089221276962
-2.534438480987008 -0.8020717321342999
-2.465603942780059 -0.993727666286934
-2.3823002602325696 -1.1795520113553621
-2.285016292477982 -1.3584542761929184
-2.1743229405223494 -1.529384591172179
-2.050869796970222 -1.691339869237395
-1.9153813339569512 -1.8433696924181917
-1.7686526516581154 -1.9845818892601446
-1.6115448123255407 -2.1141477704416234
-1.4449797872316177 -2.2313069918522457
-1.2699350461752634 -2.3353720165944614
-1.0874378213004852 -2.4257321497234403
-0.8985590788896731 -2.501857122047858
-0.7044072345076264 -2.563300201960349
-0.5061216483782683 -2.6097008170362197
-0.30486593916579824 -2.6407866700158125
-0.10182115539769179 -2.6563753367530967
0.10182115539769081 -2.6563753367530967
0.30486593916579724 -2.6407866700158125
0.5061216483782675 -2.60970081703622
0.7044072345076255 -2.5633002019603492
0.8985590788896722 -2.5018571220478583
1.0874378213004843 -2.4257321497234408
1.2699350461752648 -2.3353720165944605
1.4449797872316172 -2.231306991852246
1.6115448123255398 -2.114147770441624
1.7686526516581147 -1.9845818892601454
1.9153813339569508 -1.8433696924181924
2.0508697969702205 -1.6913398692373967
2.1743229405223485 -1.5293845911721795
2.2850162924779807 -1.3584542761929204
2.382300260232569 -1.179552011355363
2.4656039427800587 -0.993727666286935
2.534438480987008 -0.8020717321342997
2.588399926412368 -0.6057089221276971
2.6271716118375563 -0.4057915713164871
2.650526009595617 -0.20349287420886478
4.085551137082091 0.0
4.073563317771897 0.3127458869689293
4.0376702091317735 0.62365645671519
3.978082446195489 0.9309071623873579
3.895149713649985 1.2326949346716773
3.78935869374659 1.5272487629197504
3.6613302102560463 1.8128400881432383
3.511815585227766 2.0877929468853305
3.341692229933291 2.350493806440731
3.151958495868069 2.599401033707163
2.943727816027896 2.8330539421014214
2.7182221708413645 3.0500813634490522
2.4767649171028063 3.249209694544428
2.2207730219884154 3.4292703711607824
1.9517487477294262 3.5892067256497477
1.6712708357399895 3.728080187887289
1.3809852419347972 3.8450757931763917
1.0825954776052917 3.9395069647839613
0.7778526125380316 4.0108195430461
0.46854499904090446 4.058595037397366
0.15648777718067702 4.082553082239816
-0.15648777718067655 4.082553082239816
-0.468544999040903 4.0585950373973665
-0.7778526125380311 4.0108195430461
-1.0825954776052913 3.9395069647839613
-1.3809852419347977 3.8450757931763913
-1.671270835739989 3.728080187887289
-1.951748747729425 3.5892067256497486
-2.220773021988415 3.4292703711607824
-2.4767649171028063 3.249209694544428
-2.7182221708413636 3.050081363449053
-2.9437278160278955 2.8330539421014214
-3.151958495868069 2.5994010337071627
-3.341692229933291 2.3504938064407312
-3.511815585227766 2.0877929468853305
-3.661330210256046 1.8128400881432392
-3.7893586937465895 1.5272487629197509
-3.895149713649985 1.232694934671677
-3.9780824461954887 0.9309071623873589
-4.0376702091317735 0.6236564567151901
-4.073563317771897 0.31274588696893046
-4.085551137082091 2.3146848885468522e-15
-4.073563317771897 -0.31274588696892947
-4.0376702091317735 -0.6236564567151891
-3.9780824461954896 -0.930907162387356
-3.895149713649985 -1.2326949346716776
-3.78935869374659 -1.52724876291975
-3.6613302102560463 -1.8128400881432383
-3.5118155852277666 -2.087792946885329
-3.3416922299332925 -2.350493806440729
-3.1519584958680684 -2.5994010337071636
-2.9437278160278963 -2.833053942101421
-2.718222170841364 -3.0500813634490522
-2.476764917102806 -3.2492096945444287
-2.220773021988417 -3.429270371160781
-1.9517487477294242 -3.589206725649749
-1.67127083573999 -3.7280801878872887
-1.3809852419347977 -3.8450757931763913
-1.0825954776052913 -3.9395069647839613
-0.7778526125380338 -4.010819543046099
-0.46854499904090585 -4.058595037397366
-0.15648777718067755 -4.082553082239816
0.15648777718067602 -4.082553082239816
0.4685449990409044 -4.058595037397366
0.7778526125380324 -4.0108195430461
1.08259547760529 -3.939506964783962
1.3809852419347963 -3.8450757931763917
1.6712708357399886 -3.7280801878872896
1.9517487477294262 -3.5892067256497477
2.2207730219884163 -3.429270371160782
2.4767649171028046 -3.24920969454443
2.718222170841363 -3.0500813634490536
2.9437278160278955 -2.833053942101422
3.151958495868066 -2.599401033707166
3.3416922299332916 -2.35049380644073
3.511815585227765 -2.0877929468853327
3.661330210256046 -1.8128400881432396
3.7893586937465895 -1.5272487629197515
3.895149713649985 -1.2326949346716773
3.978082446195489 -0.9309071623873575
4.0376702091317735 -0.6236564567151924
4.073563317771897 -0.31274588696893096
5.20267093535825 0.0
5.1874052644583335 0.398260572855826
5.1416978367855535 0.7941839943087791
5.065816881700252 1.185446828289746
4.960207698819606 1.5697529889101005
4.825490044822405 1.9448472148066944
4.662454496470422 2.308528303912306
4.472057811189625 2.658662030984635
4.255417312437154 2.9931936720886663
4.013804332802997 3.31016006253374
3.7486367533248237 3.6077011175045826
3.461470682798265 3.8840707477786243
3.1539913259117385 4.137647106471865
2.8280030937952456 4.366942106681289
2.4854190150183686 4.570610154170514
2.12824950917794 4.747456043851838
1.7585905889564406 4.896441973724934
1.37861155988614 5.016693635111655
0.9905422900016401 5.107505343447014
0.5966601240875845 5.168344179516809
0.1992765193139149 5.198853116839484
-0.1992765193139143 5.198853116839484
-0.5966601240875827 5.168344179516809
-0.9905422900016394 5.107505343447014
-1.3786115598861393 5.016693635111655
-1.758590588956441 4.896441973724934
-2.1282495091779396 4.747456043851838
-2.4854190150183673 4.570610154170515
-2.8280030937952447 4.366942106681289
-3.1539913259117385 4.137647106471865
-3.461470682798264 3.884070747778625
-3.748636753324823 3.6077011175045826
-4.013804332802997 3.3101600625337397
-4.255417312437154 2.9931936720886667
-4.472057811189625 2.658662030984635
-4.6624544964704215 2.3085283039123072
-4.825490044822404 1.9448472148066949
-4.960207698819606 1.5697529889100998
-5.065816881700252 1.185446828289747
-5.1416978367855535 0.7941839943087793
-5.1874052644583335 0.3982605728558275
-5.20267093535825 2.9475934555934762e-15
-5.1874052644583335 -0.3982605728558262
-5.1416978367855535 -0.794183994308778
-5.065816881700253 -1.1854468282897435
-4.960207698819606 -1.5697529889101007
-4.825490044822405 -1.9448472148066938
-4.662454496470422 -2.308528303912306
-4.472057811189626 -2.658662030984634
-4.255417312437156 -2.993193672088664
-4.013804332802996 -3.3101600625337406
-3.748636753324824 -3.607701117504582
-3.4614706827982644 -3.8840707477786243
-3.1539913259117376 -4.137647106471866
-2.828003093795248 -4.366942106681287
-2.485419015018366 -4.570610154170516
-2.1282495091779405 -4.747456043851837
-1.758590588956441 -4.896441973724934
-1.3786115598861393 -5.016693635111655
-0.990542290001643 -5.107505343447013
-0.5966601240875864 -5.168344179516809
-0.19927651931391555 -5.198853116839484
0.19927651931391363 -5.198853116839484
0.5966601240875845 -5.168344179516809
0.9905422900016411 -5.107505343447014
1.3786115598861375 -5.016693635111656
1.7585905889564395 -4.896441973724934
2.1282495091779388 -4.747456043851838
2.4854190150183686 -4.570610154170514
2.8280030937952465 -4.366942106681288
3.153991325911736 -4.137647106471867
3.461470682798263 -3.884070747778626
3.748636753324823 -3.607701117504583
4.0138043328029935 -3.3101600625337437
4.255417312437155 -2.993193672088665
4.472057811189623 -2.658662030984638
4.6624544964704215 -2.3085283039123077
4.825490044822404 -1.9448472148066958
4.960207698819606 -1.5697529889101005
5.065816881700252 -1.1854468282897455
5.141697836785553 -0.7941839943087822
5.1874052644583335 -0.39826057285582817
1.0 0.5 0.4 0.32000000000000006 