0.0 0.0
2.2407764420895533 0.0
2.2317557349113066 0.20086165167600212
2.2047662428066754 0.4001060834374477
2.1600252692965216 0.5961290962736222
2.0978930423922835 0.7873524281448337
2.0188698142518353 0.9722364612203538
1.923591833443259 1.149292617975909
1.812826222245479 1.3170953463446384
1.6874648002307353 1.474293597424123
1.5485169038577684 1.6196217033277456
1.3971012598881336 1.7519095675983127
1.2344369780561173 1.8700920861367223
1.0618337355139815 1.9732177227938992
0.8806812320816131 2.0604561705803714
0.6924380012007022 2.1311050368099393
0.49861966668107477 2.184595498352583
0.30078673978894743 2.220496881463843
0.10053205492777838 2.238520129316579
-0.1005320549277781 2.2385201293165795
-0.30078673978894716 2.2204968814638435
-0.4986196666810745 2.184595498352583
-0.692438001200702 2.13110503680994
-0.8806812320816124 2.060456170580372
-1.061833735513981 1.9732177227938992
-1.2344369780561166 1.8700920861367225
-1.3971012598881334 1.751909567598313
-1.5485169038577684 1.6196217033277456
-1.687464800230735 1.4742935974241231
-1.8128262222454787 1.3170953463446387
-1.923591833443259 1.1492926179759093
-2.0188698142518353 0.9722364612203541
-2.0978930423922835 0.787352428144834
-2.1600252692965216 0.5961290962736224
-2.2047662428066754 0.40010608343744797
-2.2317557349113066 0.2008616516760024
-2.2407764420895533 2.744159697409766e-16
-2.2317557349113066 -0.20086165167600184
-2.2047662428066754 -0.4001060834374474
-2.160025269296522 -0.596129096273622
-2.0978930423922835 -0.7873524281448335
-2.0188698142518353 -0.9722364612203536
-1.9235918334432596 -1.1492926179759082
-1.8128262222454792 -1.3170953463446382
-1.6874648002307355 -1.4742935974241227
-1.5485169038577693 -1.6196217033277447
-1.3971012598881338 -1.7519095675983125
-1.2344369780561173 -1.8700920861367223
-1.0618337355139817 -1.973217722793899
-0.8806812320816134 -2.0604561705803714
-0.6924380012007025 -2.1311050368099393
-0.49861966668107505 -2.184595498352583
-0.3007867397889477 -2.220496881463843
-0.10053205492777864 -2.238520129316579
0.10053205492777784 -2.2385201293165795
0.3007867397889469 -2.2204968814638435
0.49861966668107427 -2.184595498352583
0.6924380012007018 -2.13110503680994
0.8806812320816126 -2.0604561705803714
1.0618337355139809 -1.9732177227938994
1.2344369780561164 -1.8700920861367227
1.3971012598881332 -1.751909567598313
1.5485169038577682 -1.6196217033277458
1.6874648002307349 -1.4742935974241234
1.8128262222454787 -1.3170953463446389
1.9235918334432585 -1.1492926179759095
2.0188698142518353 -0.9722364612203543
2.0978930423922835 -0.7873524281448342
2.1600252692965216 -0.5961290962736228
2.2047662428066754 -0.4001060834374482
2.231755734911306 -0.20086165167600267
3.3960409434630163 0.0
3.382369481044503 0.30441876317978905
3.341465168365668 0.6063865254737886
3.2736573429008535 0.9034720200141761
3.179491953390348 1.1932832890823544
3.0597271641821373 1.4734869427460533
2.9153272509383696 1.7418269459430529
2.7474548368547103 1.9961427827489775
2.55746153190198 2.2343868515811565
2.3468770504574032 2.454640951282597
2.117396894943903 2.6551317253498166
1.8708687046415264 2.8342449399566916
1.60927737958236 2.990538480816073
1.3347290993025727 3.122753964236074
1.049434365123202 3.2298268688856426
0.7556902024932737 3.310895106694389
0.4558616666915128 3.365305963878828
0.1523628007918711 3.392621356209978
-0.15236280079187067 3.392621356209978
-0.45586166669151235 3.3653059638788285
-0.7556902024932732 3.310895106694389
-1.0494343651232019 3.229826868885643
-1.3347290993025716 3.122753964236075
-1.6092773795823598 2.990538480816073
-1.8708687046415258 2.834244939956692
-2.1173968949439024 2.655131725349817
-2.3468770504574032 2.454640951282597
-2.5574615319019793 2.234386851581157
-2.74745483685471 1.996142782748978
-2.9153272509383696 1.741826945943053
-3.059727164182137 1.4734869427460537
-3.179491953390348 1.1932832890823548
-3.2736573429008535 0.9034720200141765
-3.341465168365668 0.6063865254737889
-3.382369481044503 0.3044187631797895
-3.3960409434630163 4.1589506711853405e-16
-3.382369481044503 -0.3044187631797886
-3.341465168365668 -0.6063865254737881
-3.273657342900854 -0.9034720200141758
-3.179491953390348 -1.193283289082354
-3.0597271641821373 -1.4734869427460529
-2.9153272509383705 -1.7418269459430513
-2.7474548368547107 -1.9961427827489773
-2.5574615319019802 -2.234386851581156
-2.3468770504574046 -2.4546409512825957
-2.1173968949439033 -2.655131725349816
-1.8708687046415264 -2.8342449399566916
-1.6092773795823605 -2.9905384808160727
-1.334729099302573 -3.122753964236074
-1.0494343651232025 -3.2298268688856426
-0.7556902024932741 -3.310895106694389
-0.4558616666915132 -3.365305963878828
-0.15236280079187148 -3.392621356209978
0.15236280079187026 -3.392621356209978
0.45586166669151196 -3.3653059638788285
0.7556902024932729 -3.310895106694389
1.0494343651232014 -3.229826868885643
1.334729099302572 -3.1227539642360744
1.6092773795823594 -2.9905384808160735
1.8708687046415253 -2.8342449399566925
2.117396894943902 -2.655131725349817
2.346877050457403 -2.4546409512825975
2.557461531901979 -2.2343868515811574
2.74745483685471 -1.9961427827489784
2.915327250938369 -1.7418269459430535
3.059727164182137 -1.4734869427460542
3.1794919533903476 -1.1932832890823553
3.2736573429008535 -0.9034720200141769
3.341465168365668 -0.6063865254737894
3.382369481044503 -0.3044187631797899
4.189849543108235 0.0
4.1729824406435 0.3755752174535888
4.1225169372406425 0.748126524090893
4.038859351459828 1.11465435584749
3.9226832449919007 1.4722076461369502
3.774923999535695 1.8179075861037937
3.5967712856545946 2.14897080309968
3.3896594842486714 2.4627317707633773
3.1552561377630783 2.7566642702717195
2.8954485241167816 3.028401729968176
2.6123284614504594 3.275756279606309
2.3081754660367984 3.4967363657945527
1.9854383989558042 3.689562786813107
1.6467157493052917 3.8526830177000284
1.2947347126945536 3.984783710269359
0.932329233468882 4.08480126741848
0.5624171874560304 4.151930406586596
0.18797688894573372 4.185630643416422
-0.1879768889457332 4.185630643416422
-0.5624171874560299 4.1519304065865965
-0.9323292334688814 4.08480126741848
-1.2947347126945532 3.9847837102693595
-1.6467157493052904 3.8526830177000297
-1.9854383989558038 3.689562786813107
-2.3081754660367975 3.496736365794553
-2.612328461450459 3.2757562796063096
-2.8954485241167816 3.028401729968176
-3.155256137763078 2.75666427027172
-3.389659484248671 2.462731770763378
-3.5967712856545946 2.1489708030996804
-3.7749239995356945 1.817907586103794
-3.9226832449919007 1.4722076461369507
-4.038859351459828 1.1146543558474904
-4.1225169372406425 0.7481265240908935
-4.1729824406435 0.37557521745358935
-4.189849543108235 5.131085831876501e-16
-4.1729824406435 -0.3755752174535883
-4.1225169372406425 -0.7481265240908924
-4.038859351459829 -1.1146543558474895
-3.9226832449919007 -1.4722076461369498
-3.774923999535695 -1.8179075861037932
-3.596771285654596 -2.148970803099678
-3.389659484248672 -2.462731770763377
-3.155256137763079 -2.756664270271719
-2.8954485241167838 -3.028401729968174
-2.61232846145046 -3.2757562796063087
-2.3081754660367984 -3.4967363657945527
-1.9854383989558047 -3.6895627868131067
-1.6467157493052922 -3.8526830177000284
-1.2947347126945543 -3.984783710269359
-0.9323292334688825 -4.08480126741848
-0.5624171874560309 -4.151930406586596
-0.1879768889457342 -4.185630643416422
0.1879768889457327 -4.185630643416422
0.5624171874560293 -4.1519304065865965
0.932329233468881 -4.08480126741848
1.2947347126945528 -3.9847837102693595
1.6467157493052909 -3.852683017700029
1.9854383989558033 -3.6895627868131076
2.308175466036797 -3.4967363657945536
2.612328461450458 -3.2757562796063096
2.895448524116781 -3.0284017299681762
3.1552561377630775 -2.7566642702717203
3.389659484248671 -2.4627317707633782
3.596771285654594 -2.148970803099681
3.7749239995356945 -1.8179075861037945
3.9226832449919002 -1.472207646136951
4.038859351459828 -1.1146543558474908
4.1225169372406425 -0.748126524090894
4.1729824406435 -0.37557521745358985
4.79131571965276 0.0
4.772027291189448 0.4294902298478305
4.714317304884087 0.8555224569010919
4.618650407613485 1.2746665201704441
4.485796852983241 1.6835477181111602
4.3168262996986115 2.0788739797356732
4.113099199301568 2.4574623704334595
3.876255842614914 2.81626471908899
3.60820315308505 3.1523921601632536
3.3110993333556418 3.463138393140457
2.9873364886889346 3.746001472068492
2.639521367140714 3.998703949756628
2.2704543715577064 4.219211214441171
1.8831070123804678 4.405747871283053
1.480597982788534 4.55681203680316
1.066168048816703 4.671187431165016
0.6431539566124604 4.747953170944863
0.2149615669179767 4.786491183543516
-0.21496156691797608 4.786491183543516
-0.6431539566124598 4.7479531709448635
-1.0661680488167025 4.671187431165016
-1.4805979827885336 4.55681203680316
-1.8831070123804663 4.405747871283054
-2.270454371557706 4.219211214441171
-2.639521367140713 3.9987039497566284
-2.987336488688934 3.7460014720684924
-3.3110993333556418 3.463138393140457
-3.6082031530850496 3.1523921601632545
-3.8762558426149134 2.8162647190889905
-4.113099199301568 2.45746237043346
-4.316826299698611 2.0788739797356737
-4.485796852983241 1.6835477181111607
-4.618650407613485 1.2746665201704446
-4.714317304884087 0.8555224569010924
-4.772027291189448 0.4294902298478311
-4.79131571965276 5.867669459777149e-16
-4.772027291189448 -0.42949022984782986
-4.714317304884087 -0.8555224569010912
-4.618650407613486 -1.2746665201704435
-4.485796852983241 -1.6835477181111598
-4.3168262996986115 -2.078873979735673
-4.11309919930157 -2.4574623704334573
-3.8762558426149143 -2.816264719088989
-3.6082031530850505 -3.152392160163253
-3.311099333355644 -3.4631383931404547
-2.987336488688935 -3.7460014720684915
-2.639521367140714 -3.998703949756628
-2.270454371557707 -4.219211214441171
-1.8831070123804685 -4.405747871283053
-1.4805979827885347 -4.55681203680316
-1.0661680488167036 -4.671187431165016
-0.643153956612461 -4.747953170944863
-0.21496156691797724 -4.786491183543516
0.21496156691797552 -4.786491183543516
0.6431539566124592 -4.7479531709448635
1.0661680488167018 -4.671187431165016
1.480597982788533 -4.55681203680316
1.8831070123804667 -4.405747871283053
2.2704543715577055 -4.219211214441172
2.6395213671407127 -3.998703949756629
2.9873364886889338 -3.7460014720684924
3.3110993333556413 -3.4631383931404573
3.6082031530850487 -3.152392160163255
3.8762558426149134 -2.816264719088991
4.113099199301568 -2.4574623704334604
4.316826299698611 -2.078873979735674
4.48579685298324 -1.6835477181111613
4.618650407613485 -1.274666520170445
4.714317304884087 -0.855522456901093
4.772027291189447 -0.4294902298478317
5.270244117491248 0.0
5.2490276641009075 0.4724210404443012
5.185549126337511 0.9410384244500184
5.080319596062355 1.402079120383697
4.934186319579254 1.8518310996492182
4.748325876105474 2.286673223759418
4.524234704647693 2.7031043996139883
4.263717055555016 3.0977717682425157
3.968870463756041 3.4674977000534564
3.6420688606409426 3.809305379239198
3.2859434605617746 4.120442771346596
2.903361575841629 4.398404781040226
2.497403530861767 4.64095342165705
2.071337861100903 4.846135834159113
1.628594996809393 5.012300010406252
1.1727396432019246 5.13810809415428
0.7074420795471381 5.222547152686811
0.23644860823704442 5.264937332353906
-0.23644860823704375 5.264937332353907
-0.7074420795471373 5.222547152686812
-1.1727396432019241 5.13810809415428
-1.6285949968093922 5.0123000104062525
-2.071337861100901 4.846135834159114
-2.4974035308617664 4.64095342165705
-2.903361575841628 4.398404781040226
-3.2859434605617737 4.120442771346596
-3.6420688606409426 3.809305379239198
-3.96887046375604 3.4674977000534573
-4.263717055555016 3.097771768242516
-4.524234704647693 2.703104399613989
-4.748325876105473 2.2866732237594185
-4.934186319579254 1.8518310996492189
-5.080319596062355 1.4020791203836978
-5.185549126337511 0.941038424450019
-5.2490276641009075 0.4724210404443019
-5.270244117491248 6.454187589210824e-16
-5.2490276641009075 -0.47242104044430056
-5.185549126337511 -0.9410384244500176
-5.080319596062356 -1.4020791203836964
-4.934186319579254 -1.8518310996492178
-4.748325876105474 -2.286673223759417
-4.524234704647695 -2.703104399613986
-4.263717055555017 -3.0977717682425148
-3.9688704637560415 -3.467497700053456
-3.642068860640945 -3.8093053792391953
-3.285943460561775 -4.120442771346595
-2.903361575841629 -4.398404781040226
-2.4974035308617677 -4.640953421657049
-2.0713378611009032 -4.846135834159113
-1.6285949968093933 -5.012300010406252
-1.1727396432019255 -5.13810809415428
-0.7074420795471387 -5.222547152686811
-0.23644860823704503 -5.264937332353906
0.2364486082370431 -5.264937332353907
0.7074420795471368 -5.222547152686812
1.1727396432019235 -5.13810809415428
1.6285949968093916 -5.0123000104062525
2.0713378611009015 -4.846135834159113
2.497403530861766 -4.64095342165705
2.903361575841627 -4.3984047810402265
3.285943460561773 -4.120442771346596
3.6420688606409417 -3.8093053792391984
3.9688704637560397 -3.4674977000534577
4.263717055555016 -3.0977717682425165
4.524234704647693 -2.7031043996139896
4.748325876105473 -2.286673223759419
4.934186319579254 -1.8518310996492195
5.080319596062355 -1.4020791203836982
5.185549126337511 -0.9410384244500195
5.249027664100907 -0.47242104044430255
5.666368352925192 0.0
5.643557219821633 0.5079293431485009
5.575307482341978 1.0117691378835876
5.462168647242218 1.5074627624310544
5.305051641898017 1.9910191831891766
5.105221480053105 2.4585450881845814
4.864287076672424 2.9062762337310253
4.58418829390486 3.330607751906219
4.26718032245384 3.728123174828708
3.91581552410782 4.095621942048405
3.5329228816239264 4.430145169577431
3.121585221422211 4.728999473084195
2.685114392479989 4.989778653440347
2.2270246012712147 5.210383070021333
1.7510041174422641 5.38903654577814
1.260885578033417 5.5243006679705156
0.7606151293389583 5.615086369420583
0.25422065485751577 5.660662697041395
-0.25422065485751505 5.660662697041396
-0.7606151293389575 5.615086369420584
-1.2608855780334163 5.5243006679705156
-1.7510041174422635 5.38903654577814
-2.227024601271213 5.210383070021335
-2.6851143924799885 4.989778653440347
-3.1215852214222095 4.728999473084196
-3.5329228816239255 4.430145169577432
-3.91581552410782 4.095621942048405
-4.26718032245384 3.728123174828709
-4.58418829390486 3.33060775190622
-4.864287076672424 2.9062762337310257
-5.105221480053105 2.458545088184582
-5.305051641898017 1.9910191831891773
-5.462168647242218 1.507462762431055
-5.575307482341978 1.011769137883588
-5.643557219821633 0.5079293431485016
-5.666368352925192 6.939299866199696e-16
-5.643557219821633 -0.5079293431485002
-5.575307482341978 -1.0117691378835867
-5.462168647242218 -1.5074627624310537
-5.305051641898017 -1.9910191831891761
-5.105221480053105 -2.4585450881845805
-4.864287076672426 -2.9062762337310226
-4.584188293904861 -3.3306077519062187
-4.267180322453841 -3.7281231748287076
-3.9158155241078227 -4.095621942048402
-3.532922881623927 -4.43014516957743
-3.121585221422211 -4.728999473084195
-2.68511439247999 -4.9897786534403465
-2.227024601271215 -5.210383070021333
-1.7510041174422648 -5.38903654577814
-1.2608855780334176 -5.5243006679705156
-0.7606151293389589 -5.615086369420583
-0.25422065485751644 -5.660662697041395
0.2542206548575144 -5.660662697041396
0.7606151293389568 -5.615086369420584
1.2608855780334156 -5.5243006679705156
1.751004117442263 -5.38903654577814
2.2270246012712134 -5.210383070021334
2.685114392479988 -4.989778653440348
3.1215852214222086 -4.728999473084197
3.532922881623925 -4.430145169577432
3.9158155241078196 -4.095621942048405
4.267180322453839 -3.7281231748287094
4.58418829390486 -3.3306077519062205
4.864287076672423 -2.9062762337310266
5.105221480053105 -2.4585450881845827
5.305051641898017 -1.991019183189178
5.462168647242218 -1.5074627624310557
5.575307482341978 -1.0117691378835887
5.643557219821632 -0.5079293431485024
6.005561013774278 0.0
5.981384390739168 0.5383343388521297
5.909049177586895 1.0723343261432874
5.7891377749213415 1.5977005079627125
5.62261563885001 2.110202944724707
5.410823507699115 2.605715268155017
5.155466607176929 3.080247904381908
4.858600920899029 3.5299801956391548
4.522616636817127 3.951291161955857
4.150218902831093 4.340788655158071
3.7444060465286597 4.695336670451348
3.308445434414679 5.0120805956874035
2.845847164997203 5.288470195022651
2.3603358075382053 5.522280141917693
1.8558204140118897 5.7116279361581554
1.3363630457166829 5.854989060639513
0.8061460679461115 5.951209255882417
0.26943847604264975 5.9995138134513315
-0.26943847604264903 5.999513813451332
-0.8061460679461108 5.951209255882418
-1.3363630457166822 5.854989060639513
-1.855820414011889 5.711627936158156
-2.3603358075382035 5.522280141917695
-2.8458471649972026 5.288470195022651
-3.308445434414678 5.0120805956874035
-3.7444060465286593 4.695336670451348
-4.150218902831093 4.340788655158071
-4.522616636817127 3.951291161955858
-4.858600920899028 3.529980195639155
-5.155466607176929 3.080247904381909
-5.410823507699115 2.6057152681550173
-5.62261563885001 2.1102029447247075
-5.7891377749213415 1.5977005079627131
-5.909049177586895 1.072334326143288
-5.981384390739168 0.5383343388521304
-6.005561013774278 7.354691072602803e-16
-5.981384390739168 -0.538334338852129
-5.909049177586895 -1.0723343261432865
-5.789137774921342 -1.5977005079627118
-5.62261563885001 -2.110202944724706
-5.410823507699115 -2.605715268155016
-5.155466607176931 -3.0802479043819053
-4.858600920899029 -3.529980195639154
-4.522616636817128 -3.9512911619558566
-4.150218902831096 -4.340788655158068
-3.7444060465286606 -4.695336670451347
-3.308445434414679 -5.0120805956874035
-2.845847164997204 -5.28847019502265
-2.360335807538206 -5.522280141917693
-1.8558204140118904 -5.7116279361581554
-1.3363630457166837 -5.854989060639513
-0.8061460679461122 -5.951209255882417
-0.2694384760426505 -5.9995138134513315
0.2694384760426483 -5.999513813451332
0.8061460679461101 -5.951209255882418
1.3363630457166815 -5.854989060639513
1.8558204140118884 -5.711627936158156
2.360335807538204 -5.522280141917694
2.8458471649972017 -5.288470195022652
3.308445434414677 -5.012080595687404
3.7444060465286584 -4.695336670451348
4.150218902831092 -4.340788655158072
4.522616636817126 -3.9512911619558584
4.858600920899028 -3.529980195639156
5.155466607176928 -3.0802479043819093
5.410823507699115 -2.605715268155018
5.622615638850009 -2.1102029447247084
5.7891377749213415 -1.5977005079627138
5.909049177586895 -1.0723343261432887
5.9813843907391675 -0.5383343388521312
6.306342358906895 0.0
6.2809548786045655 0.5652961707608627
6.204996842761373 1.1260409091435246
6.0790798208193255 1.6777194282270953
5.9042176226010925 2.21588993695763
5.681818135709417 2.7362194028379654
5.41367199004397 3.234518438957604
5.101938140702273 3.7067750344727997
4.7491264853426856 4.149186856958845
4.358077655964272 4.5581918665550205
3.9319401478081986 4.93049699541511
3.4741449695253412 5.263104661553402
2.9883780187120257 5.553336903612293
2.478550405229862 5.798856942232518
1.948766961248825 5.997687994426553
1.4032931915522295 6.148229189472896
0.8465209302002902 6.249268458185823
0.28293298006462436 6.299992291783787
-0.2829329800646236 6.299992291783788
-0.8465209302002893 6.249268458185824
-1.4032931915522289 6.148229189472896
-1.948766961248824 5.9976879944265535
-2.47855040522986 5.798856942232519
-2.9883780187120252 5.553336903612293
-3.4741449695253395 5.2631046615534025
-3.931940147808198 4.930496995415111
-4.358077655964272 4.5581918665550205
-4.749126485342685 4.149186856958845
-5.101938140702272 3.7067750344728
-5.41367199004397 3.234518438957605
-5.681818135709416 2.7362194028379663
-5.9042176226010925 2.215889936957631
-6.0790798208193255 1.677719428227096
-6.204996842761373 1.1260409091435253
-6.2809548786045655 0.5652961707608635
-6.306342358906895 7.723041984162698e-16
-6.2809548786045655 -0.5652961707608618
-6.204996842761373 -1.1260409091435237
-6.079079820819326 -1.6777194282270946
-5.9042176226010925 -2.215889936957629
-5.681818135709417 -2.7362194028379645
-5.413671990043973 -3.2345184389576014
-5.1019381407022735 -3.7067750344727988
-4.749126485342686 -4.149186856958844
-4.358077655964275 -4.558191866555018
-3.9319401478081994 -4.930496995415109
-3.4741449695253412 -5.263104661553402
-2.9883780187120266 -5.553336903612292
-2.478550405229863 -5.798856942232518
-1.9487669612488256 -5.997687994426553
-1.4032931915522304 -6.148229189472896
-0.8465209302002908 -6.249268458185823
-0.2829329800646251 -6.299992291783787
0.2829329800646228 -6.299992291783788
0.8465209302002886 -6.249268458185824
1.4032931915522282 -6.148229189472896
1.9487669612488234 -5.9976879944265535
2.4785504052298606 -5.7988569422325185
2.9883780187120244 -5.553336903612294
3.474144969525339 -5.263104661553403
3.9319401478081972 -4.930496995415111
4.358077655964271 -4.558191866555021
4.749126485342685 -4.1491868569588455
5.101938140702272 -3.706775034472801
5.41367199004397 -3.2345184389576054
5.681818135709416 -2.7362194028379667
5.904217622601092 -2.2158899369576313
6.0790798208193255 -1.6777194282270969
6.204996842761373 -1.126040909143526
6.280954878604565 -0.5652961707608642
6.585313109207326 0.0
6.558802574680359 0.5903029160220655
6.479484418335527 1.1758530600568153
6.347997263329398 1.7519359266423906
6.165399766920887 2.313913235268284
5.933162096785485 2.857260275082747
5.653154094089583 3.3776023352040787
5.327630218628851 3.8707499273203587
4.959211397243559 4.332732516985955
4.550863921656741 4.759830492030246
4.105875565637397 5.148605110687714
3.627829113779277 5.495926188324705
3.12057351502598 5.798997299845574
2.5881928931972076 6.05537829486328
2.034973664025188 6.263004944355526
1.465370023455575 6.420205560623092
0.8839680850807187 6.5257144567362575
0.29544895544960903 6.578682137101746
-0.29544895544960825 6.5786821371017465
-0.8839680850807178 6.5257144567362575
-1.4653700234555744 6.420205560623092
-2.034973664025187 6.263004944355526
-2.5881928931972054 6.0553782948632815
-3.120573515025979 5.798997299845574
-3.627829113779275 5.495926188324706
-4.105875565637396 5.148605110687715
-4.550863921656741 4.759830492030246
-4.959211397243558 4.332732516985956
-5.32763021862885 3.8707499273203596
-5.653154094089583 3.377602335204079
-5.933162096785484 2.857260275082748
-6.165399766920887 2.3139132352682847
-6.347997263329398 1.7519359266423913
-6.479484418335527 1.175853060056816
-6.558802574680359 0.5903029160220664
-6.585313109207326 8.064682620573856e-16
-6.558802574680359 -0.5903029160220647
-6.479484418335527 -1.1758530600568144
-6.347997263329399 -1.7519359266423897
-6.165399766920887 -2.3139132352682834
-5.933162096785485 -2.857260275082746
-5.653154094089585 -3.3776023352040756
-5.327630218628852 -3.8707499273203583
-4.95921139724356 -4.3327325169859545
-4.5508639216567435 -4.759830492030243
-4.1058755656373975 -5.148605110687714
-3.627829113779277 -5.495926188324705
-3.120573515025981 -5.798997299845573
-2.5881928931972085 -6.05537829486328
-2.0349736640251885 -6.263004944355526
-1.465370023455576 -6.420205560623092
-0.8839680850807194 -6.5257144567362575
-0.2954489554496098 -6.578682137101746
0.2954489554496075 -6.5786821371017465
0.8839680850807171 -6.5257144567362575
1.4653700234555738 -6.420205560623092
2.0349736640251863 -6.263004944355526
2.5881928931972062 -6.055378294863281
3.1205735150259786 -5.798997299845575
3.6278291137792746 -5.495926188324707
4.105875565637395 -5.148605110687715
4.55086392165674 -4.759830492030247
4.959211397243557 -4.332732516985957
5.32763021862885 -3.8707499273203605
5.653154094089582 -3.37760233520408
5.933162096785484 -2.8572602750827483
6.165399766920886 -2.3139132352682856
6.347997263329398 -1.751935926642392
6.479484418335527 -1.175853060056817
6.558802574680358 -0.5903029160220672
6.866943807122864 0.0
6.839299510204174 0.615548097149206
6.756589195072307 1.2261401629565867
6.619478796551829 1.8268600691305814
6.4290722469520185 2.412871172204262
6.186902587853014 2.979455255344628
5.894919626956428 3.5220505166602787
5.555474239380198 4.036288298147948
5.171299439794432 4.518028259558016
4.745488377794271 4.96339171397972
4.281469433678092 5.368792856747525
3.782978615145195 5.730967636231877
3.2540294771585527 6.047000034063691
2.6988808071601786 6.314345543199664
2.1220023358187663 6.53085165479685
1.5280387493865093 6.694775188948197
0.921772293416427 6.804796329742197
0.30808426893308677 6.860029251644559
-0.30808426893308594 6.86002925164456
-0.921772293416426 6.804796329742197
-1.5280387493865084 6.694775188948197
-2.1220023358187654 6.53085165479685
-2.6988808071601764 6.314345543199666
-3.2540294771585523 6.047000034063691
-3.782978615145194 5.7309676362318775
-4.281469433678091 5.368792856747525
-4.745488377794271 4.96339171397972
-5.171299439794431 4.518028259558017
-5.555474239380198 4.036288298147949
-5.894919626956428 3.5220505166602796
-6.186902587853014 2.9794552553446287
-6.4290722469520185 2.4128711722042624
-6.619478796551829 1.826860069130582
-6.756589195072307 1.2261401629565873
-6.839299510204174 0.6155480971492069
-6.866943807122864 8.409580753317755e-16
-6.839299510204174 -0.6155480971492051
-6.756589195072307 -1.2261401629565856
-6.61947879655183 -1.8268600691305805
-6.4290722469520185 -2.412871172204261
-6.186902587853014 -2.979455255344627
-5.89491962695643 -3.5220505166602756
-5.555474239380199 -4.036288298147948
-5.171299439794433 -4.518028259558015
-4.745488377794275 -4.963391713979717
-4.281469433678093 -5.3687928567475245
-3.782978615145195 -5.730967636231877
-3.2540294771585536 -6.04700003406369
-2.6988808071601795 -6.314345543199664
-2.122002335818767 -6.53085165479685
-1.5280387493865102 -6.694775188948197
-0.9217722934164276 -6.804796329742197
-0.3080842689330876 -6.860029251644559
0.3080842689330851 -6.86002925164456
0.9217722934164252 -6.804796329742197
1.5280387493865077 -6.694775188948197
2.1220023358187645 -6.53085165479685
2.698880807160177 -6.314345543199665
3.2540294771585514 -6.047000034063692
3.782978615145193 -5.730967636231878
4.28146943367809 -5.368792856747525
4.7454883777942705 -4.96339171397972
5.171299439794431 -4.518028259558018
5.555474239380198 -4.03628829814795
5.894919626956427 -3.5220505166602805
6.186902587853014 -2.9794552553446296
6.429072246952018 -2.4128711722042633
6.619478796551829 -1.826860069130583
6.756589195072307 -1.2261401629565882
6.839299510204173 -0.6155480971492078
1.0 0.5 0.4 0.32000000000000006 0.25600000000000006 0.20480000000000007 0.16384000000000007 0.13107200000000005 0.10485760000000005 0.08388608000000004 0.06710886400000003 