0.0 0.0
0.7979467395264226 0.0
0.5642335505448292 0.564233550544829
4.886014602255501e-17 0.7979467395264226
-0.564233550544829 0.5642335505448292
-0.7979467395264226 9.772029204511002e-17
-0.5642335505448293 -0.564233550544829
-1.4658043806766502e-16 -0.7979467395264226
0.564233550544829 -0.5642335505448293
1.3729131617422512 0.0
0.9707962066482092 0.9707962066482091
8.406668545174601e-17 1.3729131617422512
-0.9707962066482091 0.9707962066482092
-1.3729131617422512 1.6813337090349203e-16
-0.9707962066482093 -0.9707962066482091
-2.52200056355238e-16 -1.3729131617422512
0.9707962066482089 -0.9707962066482093
1.7935476316419547 0.0
1.2682296927150982 1.2682296927150982
1.098231183104318e-16 1.7935476316419547
-1.2682296927150982 1.2682296927150982
-1.7935476316419547 2.196462366208636e-16
-1.2682296927150984 -1.2682296927150982
-3.2946935493129537e-16 -1.7935476316419547
1.268229692715098 -1.2682296927150984
2.1387439787856657 0.0
1.5123203706212418 1.5123203706212416
1.30960298390777e-16 2.1387439787856657
-1.5123203706212416 1.5123203706212418
-2.1387439787856657 2.61920596781554e-16
-1.512320370621242 -1.5123203706212416
-3.92880895172331e-16 -2.1387439787856657
1.5123203706212414 -1.512320370621242
2.43259050925584 0.0
1.7201012449448416 1.7201012449448414
1.489532090398197e-16 2.43259050925584
-1.7201012449448414 1.7201012449448416
-2.43259050925584 2.979064180796394e-16
-1.7201012449448418 -1.7201012449448414
-4.468596271194591e-16 -2.43259050925584
1.720101244944841 -1.7201012449448418
2.8383332166131137 0.0
2.0070046647341586 2.007004664734158
1.7379778443194305e-16 2.8383332166131137
-2.007004664734158 2.0070046647341586
-2.8383332166131137 3.475955688638861e-16
-2.007004664734159 -2.007004664734158
-5.213933532958291e-16 -2.8383332166131137
2.007004664734158 -2.007004664734159
3.0758838744192754 0.0
2.1749783457442207 2.17497834574422
1.8834356706782624e-16 3.0758838744192754
-2.17497834574422 2.1749783457442207
-3.0758838744192754 3.766871341356525e-16
-2.174978345744221 -2.17497834574422
-5.650307012034787e-16 -3.0758838744192754
2.17497834574422 -2.174978345744221
3.4338435275823005 0.0
2.4280940438869805 2.42809404388698
2.1026227424132601e-16 3.4338435275823005
-2.42809404388698 2.4280940438869805
-3.4338435275823005 4.2052454848265203e-16
-2.428094043886981 -2.42809404388698
-6.30786822723978e-16 -3.4338435275823005
2.4280940438869796 -2.428094043886981
2.6420597459255895 0.0
1.8682183626439912 1.868218362643991
1.6177950055019213e-16 2.6420597459255895
-1.868218362643991 1.8682183626439912
-2.6420597459255895 3.2355900110038425e-16
-1.8682183626439917 -1.868218362643991
-4.853385016505764e-16 -2.6420597459255895
1.8682183626439908 -1.8682183626439917
3.818703196607173 0.0
2.700230925659678 2.7002309256596777
2.33828132330937e-16 3.818703196607173
-2.7002309256596777 2.700230925659678
-3.818703196607173 4.67656264661874e-16
-2.7002309256596786 -2.7002309256596777
-7.01484396992811e-16 -3.818703196607173
2.7002309256596773 -2.7002309256596786
3.2570621637252235 0.0
2.303090742716235 2.3030907427162344
1.9943753767150237e-16 3.2570621637252235
-2.3030907427162344 2.303090742716235
-3.2570621637252235 3.9887507534300474e-16
-2.3030907427162353 -2.3030907427162344
-5.983126130145071e-16 -3.2570621637252235
2.303090742716234 -2.3030907427162353
3.627085742257388 0.0
2.5647369242952416 2.564736924295241
2.220949472244256e-16 3.627085742257388
-2.564736924295241 2.5647369242952416
-3.627085742257388 4.441898944488512e-16
-2.564736924295242 -2.564736924295241
-6.662848416732768e-16 -3.627085742257388
2.5647369242952407 -2.564736924295242
1.0 0.5 0.4 0.32000000000000006 0.25600000000000006 0.20480000000000007 0.16384000000000007 0.13107200000000005 0.10485760000000005 0.08388608000000004 0.06710886400000003 0.05368709120000003 0.042949672960000025 