0.0 0.0
3.2116493186284543 0.0
3.2038259023052054 0.2240333313702437
3.1803937682333796 0.44697519486980325
3.141467075414784 0.6677394401497465
3.0872354707839342 0.8852505259982142
3.017963165267249 1.0984487602690902
2.9339876465739785 1.3062954625956185
2.835718034990007 1.5077780247367418
2.7236330901849435 1.7019148439026643
2.59827887874314 1.8877601050249755
2.4602661137821795 2.064408388672587
2.3102671796199576 2.2309990821641907
2.1490128559858714 2.3867205723867344
1.9772887577354394 2.5308141998929234
1.795931507413691 2.6625779550137874
1.6058246593142276 2.781369897979224
1.4078943948915148 2.886611286384031
1.20310501049794 2.9777893947627265
0.9924542194289129 3.0544600125364814
0.7769682911639775 3.116249608162405
0.5576970514850699 3.162857148941677
0.33570876783083864 3.1940555676205937
0.11208494480506358 3.209692868639406
-0.11208494480506247 3.209692868639406
-0.33570876783083825 3.194055567620594
-0.5576970514850694 3.162857148941677
-0.7769682911639771 3.116249608162405
-0.9924542194289125 3.054460012536482
-1.2031050104979404 2.9777893947627265
-1.4078943948915148 2.886611286384031
-1.6058246593142265 2.7813698979792245
-1.7959315074136906 2.6625779550137874
-1.9772887577354394 2.5308141998929234
-2.1490128559858714 2.386720572386735
-2.3102671796199576 2.2309990821641907
-2.460266113782179 2.0644083886725872
-2.5982788787431397 1.8877601050249757
-2.7236330901849435 1.7019148439026643
-2.835718034990006 1.5077780247367427
-2.933987646573978 1.3062954625956193
-3.0179631652672487 1.0984487602690907
-3.0872354707839333 0.8852505259982157
-3.141467075414784 0.6677394401497465
-3.1803937682333796 0.4469751948698042
-3.2038259023052054 0.2240333313702444
-3.2116493186284543 3.9331360580421147e-16
-3.203825902305206 -0.22403333137024217
-3.1803937682333796 -0.4469751948698035
-3.141467075414784 -0.6677394401497457
-3.0872354707839342 -0.8852505259982136
-3.017963165267249 -1.09844876026909
-2.9339876465739794 -1.3062954625956174
-2.8357180349900064 -1.507778024736742
-2.7236330901849435 -1.701914843902664
-2.5982788787431406 -1.887760105024975
-2.4602661137821795 -2.064408388672587
-2.310267179619957 -2.230999082164191
-2.1490128559858723 -2.386720572386734
-1.9772887577354386 -2.530814199892924
-1.7959315074136923 -2.6625779550137865
-1.6058246593142285 -2.7813698979792236
-1.4078943948915157 -2.8866112863840305
-1.203105010497941 -2.9777893947627265
-0.9924542194289132 -3.0544600125364814
-0.7769682911639771 -3.116249608162405
-0.5576970514850695 -3.162857148941677
-0.3357087678308383 -3.194055567620594
-0.11208494480506541 -3.2096928686394057
0.11208494480506423 -3.209692868639406
0.33570876783083714 -3.194055567620594
0.5576970514850684 -3.1628571489416775
0.776968291163976 -3.1162496081624056
0.9924542194289121 -3.054460012536482
1.20310501049794 -2.9777893947627265
1.4078943948915146 -2.886611286384031
1.6058246593142276 -2.781369897979224
1.7959315074136892 -2.6625779550137887
1.97728875773544 -2.530814199892923
2.14901285598587 -2.3867205723867357
2.3102671796199563 -2.230999082164192
2.4602661137821786 -2.0644083886725877
2.5982788787431397 -1.8877601050249762
2.7236330901849417 -1.7019148439026672
2.8357180349900064 -1.5077780247367418
2.933987646573979 -1.3062954625956185
3.017963165267249 -1.0984487602690898
3.0872354707839333 -0.8852505259982161
3.141467075414784 -0.6677394401497483
3.1803937682333796 -0.44697519486980464
3.203825902305206 -0.22403333137024195
1.0 0.5 