0.0 0.0
1.0094271101299486 0.0
0.8741895206412478 0.5047135550649742
0.5047135550649744 0.8741895206412477
6.180958396966022e-17 1.0094271101299486
-0.5047135550649741 0.8741895206412478
-0.8741895206412478 0.5047135550649742
-1.0094271101299486 1.2361916793932044e-16
-0.8741895206412479 -0.504713555064974
-0.5047135550649747 -0.8741895206412474
-1.8542875190898064e-16 -1.0094271101299486
0.5047135550649744 -0.8741895206412477
0.8741895206412474 -0.5047135550649747
1.6748245055417197 0.0
1.4504405686798407 0.8374122527708597
0.8374122527708601 1.4504405686798405
1.0255342349226077e-16 1.6748245055417197
-0.8374122527708595 1.4504405686798407
-1.4504405686798407 0.8374122527708597
-1.6748245055417197 2.0510684698452155e-16
-1.450440568679841 -0.8374122527708594
-0.8374122527708606 -1.45044056867984
-3.076602704767823e-16 -1.6748245055417197
0.8374122527708601 -1.4504405686798405
1.45044056867984 -0.8374122527708606
2.134247231084255 0.0
1.8483123200755622 1.0671236155421273
1.0671236155421278 1.848312320075562
1.3068495200682172e-16 2.134247231084255
-1.067123615542127 1.8483123200755622
-1.8483123200755622 1.0671236155421273
-2.134247231084255 2.6136990401364344e-16
-1.8483123200755625 -1.0671236155421269
-1.0671236155421284 -1.8483123200755616
-3.9205485602046514e-16 -2.134247231084255
1.0671236155421278 -1.848312320075562
1.8483123200755616 -1.0671236155421284
2.5041506808110876 0.0
2.168658104486499 1.2520753404055436
1.252075340405544 2.1686581044864988
1.533350057918982e-16 2.5041506808110876
-1.2520753404055431 2.168658104486499
-2.168658104486499 1.2520753404055436
-2.5041506808110876 3.066700115837964e-16
-2.1686581044864996 -1.2520753404055431
-1.252075340405545 -2.1686581044864983
-4.600050173756945e-16 -2.5041506808110876
1.252075340405544 -2.1686581044864988
2.1686581044864983 -1.252075340405545
2.817287046230802 0.0
2.439842151788699 1.4086435231154009
1.4086435231154013 2.4398421517886986
1.7250907817229266e-16 2.817287046230802
-1.4086435231154004 2.439842151788699
-2.439842151788699 1.4086435231154009
-2.817287046230802 3.4501815634458533e-16
-2.4398421517886995 -1.4086435231154002
-1.4086435231154024 -2.439842151788698
-5.17527234516878e-16 -2.817287046230802
1.4086435231154013 -2.4398421517886986
2.439842151788698 -1.4086435231154024
3.0902977133230958 0.0
2.6762763249947614 1.5451488566615477
1.5451488566615483 2.6762763249947614
1.8922616015167571e-16 3.0902977133230958
-1.5451488566615472 2.6762763249947614
-2.6762763249947614 1.5451488566615477
-3.0902977133230958 3.7845232030335143e-16
-2.676276324994762 -1.545148856661547
-1.5451488566615492 -2.6762763249947605
-5.676784804550271e-16 -3.0902977133230958
1.5451488566615483 -2.6762763249947614
2.6762763249947605 -1.5451488566615492
3.333717568566299 0.0
2.8870841034209063 1.6668587842831493
1.66685878428315 2.887084103420906
2.0413132748030075e-16 3.333717568566299
-1.6668587842831488 2.8870841034209063
-2.8870841034209063 1.6668587842831493
-3.333717568566299 4.082626549606015e-16
-2.8870841034209067 -1.6668587842831486
-1.666858784283151 -2.8870841034209054
-6.123939824409022e-16 -3.333717568566299
1.66685878428315 -2.887084103420906
2.8870841034209054 -1.666858784283151
3.5550168898955175 0.0
3.078734937532265 1.7775084449477585
1.7775084449477592 3.0787349375322646
2.176820027562662e-16 3.5550168898955175
-1.7775084449477578 3.078734937532265
-3.078734937532265 1.7775084449477585
-3.5550168898955175 4.353640055125324e-16
-3.0787349375322655 -1.7775084449477578
-1.7775084449477603 -3.0787349375322637
-6.530460082687986e-16 -3.5550168898955175
1.7775084449477592 -3.0787349375322646
3.0787349375322637 -1.7775084449477603
3.914738388644551 0.0
3.3902628937363404 1.9573691943222753
1.957369194322276 3.39026289373634
2.3970859185764083e-16 3.914738388644551
-1.9573691943222746 3.3902628937363404
-3.3902628937363404 1.9573691943222753
-3.914738388644551 4.794171837152817e-16
-3.390262893736341 -1.9573691943222744
-1.9573691943222773 -3.390262893736339
-7.191257755729224e-16 -3.914738388644551
1.957369194322276 -3.39026289373634
3.390262893736339 -1.9573691943222773
4.153215546948897 0.0
3.5967901710502272 2.076607773474448
2.076607773474449 3.596790171050227
2.5431110628699953e-16 4.153215546948897
-2.0766077734744477 3.5967901710502272
-3.5967901710502272 2.076607773474448
-4.153215546948897 5.086222125739991e-16
-3.5967901710502277 -2.0766077734744472
-2.0766077734744504 -3.596790171050226
-7.629333188609986e-16 -4.153215546948897
2.076607773474449 -3.596790171050227
3.596790171050226 -2.0766077734744504
3.734801559552905 0.0
3.234433028666556 1.8674007797764522
1.867400779776453 3.2344330286665555
2.286906387678504e-16 3.734801559552905
-1.8674007797764516 3.234433028666556
-3.234433028666556 1.8674007797764522
-3.734801559552905 4.573812775357008e-16
-3.2344330286665564 -1.8674007797764514
-1.867400779776454 -3.2344330286665546
-6.860719163035511e-16 -3.734801559552905
1.867400779776453 -3.2344330286665555
3.2344330286665546 -1.867400779776454
1.0 0.5 0.4 0.32000000000000006 0.25600000000000006 0.20480000000000007 0.16384000000000007 0.13107200000000005 0.10485760000000005 0.08388608000000004 0.06710886400000003 0.05368709120000003 