0.0 0.0
2.235879516330761 0.0
2.2273713197406404 0.19486973994008217
2.201911482483719 0.38825640349365426
2.159693769294593 0.5786882013810135
2.101039482462382 0.7647158326343737
2.0263950165263074 0.944923514653342
1.9363284609437028 1.1179397581653803
1.831525276586225 1.2824478050872983
1.7127830789687277 1.4371956498493454
1.5810055679135793 1.581005567913579
1.4371956498493457 1.7127830789687277
1.2824478050872985 1.8315252765862249
1.1179397581653807 1.9363284609437026
0.944923514653342 2.0263950165263074
0.7647158326343739 2.1010394824623817
0.578688201381014 2.1596937692945923
0.3882564034936544 2.201911482483719
0.1948697399400821 2.2273713197406404
1.3690813464767993e-16 2.235879516330761
-0.19486973994008183 2.2273713197406404
-0.3882564034936542 2.201911482483719
-0.5786882013810137 2.159693769294593
-0.7647158326343733 2.101039482462382
-0.9449235146533418 2.0263950165263074
-1.11793975816538 1.9363284609437028
-1.2824478050872985 1.8315252765862249
-1.4371956498493457 1.7127830789687277
-1.581005567913579 1.5810055679135793
-1.7127830789687275 1.437195649849346
-1.8315252765862253 1.282447805087298
-1.9363284609437024 1.1179397581653812
-2.0263950165263074 0.9449235146533421
-2.1010394824623817 0.764715832634374
-2.159693769294593 0.5786882013810131
-2.201911482483719 0.3882564034936541
-2.2273713197406404 0.19486973994008222
-2.235879516330761 2.7381626929535987e-16
-2.2273713197406404 -0.19486973994008167
-2.2019114824837196 -0.38825640349365353
-2.159693769294593 -0.5786882013810126
-2.101039482462382 -0.7647158326343736
-2.026395016526308 -0.9449235146533408
-1.9363284609437026 -1.1179397581653807
-1.8315252765862255 -1.2824478050872978
-1.7127830789687284 -1.4371956498493446
-1.5810055679135795 -1.581005567913579
-1.437195649849346 -1.7127830789687275
-1.2824478050872976 -1.8315252765862258
-1.1179397581653814 -1.9363284609437021
-0.9449235146533431 -2.0263950165263065
-0.7647158326343734 -2.101039482462382
-0.5786882013810133 -2.159693769294593
-0.38825640349365426 -2.201911482483719
-0.19486973994008236 -2.2273713197406404
-4.107244039430398e-16 -2.235879516330761
0.19486973994008155 -2.2273713197406404
0.3882564034936534 -2.2019114824837196
0.5786882013810125 -2.159693769294593
0.7647158326343744 -2.1010394824623817
0.9449235146533407 -2.026395016526308
1.117939758165379 -1.9363284609437035
1.2824478050872983 -1.831525276586225
1.4371956498493454 -1.712783078968728
1.5810055679135788 -1.5810055679135795
1.7127830789687273 -1.4371956498493461
1.8315252765862247 -1.2824478050872994
1.936328460943703 -1.1179397581653798
2.0263950165263065 -0.9449235146533432
2.101039482462382 -0.7647158326343735
2.159693769294593 -0.5786882013810134
2.201911482483719 -0.38825640349365437
2.2273713197406404 -0.1948697399400825
3.378552311037323 0.0
3.365695899480995 0.2944602360802749
3.3272245098668685 0.5866794519640272
3.2634309326995674 0.8744336829715946
3.1748006756209497 1.1555329456542545
3.0620082684037957 1.4278379048906165
2.9259121293729464 1.6892761555186613
2.767548032323521 1.9378579945903787
2.5881212236569224 2.171691564212614
2.388997249727973 2.388997249727973
2.1716915642126144 2.5881212236569224
1.937857994590379 2.7675480323235204
1.689276155518662 2.925912129372946
1.4278379048906165 3.0620082684037957
1.155532945654255 3.1748006756209493
0.8744336829715953 3.263430932699567
0.5866794519640274 3.3272245098668685
0.29446023608027483 3.365695899480995
2.0687666367318753e-16 3.378552311037323
-0.2944602360802744 3.365695899480995
-0.586679451964027 3.3272245098668685
-0.874433682971595 3.2634309326995674
-1.1555329456542538 3.1748006756209497
-1.427837904890616 3.062008268403796
-1.6892761555186608 2.9259121293729464
-1.937857994590379 2.7675480323235204
-2.1716915642126144 2.5881212236569224
-2.388997249727973 2.388997249727973
-2.588121223656922 2.171691564212615
-2.7675480323235213 1.9378579945903782
-2.9259121293729455 1.6892761555186626
-3.0620082684037957 1.4278379048906165
-3.1748006756209493 1.1555329456542551
-3.2634309326995674 0.8744336829715941
-3.3272245098668685 0.5866794519640269
-3.365695899480995 0.294460236080275
-3.378552311037323 4.1375332734637507e-16
-3.365695899480995 -0.29446023608027416
-3.327224509866869 -0.586679451964026
-3.263430932699568 -0.8744336829715933
-3.1748006756209497 -1.1555329456542542
-3.0620082684037966 -1.4278379048906145
-2.925912129372946 -1.689276155518662
-2.7675480323235218 -1.9378579945903778
-2.5881212236569233 -2.1716915642126127
-2.3889972497279732 -2.388997249727973
-2.171691564212615 -2.588121223656922
-1.9378579945903776 -2.7675480323235218
-1.689276155518663 -2.925912129372945
-1.427837904890618 -3.062008268403795
-1.155532945654254 -3.1748006756209497
-0.8744336829715942 -3.2634309326995674
-0.5866794519640272 -3.3272245098668685
-0.29446023608027516 -3.365695899480995
-6.206299910195626e-16 -3.378552311037323
0.29446023608027394 -3.365695899480995
0.5866794519640259 -3.327224509866869
0.8744336829715931 -3.263430932699568
1.1555329456542554 -3.1748006756209493
1.4278379048906142 -3.0620082684037966
1.6892761555186593 -2.9259121293729473
1.9378579945903787 -2.767548032323521
2.171691564212614 -2.588121223656923
2.3889972497279723 -2.3889972497279732
2.5881212236569215 -2.171691564212615
2.76754803232352 -1.9378579945903802
2.9259121293729464 -1.6892761555186604
3.062008268403795 -1.4278379048906182
3.1748006756209497 -1.155532945654254
3.2634309326995674 -0.8744336829715944
3.3272245098668685 -0.5866794519640273
3.365695899480995 -0.29446023608027544
4.158298798793247 0.0
4.142475216439107 0.36241962037552017
4.095124896392941 0.7220810086050328
4.016608203181208 1.076246924354627
3.907522696248921 1.4222219511542225
3.768698582171467 1.7573730101444405
3.601192396281268 2.079149399396623
3.4062789617959472 2.385102206294666
3.185441687643888 2.6729029452387185
2.9403612788265803 2.94036127882658
2.672902945238719 3.185441687643888
2.3851022062946665 3.406278961795947
2.079149399396624 3.6011923962812675
1.7573730101444405 3.768698582171467
1.422221951154223 3.9075226962489205
1.0762469243546282 4.016608203181207
0.7220810086050331 4.095124896392941
0.36241962037552006 4.142475216439107
2.5462236569202167e-16 4.158298798793247
-0.36241962037551956 4.142475216439107
-0.7220810086050327 4.095124896392941
-1.0762469243546275 4.016608203181208
-1.4222219511542213 3.907522696248921
-1.75737301014444 3.7686985821714676
-2.0791493993966226 3.601192396281268
-2.3851022062946665 3.406278961795947
-2.672902945238719 3.185441687643888
-2.94036127882658 2.9403612788265803
-3.1854416876438876 2.6729029452387194
-3.4062789617959477 2.3851022062946656
-3.601192396281267 2.079149399396625
-3.768698582171467 1.7573730101444407
-3.9075226962489205 1.4222219511542231
-4.016608203181208 1.0762469243546264
-4.095124896392941 0.7220810086050325
-4.142475216439107 0.36241962037552033
-4.158298798793247 5.092447313840433e-16
-4.142475216439107 -0.3624196203755193
-4.095124896392941 -0.7220810086050314
-4.016608203181208 -1.0762469243546255
-3.907522696248921 -1.4222219511542222
-3.7686985821714685 -1.7573730101444383
-3.6011923962812675 -2.079149399396624
-3.406278961795948 -2.385102206294665
-3.1854416876438894 -2.672902945238717
-2.9403612788265807 -2.94036127882658
-2.6729029452387194 -3.1854416876438876
-2.3851022062946647 -3.4062789617959486
-2.0791493993966252 -3.6011923962812666
-1.7573730101444427 -3.7686985821714662
-1.4222219511542216 -3.907522696248921
-1.0762469243546267 -4.016608203181208
-0.7220810086050328 -4.095124896392941
-0.36241962037552056 -4.142475216439107
-7.63867097076065e-16 -4.158298798793247
0.36241962037551906 -4.142475216439107
0.7220810086050312 -4.095124896392941
1.0762469243546253 -4.016608203181208
1.4222219511542236 -3.9075226962489205
1.757373010144438 -3.7686985821714685
2.079149399396621 -3.6011923962812693
2.385102206294666 -3.4062789617959472
2.6729029452387185 -3.1854416876438885
2.940361278826579 -2.9403612788265807
3.185441687643887 -2.67290294523872
3.4062789617959464 -2.385102206294668
3.6011923962812684 -2.079149399396622
3.7686985821714662 -1.757373010144443
3.907522696248921 -1.422221951154222
4.016608203181208 -1.0762469243546269
4.095124896392941 -0.722081008605033
4.142475216439107 -0.36241962037552083
4.742965489479175 0.0
4.724917073851275 0.41337668006206757
4.6709091863084335 0.823607313985199
4.581352859485707 1.22756979894121
4.456929671105805 1.622189736500368
4.298586556761072 2.0044638306598146
4.107528603161861 2.371482744739587
3.885209876699005 2.7204532431914603
3.6333223571206057 3.0487194498080656
3.353783060544498 3.3537830605444974
3.048719449808066 3.6333223571206057
2.7204532431914608 3.8852098766990046
2.371482744739588 4.10752860316186
2.0044638306598146 4.298586556761072
1.6221897365003686 4.456929671105804
1.227569798941211 4.581352859485707
0.8236073139851994 4.6709091863084335
0.41337668006206746 4.724917073851275
2.904228752578516e-16 4.742965489479175
-0.41337668006206685 4.724917073851275
-0.8236073139851989 4.6709091863084335
-1.2275697989412107 4.581352859485707
-1.622189736500367 4.456929671105805
-2.004463830659814 4.298586556761073
-2.3714827447395868 4.107528603161861
-2.7204532431914608 3.8852098766990046
-3.048719449808066 3.6333223571206057
-3.3537830605444974 3.353783060544498
-3.6333223571206053 3.048719449808067
-3.8852098766990055 2.7204532431914594
-4.107528603161859 2.3714827447395894
-4.298586556761072 2.004463830659815
-4.456929671105804 1.6221897365003688
-4.581352859485707 1.2275697989412093
-4.6709091863084335 0.8236073139851987
-4.724917073851275 0.41337668006206774
-4.742965489479175 5.808457505157032e-16
-4.724917073851275 -0.4133766800620665
-4.670909186308434 -0.8236073139851976
-4.581352859485708 -1.2275697989412082
-4.456929671105805 -1.6221897365003677
-4.298586556761074 -2.004463830659812
-4.10752860316186 -2.371482744739588
-3.885209876699006 -2.720453243191459
-3.6333223571206075 -3.0487194498080643
-3.3537830605444983 -3.3537830605444974
-3.048719449808067 -3.6333223571206053
-2.7204532431914585 -3.885209876699007
-2.37148274473959 -4.107528603161859
-2.0044638306598173 -4.298586556761071
-1.6221897365003672 -4.456929671105805
-1.2275697989412095 -4.581352859485707
-0.823607313985199 -4.6709091863084335
-0.413376680062068 -4.724917073851275
-8.712686257735546e-16 -4.742965489479175
0.4133766800620663 -4.724917073851275
0.8236073139851973 -4.670909186308434
1.227569798941208 -4.581352859485708
1.6221897365003692 -4.456929671105804
2.004463830659812 -4.298586556761074
2.3714827447395845 -4.107528603161862
2.7204532431914603 -3.885209876699005
3.0487194498080656 -3.633322357120606
3.3537830605444965 -3.3537830605444983
3.633322357120605 -3.0487194498080674
3.885209876699004 -2.720453243191462
4.107528603161861 -2.371482744739586
4.298586556761071 -2.0044638306598173
4.456929671105805 -1.6221897365003675
4.581352859485707 -1.2275697989412098
4.6709091863084335 -0.8236073139851993
4.724917073851275 -0.4133766800620683
5.201018082585586 0.0
5.181226638551057 0.45329859403174766
5.122002931286973 0.9031473120537391
5.0237976889658675 1.3461225336957447
4.8873583127797495 1.7788529500453167
4.7137231887657425 2.198045221344266
4.504213785061349 2.6005090412927925
4.260424594733995 2.983181417206791
3.98421100072601 3.3431499812416563
3.6776751552701232 3.6776751552701223
3.3431499812416567 3.98421100072601
2.9831814172067914 4.260424594733994
2.6005090412927934 4.504213785061348
2.198045221344266 4.7137231887657425
1.7788529500453174 4.887358312779749
1.3461225336957459 5.0237976889658675
0.9031473120537395 5.122002931286973
0.4532985940317475 5.181226638551057
3.184705073572971e-16 5.201018082585586
-0.4532985940317469 5.181226638551057
-0.903147312053739 5.122002931286973
-1.3461225336957452 5.0237976889658675
-1.7788529500453156 4.8873583127797495
-2.198045221344265 4.713723188765743
-2.6005090412927916 4.504213785061349
-2.9831814172067914 4.260424594733994
-3.3431499812416567 3.98421100072601
-3.6776751552701223 3.6776751552701232
-3.984211000726009 3.3431499812416576
-4.260424594733996 2.98318141720679
-4.504213785061348 2.6005090412927947
-4.7137231887657425 2.198045221344266
-4.887358312779749 1.7788529500453176
-5.0237976889658675 1.3461225336957439
-5.122002931286973 0.9031473120537389
-5.181226638551057 0.45329859403174777
-5.201018082585586 6.369410147145942e-16
-5.181226638551057 -0.4532985940317465
-5.122002931286974 -0.9031473120537375
-5.023797688965868 -1.3461225336957428
-4.8873583127797495 -1.7788529500453165
-4.713723188765744 -2.198045221344263
-4.504213785061348 -2.6005090412927934
-4.260424594733996 -2.9831814172067896
-3.9842110007260114 -3.3431499812416545
-3.6776751552701237 -3.6776751552701223
-3.3431499812416576 -3.984211000726009
-2.983181417206789 -4.260424594733997
-2.600509041292795 -4.5042137850613475
-2.1980452213442683 -4.713723188765742
-1.7788529500453159 -4.8873583127797495
-1.346122533695744 -5.0237976889658675
-0.9031473120537391 -5.122002931286973
-0.4532985940317481 -5.181226638551057
-9.554115220718913e-16 -5.201018082585586
0.4532985940317462 -5.181226638551057
0.9031473120537372 -5.122002931286974
1.3461225336957423 -5.023797688965868
1.7788529500453183 -4.887358312779749
2.1980452213442625 -4.713723188765744
2.6005090412927894 -4.504213785061351
2.983181417206791 -4.260424594733995
3.3431499812416563 -3.9842110007260105
3.677675155270122 -3.6776751552701237
3.9842110007260088 -3.343149981241658
4.260424594733994 -2.983181417206793
4.50421378506135 -2.600509041292791
4.713723188765742 -2.1980452213442687
4.8873583127797495 -1.778852950045316
5.0237976889658675 -1.3461225336957443
5.122002931286973 -0.9031473120537394
5.181226638551057 -0.45329859403174844
5.5695921844231195 0.0
5.548398204655535 0.4854219436349489
5.484977564336088 0.9671495331730524
5.3798129328320385 1.4415165307828544
5.233704676489274 1.9049127171819196
5.047764767361138 2.3538113675854837
4.823408320429686 2.7847960922115593
4.56234282372619 3.1945868370700508
4.2665551433162205 3.580064847154168
3.9382964020491844 3.9382964020491835
3.5800648471541683 4.2665551433162205
3.1945868370700516 4.56234282372619
2.78479609221156 4.823408320429685
2.3538113675854837 5.047764767361138
1.9049127171819202 5.233704676489273
1.4415165307828557 5.379812932832038
0.967149533173053 5.484977564336088
0.4854219436349487 5.548398204655535
3.410391620604944e-16 5.5695921844231195
-0.48542194363494806 5.548398204655535
-0.9671495331730523 5.484977564336088
-1.441516530782855 5.3798129328320385
-1.9049127171819185 5.233704676489274
-2.3538113675854833 5.047764767361139
-2.7847960922115584 4.823408320429686
-3.1945868370700516 4.56234282372619
-3.5800648471541683 4.2665551433162205
-3.9382964020491835 3.9382964020491844
-4.2665551433162205 3.5800648471541687
-4.5623428237261905 3.1945868370700503
-4.823408320429685 2.7847960922115615
-5.047764767361138 2.353811367585484
-5.233704676489273 1.9049127171819205
-5.3798129328320385 1.4415165307828535
-5.484977564336088 0.9671495331730522
-5.548398204655535 0.48542194363494906
-5.5695921844231195 6.820783241209888e-16
-5.548398204655535 -0.4854219436349477
-5.484977564336088 -0.9671495331730507
-5.379812932832039 -1.4415165307828521
-5.233704676489274 -1.9049127171819193
-5.047764767361141 -2.3538113675854806
-4.823408320429685 -2.78479609221156
-4.562342823726191 -3.19458683707005
-4.266555143316222 -3.580064847154166
-3.938296402049185 -3.9382964020491835
-3.5800648471541687 -4.2665551433162205
-3.194586837070049 -4.562342823726191
-2.7847960922115624 -4.823408320429684
-2.353811367585487 -5.047764767361137
-1.9049127171819187 -5.233704676489274
-1.4415165307828537 -5.3798129328320385
-0.9671495331730524 -5.484977564336088
-0.4854219436349494 -5.548398204655535
-1.023117486181483e-15 -5.5695921844231195
0.48542194363494734 -5.548398204655535
0.9671495331730504 -5.484977564336088
1.441516530782852 -5.379812932832039
1.9049127171819211 -5.233704676489273
2.3538113675854806 -5.047764767361141
2.784796092211556 -4.823408320429688
3.1945868370700508 -4.56234282372619
3.580064847154168 -4.266555143316221
3.938296402049183 -3.938296402049185
4.26655514331622 -3.5800648471541696
4.562342823726189 -3.1945868370700534
4.823408320429687 -2.784796092211558
5.047764767361137 -2.353811367585487
5.233704676489274 -1.9049127171819191
5.3798129328320385 -1.4415165307828541
5.484977564336088 -0.9671495331730527
5.548398204655535 -0.4854219436349497
6.205875368762759 0.0
6.182260139379617 0.5408776771639152
6.111594177385061 1.0776389486137423
5.994415293419144 1.606198736968431
5.831615289543393 2.122534383085476
5.624433172088629 2.622716260925939
5.37444572206867 3.102937684381379
5.083555494924715 3.559543878453677
4.75397634092965 3.989059794299584
4.388216556450713 4.388216556450713
3.989059794299585 4.75397634092965
3.5595438784536775 5.083555494924714
3.1029376843813803 5.37444572206867
2.622716260925939 5.624433172088629
2.1225343830854766 5.831615289543392
1.6061987369684323 5.994415293419143
1.0776389486137428 6.111594177385061
0.5408776771639151 6.182260139379617
3.8000027031313564e-16 6.205875368762759
-0.5408776771639143 6.182260139379617
-1.077638948613742 6.111594177385061
-1.6061987369684316 5.994415293419144
-2.1225343830854744 5.831615289543393
-2.6227162609259387 5.62443317208863
-3.102937684381378 5.37444572206867
-3.5595438784536775 5.083555494924714
-3.989059794299585 4.75397634092965
-4.388216556450713 4.388216556450713
-4.75397634092965 3.9890597942995853
-5.083555494924715 3.559543878453676
-5.374445722068669 3.1029376843813816
-5.624433172088629 2.6227162609259396
-5.831615289543392 2.122534383085477
-5.994415293419144 1.60619873696843
-6.111594177385061 1.0776389486137419
-6.182260139379617 0.5408776771639154
-6.205875368762759 7.600005406262713e-16
-6.182260139379617 -0.5408776771639139
-6.111594177385061 -1.0776389486137403
-5.994415293419145 -1.6061987369684285
-5.831615289543393 -2.1225343830854757
-5.624433172088632 -2.622716260925936
-5.37444572206867 -3.1029376843813803
-5.083555494924716 -3.5595438784536757
-4.753976340929652 -3.989059794299582
-4.388216556450714 -4.388216556450713
-3.9890597942995853 -4.75397634092965
-3.559543878453675 -5.083555494924717
-3.102937684381382 -5.3744457220686686
-2.6227162609259422 -5.6244331720886285
-2.122534383085475 -5.831615289543393
-1.6061987369684303 -5.994415293419144
-1.0776389486137423 -6.111594177385061
-0.5408776771639158 -6.182260139379617
-1.1400008109394068e-15 -6.205875368762759
0.5408776771639136 -6.182260139379617
1.07763894861374 -6.111594177385061
1.6061987369684283 -5.994415293419145
2.1225343830854775 -5.831615289543392
2.6227162609259356 -5.624433172088632
3.1029376843813754 -5.374445722068673
3.559543878453677 -5.083555494924715
3.989059794299584 -4.7539763409296505
4.388216556450712 -4.388216556450714
4.753976340929649 -3.9890597942995862
5.083555494924713 -3.5595438784536797
5.374445722068671 -3.102937684381377
5.6244331720886285 -2.6227162609259427
5.831615289543393 -2.1225343830854753
5.994415293419144 -1.6061987369684307
6.111594177385061 -1.0776389486137428
6.182260139379617 -0.5408776771639162
5.849836664467848 0.0
5.827576269845571 0.5098468594441784
5.760964501023011 1.0158134764340359
5.650508313782193 1.5140491395032833
5.497048346403289 2.000761974413045
5.301752521899712 2.472247802604413
5.066107159418782 2.9249183322339234
4.791905662455535 3.355328467241158
4.481234869969252 3.7602025266099655
4.13645917427891 4.136459174278909
3.7602025266099663 4.481234869969252
3.3553284672411587 4.791905662455534
2.9249183322339243 5.066107159418781
2.472247802604413 5.301752521899712
2.0007619744130456 5.497048346403288
1.5140491395032847 5.6505083137821925
1.0158134764340365 5.760964501023011
0.5098468594441783 5.827576269845571
3.5819918733376894e-16 5.849836664467848
-0.5098468594441775 5.827576269845571
-1.0158134764340359 5.760964501023011
-1.514049139503284 5.650508313782193
-2.000761974413044 5.497048346403289
-2.4722478026044126 5.301752521899713
-2.9249183322339225 5.066107159418782
-3.3553284672411587 4.791905662455534
-3.7602025266099663 4.481234869969252
-4.136459174278909 4.13645917427891
-4.481234869969252 3.760202526609967
-4.791905662455535 3.3553284672411574
-5.066107159418781 2.9249183322339256
-5.301752521899712 2.4722478026044135
-5.497048346403288 2.000761974413046
-5.650508313782193 1.5140491395032825
-5.760964501023011 1.0158134764340356
-5.827576269845571 0.5098468594441786
-5.849836664467848 7.163983746675379e-16
-5.827576269845571 -0.5098468594441772
-5.760964501023012 -1.015813476434034
-5.650508313782193 -1.5140491395032811
-5.497048346403289 -2.0007619744130447
-5.301752521899715 -2.47224780260441
-5.066107159418781 -2.9249183322339243
-4.791905662455536 -3.3553284672411565
-4.481234869969255 -3.7602025266099637
-4.136459174278911 -4.136459174278909
-3.760202526609967 -4.481234869969252
-3.355328467241156 -4.7919056624555365
-2.9249183322339265 -5.06610715941878
-2.472247802604416 -5.3017525218997115
-2.0007619744130443 -5.497048346403289
-1.5140491395032827 -5.650508313782193
-1.0158134764340359 -5.760964501023011
-0.509846859444179 -5.827576269845571
-1.0745975620013068e-15 -5.849836664467848
0.5098468594441768 -5.827576269845571
1.0158134764340339 -5.760964501023012
1.5140491395032807 -5.650508313782193
2.0007619744130465 -5.497048346403288
2.4722478026044095 -5.301752521899715
2.92491833223392 -5.066107159418784
3.355328467241158 -4.791905662455535
3.7602025266099655 -4.481234869969253
4.136459174278908 -4.136459174278911
4.481234869969251 -3.7602025266099677
4.791905662455533 -3.3553284672411605
5.066107159418783 -2.924918332233922
5.3017525218997115 -2.472247802604416
5.497048346403289 -2.0007619744130443
5.650508313782193 -1.5140491395032831
5.760964501023011 -1.0158134764340363
5.827576269845571 -0.5098468594441793
6.948477164772281 0.0
6.92203611135771 0.6055996882608701
6.842914183496028 1.2065903972229854
6.711713546833388 1.7983982247030323
6.529432717435903 2.3765191557905516
6.297458962479461 2.9365533411210047
6.017557742308866 3.47423858238614
5.691859274218592 3.985482770236705
5.322842320212917 4.466395027705476
4.913315322130355 4.913315322130355
4.4663950277054765 5.322842320212917
3.9854827702367057 5.691859274218591
3.4742385823861412 6.017557742308865
2.9365533411210047 6.297458962479461
2.3765191557905525 6.529432717435903
1.798398224703034 6.711713546833387
1.2065903972229859 6.842914183496028
0.6055996882608699 6.92203611135771
4.254715159393425e-16 6.948477164772281
-0.6055996882608691 6.92203611135771
-1.2065903972229852 6.842914183496028
-1.7983982247030332 6.711713546833388
-2.3765191557905503 6.529432717435903
-2.9365533411210043 6.297458962479462
-3.474238582386139 6.017557742308866
-3.9854827702367057 5.691859274218591
-4.4663950277054765 5.322842320212917
-4.913315322130355 4.913315322130355
-5.322842320212916 4.466395027705477
-5.691859274218592 3.9854827702367044
-6.017557742308865 3.4742385823861426
-6.297458962479461 2.936553341121005
-6.529432717435903 2.376519155790553
-6.711713546833388 1.7983982247030312
-6.842914183496028 1.206590397222985
-6.92203611135771 0.6055996882608703
-6.948477164772281 8.50943031878685e-16
-6.92203611135771 -0.6055996882608685
-6.8429141834960285 -1.2065903972229832
-6.711713546833389 -1.7983982247030297
-6.529432717435903 -2.376519155790551
-6.297458962479464 -2.936553341121001
-6.017557742308865 -3.4742385823861412
-5.691859274218593 -3.9854827702367035
-5.322842320212919 -4.466395027705473
-4.913315322130356 -4.913315322130355
-4.466395027705477 -5.322842320212916
-3.9854827702367026 -5.691859274218594
-3.4742385823861435 -6.017557742308864
-2.9365533411210083 -6.2974589624794595
-2.3765191557905503 -6.529432717435903
-1.7983982247030317 -6.711713546833388
-1.2065903972229854 -6.842914183496028
-0.6055996882608706 -6.92203611135771
-1.2764145478180274e-15 -6.948477164772281
0.6055996882608682 -6.92203611135771
1.2065903972229828 -6.8429141834960285
1.7983982247030292 -6.711713546833389
2.3765191557905534 -6.529432717435903
2.9365533411210007 -6.297458962479464
3.474238582386136 -6.017557742308869
3.985482770236705 -5.691859274218592
4.466395027705476 -5.322842320212918
4.913315322130354 -4.913315322130356
5.322842320212915 -4.466395027705478
5.69185927421859 -3.985482770236708
6.017557742308867 -3.474238582386138
6.2974589624794595 -2.9365533411210087
6.529432717435903 -2.3765191557905507
6.711713546833388 -1.798398224703032
6.842914183496028 -1.2065903972229857
6.92203611135771 -0.6055996882608712
6.563853476290258 0.0
6.538876032131428 0.5720775250128755
6.464133793086779 1.139801194630549
6.340195592726041 1.6988502889263057
6.168004675589888 2.244970106729483
5.948871518529446 2.774004346470436
5.684463857186162 3.2819267381451285
5.3767939935165705 3.7648716856609914
5.028203480959339 4.219163686357296
4.641345303799735 4.641345303799734
4.219163686357297 5.028203480959339
3.7648716856609923 5.37679399351657
3.28192673814513 5.684463857186161
2.774004346470436 5.948871518529446
2.2449701067294834 6.168004675589887
1.6988502889263073 6.34019559272604
1.1398011946305495 6.464133793086779
0.5720775250128753 6.538876032131428
4.019201074905546e-16 6.563853476290258
-0.5720775250128745 6.538876032131428
-1.1398011946305489 6.464133793086779
-1.6988502889263064 6.340195592726041
-2.244970106729481 6.168004675589888
-2.7740043464704356 5.9488715185294465
-3.2819267381451276 5.684463857186162
-3.7648716856609923 5.37679399351657
-4.219163686357297 5.028203480959339
-4.641345303799734 4.641345303799735
-5.028203480959338 4.219163686357297
-5.3767939935165705 3.7648716856609905
-5.684463857186161 3.281926738145131
-5.948871518529446 2.7740043464704365
-6.168004675589887 2.244970106729484
-6.340195592726041 1.6988502889263046
-6.464133793086779 1.1398011946305486
-6.538876032131428 0.5720775250128757
-6.563853476290258 8.038402149811092e-16
-6.538876032131428 -0.572077525012874
-6.46413379308678 -1.1398011946305469
-6.340195592726041 -1.6988502889263033
-6.168004675589888 -2.2449701067294825
-5.948871518529447 -2.7740043464704325
-5.684463857186161 -3.28192673814513
-5.376793993516571 -3.76487168566099
-5.02820348095934 -4.219163686357294
-4.641345303799736 -4.641345303799734
-4.219163686357297 -5.028203480959338
-3.764871685660989 -5.376793993516572
-3.281926738145132 -5.68446385718616
-2.7740043464704396 -5.948871518529444
-2.2449701067294816 -6.168004675589888
-1.698850288926305 -6.340195592726041
-1.139801194630549 -6.464133793086779
-0.572077525012876 -6.538876032131428
-1.2057603224716636e-15 -6.563853476290258
0.5720775250128737 -6.538876032131428
1.1398011946305466 -6.46413379308678
1.6988502889263029 -6.340195592726041
2.2449701067294847 -6.168004675589887
2.774004346470432 -5.948871518529447
3.2819267381451245 -5.684463857186165
3.7648716856609914 -5.3767939935165705
4.219163686357296 -5.0282034809593394
4.641345303799733 -4.641345303799736
5.028203480959337 -4.219163686357298
5.376793993516569 -3.7648716856609945
5.684463857186163 -3.2819267381451267
5.948871518529444 -2.7740043464704396
6.168004675589888 -2.244970106729482
6.340195592726041 -1.6988502889263055
6.464133793086779 -1.1398011946305493
6.538876032131428 -0.5720775250128765
6.740791451100139 0.0
6.715140704528123 0.5874986856276971
6.638383682481829 1.170526151516362
6.51110455224619 1.7446452066089733
6.334271984855537 2.305486458233712
6.109231782922135 2.848781565820508
5.83769663826569 3.370395725550069
5.5217330972944385 3.8663591387076144
5.163745833339174 4.332897224248117
4.766459345637217 4.766459345637216
4.332897224248118 5.163745833339174
3.8663591387076153 5.521733097294438
3.3703957255500705 5.837696638265689
2.848781565820508 6.109231782922135
2.305486458233713 6.334271984855536
1.7446452066089746 6.511104552246189
1.1705261515163627 6.638383682481829
0.5874986856276969 6.715140704528123
4.127544337154814e-16 6.740791451100139
-0.5874986856276961 6.715140704528123
-1.1705261515163619 6.638383682481829
-1.744645206608974 6.51110455224619
-2.3054864582337107 6.334271984855537
-2.848781565820507 6.109231782922136
-3.3703957255500683 5.83769663826569
-3.8663591387076153 5.521733097294438
-4.332897224248118 5.163745833339174
-4.766459345637216 4.766459345637217
-5.163745833339173 4.332897224248119
-5.521733097294439 3.8663591387076135
-5.837696638265689 3.370395725550072
-6.109231782922135 2.848781565820508
-6.334271984855536 2.3054864582337133
-6.51110455224619 1.744645206608972
-6.638383682481829 1.1705261515163616
-6.715140704528123 0.5874986856276974
-6.740791451100139 8.255088674309628e-16
-6.715140704528123 -0.5874986856276956
-6.63838368248183 -1.17052615151636
-6.511104552246191 -1.7446452066089706
-6.334271984855537 -2.3054864582337116
-6.109231782922138 -2.848781565820504
-5.837696638265689 -3.3703957255500705
-5.52173309729444 -3.866359138707613
-5.163745833339176 -4.332897224248114
-4.766459345637218 -4.766459345637216
-4.332897224248119 -5.163745833339173
-3.866359138707612 -5.521733097294441
-3.3703957255500727 -5.8376966382656885
-2.848781565820511 -6.109231782922134
-2.3054864582337107 -6.334271984855537
-1.7446452066089724 -6.51110455224619
-1.170526151516362 -6.638383682481829
-0.5874986856276977 -6.715140704528123
-1.238263301146444e-15 -6.740791451100139
0.5874986856276952 -6.715140704528123
1.1705261515163596 -6.63838368248183
1.7446452066089702 -6.511104552246191
2.305486458233714 -6.334271984855536
2.8487815658205036 -6.109231782922138
3.370395725550065 -5.837696638265693
3.8663591387076144 -5.5217330972944385
4.332897224248117 -5.163745833339175
4.766459345637215 -4.766459345637218
5.163745833339172 -4.332897224248119
5.521733097294437 -3.8663591387076175
5.837696638265691 -3.3703957255500674
6.109231782922134 -2.8487815658205116
6.334271984855537 -2.305486458233711
6.51110455224619 -1.7446452066089728
6.638383682481829 -1.1705261515163625
6.715140704528123 -0.5874986856276981
6.405741939920904 0.0
6.381366157893137 0.5582971966236311
6.308424326229567 1.112345414471892
6.187471576312638 1.6579280120634972
6.019428431602483 2.1908927763989947
5.805573801897571 2.7071835238088684
5.547535250058914 3.2028709699604514
5.247276605273941 3.6741826340842683
4.90708301713059 4.117531549830573
4.529543564249141 4.52954356424914
4.117531549830574 4.90708301713059
3.674182634084269 5.24727660527394
3.2028709699604527 5.547535250058914
2.7071835238088684 5.805573801897571
2.190892776398995 6.019428431602482
1.6579280120634985 6.187471576312638
1.1123454144718925 6.308424326229567
0.5582971966236309 6.381366157893137
3.922385681444046e-16 6.405741939920904
-0.5582971966236301 6.381366157893137
-1.1123454144718918 6.308424326229567
-1.6579280120634978 6.187471576312638
-2.1908927763989934 6.019428431602483
-2.7071835238088675 5.805573801897572
-3.2028709699604505 5.547535250058914
-3.674182634084269 5.24727660527394
-4.117531549830574 4.90708301713059
-4.52954356424914 4.529543564249141
-4.9070830171305895 4.1175315498305745
-5.2472766052739415 3.674182634084268
-5.547535250058913 3.202870969960454
-5.805573801897571 2.707183523808869
-6.019428431602482 2.1908927763989956
-6.187471576312638 1.657928012063496
-6.308424326229567 1.1123454144718916
-6.381366157893137 0.5582971966236312
-6.405741939920904 7.844771362888092e-16
-6.381366157893137 -0.5582971966236296
-6.308424326229568 -1.11234541447189
-6.187471576312639 -1.6579280120634945
-6.019428431602483 -2.1908927763989943
-5.805573801897573 -2.707183523808865
-5.547535250058914 -3.2028709699604527
-5.2472766052739415 -3.674182634084267
-4.907083017130593 -4.117531549830571
-4.529543564249142 -4.52954356424914
-4.1175315498305745 -4.9070830171305895
-3.6741826340842665 -5.247276605273942
-3.2028709699604545 -5.547535250058912
-2.7071835238088715 -5.8055738018975696
-2.1908927763989934 -6.019428431602483
-1.6579280120634963 -6.187471576312638
-1.112345414471892 -6.308424326229567
-0.5582971966236315 -6.381366157893137
-1.1767157044332136e-15 -6.405741939920904
0.5582971966236293 -6.381366157893137
1.1123454144718898 -6.308424326229568
1.6579280120634943 -6.187471576312639
2.1908927763989965 -6.019428431602482
2.7071835238088644 -5.805573801897573
3.2028709699604474 -5.547535250058917
3.6741826340842683 -5.247276605273941
4.117531549830573 -4.907083017130591
4.52954356424914 -4.529543564249142
4.9070830171305895 -4.1175315498305745
5.247276605273939 -3.6741826340842714
5.547535250058915 -3.2028709699604496
5.8055738018975696 -2.707183523808872
6.019428431602483 -2.190892776398994
6.187471576312638 -1.6579280120634967
6.308424326229567 -1.1123454144718925
6.381366157893137 -0.558297196623632
6.0199971879537975 0.0
5.99708928116679 0.5246773262549267
5.92853990380859 1.045361541248222
5.814870758032139 1.558089923706062
5.656946934672103 2.0589603010440802
5.455970329381262 2.5441607472569325
5.213470495478873 3.0099985939768983
4.931293003126335 3.4529285339098577
4.61158539342388 3.8695796027645093
4.256780834326078 4.256780834326077
3.86957960276451 4.61158539342388
3.452928533909858 4.931293003126335
3.0099985939768996 5.213470495478872
2.5441607472569325 5.455970329381262
2.058960301044081 5.656946934672102
1.5580899237060633 5.814870758032138
1.0453615412482224 5.92853990380859
0.5246773262549266 5.99708928116679
3.6861851435518424e-16 6.0199971879537975
-0.5246773262549258 5.99708928116679
-1.0453615412482218 5.92853990380859
-1.5580899237060626 5.814870758032139
-2.058960301044079 5.656946934672103
-2.544160747256932 5.4559703293812625
-3.0099985939768974 5.213470495478873
-3.452928533909858 4.931293003126335
-3.86957960276451 4.61158539342388
-4.256780834326077 4.256780834326078
-4.61158539342388 3.8695796027645106
-4.931293003126336 3.4529285339098568
-5.213470495478871 3.009998593976901
-5.455970329381262 2.544160747256933
-5.656946934672102 2.0589603010440816
-5.814870758032139 1.558089923706061
-5.92853990380859 1.0453615412482218
-5.99708928116679 0.5246773262549269
-6.0199971879537975 7.372370287103685e-16
-5.99708928116679 -0.5246773262549254
-5.92853990380859 -1.0453615412482202
-5.81487075803214 -1.5580899237060595
-5.656946934672103 -2.0589603010440802
-5.455970329381263 -2.5441607472569294
-5.213470495478872 -3.0099985939768996
-4.931293003126337 -3.4529285339098563
-4.611585393423883 -3.8695796027645075
-4.2567808343260785 -4.256780834326077
-3.8695796027645106 -4.61158539342388
-3.4529285339098554 -4.931293003126338
-3.0099985939769014 -5.213470495478871
-2.5441607472569356 -5.455970329381261
-2.0589603010440793 -5.656946934672103
-1.5580899237060613 -5.814870758032139
-1.045361541248222 -5.92853990380859
-0.5246773262549272 -5.99708928116679
-1.1058555430655527e-15 -6.0199971879537975
0.524677326254925 -5.99708928116679
1.0453615412482198 -5.92853990380859
1.5580899237060593 -5.81487075803214
2.058960301044082 -5.656946934672102
2.544160747256929 -5.455970329381263
3.0099985939768947 -5.213470495478875
3.4529285339098577 -4.931293003126335
3.8695796027645093 -4.611585393423881
4.256780834326076 -4.2567808343260785
4.611585393423879 -3.8695796027645115
4.931293003126334 -3.4529285339098603
5.213470495478874 -3.0099985939768965
5.455970329381261 -2.544160747256936
5.656946934672103 -2.05896030104408
5.814870758032139 -1.5580899237060617
5.92853990380859 -1.0453615412482224
5.99708928116679 -0.5246773262549277
7.156833556486256 0.0
7.129599644096699 0.6237591443369236
7.048105173445599 1.2427711049493742
6.912970366662318 1.8523248270474502
6.725223681223103 2.4477812387473845
6.486293982768696 3.024608557209729
6.19799967057403 3.5784167782431275
5.862534838431772 4.10499108688697
5.482452576273729 4.600323934698214
5.060645539614868 5.0606455396148675
4.600323934698215 5.482452576273729
4.104991086886971 5.862534838431771
3.578416778243129 6.1979996705740295
3.024608557209729 6.486293982768696
2.4477812387473854 6.7252236812231025
1.8523248270474517 6.912970366662317
1.2427711049493748 7.048105173445599
0.6237591443369234 7.129599644096699
4.382296653490631e-16 7.156833556486256
-0.6237591443369225 7.129599644096699
-1.2427711049493742 7.048105173445599
-1.852324827047451 6.912970366662318
-2.447781238747383 6.725223681223103
-3.0246085572097288 6.4862939827686965
-3.578416778243126 6.19799967057403
-4.104991086886971 5.862534838431771
-4.600323934698215 5.482452576273729
-5.0606455396148675 5.060645539614868
-5.482452576273728 4.600323934698216
-5.862534838431773 4.104991086886969
-6.197999670574029 3.57841677824313
-6.486293982768696 3.0246085572097297
-6.7252236812231025 2.447781238747386
-6.912970366662318 1.852324827047449
-7.048105173445599 1.242771104949374
-7.129599644096699 0.6237591443369238
-7.156833556486256 8.764593306981262e-16
-7.129599644096699 -0.623759144336922
-7.0481051734456 -1.2427711049493722
-6.912970366662319 -1.8523248270474475
-6.725223681223103 -2.447781238747384
-6.486293982768698 -3.024608557209725
-6.1979996705740295 -3.578416778243129
-5.862534838431774 -4.104991086886968
-5.482452576273731 -4.600323934698212
-5.060645539614869 -5.0606455396148675
-4.600323934698216 -5.482452576273728
-4.104991086886967 -5.862534838431775
-3.578416778243131 -6.197999670574028
-3.0246085572097328 -6.486293982768694
-2.4477812387473836 -6.725223681223103
-1.8523248270474495 -6.912970366662318
-1.2427711049493742 -7.048105173445599
-0.6237591443369241 -7.129599644096699
-1.314688996047189e-15 -7.156833556486256
0.6237591443369216 -7.129599644096699
1.2427711049493717 -7.0481051734456
1.852324827047447 -6.912970366662319
2.4477812387473867 -6.7252236812231025
3.024608557209725 -6.486293982768698
3.578416778243123 -6.197999670574033
4.10499108688697 -5.862534838431772
4.600323934698214 -5.4824525762737295
5.060645539614867 -5.060645539614869
5.482452576273727 -4.600323934698216
5.86253483843177 -4.104991086886972
6.197999670574031 -3.5784167782431258
6.486293982768694 -3.024608557209733
6.725223681223103 -2.4477812387473836
6.912970366662318 -1.8523248270474497
7.048105173445599 -1.2427711049493746
7.129599644096699 -0.6237591443369247
7.314365026295384 0.0
7.286531659103153 0.6374889165942684
7.203243386257037 1.2701261576069225
7.065134081804231 1.8930969716370454
6.873254840944299 2.501660174629806
6.629065980560037 3.0911842331499204
6.334425925324236 3.6571825131476916
5.991577063965769 4.195347425953232
5.603128683337377 4.701583211627231
5.172037110167186 5.172037110167186
4.701583211627232 5.603128683337377
4.195347425953233 5.991577063965768
3.657182513147693 6.334425925324235
3.0911842331499204 6.629065980560037
2.501660174629807 6.873254840944298
1.893096971637047 7.0651340818042305
1.270126157606923 7.203243386257037
0.6374889165942682 7.286531659103153
4.478756858623994e-16 7.314365026295384
-0.6374889165942673 7.286531659103153
-1.2701261576069223 7.203243386257037
-1.893096971637046 7.065134081804231
-2.501660174629804 6.873254840944299
-3.09118423314992 6.629065980560038
-3.6571825131476903 6.334425925324236
-4.195347425953233 5.991577063965768
-4.701583211627232 5.603128683337377
-5.172037110167186 5.172037110167186
-5.603128683337376 4.7015832116272325
-5.99157706396577 4.195347425953231
-6.334425925324235 3.6571825131476943
-6.629065980560037 3.091184233149921
-6.873254840944298 2.5016601746298073
-7.065134081804231 1.893096971637044
-7.203243386257037 1.270126157606922
-7.286531659103153 0.6374889165942687
-7.314365026295384 8.957513717247988e-16
-7.286531659103153 -0.6374889165942669
-7.2032433862570375 -1.2701261576069203
-7.065134081804232 -1.8930969716370425
-6.873254840944299 -2.5016601746298055
-6.62906598056004 -3.0911842331499164
-6.334425925324235 -3.657182513147693
-5.991577063965771 -4.19534742595323
-5.603128683337379 -4.701583211627228
-5.172037110167187 -5.172037110167186
-4.7015832116272325 -5.603128683337376
-4.195347425953229 -5.991577063965772
-3.657182513147695 -6.3344259253242345
-3.0911842331499244 -6.629065980560036
-2.5016601746298046 -6.873254840944299
-1.8930969716370445 -7.065134081804231
-1.2701261576069225 -7.203243386257037
-0.6374889165942691 -7.286531659103153
-1.3436270575871982e-15 -7.314365026295384
0.6374889165942664 -7.286531659103153
1.2701261576069198 -7.2032433862570375
1.893096971637042 -7.065134081804232
2.5016601746298077 -6.873254840944298
3.091184233149916 -6.62906598056004
3.657182513147687 -6.334425925324239
4.195347425953232 -5.991577063965769
4.701583211627231 -5.603128683337378
5.172037110167185 -5.172037110167187
5.603128683337375 -4.701583211627233
5.991577063965767 -4.195347425953235
6.334425925324237 -3.65718251314769
6.629065980560036 -3.091184233149925
6.873254840944299 -2.501660174629805
7.065134081804231 -1.893096971637045
7.203243386257037 -1.2701261576069227
7.286531659103153 -0.6374889165942695
1.0 0.5 0.4 0.32000000000000006 0.25600000000000006 0.20480000000000007 0.16384000000000007 0.13107200000000005 0.10485760000000005 0.08388608000000004 0.06710886400000003 0.05368709120000003 0.042949672960000025 0.03435973836800002 0.027487790694400018 0.021990232555520017 