0.0 0.0
2.3712312526347463 0.0
2.365455052480994 0.16540873061566502
2.348154593086265 0.330011606522598
2.3194141605496936 0.4930066990552035
2.2793737753696206 0.6535999125068722
2.2282285102777974 0.8110088528844409
2.166227539864647 0.9644666396530813
2.0936729266257075 1.11322564190118
2.0109181493435138 1.2565611207229856
1.9183663809745042 1.3937747600737114
1.816468524430901 1.524198068895107
1.7057210158270482 1.6471956379366997
1.5866634058925628 1.7621682354057913
1.4598757313354167 1.8685557263645178
1.3259756889613996 1.965839801650961
1.1856156263173734 2.053546503029286
1.0394793635195945 2.131248532266626
0.888278861750848 2.198567332887116
0.732750754657131 2.255174934460995
0.5736527595425728 2.300795550443572
0.4117599858468964 2.3352069217795477
0.24786115889014299 2.3582413997267926
0.08275477728219384 2.3697867626241655
-0.082754777282193 2.3697867626241655
-0.24786115889014268 2.358241399726793
-0.4117599858468961 2.3352069217795477
-0.5736527595425726 2.300795550443572
-0.7327507546571307 2.255174934460995
-0.8882788617508482 2.198567332887116
-1.0394793635195945 2.1312485322666257
-1.1856156263173727 2.0535465030292865
-1.3259756889613994 1.965839801650961
-1.4598757313354167 1.8685557263645178
-1.5866634058925628 1.7621682354057915
-1.7057210158270482 1.6471956379366994
-1.8164685244309007 1.5241980688951073
-1.918366380974504 1.3937747600737118
-2.0109181493435138 1.2565611207229856
-2.093672926625707 1.1132256419011806
-2.166227539864647 0.964466639653082
-2.228228510277797 0.8110088528844412
-2.27937377536962 0.6535999125068734
-2.3194141605496936 0.4930066990552035
-2.3481545930862646 0.3300116065225987
-2.365455052480994 0.16540873061566555
-2.3712312526347463 2.903920763577311e-16
-2.365455052480994 -0.1654087306156639
-2.3481545930862646 -0.3300116065225982
-2.3194141605496936 -0.4930066990552029
-2.2793737753696206 -0.6535999125068718
-2.2282285102777974 -0.8110088528844408
-2.1662275398646478 -0.9644666396530805
-2.093672926625707 -1.11322564190118
-2.0109181493435138 -1.2565611207229854
-1.9183663809745044 -1.3937747600737111
-1.816468524430901 -1.524198068895107
-1.705721015827048 -1.6471956379366999
-1.5866634058925633 -1.762168235405791
-1.4598757313354163 -1.868555726364518
-1.3259756889614007 -1.9658398016509602
-1.1856156263173743 -2.0535465030292857
-1.0394793635195951 -2.1312485322666257
-0.8882788617508488 -2.1985673328871154
-0.7327507546571312 -2.255174934460995
-0.5736527595425726 -2.300795550443572
-0.4117599858468962 -2.3352069217795477
-0.24786115889014274 -2.358241399726793
-0.08275477728219519 -2.369786762624165
0.08275477728219431 -2.3697867626241655
0.24786115889014185 -2.358241399726793
0.4117599858468953 -2.335206921779548
0.5736527595425718 -2.3007955504435724
0.7327507546571305 -2.255174934460995
0.888278861750848 -2.198567332887116
1.0394793635195942 -2.131248532266626
1.1856156263173734 -2.053546503029286
1.3259756889613983 -1.9658398016509617
1.4598757313354171 -1.8685557263645174
1.5866634058925617 -1.7621682354057924
1.7057210158270475 -1.6471956379367005
1.8164685244309005 -1.5241980688951076
1.918366380974504 -1.393774760073712
2.0109181493435124 -1.2565611207229876
2.093672926625707 -1.11322564190118
2.1662275398646473 -0.9644666396530813
2.2282285102777974 -0.8110088528844406
2.27937377536962 -0.6535999125068737
2.3194141605496936 -0.49300669905520483
2.3481545930862646 -0.33001160652259903
2.365455052480994 -0.16540873061566375
3.6093328393881334 0.0
3.600540685995818 0.25177433144458755
3.5742070603064153 0.5023220436546444
3.530460257097237 0.7504224933612509
3.4695134063961053 0.9948669601124068
3.3916634351332795 1.2344645350375723
3.2972896205433004 1.4680479228359755
3.1868517423644285 1.6944791287219836
3.0608878428379738 1.912655002621304
2.9200116054205827 2.1215126136072624
2.7649093649801224 2.320034428393428
2.596336764041197 2.5072532686535065
2.415115071370721 2.682257023016922
2.2221271808390455 2.8441930907837327
2.018313310049765 2.9922725357095343
1.8046664196940672 3.1257739296235427
1.5822273759460532 3.244046867154122
1.3520798794673696 3.346515134438377
1.115345185726516 3.432679516378173
0.8731766423549089 3.5021202287659134
0.626754070153157 3.5544989634310005
0.37727801512271786 3.589560536443238
0.12596389952645504 3.6071341313432876
-0.12596389952645376 3.6071341313432876
-0.3772780151227174 3.5895605364432384
-0.6267540701531567 3.5544989634310005
-0.8731766423549085 3.5021202287659134
-1.1153451857265155 3.4326795163781734
-1.35207987946737 3.346515134438377
-1.5822273759460534 3.244046867154122
-1.8046664196940658 3.1257739296235427
-2.0183133100497646 2.9922725357095343
-2.2221271808390455 2.8441930907837327
-2.415115071370721 2.682257023016922
-2.596336764041197 2.507253268653506
-2.764909364980122 2.320034428393429
-2.9200116054205822 2.121512613607263
-3.0608878428379738 1.912655002621304
-3.1868517423644276 1.6944791287219847
-3.2972896205433 1.4680479228359766
-3.391663435133279 1.234464535037573
-3.4695134063961044 0.9948669601124086
-3.530460257097237 0.7504224933612509
-3.574207060306415 0.5023220436546455
-3.600540685995818 0.2517743314445884
-3.6093328393881334 4.4201579088141056e-16
-3.6005406859958184 -0.25177433144458583
-3.574207060306415 -0.5023220436546446
-3.530460257097237 -0.75042249336125
-3.4695134063961053 -0.9948669601124063
-3.3916634351332795 -1.234464535037572
-3.2972896205433013 -1.4680479228359744
-3.186851742364428 -1.6944791287219838
-3.060887842837974 -1.9126550026213036
-2.920011605420583 -2.121512613607262
-2.7649093649801224 -2.320034428393428
-2.5963367640411965 -2.507253268653507
-2.415115071370722 -2.6822570230169216
-2.2221271808390446 -2.844193090783733
-2.0183133100497663 -2.9922725357095334
-1.8046664196940683 -3.125773929623542
-1.5822273759460541 -3.2440468671541214
-1.3520798794673707 -3.3465151344383766
-1.1153451857265164 -3.432679516378173
-0.8731766423549085 -3.5021202287659134
-0.6267540701531568 -3.5544989634310005
-0.3772780151227175 -3.5895605364432384
-0.1259638995264571 -3.607134131343287
0.12596389952645576 -3.6071341313432876
0.37727801512271614 -3.5895605364432384
0.6267540701531554 -3.554498963431001
0.8731766423549073 -3.502120228765914
1.115345185726515 -3.4326795163781734
1.3520798794673696 -3.346515134438377
1.582227375946053 -3.244046867154122
1.8046664196940672 -3.1257739296235427
2.0183133100497628 -2.9922725357095357
2.2221271808390464 -2.844193090783732
2.4151150713707197 -2.6822570230169234
2.5963367640411956 -2.507253268653508
2.7649093649801215 -2.3200344283934293
2.9200116054205822 -2.1215126136072633
3.0608878428379716 -1.9126550026213072
3.186851742364428 -1.6944791287219836
3.297289620543301 -1.4680479228359755
3.3916634351332795 -1.2344645350375718
3.4695134063961044 -0.994866960112409
3.5304602570972365 -0.750422493361253
3.574207060306415 -0.5023220436546459
3.6005406859958184 -0.2517743314445856
4.452472221749086 0.0
4.441626223197376 0.31058876163288734
4.4091410681569565 0.6196643660393724
4.355175021037786 0.9257210279429579
4.279990998996781 1.2272676700515577
4.183955291031855 1.522835187436181
4.0675357734587365 1.8109836048624728
3.931299630464594 2.090309092205311
3.7759105908436843 2.3594508037680586
3.6021256943773903 2.617097508186015
3.4107916036124974 2.86199397661381
3.2028404790063782 3.092947098074171
2.9792854375349385 3.3088316921746697
2.741215616888554 3.508595990873493
2.489790869302718 3.691266762587616
2.2262361108745434 3.8559540536792487
1.9518353538946585 4.001855524220503
1.667925451268402 4.1282603569128655
1.375889583502847 4.234552720117628
1.0771505199904037 4.320214768125729
0.7731636874193577 4.384829164049991
0.4654100790813467 4.428081113048488
0.15538903962090989 4.4497598959733695
-0.15538903962090833 4.4497598959733695
-0.46541007908134613 4.4280811130484885
-0.7731636874193571 4.384829164049991
-1.0771505199904032 4.320214768125729
-1.3758895835028466 4.2345527201176285
-1.6679254512684025 4.1282603569128655
-1.9518353538946587 4.0018555242205025
-2.226236110874542 3.855954053679249
-2.4897908693027175 3.691266762587616
-2.741215616888554 3.508595990873493
-2.9792854375349385 3.30883169217467
-3.2028404790063782 3.0929470980741707
-3.410791603612497 2.8619939766138107
-3.6021256943773894 2.6170975081860153
-3.7759105908436843 2.3594508037680586
-3.931299630464593 2.090309092205312
-4.0675357734587365 1.8109836048624741
-4.183955291031855 1.5228351874361816
-4.27999099899678 1.22726767005156
-4.355175021037786 0.9257210279429579
-4.409141068156956 0.6196643660393738
-4.441626223197376 0.31058876163288834
-4.452472221749086 5.452705854657522e-16
-4.441626223197376 -0.3105887616328853
-4.409141068156956 -0.6196643660393728
-4.355175021037786 -0.9257210279429567
-4.279990998996781 -1.2272676700515568
-4.183955291031855 -1.5228351874361807
-4.067535773458737 -1.8109836048624715
-3.9312996304645935 -2.090309092205311
-3.7759105908436847 -2.359450803768058
-3.6021256943773907 -2.6170975081860144
-3.4107916036124974 -2.86199397661381
-3.202840479006378 -3.0929470980741716
-2.97928543753494 -3.308831692174669
-2.7412156168885526 -3.5085959908734936
-2.48979086930272 -3.691266762587614
-2.2262361108745448 -3.855954053679248
-1.9518353538946596 -4.0018555242205025
-1.6679254512684034 -4.128260356912865
-1.3758895835028475 -4.234552720117628
-1.0771505199904032 -4.320214768125729
-0.7731636874193573 -4.384829164049991
-0.4654100790813463 -4.4280811130484885
-0.1553890396209124 -4.4497598959733695
0.15538903962091077 -4.4497598959733695
0.46541007908134463 -4.4280811130484885
0.7731636874193557 -4.384829164049991
1.0771505199904017 -4.320214768125729
1.3758895835028462 -4.2345527201176285
1.667925451268402 -4.1282603569128655
1.9518353538946582 -4.001855524220503
2.2262361108745434 -3.8559540536792487
2.4897908693027158 -3.691266762587617
2.741215616888555 -3.5085959908734923
2.9792854375349367 -3.308831692174672
3.2028404790063765 -3.0929470980741725
3.4107916036124966 -2.861993976613811
3.6021256943773894 -2.6170975081860157
3.775910590843682 -2.3594508037680626
3.9312996304645935 -2.090309092205311
4.067535773458737 -1.8109836048624728
4.183955291031855 -1.5228351874361805
4.27999099899678 -1.2272676700515603
4.355175021037785 -0.9257210279429603
4.409141068156956 -0.6196643660393744
4.441626223197376 -0.31058876163288496
5.08523683182955 0.0
5.072849450490323 0.35472818954217694
5.035747656549351 0.7077281790020573
4.974112206217254 1.0572801879144273
4.888243381212477 1.4016812340287113
4.77855952581894 1.7392534300673121
4.645595008754737 2.0683521582237687
4.489997619781457 2.3873740825753913
4.3125254137375855 2.6947649603747093
4.114043017371523 2.989027214163909
3.895517416966984 3.2687272278216666
3.658013247283024 3.532502330996789
3.4026876047605064 3.7790674379011877
3.1307844102645572 4.007221308118663
2.843628348827148 4.215852398927462
2.5426184159147756 4.403944280624685
2.229221101663175 4.570580588469638
1.9049632462847925 4.7149494871207205
1.5714246014567477 4.836347625815615
1.2302301339294544 4.934183565025501
0.8830421088519561 5.007980657888979
0.5315519913832136 5.057379372387677
0.17747220604387243 5.082139042950101
-0.17747220604387065 5.082139042950101
-0.531551991383213 5.057379372387678
-0.8830421088519556 5.007980657888979
-1.230230133929454 4.934183565025501
-1.5714246014567472 4.836347625815616
-1.9049632462847932 4.7149494871207205
-2.229221101663175 4.570580588469638
-2.5426184159147738 4.403944280624686
-2.8436283488271474 4.215852398927462
-3.1307844102645572 4.007221308118663
-3.4026876047605064 3.779067437901188
-3.658013247283024 3.5325023309967887
-3.895517416966983 3.2687272278216675
-4.114043017371523 2.9890272141639094
-4.3125254137375855 2.6947649603747093
-4.489997619781456 2.3873740825753926
-4.645595008754736 2.06835215822377
-4.778559525818939 1.739253430067313
-4.888243381212476 1.401681234028714
-4.974112206217254 1.0572801879144273
-5.03574765654935 0.7077281790020589
-5.072849450490323 0.3547281895421781
-5.08523683182955 6.227619009006286e-16
-5.072849450490323 -0.35472818954217455
-5.03574765654935 -0.7077281790020578
-4.974112206217254 -1.057280187914426
-4.888243381212477 -1.4016812340287104
-4.77855952581894 -1.739253430067312
-4.6455950087547375 -2.068352158223767
-4.489997619781457 -2.3873740825753913
-4.3125254137375855 -2.694764960374709
-4.1140430173715234 -2.9890272141639085
-3.895517416966984 -3.2687272278216666
-3.6580132472830234 -3.5325023309967896
-3.4026876047605072 -3.7790674379011873
-3.1307844102645563 -4.007221308118664
-2.84362834882715 -4.21585239892746
-2.5426184159147773 -4.4039442806246845
-2.2292211016631764 -4.570580588469637
-1.9049632462847943 -4.71494948712072
-1.5714246014567483 -4.836347625815615
-1.230230133929454 -4.934183565025501
-0.8830421088519557 -5.007980657888979
-0.5315519913832131 -5.057379372387678
-0.1774722060438753 -5.0821390429501
0.17747220604387345 -5.082139042950101
0.5315519913832112 -5.057379372387678
0.8830421088519538 -5.00798065788898
1.2302301339294521 -4.934183565025501
1.5714246014567466 -4.836347625815616
1.9049632462847925 -4.7149494871207205
2.2292211016631747 -4.570580588469638
2.5426184159147756 -4.403944280624685
2.843628348827145 -4.215852398927463
3.1307844102645586 -4.0072213081186625
3.4026876047605037 -3.77906743790119
3.658013247283022 -3.532502330996791
3.8955174169669826 -3.268727227821668
4.114043017371523 -2.9890272141639103
4.312525413737583 -2.6947649603747137
4.489997619781457 -2.3873740825753913
4.645595008754737 -2.0683521582237687
4.77855952581894 -1.7392534300673117
4.888243381212476 -1.4016812340287144
4.974112206217253 -1.0572801879144302
5.03574765654935 -0.7077281790020595
5.072849450490323 -0.3547281895421742
5.581865306026378 0.0
5.568268162684467 0.389371240663073
5.527542976574316 0.7768455037810956
5.459888156708971 1.1605350536929337
5.365633310570179 1.5385705934797558
5.245237638293864 1.9091103719917195
5.099287695493224 2.270349156674443
4.928494535618748 2.620527028480548
4.733690245777276 2.9579379560183514
4.515823892887257 3.2809381071653174
4.2759568999201205 3.5879538576529186
4.015257874754259 3.877489457605896
3.734996916834904 4.148134318685294
3.436539429377307 4.398569886333062
3.121339467259519 4.6275760636373136
2.7909326530131895 4.834037155521843
2.446928695424948 5.016947304300387
2.0910035471970083 5.175415390114158
1.7248912398740677 5.308669372378228
1.3503754358159217 5.416060051085652
0.9692807383737434 5.497064229644638
0.5834638026059675 5.55128726383976
0.19480428984147277 5.5784649844989005
-0.19480428984147083 5.5784649844989005
-0.5834638026059668 5.551287263839761
-0.9692807383737428 5.497064229644638
-1.350375435815921 5.416060051085652
-1.724891239874067 5.308669372378229
-2.091003547197009 5.175415390114158
-2.4469286954249485 5.016947304300386
-2.7909326530131877 4.834037155521844
-3.1213394672595185 4.6275760636373136
-3.436539429377307 4.398569886333062
-3.734996916834904 4.148134318685295
-4.015257874754259 3.877489457605895
-4.27595689992012 3.5879538576529195
-4.515823892887256 3.280938107165318
-4.733690245777276 2.9579379560183514
-4.928494535618747 2.62052702848055
-5.099287695493223 2.2703491566744445
-5.2452376382938635 1.9091103719917204
-5.365633310570178 1.5385705934797584
-5.459888156708971 1.1605350536929337
-5.527542976574315 0.7768455037810974
-5.568268162684467 0.3893712406630742
-5.581865306026378 6.835813480296865e-16
-5.5682681626844674 -0.3893712406630704
-5.527542976574315 -0.7768455037810962
-5.459888156708971 -1.1605350536929324
-5.365633310570179 -1.5385705934797547
-5.245237638293864 -1.909110371991719
-5.099287695493225 -2.270349156674441
-4.928494535618748 -2.6205270284805486
-4.733690245777277 -2.957937956018351
-4.515823892887258 -3.280938107165317
-4.2759568999201205 -3.5879538576529186
-4.015257874754258 -3.8774894576058965
-3.7349969168349055 -4.148134318685293
-3.436539429377306 -4.398569886333063
-3.1213394672595216 -4.627576063637312
-2.7909326530131917 -4.834037155521842
-2.44692869542495 -5.016947304300386
-2.09100354719701 -5.175415390114157
-1.7248912398740683 -5.308669372378228
-1.350375435815921 -5.416060051085652
-0.969280738373743 -5.497064229644638
-0.583463802605967 -5.551287263839761
-0.19480428984147594 -5.5784649844989
0.19480428984147388 -5.5784649844989005
0.5834638026059649 -5.551287263839761
0.969280738373741 -5.497064229644639
1.3503754358159192 -5.416060051085652
1.7248912398740663 -5.308669372378229
2.0910035471970083 -5.175415390114158
2.446928695424948 -5.016947304300387
2.7909326530131895 -4.834037155521843
3.121339467259516 -4.627576063637315
3.436539429377308 -4.398569886333061
3.7349969168349015 -4.148134318685297
4.015257874754257 -3.877489457605898
4.27595689992012 -3.5879538576529204
4.515823892887256 -3.2809381071653188
4.7336902457772725 -2.9579379560183563
4.928494535618748 -2.620527028480548
5.099287695493224 -2.270349156674443
5.245237638293864 -1.9091103719917188
5.365633310570178 -1.538570593479759
5.459888156708971 -1.1605350536929369
5.527542976574315 -0.7768455037810982
5.5682681626844674 -0.38937124066307
5.98239051865889 0.0
5.967817716029332 0.417310467141933
5.92417030537022 0.8325878396358519
5.85166093247886 1.2438089278665019
5.750642855731363 1.6489703040278225
5.621608225043342 2.046098062621835
5.465185684164992 2.433257437127812
5.282137307991935 2.808562225990285
5.073354889812925 3.17018398200342
4.839855596582598 3.5163609203220147
4.582777013386303 3.8454065017001633
4.303371601239926 4.155717649140939
4.003000595225707 4.445782557926378
3.683127372691762 4.7141880609781
3.3453103238247315 4.959626513665263
2.9911952593294453 5.180902164517762
2.6225073922046014 5.376936980807196
2.2410429326784573 5.546775900613952
1.8486603372531532 5.689591485792881
1.447271254491439 5.804687953168763
1.0388312116570388 5.891504564321999
0.6253300875823941 5.949618357449826
0.20878241817900964 5.978746207993705
-0.20878241817900758 5.978746207993705
-0.6253300875823933 5.949618357449827
-1.0388312116570382 5.891504564321999
-1.4472712544914383 5.804687953168763
-1.8486603372531525 5.689591485792881
-2.241042932678458 5.546775900613952
-2.622507392204602 5.376936980807195
-2.9911952593294435 5.180902164517763
-3.3453103238247306 4.959626513665263
-3.683127372691762 4.7141880609781
-4.003000595225707 4.445782557926378
-4.303371601239926 4.155717649140939
-4.582777013386303 3.8454065017001646
-4.839855596582598 3.516360920322015
-5.073354889812925 3.17018398200342
-5.282137307991933 2.8085622259902863
-5.465185684164991 2.4332574371278133
-5.6216082250433415 2.046098062621836
-5.750642855731362 1.6489703040278256
-5.85166093247886 1.2438089278665019
-5.92417030537022 0.8325878396358537
-5.967817716029332 0.4173104671419343
-5.98239051865889 7.326315399925083e-16
-5.967817716029333 -0.41731046714193015
-5.92417030537022 -0.8325878396358524
-5.85166093247886 -1.2438089278665003
-5.750642855731363 -1.6489703040278216
-5.621608225043342 -2.0460980626218346
-5.465185684164993 -2.4332574371278097
-5.282137307991934 -2.808562225990285
-5.073354889812926 -3.170183982003419
-4.8398555965825985 -3.516360920322014
-4.582777013386303 -3.8454065017001633
-4.303371601239925 -4.15571764914094
-4.003000595225709 -4.445782557926377
-3.683127372691761 -4.714188060978101
-3.345310323824734 -4.959626513665261
-2.9911952593294475 -5.180902164517761
-2.622507392204603 -5.376936980807194
-2.2410429326784596 -5.546775900613952
-1.8486603372531538 -5.689591485792881
-1.4472712544914383 -5.804687953168763
-1.0388312116570384 -5.891504564321999
-0.6253300875823935 -5.949618357449827
-0.20878241817901305 -5.978746207993704
0.20878241817901086 -5.978746207993705
0.6253300875823913 -5.949618357449827
1.0388312116570362 -5.891504564321999
1.4472712544914363 -5.804687953168763
1.8486603372531518 -5.689591485792881
2.2410429326784573 -5.546775900613952
2.622507392204601 -5.376936980807196
2.9911952593294453 -5.180902164517762
3.345310323824728 -4.959626513665265
3.6831273726917635 -4.714188060978099
4.003000595225704 -4.445782557926381
4.303371601239924 -4.155717649140942
4.582777013386302 -3.8454065017001655
4.839855596582598 -3.516360920322016
5.073354889812922 -3.170183982003425
5.282137307991934 -2.808562225990285
5.465185684164992 -2.433257437127812
5.621608225043342 -2.0460980626218346
5.750642855731362 -1.6489703040278263
5.851660932478859 -1.2438089278665052
5.92417030537022 -0.8325878396358546
5.967817716029333 -0.41731046714192976
6.3121505238292634 0.0
6.296774442400791 0.4403133622844628
6.250721108838497 0.87848156212802
6.174214890354229 1.3123698881055472
6.067628517554065 1.7398644799071843
5.9314812685322655 2.1588826268532797
5.7664364390005876 2.567382914651468
5.573298110778263 2.9633751709619034
5.353007234386194 3.3449301613168423
5.106637044830601 3.71018898815705
4.835387832909953 4.057372147193849
4.540581097518855 4.384788196975142
4.22365310743826 4.69084199941814
3.886147903978351 4.974042491161763
3.5297097785644813 5.233009947877448
3.1560752619146326 5.466482706147393
2.7670646638363103 5.67332331016191
2.3645732048601444 5.852524053289783
1.9505617829159692 6.003211887523688
1.527047420035212 6.124652676882326
1.0960934356223118 6.216254774047129
0.6597993941699867 6.277571902808519
0.22029087639206985 6.308305332278747
-0.22029087639206765 6.308305332278747
-0.6597993941699859 6.277571902808519
-1.096093435622311 6.216254774047129
-1.5270474200352113 6.124652676882326
-1.9505617829159685 6.003211887523689
-2.3645732048601453 5.852524053289783
-2.767064663836311 5.673323310161909
-3.1560752619146304 5.466482706147394
-3.5297097785644804 5.233009947877448
-3.886147903978351 4.974042491161763
-4.22365310743826 4.690841999418141
-4.540581097518855 4.384788196975141
-4.835387832909952 4.05737214719385
-5.1066370448306 3.710188988157051
-5.353007234386194 3.3449301613168423
-5.5732981107782615 2.963375170961905
-5.766436439000587 2.56738291465147
-5.931481268532265 2.1588826268532806
-6.0676285175540645 1.7398644799071874
-6.174214890354229 1.3123698881055472
-6.250721108838496 0.878481562128022
-6.296774442400791 0.4403133622844642
-6.3121505238292634 7.730154934743796e-16
-6.296774442400792 -0.44031336228445983
-6.250721108838496 -0.8784815621280205
-6.174214890354229 -1.3123698881055457
-6.067628517554065 -1.7398644799071834
-5.9314812685322655 -2.1588826268532793
-5.766436439000588 -2.567382914651466
-5.573298110778262 -2.963375170961904
-5.353007234386195 -3.3449301613168414
-5.1066370448306015 -3.7101889881570496
-4.835387832909953 -4.057372147193849
-4.540581097518854 -4.384788196975142
-4.2236531074382615 -4.690841999418139
-3.8861479039783497 -4.974042491161764
-3.529709778564484 -5.233009947877446
-3.1560752619146344 -5.466482706147392
-2.767064663836312 -5.673323310161909
-2.3645732048601467 -5.852524053289782
-1.9505617829159698 -6.003211887523688
-1.5270474200352113 -6.124652676882326
-1.0960934356223113 -6.216254774047129
-0.6597993941699861 -6.277571902808519
-0.22029087639207343 -6.308305332278746
0.22029087639207112 -6.308305332278747
0.6597993941699837 -6.277571902808519
1.096093435622309 -6.21625477404713
1.5270474200352093 -6.124652676882327
1.9505617829159676 -6.003211887523689
2.3645732048601444 -5.852524053289783
2.76706466383631 -5.67332331016191
3.1560752619146326 -5.466482706147393
3.5297097785644778 -5.233009947877449
3.8861479039783524 -4.974042491161762
4.223653107438257 -4.690841999418143
4.540581097518853 -4.384788196975144
4.835387832909952 -4.057372147193851
5.1066370448306 -3.7101889881570513
5.35300723438619 -3.3449301613168476
5.573298110778262 -2.9633751709619034
5.7664364390005876 -2.567382914651468
5.9314812685322655 -2.158882626853279
6.0676285175540645 -1.7398644799071883
6.174214890354228 -1.3123698881055508
6.250721108838496 -0.8784815621280229
6.296774442400792 -0.4403133622844594
6.586576499175956 0.0
6.57053192986414 0.4594563506284403
6.522476389457587 0.9166742761010096
6.44264399971863 1.3694262566441908
6.331423696025355 1.8155065301192477
6.1893573325175275 2.2527418382736415
6.017137042237699 2.679002014636784
5.815601865128588 3.0922103624769575
5.585733660314826 3.490353772259041
5.328652322583995 3.8714925293118134
5.045610326371793 4.233769763922846
4.737986623832484 4.575420497821097
4.407279926722613 4.894780242973622
4.055101404827979 5.19029311080397
3.6831668365063894 5.460519392324919
3.2932882495879787 5.704142572255951
2.887365093357751 5.919975742953359
2.467374984629608 6.106967386904979
2.035364072996017 6.264206499617813
1.5934370721928717 6.390927027940344
1.1437470061457349 6.486511602196488
0.6884847196537034 6.550494543948598
0.22986820481376238 6.582564134735999
-0.22986820481376008 6.582564134735999
-0.6884847196537026 6.550494543948599
-1.1437470061457342 6.486511602196488
-1.5934370721928708 6.390927027940344
-2.0353640729960167 6.2642064996178135
-2.467374984629609 6.106967386904979
-2.8873650933577513 5.919975742953358
-3.2932882495879765 5.704142572255952
-3.683166836506389 5.460519392324919
-4.055101404827979 5.19029311080397
-4.407279926722613 4.894780242973622
-4.737986623832484 4.575420497821096
-5.045610326371792 4.233769763922848
-5.328652322583994 3.8714925293118143
-5.585733660314826 3.490353772259041
-5.815601865128587 3.0922103624769592
-6.017137042237698 2.6790020146367857
-6.189357332517527 2.252741838273643
-6.331423696025353 1.8155065301192508
-6.44264399971863 1.3694262566441908
-6.522476389457586 0.9166742761010117
-6.57053192986414 0.45945635062844176
-6.586576499175956 8.066229827055014e-16
-6.57053192986414 -0.4594563506284372
-6.522476389457586 -0.9166742761010102
-6.44264399971863 -1.3694262566441893
-6.331423696025355 -1.8155065301192466
-6.1893573325175275 -2.252741838273641
-6.0171370422376995 -2.6790020146367817
-5.8156018651285875 -3.092210362476958
-5.585733660314827 -3.49035377225904
-5.328652322583996 -3.871492529311813
-5.045610326371793 -4.233769763922846
-4.737986623832484 -4.575420497821097
-4.407279926722614 -4.894780242973621
-4.055101404827977 -5.19029311080397
-3.6831668365063925 -5.460519392324917
-3.293288249587981 -5.704142572255949
-2.8873650933577526 -5.919975742953358
-2.4673749846296102 -6.106967386904978
-2.035364072996018 -6.264206499617813
-1.5934370721928708 -6.390927027940344
-1.1437470061457344 -6.486511602196488
-0.6884847196537027 -6.550494543948599
-0.22986820481376613 -6.582564134735998
0.2298682048137637 -6.582564134735999
0.6884847196537003 -6.550494543948599
1.143747006145732 -6.486511602196489
1.5934370721928688 -6.390927027940345
2.035364072996016 -6.2642064996178135
2.467374984629608 -6.106967386904979
2.8873650933577504 -5.919975742953359
3.2932882495879787 -5.704142572255951
3.683166836506386 -5.460519392324922
4.05510140482798 -5.190293110803968
4.40727992672261 -4.894780242973624
4.737986623832482 -4.575420497821098
5.045610326371791 -4.233769763922848
5.328652322583994 -3.871492529311815
5.585733660314823 -3.4903537722590467
5.8156018651285875 -3.0922103624769575
6.017137042237699 -2.679002014636784
6.1893573325175275 -2.252741838273641
6.331423696025353 -1.8155065301192517
6.44264399971863 -1.3694262566441946
6.522476389457586 -0.9166742761010126
6.57053192986414 -0.45945635062843676
7.260184630709911 0.0
7.242499185845104 0.506444878569618
7.189529012960334 1.0104224085985059
7.10153217741335 1.509477262220007
6.978937390941526 2.0011780943520963
6.822341923021368 2.483129387966221
6.632508691031663 2.952983124805467
6.410362543396693 3.408450224693487
6.156985753817684 3.8473116977030184
5.87361274854412 4.267429454851761
5.561624092373137 4.666756724656973
5.222539762676611 5.0433480248004035
4.858011744224186 5.395368640322576
4.469815980879534 5.721103562169658
4.059843723380366 6.018965842545167
3.6300923153549562 6.287504326360126
3.1826554624647385 6.525410721114785
2.7197130320808003 6.731525970768163
2.2435204331891643 6.904845902542584
1.7563976282649165 7.0445261191525
1.260717830648232 7.149886112623195
0.7588959424875431 7.220412579657228
0.25337678957900955 7.255761922396506
-0.25337678957900706 7.255761922396506
-0.7588959424875422 7.2204125796572285
-1.2607178306482314 7.149886112623195
-1.7563976282649156 7.0445261191525
-2.243520433189164 6.904845902542585
-2.719713032080801 6.731525970768163
-3.182655462464739 6.525410721114784
-3.6300923153549536 6.287504326360127
-4.059843723380366 6.018965842545167
-4.469815980879534 5.721103562169658
-4.858011744224186 5.395368640322577
-5.222539762676611 5.043348024800403
-5.561624092373136 4.666756724656975
-5.873612748544119 4.2674294548517615
-6.156985753817684 3.8473116977030184
-6.410362543396692 3.4084502246934893
-6.632508691031662 2.9529831248054688
-6.8223419230213675 2.483129387966222
-6.978937390941525 2.0011780943521
-7.10153217741335 1.509477262220007
-7.1895290129603335 1.010422408598508
-7.242499185845104 0.5064448785696195
-7.260184630709911 8.891161869217701e-16
-7.242499185845105 -0.5064448785696145
-7.1895290129603335 -1.0104224085985065
-7.10153217741335 -1.5094772622200052
-6.978937390941526 -2.001178094352095
-6.822341923021368 -2.4831293879662204
-6.632508691031664 -2.9529831248054643
-6.410362543396692 -3.4084502246934876
-6.156985753817685 -3.8473116977030175
-5.8736127485441205 -4.26742945485176
-5.561624092373137 -4.666756724656973
-5.22253976267661 -5.043348024800404
-4.8580117442241875 -5.395368640322575
-4.469815980879532 -5.721103562169659
-4.05984372338037 -6.018965842545164
-3.6300923153549585 -6.287504326360124
-3.1826554624647403 -6.525410721114783
-2.719713032080803 -6.731525970768162
-2.243520433189165 -6.904845902542584
-1.7563976282649156 -7.0445261191525
-1.2607178306482316 -7.149886112623195
-0.7588959424875423 -7.2204125796572285
-0.25337678957901366 -7.2557619223965055
0.253376789579011 -7.255761922396506
0.7588959424875397 -7.2204125796572285
1.260717830648229 -7.149886112623196
1.7563976282649132 -7.044526119152501
2.243520433189163 -6.904845902542585
2.7197130320808003 -6.731525970768163
3.182655462464738 -6.525410721114785
3.6300923153549562 -6.287504326360126
4.059843723380363 -6.018965842545169
4.469815980879535 -5.721103562169656
4.858011744224183 -5.395368640322579
5.222539762676608 -5.043348024800406
5.561624092373135 -4.666756724656976
5.873612748544119 -4.267429454851762
6.15698575381768 -3.8473116977030246
6.410362543396692 -3.408450224693487
6.6325086910316635 -2.952983124805467
6.822341923021368 -2.48312938796622
6.978937390941525 -2.0011780943521007
7.1015321774133495 -1.509477262220011
7.1895290129603335 -1.010422408598509
7.242499185845105 -0.5064448785696141
6.912990658716192 0.0
6.896150960917254 0.4822258513781195
6.8457139088354 0.9621023468814978
6.7619252267184535 1.4372915764610592
6.645193124603282 1.9054784659561463
6.496086309557522 2.364382055903121
6.315331214995908 2.811766614140588
6.1038084615697095 3.245452528071755
5.862548566871423 3.6633269235179027
5.592726924856661 4.063353958429007
5.2956580794429415 4.443584741301555
4.972789320183866 4.802166825982059
4.625693631219888 5.1373532365985
4.256062027857705 5.4475109786511755
3.8656953181136577 5.731128994797751
3.4564953293580967 5.986825526572742
3.030455642803597 6.21335484617587
2.589651880977694 6.409613325532673
2.1362315954985656 6.574644813059559
1.6724038044194178 6.707645291938206
1.2004282301145794 6.807966797204676
0.7226042901392469 6.875120572569595
0.2412598946982865 6.908779451589658
-0.2412598946982841 6.908779451589658
-0.722604290139246 6.875120572569596
-1.2004282301145788 6.807966797204676
-1.6724038044194172 6.707645291938206
-2.1362315954985647 6.57464481305956
-2.5896518809776947 6.409613325532673
-3.0304556428035974 6.213354846175869
-3.4564953293580944 5.986825526572742
-3.865695318113657 5.731128994797751
-4.256062027857705 5.4475109786511755
-4.625693631219888 5.137353236598501
-4.972789320183866 4.8021668259820585
-5.2956580794429415 4.443584741301557
-5.5927269248566605 4.0633539584290075
-5.862548566871423 3.6633269235179027
-6.103808461569708 3.245452528071757
-6.315331214995907 2.81176661414059
-6.496086309557521 2.364382055903122
-6.645193124603281 1.9054784659561497
-6.7619252267184535 1.4372915764610592
-6.845713908835399 0.9621023468814999
-6.896150960917254 0.482225851378121
-6.912990658716192 8.465971882732337e-16
-6.896150960917255 -0.48222585137811624
-6.845713908835399 -0.9621023468814984
-6.7619252267184535 -1.4372915764610574
-6.645193124603282 -1.9054784659561452
-6.496086309557522 -2.3643820559031203
-6.3153312149959095 -2.811766614140586
-6.103808461569709 -3.2454525280717554
-5.862548566871424 -3.663326923517902
-5.592726924856662 -4.063353958429006
-5.2956580794429415 -4.443584741301555
-4.972789320183865 -4.80216682598206
-4.62569363121989 -5.137353236598499
-4.256062027857704 -5.447510978651176
-3.865695318113661 -5.731128994797748
-3.456495329358099 -5.986825526572741
-3.0304556428035987 -6.213354846175869
-2.589651880977696 -6.409613325532672
-2.1362315954985664 -6.574644813059559
-1.6724038044194172 -6.707645291938206
-1.200428230114579 -6.807966797204676
-0.7226042901392462 -6.875120572569596
-0.24125989469829043 -6.908779451589657
0.2412598946982879 -6.908779451589658
0.7226042901392437 -6.875120572569596
1.2004282301145766 -6.807966797204677
1.6724038044194147 -6.707645291938207
2.1362315954985642 -6.57464481305956
2.589651880977694 -6.409613325532673
3.0304556428035965 -6.21335484617587
3.4564953293580967 -5.986825526572742
3.8656953181136537 -5.731128994797753
4.256062027857706 -5.447510978651175
4.625693631219885 -5.1373532365985035
4.972789320183864 -4.802166825982062
5.295658079442941 -4.4435847413015575
5.5927269248566605 -4.063353958429008
5.8625485668714195 -3.663326923517909
6.103808461569709 -3.245452528071755
6.315331214995909 -2.811766614140588
6.496086309557522 -2.36438205590312
6.645193124603281 -1.9054784659561506
6.761925226718453 -1.437291576461063
6.845713908835399 -0.9621023468815009
6.896150960917255 -0.48222585137811574
7.752762256353451 0.0
7.733876917149442 0.5408053567797652
7.677312907011672 1.0789759642228636
7.583345800111734 1.6118899092265528
7.4524333947489065 2.1369508886190975
7.285213483002847 2.6516008580878423
7.0825007434746965 3.1533324947139687
6.845282772254823 3.6397014123977236
6.574715271453941 4.108338070661782
6.272116418738605 4.556959318814276
5.9389604453021105 4.983379519229455
5.576870453558322 5.3855211955545075
5.187610509549855 5.761425153965514
4.7730770485956455 6.109260028162834
4.335289636048705 6.4273312016036135
3.8763811281767264 6.714089063503253
3.3985872811007383 6.968136558383378
2.9042358584160253 7.188235992385697
2.395735290561879 7.373315063192067
1.8755629411905852 7.522472084173605
1.3462530377007365 7.634980377317298
0.8103843247360919 7.710291813528245
0.2705675008008821 7.7480394830595065
-0.27056750080087943 7.7480394830595065
-0.8103843247360909 7.710291813528246
-1.3462530377007356 7.634980377317298
-1.8755629411905845 7.522472084173605
-2.3957352905618783 7.373315063192068
-2.904235858416026 7.188235992385697
-3.3985872811007387 6.968136558383377
-3.8763811281767238 6.714089063503254
-4.335289636048704 6.4273312016036135
-4.7730770485956455 6.109260028162834
-5.187610509549855 5.761425153965515
-5.576870453558322 5.385521195554507
-5.93896044530211 4.983379519229457
-6.272116418738604 4.556959318814277
-6.574715271453941 4.108338070661782
-6.845282772254821 3.639701412397726
-7.082500743474696 3.153332494713971
-7.285213483002846 2.651600858087843
-7.452433394748905 2.1369508886191015
-7.583345800111734 1.6118899092265528
-7.677312907011671 1.078975964222866
-7.733876917149442 0.5408053567797668
-7.752762256353451 9.494395481793666e-16
-7.733876917149443 -0.5408053567797615
-7.677312907011671 -1.0789759642228642
-7.583345800111734 -1.6118899092265508
-7.4524333947489065 -2.136950888619096
-7.285213483002847 -2.651600858087842
-7.082500743474698 -3.153332494713966
-6.845282772254822 -3.639701412397724
-6.574715271453942 -4.108338070661781
-6.272116418738606 -4.556959318814275
-5.9389604453021105 -4.983379519229455
-5.576870453558321 -5.3855211955545075
-5.187610509549857 -5.761425153965513
-4.773077048595644 -6.109260028162835
-4.335289636048708 -6.427331201603611
-3.876381128176729 -6.714089063503251
-3.39858728110074 -6.968136558383376
-2.904235858416028 -7.188235992385696
-2.39573529056188 -7.373315063192067
-1.8755629411905845 -7.522472084173605
-1.3462530377007358 -7.634980377317298
-0.8103843247360911 -7.710291813528246
-0.2705675008008865 -7.748039483059506
0.27056750080088365 -7.7480394830595065
0.8103843247360882 -7.710291813528246
1.346253037700733 -7.634980377317299
1.8755629411905819 -7.5224720841736055
2.3957352905618774 -7.373315063192068
2.9042358584160253 -7.188235992385697
3.398587281100738 -6.968136558383378
3.8763811281767264 -6.714089063503253
4.3352896360487 -6.427331201603616
4.773077048595646 -6.109260028162832
5.1876105095498515 -5.761425153965517
5.57687045355832 -5.385521195554509
5.938960445302109 -4.983379519229458
6.272116418738604 -4.556959318814278
6.574715271453937 -4.108338070661789
6.845282772254822 -3.6397014123977236
7.082500743474697 -3.1533324947139687
7.285213483002847 -2.6516008580878414
7.452433394748905 -2.1369508886191024
7.583345800111733 -1.611889909226557
7.677312907011671 -1.0789759642228671
7.733876917149443 -0.5408053567797609
7.0757879129028955 0.0
7.0585516491749205 0.49358201376541
7.0069268313352975 0.9847593455744454
6.921164970307229 1.4711390288395052
6.801683889256895 1.9503514706344374
6.649065688000975 2.4200619961130827
6.4640539070748595 2.877982222810446
6.247549905277903 3.321881209412039
6.000608468343951 3.749596324675707
5.724432670131283 4.159043783553661
5.420368011367694 4.548228799183758
5.08989586450621 4.915255301290594
4.7346262566273944 5.258335173649277
4.356290025549257 5.575796965607945
3.9567303873593858 5.866094035227322
3.5378939564514487 6.1278120843647805
3.101821261815535 6.359676048992732
2.650636805786039 6.560556311182391
2.1865387136798353 6.729474202488783
1.7117880247506863 6.865606771925032
1.2286976766332807 6.968290795296841
0.7396212369435766 7.037026006364107
0.2469414369339516 7.071477534087746
-0.24694143693394915 7.071477534087746
-0.7396212369435757 7.0370260063641075
-1.22869767663328 6.968290795296841
-1.7117880247506856 6.865606771925032
-2.1865387136798344 6.729474202488784
-2.65063680578604 6.560556311182391
-3.1018212618155356 6.359676048992731
-3.537893956451446 6.1278120843647805
-3.956730387359385 5.866094035227322
-4.356290025549257 5.575796965607945
-4.7346262566273944 5.258335173649278
-5.08989586450621 4.9152553012905935
-5.420368011367693 4.54822879918376
-5.724432670131282 4.1590437835536616
-6.000608468343951 3.749596324675707
-6.247549905277901 3.321881209412041
-6.464053907074859 2.8779822228104477
-6.649065688000975 2.4200619961130836
-6.801683889256894 1.950351470634441
-6.921164970307229 1.4711390288395052
-7.006926831335297 0.9847593455744476
-7.0585516491749205 0.49358201376541155
-7.0757879129028955 8.665341018982062e-16
-7.058551649174921 -0.49358201376540667
-7.006926831335297 -0.984759345574446
-6.921164970307229 -1.4711390288395034
-6.801683889256895 -1.950351470634436
-6.649065688000975 -2.4200619961130823
-6.464053907074861 -2.8779822228104437
-6.247549905277902 -3.3218812094120396
-6.000608468343952 -3.7495963246757062
-5.724432670131284 -4.15904378355366
-5.420368011367694 -4.548228799183758
-5.089895864506209 -4.915255301290595
-4.734626256627396 -5.258335173649276
-4.356290025549256 -5.575796965607946
-3.956730387359389 -5.866094035227319
-3.537893956451451 -6.127812084364779
-3.1018212618155374 -6.35967604899273
-2.6506368057860414 -6.56055631118239
-2.186538713679836 -6.729474202488783
-1.7117880247506856 -6.865606771925032
-1.2286976766332802 -6.968290795296841
-0.739621236943576 -7.0370260063641075
-0.24694143693395562 -7.071477534087745
0.24694143693395304 -7.071477534087746
0.7396212369435733 -7.0370260063641075
1.2286976766332776 -6.968290795296842
1.7117880247506831 -6.865606771925033
2.1865387136798335 -6.729474202488784
2.650636805786039 -6.560556311182391
3.1018212618155347 -6.359676048992732
3.5378939564514487 -6.1278120843647805
3.9567303873593818 -5.866094035227324
4.356290025549259 -5.575796965607944
4.734626256627392 -5.2583351736492805
5.089895864506208 -4.915255301290597
5.420368011367692 -4.548228799183761
5.724432670131282 -4.1590437835536616
6.000608468343947 -3.7495963246757134
6.247549905277902 -3.321881209412039
6.46405390707486 -2.877982222810446
6.649065688000975 -2.420061996113082
6.801683889256894 -1.9503514706344416
6.921164970307229 -1.4711390288395092
7.006926831335297 -0.9847593455744486
7.058551649174921 -0.49358201376540617
6.763961657060096 0.0
6.747484986419021 0.47183011373698286
6.698135247178934 0.9413615185880363
6.61615286630879 1.4063067047458577
6.50193725372735 1.864400505999613
6.3560448564181975 2.313411135397022
6.179186447475971 2.7511510582860503
5.972223663291291 3.175487649763847
5.736164805744878 3.584353584610896
5.472159929862148 3.9757569090916833
5.1814952408607216 4.347790745553063
4.865586827887902 4.698642582540505
4.52597376497669 5.026603105171711
4.1643106128318035 5.330074522746899
3.782359357976239 5.60757835302448
3.381980828530049 5.85776262523793
2.965125628442783 6.079408466761462
2.5338246343471296 6.271436041334935
2.0901791013321 6.432909809917569
1.6363504258394492 6.563043088540119
1.1745496155574766 6.661201880950085
0.7070265176138226 6.726907967377733
0.23605885754641256 6.759841234374743
-0.23605885754641023 6.759841234374743
-0.7070265176138218 6.726907967377734
-1.174549615557476 6.661201880950085
-1.6363504258394486 6.563043088540119
-2.090179101332099 6.43290980991757
-2.5338246343471305 6.271436041334935
-2.9651256284427836 6.079408466761462
-3.381980828530047 5.857762625237931
-3.782359357976238 5.60757835302448
-4.1643106128318035 5.330074522746899
-4.52597376497669 5.026603105171712
-4.865586827887902 4.698642582540504
-5.181495240860721 4.3477907455530636
-5.472159929862148 3.975756909091684
-5.736164805744878 3.584353584610896
-5.972223663291289 3.175487649763849
-6.17918644747597 2.751151058286052
-6.356044856418197 2.313411135397023
-6.501937253727348 1.8644005059996165
-6.61615286630879 1.4063067047458577
-6.698135247178933 0.9413615185880384
-6.747484986419021 0.47183011373698436
-6.763961657060096 8.283463992874074e-16
-6.747484986419022 -0.4718301137369797
-6.698135247178933 -0.9413615185880368
-6.61615286630879 -1.406306704745856
-6.50193725372735 -1.8644005059996118
-6.3560448564181975 -2.3134111353970215
-6.179186447475972 -2.7511510582860477
-5.97222366329129 -3.1754876497638476
-5.736164805744879 -3.584353584610895
-5.472159929862149 -3.9757569090916824
-5.1814952408607216 -4.347790745553063
-4.865586827887901 -4.698642582540506
-4.525973764976691 -5.02660310517171
-4.164310612831802 -5.3300745227469
-3.782359357976242 -5.607578353024477
-3.381980828530051 -5.857762625237929
-2.965125628442785 -6.079408466761461
-2.533824634347132 -6.271436041334934
-2.090179101332101 -6.432909809917569
-1.6363504258394486 -6.563043088540119
-1.1745496155574762 -6.661201880950085
-0.7070265176138221 -6.726907967377734
-0.23605885754641642 -6.7598412343747425
0.23605885754641392 -6.759841234374743
0.7070265176138195 -6.726907967377734
1.1745496155574737 -6.6612018809500855
1.6363504258394463 -6.56304308854012
2.0901791013320983 -6.43290980991757
2.5338246343471296 -6.271436041334935
2.9651256284427827 -6.079408466761462
3.381980828530049 -5.85776262523793
3.7823593579762353 -5.607578353024482
4.164310612831804 -5.330074522746897
4.525973764976687 -5.026603105171714
4.8655868278879 -4.698642582540508
5.18149524086072 -4.347790745553064
5.472159929862148 -3.9757569090916847
5.736164805744875 -3.5843535846109016
5.97222366329129 -3.175487649763847
6.1791864474759715 -2.7511510582860503
6.3560448564181975 -2.313411135397021
6.501937253727348 -1.8644005059996172
6.616152866308789 -1.4063067047458615
6.698135247178933 -0.9413615185880393
6.747484986419022 -0.4718301137369792
-0.9815940026722915 -0.0
-0.9792028890165237 -0.06847253627480056
-0.9720411973145979 -0.13661148123570557
-0.9601438186085948 -0.20408486879216828
-0.9435687157316496 -0.27056397538241483
-0.9223966409188555 -0.33572492148159394
-0.8967307423904909 -0.39925024951026583
-0.8666960618242588 -0.46083047045581854
-0.8324389251648024 -0.5201655716718273
-0.7941262297384114 -0.5769664785095114
-0.7519446311460242 -0.6309564626603646
-0.7060996338959036 -0.6818724903486586
-0.6568145902063292 -0.7294665038055568
-0.6043296118560412 -0.7735066297816311
-0.5489004003837906 -0.8137783092100237
-0.49079700133614584 -0.8500853425166545
-0.4303024886327332 -0.8822508454848242
-0.3677115854585567 -0.9101181110173366
-0.30332922840226567 -0.9335513725977251
-0.23746908183574622 -0.9524364657310734
-0.17045200977283143 -0.9666813841419587
-0.10260451265207955 -0.9762167280197772
-0.03425713665945647 -0.9809960421276459
0.03425713665945613 -0.9809960421276459
0.10260451265207943 -0.9762167280197773
0.17045200977283131 -0.9666813841419587
0.2374690818357461 -0.9524364657310734
0.30332922840226556 -0.9335513725977252
0.3677115854585568 -0.9101181110173366
0.43030248863273324 -0.8822508454848241
0.4907970013361455 -0.8500853425166546
0.5489004003837905 -0.8137783092100237
0.6043296118560412 -0.7735066297816311
0.6568145902063292 -0.7294665038055569
0.7060996338959036 -0.6818724903486585
0.7519446311460241 -0.6309564626603649
0.7941262297384113 -0.5769664785095115
0.8324389251648024 -0.5201655716718273
0.8666960618242586 -0.4608304704558188
0.8967307423904908 -0.3992502495102661
0.9223966409188554 -0.3357249214815941
0.9435687157316494 -0.27056397538241533
0.9601438186085948 -0.20408486879216828
0.9720411973145978 -0.13661148123570585
0.9792028890165237 -0.06847253627480078
0.9815940026722915 -1.2021059534348601e-16
0.9792028890165239 0.0684725362748001
0.9720411973145978 0.13661148123570566
0.9601438186085948 0.20408486879216803
0.9435687157316496 0.27056397538241467
0.9223966409188555 0.3357249214815939
0.8967307423904911 0.3992502495102655
0.8666960618242587 0.4608304704558186
0.8324389251648026 0.5201655716718272
0.7941262297384115 0.5769664785095113
0.7519446311460242 0.6309564626603646
0.7060996338959035 0.6818724903486587
0.6568145902063294 0.7294665038055567
0.604329611856041 0.7735066297816312
0.5489004003837911 0.8137783092100234
0.4907970013361462 0.8500853425166544
0.43030248863273346 0.882250845484824
0.36771158545855703 0.9101181110173365
0.3033292284022657 0.9335513725977251
0.2374690818357461 0.9524364657310734
0.17045200977283134 0.9666813841419587
0.10260451265207945 0.9762167280197773
0.03425713665945703 0.9809960421276458
-0.03425713665945667 0.9809960421276459
-0.10260451265207908 0.9762167280197773
-0.170452009772831 0.9666813841419588
-0.23746908183574578 0.9524364657310735
-0.30332922840226545 0.9335513725977252
-0.3677115854585567 0.9101181110173366
-0.4303024886327331 0.8822508454848242
-0.49079700133614584 0.8500853425166545
-0.5489004003837901 0.813778309210024
-0.6043296118560414 0.7735066297816309
-0.6568145902063287 0.7294665038055572
-0.7060996338959032 0.6818724903486589
-0.751944631146024 0.630956462660365
-0.7941262297384113 0.5769664785095117
-0.8324389251648019 0.5201655716718281
-0.8666960618242587 0.46083047045581854
-0.896730742390491 0.39925024951026583
-0.9223966409188555 0.33572492148159383
-0.9435687157316494 0.27056397538241544
-0.9601438186085947 0.2040848687921688
-0.9720411973145978 0.136611481235706
-0.9792028890165239 0.06847253627480003
7.426713960357776 0.0
7.408622858415682 0.518061377380826
7.354437690619554 1.0335988118064001
7.264422441660218 1.5441006567178428
7.139015656782305 2.047079798442211
6.978828305235892 2.5400857731603113
6.784640803695737 3.020716705320103
6.557399214149687 3.4866310093329576
6.298210634779762 3.9355587975432638
6.00833780629111 4.365312938892927
5.6891929599662125 4.773799714404026
5.342330937416036 5.159029017567218
4.969441615547996 5.519124049940606
4.572341673655531 5.852330464723094
4.152965742739194 6.1570249137556505
3.713356980178889 6.43172295631037
3.2556571156764895 6.675086291136477
2.7820960169640228 6.8859292765294935
2.2949808261122224 7.063224706658449
1.79668471936627 7.20610881600943
1.2896353452696794 7.313885487564338
0.7763029974046269 7.38602964421303
0.25918857936992495 7.422189806876221
-0.25918857936992235 7.422189806876221
-0.7763029974046259 7.386029644213031
-1.2896353452696787 7.313885487564338
-1.7966847193662692 7.20610881600943
-2.2949808261122215 7.06322470665845
-2.7820960169640236 6.8859292765294935
-3.25565711567649 6.675086291136476
-3.713356980178886 6.431722956310371
-4.152965742739193 6.1570249137556505
-4.572341673655531 5.852330464723094
-4.969441615547996 5.519124049940607
-5.342330937416036 5.159029017567217
-5.689192959966212 4.773799714404028
-6.0083378062911095 4.365312938892928
-6.298210634779762 3.9355587975432638
-6.557399214149685 3.4866310093329593
-6.784640803695736 3.020716705320105
-6.978828305235891 2.5400857731603126
-7.139015656782303 2.047079798442215
-7.264422441660218 1.5441006567178428
-7.354437690619553 1.0335988118064023
-7.408622858415682 0.5180613773808277
-7.426713960357776 9.095101479735112e-16
-7.408622858415683 -0.5180613773808226
-7.354437690619553 -1.0335988118064008
-7.264422441660218 -1.5441006567178408
-7.139015656782305 -2.04707979844221
-6.978828305235892 -2.540085773160311
-6.784640803695739 -3.0207167053201003
-6.557399214149686 -3.4866310093329576
-6.298210634779763 -3.935558797543263
-6.008337806291111 -4.365312938892926
-5.6891929599662125 -4.773799714404026
-5.342330937416035 -5.159029017567219
-4.969441615547997 -5.519124049940605
-4.572341673655529 -5.852330464723095
-4.152965742739196 -6.157024913755649
-3.713356980178891 -6.431722956310368
-3.2556571156764913 -6.675086291136475
-2.782096016964025 -6.8859292765294935
-2.2949808261122233 -7.063224706658449
-1.7966847193662692 -7.20610881600943
-1.289635345269679 -7.313885487564338
-0.7763029974046262 -7.386029644213031
-0.2591885793699292 -7.42218980687622
0.25918857936992645 -7.422189806876221
0.7763029974046234 -7.386029644213031
1.2896353452696763 -7.313885487564338
1.7966847193662667 -7.206108816009431
2.294980826112221 -7.06322470665845
2.7820960169640228 -6.8859292765294935
3.255657115676489 -6.675086291136477
3.713356980178889 -6.43172295631037
4.152965742739189 -6.157024913755653
4.572341673655532 -5.852330464723092
4.969441615547993 -5.51912404994061
5.342330937416033 -5.159029017567221
5.689192959966211 -4.773799714404029
6.0083378062911095 -4.365312938892929
6.298210634779758 -3.9355587975432704
6.557399214149686 -3.4866310093329576
6.784640803695738 -3.020716705320103
6.978828305235892 -2.5400857731603104
7.139015656782303 -2.047079798442216
7.2644224416602174 -1.5441006567178468
7.354437690619553 -1.0335988118064035
7.408622858415683 -0.518061377380822
7.523338295991769 0.0
7.505011822024393 0.5248015503125222
7.450121684861266 1.047046320224789
7.358935303733107 1.5641899857136488
7.23189692952275 2.073713074823939
7.069625480419496 2.573133242282597
6.872911526611905 3.0600173632353025
6.642713438709314 3.5319933871861964
6.380152718656549 3.9867618943894514
6.0865085358892 4.422107298391147
5.7632114953486955 4.83590864014375
5.411836667718847 5.226149921105411
5.034095915839791 5.590929924982198
4.631829554684316 5.928471480262785
4.206997385528298 6.2371301184194
3.7616691479958853 6.515402085593202
3.2980144364960955 6.761931668731922
2.8182921301769484 6.975517800487575
2.324839387893315 7.1551199106958485
1.8200602618039041 7.299862995929351
1.3064139850708 7.409041882426347
0.7864029907227061 7.482124661626449
0.2625607200527648 7.518755281575649
-0.2625607200527622 7.518755281575649
-0.7864029907227053 7.48212466162645
-1.3064139850707994 7.409041882426347
-1.8200602618039032 7.299862995929351
-2.3248393878933142 7.155119910695849
-2.8182921301769492 6.975517800487575
-3.298014436496096 6.761931668731921
-3.7616691479958826 6.515402085593203
-4.206997385528297 6.2371301184194
-4.631829554684316 5.928471480262785
-5.034095915839791 5.590929924982199
-5.411836667718847 5.22614992110541
-5.763211495348695 4.835908640143752
-6.086508535889199 4.422107298391148
-6.380152718656549 3.9867618943894514
-6.642713438709312 3.5319933871861986
-6.8729115266119045 3.0600173632353047
-7.069625480419495 2.5731332422825983
-7.231896929522748 2.073713074823943
-7.358935303733107 1.5641899857136488
-7.450121684861265 1.0470463202247915
-7.505011822024393 0.5248015503125238
-7.523338295991769 9.213432163089022e-16
-7.505011822024394 -0.5248015503125186
-7.450121684861265 -1.0470463202247897
-7.358935303733107 -1.564189985713647
-7.23189692952275 -2.0737130748239383
-7.069625480419496 -2.5731332422825965
-6.872911526611907 -3.0600173632353003
-6.642713438709313 -3.531993387186197
-6.38015271865655 -3.986761894389451
-6.0865085358892 -4.422107298391146
-5.7632114953486955 -4.83590864014375
-5.4118366677188465 -5.226149921105412
-5.034095915839793 -5.5909299249821975
-4.631829554684315 -5.928471480262786
-4.206997385528301 -6.2371301184193975
-3.761669147995888 -6.5154020855932
-3.2980144364960977 -6.76193166873192
-2.818292130176951 -6.975517800487574
-2.324839387893316 -7.1551199106958485
-1.8200602618039032 -7.299862995929351
-1.3064139850707996 -7.409041882426347
-0.7864029907227054 -7.48212466162645
-0.2625607200527691 -7.518755281575648
0.2625607200527663 -7.518755281575649
0.7864029907227026 -7.48212466162645
1.3064139850707968 -7.409041882426348
1.8200602618039008 -7.2998629959293515
2.3248393878933133 -7.155119910695849
2.8182921301769484 -6.975517800487575
3.298014436496095 -6.761931668731922
3.7616691479958853 -6.515402085593202
4.206997385528294 -6.237130118419403
4.631829554684318 -5.928471480262784
5.034095915839788 -5.590929924982202
5.411836667718845 -5.226149921105414
5.763211495348694 -4.835908640143753
6.086508535889199 -4.422107298391149
6.380152718656545 -3.9867618943894585
6.642713438709313 -3.5319933871861964
6.872911526611906 -3.0600173632353025
7.069625480419496 -2.573133242282596
7.231896929522748 -2.073713074823944
7.358935303733106 -1.564189985713653
7.450121684861265 -1.0470463202247924
7.505011822024394 -0.5248015503125182
7.61027766037539 0.0
7.5917394064859325 0.5308661338014792
7.536214961327054 1.0591459411615547
7.443974834414267 1.5822656959612689
7.315468410373949 2.0976768113390514
7.151321759586602 2.602868256149726
6.952334588034898 3.0953787884558404
6.7194763412165175 3.572808946450987
6.453881481103129 4.032832738396523
6.156843959155705 4.473208974619521
5.829810912323064 4.891792186363565
5.4743756127361305 5.286543078296878
5.092269705446258 5.655538463754181
4.685354772024612 5.996980634308812
4.255613261123876 6.309206118027475
3.805138830187696 6.590693783738289
3.336126145362057 6.840072251828955
2.8508601893024412 7.056126575470366
2.35170512896801 7.23780415971545
1.84109279763782 7.38421988963593
1.3215108472635373 7.494660442513291
0.7954906288791926 7.568587763075361
0.26559486011338856 7.60564168484751
-0.2655948601133859 7.60564168484751
-0.7954906288791916 7.568587763075362
-1.3215108472635364 7.494660442513291
-1.841092797637819 7.38421988963593
-2.351705128968009 7.23780415971545
-2.850860189302442 7.056126575470366
-3.3361261453620576 6.840072251828954
-3.805138830187693 6.59069378373829
-4.255613261123876 6.309206118027475
-4.685354772024612 5.996980634308812
-5.092269705446258 5.655538463754182
-5.4743756127361305 5.286543078296877
-5.8298109123230635 4.891792186363567
-6.1568439591557045 4.473208974619522
-6.453881481103129 4.032832738396523
-6.719476341216516 3.5728089464509893
-6.952334588034897 3.0953787884558426
-7.151321759586601 2.6028682561497267
-7.315468410373947 2.097676811339055
-7.443974834414267 1.5822656959612689
-7.536214961327053 1.0591459411615571
-7.5917394064859325 0.530866133801481
-7.61027766037539 9.31990217740133e-16
-7.591739406485933 -0.5308661338014756
-7.536214961327053 -1.0591459411615554
-7.443974834414267 -1.5822656959612669
-7.315468410373949 -2.09767681133905
-7.151321759586602 -2.6028682561497254
-6.9523345880348995 -3.0953787884558377
-6.719476341216517 -3.5728089464509876
-6.45388148110313 -4.032832738396522
-6.156843959155706 -4.47320897461952
-5.829810912323064 -4.891792186363565
-5.47437561273613 -5.286543078296879
-5.09226970544626 -5.65553846375418
-4.68535477202461 -5.996980634308813
-4.255613261123879 -6.309206118027473
-3.8051388301876985 -6.590693783738288
-3.336126145362059 -6.840072251828953
-2.850860189302444 -7.0561265754703655
-2.351705128968011 -7.23780415971545
-1.841092797637819 -7.38421988963593
-1.3215108472635366 -7.494660442513291
-0.7954906288791919 -7.568587763075362
-0.2655948601133929 -7.605641684847509
0.26559486011339006 -7.60564168484751
0.7954906288791891 -7.568587763075362
1.3215108472635337 -7.494660442513292
1.8410927976378166 -7.384219889635931
2.351705128968008 -7.23780415971545
2.8508601893024412 -7.056126575470366
3.3361261453620568 -6.840072251828955
3.805138830187696 -6.590693783738289
4.255613261123872 -6.309206118027478
4.685354772024613 -5.996980634308811
5.092269705446254 -5.6555384637541835
5.474375612736128 -5.286543078296881
5.829810912323063 -4.891792186363568
6.1568439591557045 -4.4732089746195225
6.453881481103124 -4.03283273839653
6.719476341216517 -3.572808946450987
6.952334588034899 -3.0953787884558404
7.151321759586602 -2.602868256149725
7.315468410373947 -2.097676811339056
7.443974834414267 -1.582265695961273
7.536214961327053 -1.059145941161558
7.591739406485933 -0.5308661338014751
1.0 0.5 0.4 0.32000000000000006 0.25600000000000006 0.20480000000000007 0.16384000000000007 0.13107200000000005 0.10485760000000005 0.08388608000000004 0.06710886400000003 0.05368709120000003 0.042949672960000025 0.03435973836800002 0.027487790694400018 0.021990232555520017 0.017592186044416015 0.014073748835532814 