0.0 0.0
1.0724923849569727 0.0
0.9662822499086492 0.4653370061602389
0.6686880645918236 0.8385083112665829
0.2386520071616607 1.045602761697006
-0.23865200716166057 1.045602761697006
-0.6686880645918235 0.838508311266583
-0.9662822499086491 0.465337006160239
-1.0724923849569727 1.3134243663474675e-16
-0.9662822499086492 -0.46533700616023876
-0.6686880645918237 -0.8385083112665828
-0.23865200716166085 -1.045602761697006
0.23865200716165952 -1.0456027616970063
0.6686880645918233 -0.838508311266583
0.9662822499086495 -0.4653370061602382
1.7571249296053308 0.0
1.5831148585896329 0.762387934553837
1.0955494742006688 1.3737755885948684
0.3909970804137015 1.713070139062759
-0.3909970804137013 1.713070139062759
-1.0955494742006688 1.3737755885948686
-1.5831148585896326 0.7623879345538372
-1.7571249296053308 2.1518574207431868e-16
-1.5831148585896329 -0.7623879345538368
-1.095549474200669 -1.3737755885948681
-0.39099708041370174 -1.713070139062759
0.39099708041369957 -1.7130701390627594
1.0955494742006686 -1.3737755885948686
1.5831148585896333 -0.762387934553836
2.2153791170640096 0.0
1.9959876150758216 0.9612169748746869
1.3812662867402155 1.7320531393228695
0.4929682301963987 2.1598349372904266
-0.49296823019639846 2.1598349372904266
-1.3812662867402152 1.7320531393228698
-1.9959876150758213 0.9612169748746873
-2.2153791170640096 2.713056944610329e-16
-1.9959876150758216 -0.9612169748746867
-1.3812662867402157 -1.7320531393228693
-0.492968230196399 -2.1598349372904266
0.49296823019639624 -2.159834937290427
1.381266286740215 -1.7320531393228698
1.995987615075822 -0.9612169748746856
2.5751908346375165 0.0
2.320166770916049 1.117333428273791
1.605605223236572 2.0133652678827327
0.573033869639281 2.5106254238829218
-0.5730338696392808 2.5106254238829218
-1.6056052232365716 2.0133652678827327
-2.3201667709160487 1.1173334282737912
-2.5751908346375165 3.1536992128324353e-16
-2.320166770916049 -1.1173334282737908
-1.6056052232365723 -2.0133652678827323
-0.5730338696392815 -2.5106254238829218
0.5730338696392783 -2.510625423882922
1.6056052232365714 -2.0133652678827327
2.3201667709160496 -1.1173334282737895
3.1181213223259943 0.0
2.809330237758445 1.3529021383529871
1.9441168454285265 2.4378454159493055
0.6938472688330785 3.0399435107049086
-0.6938472688330781 3.0399435107049086
-1.9441168454285263 2.437845415949306
-2.809330237758445 1.3529021383529873
-3.1181213223259943 3.8185972967396414e-16
-2.809330237758445 -1.3529021383529867
-1.944116845428527 -2.437845415949305
-0.6938472688330789 -3.0399435107049086
0.693847268833075 -3.0399435107049095
1.9441168454285258 -2.437845415949306
2.809330237758446 -1.3529021383529851
2.851931398611371 0.0
2.5695014035422497 1.2374066589362687
1.7781501426349047 2.2297297532734497
0.6346144383983404 2.780427524133972
-0.6346144383983401 2.780427524133972
-1.7781501426349045 2.22972975327345
-2.5695014035422497 1.237406658936269
-2.851931398611371 3.49260865869725e-16
-2.5695014035422497 -1.2374066589362684
-1.7781501426349051 -2.2297297532734497
-0.6346144383983408 -2.780427524133972
0.6346144383983372 -2.7804275241339726
1.778150142634904 -2.22972975327345
2.5695014035422505 -1.2374066589362671
3.3558054048437453 0.0
3.0234761965028887 1.456029396804515
2.092310446942494 2.623674314543212
0.7467369528614781 3.271668357032792
-0.7467369528614778 3.271668357032792
-2.0923104469424936 2.6236743145432126
-3.0234761965028882 1.4560293968045155
-3.3558054048437453 4.1096763476032806e-16
-3.0234761965028887 -1.4560293968045148
-2.0923104469424945 -2.6236743145432118
-0.7467369528614786 -3.271668357032792
0.7467369528614745 -3.2716683570327927
2.092310446942493 -2.6236743145432126
3.0234761965028896 -1.456029396804513
3.5478749161971193 0.0
3.1965248467055085 1.5393652345609992
2.212063828519313 2.7738403053415306
0.7894764399123638 3.45892228473032
-0.7894764399123635 3.45892228473032
-2.2120638285193124 2.773840305341531
-3.1965248467055085 1.5393652345609996
-3.5478749161971193 4.344893659895986e-16
-3.1965248467055085 -1.539365234560999
-2.2120638285193133 -2.77384030534153
-0.7894764399123643 -3.45892228473032
0.7894764399123599 -3.4589222847303205
2.212063828519312 -2.773840305341531
3.1965248467055094 -1.5393652345609972
3.7164191065804277 0.0
3.348377915106688 1.6124938180910506
2.3171494123858425 2.9056134595702865
0.8269810505693685 3.623240720371095
-0.8269810505693681 3.623240720371095
-2.317149412385842 2.905613459570287
-3.3483779151066875 1.612493818091051
-3.7164191065804277 4.5513007631637865e-16
-3.348377915106688 -1.6124938180910504
-2.317149412385843 -2.905613459570286
-0.826981050569369 -3.623240720371095
0.8269810505693643 -3.6232407203710957
2.3171494123858416 -2.905613459570287
3.348377915106689 -1.6124938180910484
3.8655515933579525 0.0
3.482741642886107 1.677199979077983
2.4101319970174617 3.0222099327917027
0.860166150810331 3.7686341443435905
-0.8601661508103307 3.7686341443435905
-2.4101319970174613 3.022209932791703
-3.4827416428861064 1.6771999790779835
-3.8655515933579525 4.733935385744767e-16
-3.482741642886107 -1.6771999790779826
-2.410131997017462 -3.0222099327917022
-0.8601661508103315 -3.7686341443435905
0.8601661508103268 -3.7686341443435913
2.410131997017461 -3.022209932791703
3.4827416428861078 -1.6771999790779806
3.9981335823371316 0.0
3.602193887400929 1.734725148195912
2.4927955150561267 3.1258667057838543
0.8896684188237638 3.897892026051975
-0.8896684188237634 3.897892026051975
-2.4927955150561263 3.1258667057838547
-3.6021938874009285 1.7347251481959125
-3.9981335823371316 4.896301494172709e-16
-3.602193887400929 -1.7347251481959116
-2.492795515056127 -3.125866705783854
-0.8896684188237644 -3.897892026051975
0.8896684188237594 -3.897892026051976
2.492795515056126 -3.1258667057838547
3.60219388740093 -1.7347251481959096
4.115677334045439 0.0
3.7080971483065657 1.7857254706970185
2.566082845518472 3.2177661114368146
0.9158243642346254 4.012488710494974
-0.915824364234625 4.012488710494974
-2.5660828455184714 3.217766111436815
-3.7080971483065652 1.785725470697019
-4.115677334045439 5.040251073462059e-16
-3.7080971483065657 -1.785725470697018
-2.5660828455184723 -3.217766111436814
-0.9158243642346261 -4.012488710494974
0.9158243642346209 -4.012488710494975
2.566082845518471 -3.217766111436815
3.7080971483065666 -1.7857254706970158
4.582639076458336 0.0
4.128815140722055 1.988332577519976
2.857228729771098 3.5828515027633436
1.0197331272782113 4.467742747094366
-1.0197331272782106 4.467742747094366
-2.8572287297710974 3.5828515027633445
-4.128815140722054 1.9883325775199767
-4.582639076458336 5.612114276632284e-16
-4.128815140722055 -1.9883325775199756
-2.8572287297710983 -3.582851502763343
-1.019733127278212 -4.467742747094366
1.0197331272782062 -4.467742747094367
2.857228729771097 -3.5828515027633445
4.128815140722056 -1.9883325775199734
4.292101448359182 0.0
3.867049782850506 1.862273025085969
2.67608148159505 3.3557000382738376
0.9550824229241353 4.184489503921399
-0.9550824229241347 4.184489503921399
-2.6760814815950495 3.355700038273838
-3.8670497828505055 1.8622730250859694
-4.292101448359182 5.256308300348792e-16
-3.867049782850506 -1.8622730250859685
-2.6760814815950504 -3.355700038273837
-0.9550824229241358 -4.184489503921399
0.9550824229241305 -4.1844895039214
2.676081481595049 -3.355700038273838
3.8670497828505073 -1.8622730250859663
4.375458419635104 0.0
3.9421518188927474 1.8984402594646805
2.7280537030994183 3.420871142700536
0.9736310940242229 4.265756541893233
-0.9736310940242224 4.265756541893233
-2.728053703099418 3.4208711427005363
-3.942151818892747 1.898440259464681
-4.375458419635104 5.358391148408466e-16
-3.9421518188927474 -1.8984402594646799
-2.7280537030994187 -3.4208711427005354
-0.9736310940242235 -4.265756541893233
0.973631094024218 -4.265756541893234
2.7280537030994174 -3.4208711427005363
3.9421518188927482 -1.8984402594646779
4.7238640658836655 0.0
4.256054459564125 2.0496078039886756
2.9452810704453984 3.6932656456072808
1.0511586438231062 4.605426931182702
-1.0511586438231058 4.605426931182702
-2.9452810704453976 3.6932656456072817
-4.256054459564124 2.049607803988676
-4.7238640658836655 5.785065007891633e-16
-4.256054459564125 -2.049607803988675
-2.945281070445399 -3.6932656456072803
-1.0511586438231069 -4.605426931182702
1.0511586438231009 -4.605426931182704
2.945281070445397 -3.6932656456072817
4.256054459564126 -2.049607803988673
4.447129090384357 0.0
4.006724861979509 1.92953699807443
2.772739635403953 3.476905529461903
0.9895793186166223 4.335630279291474
-0.9895793186166219 4.335630279291474
-2.7727396354039526 3.4769055294619036
-4.006724861979509 1.9295369980744306
-4.447129090384357 5.446162405934284e-16
-4.006724861979509 -1.9295369980744295
-2.7727396354039535 -3.4769055294619022
-0.989579318616623 -4.335630279291474
0.9895793186166174 -4.3356302792914745
2.772739635403952 -3.4769055294619036
4.00672486197951 -1.9295369980744272
4.189830262746866 0.0
3.774906628530339 1.8178992206685112
2.612316440341769 3.275741205612797
0.9323249431848629 4.084782470456023
-0.9323249431848625 4.084782470456023
-2.6123164403417687 3.2757412056127975
-3.7749066285303385 1.8178992206685116
-4.189830262746866 5.131062220243663e-16
-3.774906628530339 -1.8178992206685107
-2.6123164403417696 -3.2757412056127966
-0.9323249431848635 -4.084782470456023
0.9323249431848583 -4.084782470456024
2.6123164403417682 -3.2757412056127975
3.77490662853034 -1.8178992206685085
4.232388167115218 0.0
3.8132499754493927 1.8363644033448592
2.6388508597039158 3.309014315075838
0.9417949678121321 4.126273359308694
-0.9417949678121317 4.126273359308694
-2.6388508597039153 3.3090143150758387
-3.8132499754493923 1.8363644033448596
-4.232388167115218 5.183180621606784e-16
-3.8132499754493927 -1.8363644033448587
-2.638850859703916 -3.3090143150758378
-0.9417949678121328 -4.126273359308694
0.9417949678121275 -4.126273359308696
2.638850859703915 -3.3090143150758387
3.8132499754493936 -1.8363644033448565
4.5011382298423674 0.0
4.055385415213377 1.9529706854489932
2.8064137830631886 3.5191315750311816
1.0015974827709955 4.3882852968620085
-1.001597482770995 4.3882852968620085
-2.806413783063188 3.519131575031182
-4.055385415213376 1.9529706854489937
-4.5011382298423674 5.512304525696239e-16
-4.055385415213377 -1.9529706854489925
-2.806413783063189 -3.519131575031181
-1.0015974827709961 -4.3882852968620085
1.0015974827709906 -4.388285296862009
2.8064137830631877 -3.519131575031182
4.055385415213378 -1.9529706854489903
2.9787192686292534 0.0
2.68373332725602 1.2924178540543785
1.8572010865904451 2.328856501648495
0.6628273936490514 2.9040365575404867
-0.6628273936490511 2.9040365575404867
-1.8572010865904447 2.3288565016484952
-2.68373332725602 1.292417854054379
-2.9787192686292534 3.64787901788536e-16
-2.68373332725602 -1.2924178540543783
-1.8572010865904454 -2.3288565016484943
-0.6628273936490517 -2.9040365575404867
0.6628273936490481 -2.904036557540487
1.8572010865904445 -2.3288565016484952
2.683733327256021 -1.2924178540543767
1.0 0.5 0.4 0.32000000000000006 0.25600000000000006 0.20480000000000007 0.16384000000000007 0.13107200000000005 0.10485760000000005 0.08388608000000004 0.06710886400000003 0.05368709120000003 0.042949672960000025 0.03435973836800002 0.027487790694400018 0.021990232555520017 0.017592186044416015 0.014073748835532814 0.011258999068426251 0.009007199254741001 0.007205759403792801 0.0057646075230342415 