0.0 0.0
2.0963854756734355 0.0
2.085629599751827 0.21208780081270626
2.053472341828983 0.4219992937884242
2.0002436788869145 0.6275805029535881
1.9264898090372964 0.8267218869063387
1.8329675467897184 1.0173799855659722
1.7206365571106816 1.1975983888386106
1.5906495079624092 1.3655278120322123
1.4443402423697447 1.5194450720199937
1.2832100913857378 1.6577707694311485
1.108912468403417 1.779085495425663
0.9232359028969507 1.8821443967497788
0.7280856876889713 1.9658899496149356
0.525464328067949 2.0294628113228965
0.31745099337410315 2.0722106382847114
0.10618018190840947 2.0936947799486996
-0.10618018190840875 2.0936947799486996
-0.3174509933741034 2.0722106382847114
-0.5254643280679487 2.0294628113228965
-0.7280856876889711 1.9658899496149358
-0.9232359028969505 1.8821443967497788
-1.1089124684034173 1.779085495425663
-1.2832100913857372 1.6577707694311494
-1.444340242369744 1.5194450720199943
-1.5906495079624092 1.3655278120322125
-1.7206365571106816 1.1975983888386106
-1.8329675467897184 1.0173799855659722
-1.9264898090372964 0.8267218869063389
-2.0002436788869145 0.6275805029535884
-2.053472341828983 0.42199929378842443
-2.085629599751827 0.21208780081270742
-2.0963854756734355 2.5673317625624744e-16
-2.085629599751827 -0.212087800812706
-2.053472341828983 -0.42199929378842393
-2.0002436788869145 -0.6275805029535887
-1.9264898090372966 -0.8267218869063384
-1.8329675467897186 -1.0173799855659715
-1.720636557110682 -1.1975983888386101
-1.5906495079624097 -1.365527812032212
-1.444340242369745 -1.5194450720199935
-1.2832100913857374 -1.6577707694311488
-1.1089124684034177 -1.7790854954256625
-0.92323590289695 -1.882144396749779
-0.7280856876889721 -1.9658899496149354
-0.5254643280679506 -2.029462811322896
-0.3174509933741039 -2.0722106382847114
-0.10618018190841065 -2.0936947799486996
0.10618018190840989 -2.0936947799486996
0.3174509933741031 -2.0722106382847114
0.5254643280679481 -2.029462811322897
0.7280856876889713 -1.9658899496149356
0.9232359028969493 -1.8821443967497795
1.108912468403417 -1.7790854954256632
1.283210091385737 -1.6577707694311494
1.4443402423697445 -1.519445072019994
1.5906495079624097 -1.3655278120322119
1.7206365571106816 -1.1975983888386108
1.832967546789718 -1.017379985565973
1.9264898090372964 -0.8267218869063391
2.000243678886914 -0.6275805029535894
2.0534723418289826 -0.4219992937884265
2.085629599751827 -0.21208780081270584
3.188323366201183 0.0
3.171965110087141 0.3225573249118949
3.1230581995890003 0.6418047751803931
3.0421044857900976 0.9544664399549153
2.9299346633418866 1.2573339874560419
2.7876997464127076 1.5472995868011368
2.61685925772485 1.8213877985547697
2.4191662518763692 2.076786106763737
2.1966493266286515 2.3108737791766853
1.9515918067482474 2.521248759503424
1.6865083140049382 2.7057523157629677
1.4041189637495513 2.86249119179489
1.1073214528495505 2.9898570346295164
0.7991613253979745 3.086542898365839
0.48280072130975576 3.151556655205047
0.16148592848713747 3.184231176024299
-0.16148592848713636 3.184231176024299
-0.48280072130975604 3.151556655205047
-0.7991613253979741 3.086542898365839
-1.10732145284955 2.9898570346295164
-1.404118963749551 2.86249119179489
-1.6865083140049384 2.7057523157629677
-1.9515918067482463 2.5212487595034254
-2.19664932662865 2.3108737791766867
-2.4191662518763692 2.0767861067637376
-2.61685925772485 1.8213877985547697
-2.7876997464127076 1.5472995868011368
-2.9299346633418866 1.257333987456042
-3.0421044857900976 0.9544664399549156
-3.1230581995890003 0.6418047751803935
-3.1719651100871404 0.3225573249118967
-3.188323366201183 3.904570005064993e-16
-3.171965110087141 -0.3225573249118945
-3.1230581995890003 -0.6418047751803927
-3.0421044857900976 -0.9544664399549162
-2.9299346633418866 -1.2573339874560414
-2.787699746412708 -1.547299586801136
-2.6168592577248506 -1.821387798554769
-2.41916625187637 -2.076786106763737
-2.1966493266286515 -2.310873779176685
-1.9515918067482465 -2.5212487595034245
-1.6865083140049393 -2.7057523157629677
-1.4041189637495504 -2.8624911917948905
-1.1073214528495514 -2.989857034629516
-0.799161325397977 -3.0865428983658387
-0.4828007213097568 -3.151556655205047
-0.16148592848713927 -3.184231176024299
0.16148592848713808 -3.184231176024299
0.4828007213097557 -3.151556655205047
0.799161325397973 -3.0865428983658396
1.1073214528495505 -2.9898570346295164
1.4041189637495493 -2.8624911917948914
1.6865083140049382 -2.705752315762968
1.9515918067482458 -2.5212487595034254
2.196649326628651 -2.310873779176686
2.41916625187637 -2.0767861067637368
2.61685925772485 -1.8213877985547702
2.787699746412707 -1.5472995868011383
2.9299346633418866 -1.2573339874560425
3.042104485790097 -0.9544664399549173
3.123058199589 -0.6418047751803966
3.171965110087141 -0.32255732491189426
3.930139376670237 0.0
3.909975102503763 0.3976056059144605
3.8496891927439125 0.7911312402658875
3.749900262404691 1.1765387975205683
3.611632280947378 1.549873474601316
3.4363040649681986 1.9073043525187454
3.2257147192200835 2.2451637067841657
2.982025175363324 2.5599846432260587
2.7077360178825325 2.8485366730157367
2.405661824705995 3.1078588618542735
2.0789022858273967 3.3352902131651962
1.7308103962919394 3.528496973520263
1.364958049929841 3.685496580107712
0.9850993868921043 3.804678004509543
0.5951322710923964 3.884818284033157
0.19905829284864504 3.9250950709635175
-0.19905829284864368 3.9250950709635175
-0.5951322710923967 3.884818284033157
-0.9850993868921039 3.804678004509543
-1.3649580499298406 3.6854965801077126
-1.730810396291939 3.528496973520263
-2.078902285827397 3.3352902131651962
-2.4056618247059935 3.107858861854275
-2.707736017882531 2.848536673015738
-2.982025175363324 2.559984643226059
-3.2257147192200835 2.2451637067841657
-3.4363040649681986 1.9073043525187454
-3.611632280947378 1.5498734746013163
-3.749900262404691 1.1765387975205688
-3.8496891927439125 0.791131240265888
-3.9099751025037626 0.39760560591446265
-3.930139376670237 4.813032607842179e-16
-3.909975102503763 -0.39760560591446
-3.8496891927439125 -0.7911312402658871
-3.749900262404691 -1.1765387975205694
-3.6116322809473784 -1.5498734746013154
-3.436304064968199 -1.9073043525187445
-3.2257147192200843 -2.2451637067841648
-2.982025175363325 -2.5599846432260582
-2.707736017882533 -2.848536673015736
-2.405661824705994 -3.107858861854274
-2.078902285827398 -3.335290213165196
-1.7308103962919383 -3.5284969735202636
-1.3649580499298424 -3.6854965801077118
-0.9850993868921074 -3.804678004509542
-0.5951322710923976 -3.884818284033157
-0.19905829284864726 -3.9250950709635175
0.19905829284864582 -3.9250950709635175
0.5951322710923963 -3.884818284033157
0.9850993868921026 -3.8046780045095434
1.364958049929841 -3.685496580107712
1.730810396291937 -3.5284969735202645
2.0789022858273967 -3.3352902131651967
2.405661824705993 -3.107858861854275
2.707736017882532 -2.848536673015737
2.982025175363325 -2.559984643226058
3.2257147192200835 -2.245163706784166
3.4363040649681977 -1.9073043525187474
3.611632280947378 -1.5498734746013167
3.7499002624046907 -1.1765387975205708
3.8496891927439116 -0.7911312402658919
3.909975102503763 -0.39760560591445965
4.48399624795833 0.0
4.4609903132981 0.45363837620388603
4.392208581339029 0.9026218087971162
4.278356845727569 1.342343120189625
4.120603379337112 1.7682901746885191
3.920566946207368 2.176092179116181
3.680300190834794 2.5615645330629007
3.4022685752623802 2.920751768549746
3.089325080102789 3.2499681384826338
2.7446809290965675 3.5458354374051235
2.3718726376110904 3.805317666457846
1.974725723207225 4.025752186835161
1.5573154506523932 4.204877042062432
1.123925014189357 4.34085416873037
0.6790015861671906 4.432288257512909
0.22711068303499699 4.478241070929049
-0.22711068303499543 4.478241070929049
-0.6790015861671911 4.432288257512909
-1.1239250141893566 4.34085416873037
-1.5573154506523927 4.204877042062433
-1.9747257232072246 4.025752186835161
-2.3718726376110912 3.805317666457846
-2.7446809290965657 3.545835437405125
-3.0893250801027876 3.249968138482635
-3.4022685752623802 2.9207517685497466
-3.680300190834794 2.5615645330629007
-3.920566946207368 2.176092179116181
-4.120603379337112 1.7682901746885193
-4.278356845727569 1.3423431201896254
-4.392208581339029 0.9026218087971166
-4.460990313298099 0.4536383762038885
-4.48399624795833 5.49131165245091e-16
-4.4609903132981 -0.4536383762038855
-4.392208581339029 -0.9026218087971155
-4.278356845727569 -1.3423431201896263
-4.120603379337112 -1.7682901746885185
-3.9205669462073685 -2.1760921791161802
-3.680300190834795 -2.5615645330628998
-3.402268575262381 -2.9207517685497457
-3.0893250801027894 -3.249968138482633
-2.744680929096566 -3.545835437405124
-2.371872637611092 -3.8053176664578454
-1.974725723207224 -4.025752186835161
-1.5573154506523947 -4.2048770420624315
-1.1239250141893606 -4.3408541687303694
-0.6790015861671922 -4.432288257512909
-0.2271106830349995 -4.478241070929049
0.22711068303499787 -4.478241070929049
0.6790015861671905 -4.432288257512909
1.123925014189355 -4.34085416873037
1.5573154506523932 -4.204877042062432
1.9747257232072224 -4.025752186835162
2.3718726376110904 -3.8053176664578463
2.7446809290965652 -3.545835437405125
3.0893250801027885 -3.249968138482634
3.402268575262381 -2.9207517685497453
3.680300190834794 -2.561564533062901
3.920566946207367 -2.1760921791161834
4.120603379337112 -1.7682901746885198
4.278356845727569 -1.3423431201896279
4.392208581339028 -0.9026218087971211
4.4609903132981 -0.4536383762038851
4.917184932753772 0.0
4.891956447041567 0.4974633485485836
4.816529868307953 0.9898220499655916
4.691679175319208 1.47202383770671
4.518685505135377 1.9391206689064395
4.299324006910385 2.386319497993667
4.0358456264595555 2.8090314598252535
3.7309540085095287 3.2029189576521273
3.3877777536447535 3.563940172731639
3.009838314631811 3.8883905388573115
2.60101386154875 4.172940756221202
2.1654994865120814 4.414670954535188
1.7077641563547894 4.611100654851348
1.2325048549791593 4.760214222632582
0.7445983859458951 4.860481550890558
0.24905132987022136 4.910873761153975
-0.24905132987021966 4.910873761153975
-0.7445983859458954 4.860481550890558
-1.2325048549791588 4.760214222632582
-1.7077641563547887 4.611100654851349
-2.165499486512081 4.414670954535188
-2.6010138615487506 4.172940756221202
-3.0098383146318097 3.8883905388573132
-3.3877777536447518 3.56394017273164
-3.7309540085095287 3.2029189576521278
-4.0358456264595555 2.8090314598252535
-4.299324006910385 2.386319497993667
-4.518685505135377 1.9391206689064397
-4.691679175319208 1.4720238377067107
-4.816529868307953 0.9898220499655922
-4.891956447041566 0.4974633485485863
-4.917184932753772 6.0218147887125e-16
-4.891956447041567 -0.497463348548583
-4.816529868307953 -0.989822049965591
-4.691679175319208 -1.4720238377067114
-4.518685505135378 -1.9391206689064386
-4.2993240069103855 -2.386319497993666
-4.035845626459556 -2.8090314598252526
-3.73095400850953 -3.202918957652127
-3.387777753644754 -3.563940172731638
-3.00983831463181 -3.888390538857312
-2.6010138615487515 -4.172940756221201
-2.16549948651208 -4.414670954535189
-1.707764156354791 -4.611100654851347
-1.232504854979163 -4.760214222632581
-0.7445983859458968 -4.860481550890558
-0.24905132987022413 -4.910873761153975
0.24905132987022233 -4.910873761153975
0.744598385945895 -4.860481550890558
1.232504854979157 -4.760214222632582
1.7077641563547894 -4.611100654851348
2.1654994865120782 -4.41467095453519
2.60101386154875 -4.172940756221202
3.009838314631809 -3.8883905388573132
3.387777753644753 -3.5639401727316393
3.73095400850953 -3.202918957652126
4.0358456264595555 -2.809031459825254
4.299324006910384 -2.3863194979936697
4.518685505135377 -1.9391206689064402
4.691679175319208 -1.4720238377067132
4.816529868307952 -0.989822049965597
4.891956447041567 -0.49746334854858254
5.267765600484183 0.0
5.2407383987408 0.5329310064241028
5.159934129174183 1.0603934195514177
5.026181952935735 1.576974761252571
4.840854348349275 2.0773742079154642
4.605853027426178 2.5564569840686926
4.323589421726712 3.009307052126346
3.996959937809041 3.4312775575860996
3.629316236178472 3.8180385120446094
3.2244308387151506 4.165621224737938
2.786458417494533 4.47045902667929
2.3198931622297247 4.729423869509293
1.8295226638034057 4.939858423505088
1.32037878710674 5.099603345379228
0.7976860372963818 5.2070194360638675
0.2668079493016877 5.261004461111387
-0.2668079493016859 5.261004461111387
-0.7976860372963822 5.2070194360638675
-1.3203787871067394 5.099603345379228
-1.8295226638034052 4.939858423505089
-2.3198931622297243 4.729423869509293
-2.7864584174945333 4.47045902667929
-3.224430838715149 4.16562122473794
-3.6293162361784703 3.818038512044611
-3.996959937809041 3.4312775575861
-4.323589421726712 3.009307052126346
-4.605853027426178 2.5564569840686926
-4.840854348349275 2.0773742079154642
-5.026181952935735 1.5769747612525717
-5.159934129174183 1.0603934195514184
-5.240738398740799 0.5329310064241057
-5.267765600484183 6.45115228129149e-16
-5.2407383987408 -0.5329310064241022
-5.159934129174183 -1.060393419551417
-5.026181952935735 -1.5769747612525726
-4.840854348349276 -2.0773742079154633
-4.605853027426178 -2.5564569840686913
-4.323589421726713 -3.0093070521263448
-3.996959937809042 -3.431277557586099
-3.6293162361784725 -3.818038512044609
-3.2244308387151492 -4.165621224737938
-2.7864584174945346 -4.47045902667929
-2.3198931622297234 -4.729423869509294
-1.8295226638034074 -4.939858423505087
-1.320378787106744 -5.0996033453792275
-0.7976860372963835 -5.2070194360638675
-0.26680794930169066 -5.261004461111387
0.2668079493016887 -5.261004461111387
0.7976860372963815 -5.2070194360638675
1.3203787871067376 -5.099603345379229
1.8295226638034057 -4.939858423505088
2.3198931622297216 -4.7294238695092945
2.786458417494533 -4.470459026679291
3.224430838715148 -4.16562122473794
3.629316236178471 -3.81803851204461
3.996959937809042 -3.4312775575860988
4.323589421726712 -3.0093070521263465
4.605853027426177 -2.5564569840686953
4.840854348349275 -2.0773742079154647
5.026181952935734 -1.5769747612525744
5.159934129174182 -1.0603934195514235
5.2407383987408 -0.5329310064241017
5.55854548654804 0.0
5.530026387245121 0.5623487195648799
5.44476173388772 1.1189269802876214
5.303626457200794 1.6640235360424844
5.108068796109697 2.1920449585339297
4.860095436849019 2.6975730334400465
4.562250921646343 3.1754203586235126
4.217591538275676 3.6206835738971987
3.8296539584090663 4.028793676134998
3.4024189465793646 4.395562903426744
2.9402705121492874 4.71722770718236
2.4479509234428427 4.990487371233287
1.9305120456550016 5.212537881646955
1.393263501878548 5.38110069970417
0.8417181891860656 5.4944461427897275
0.28153570884583773 5.5514111332766785
-0.2815357088458358 5.5514111332766785
-0.841718189186066 5.4944461427897275
-1.3932635018785473 5.38110069970417
-1.930512045655001 5.212537881646956
-2.447950923442842 4.990487371233287
-2.9402705121492883 4.71722770718236
-3.402418946579363 4.395562903426746
-3.8296539584090645 4.028793676135
-4.217591538275676 3.6206835738971996
-4.562250921646343 3.1754203586235126
-4.860095436849019 2.6975730334400465
-5.108068796109697 2.1920449585339297
-5.303626457200794 1.664023536042485
-5.44476173388772 1.1189269802876218
-5.53002638724512 0.562348719564883
-5.55854548654804 6.807254938016024e-16
-5.530026387245121 -0.5623487195648792
-5.44476173388772 -1.1189269802876205
-5.303626457200794 -1.664023536042486
-5.1080687961096976 -2.1920449585339288
-4.860095436849019 -2.697573033440045
-4.562250921646344 -3.1754203586235112
-4.217591538275678 -3.6206835738971983
-3.829653958409067 -4.028793676134997
-3.4024189465793637 -4.395562903426745
-2.940270512149289 -4.717227707182359
-2.447950923442841 -4.990487371233288
-1.9305120456550033 -5.212537881646954
-1.3932635018785522 -5.381100699704168
-0.8417181891860674 -5.4944461427897275
-0.28153570884584084 -5.5514111332766785
0.2815357088458388 -5.5514111332766785
0.8417181891860654 -5.4944461427897275
1.3932635018785455 -5.381100699704171
1.9305120456550016 -5.212537881646955
2.447950923442839 -4.9904873712332884
2.9402705121492874 -4.717227707182361
3.4024189465793624 -4.395562903426746
3.829653958409066 -4.028793676134999
4.217591538275678 -3.620683573897198
4.562250921646343 -3.175420358623513
4.860095436849017 -2.697573033440049
5.108068796109697 -2.1920449585339306
5.303626457200793 -1.664023536042488
5.444761733887718 -1.1189269802876274
5.530026387245121 -0.5623487195648788
5.80298102134039 0.0
5.773207802356922 0.5870778524539225
5.684193658922893 1.1681314916984016
5.536851996605315 1.7371985211035854
5.332694740244695 2.288439542877048
5.073816819560201 2.8161980781871083
4.762874672335853 3.3150586102900794
4.403058985774129 3.779902155060426
3.99806195572757 4.205958788694986
3.5520393997729998 4.588856593585925
3.0695681128994647 4.924666520111546
2.5555989033982565 5.209942704002261
2.0154057908703176 5.441757825570993
1.4545318876482651 5.6177331479744685
0.8787325189628138 5.736062926272168
0.29391616551771654 5.795532936812982
-0.29391616551771454 5.795532936812982
-0.8787325189628142 5.736062926272168
-1.4545318876482645 5.6177331479744685
-2.0154057908703167 5.441757825570994
-2.5555989033982556 5.209942704002261
-3.069568112899465 4.924666520111546
-3.552039399772998 4.588856593585927
-3.9980619557275676 4.205958788694988
-4.403058985774129 3.7799021550604266
-4.762874672335853 3.3150586102900794
-5.073816819560201 2.8161980781871083
-5.332694740244695 2.2884395428770485
-5.536851996605315 1.737198521103586
-5.684193658922893 1.1681314916984022
-5.7732078023569215 0.5870778524539257
-5.80298102134039 7.106602133297347e-16
-5.773207802356922 -0.5870778524539219
-5.684193658922893 -1.1681314916984007
-5.536851996605315 -1.737198521103587
-5.332694740244696 -2.288439542877047
-5.073816819560202 -2.816198078187107
-4.762874672335855 -3.315058610290078
-4.40305898577413 -3.7799021550604253
-3.9980619557275703 -4.205958788694986
-3.5520393997729984 -4.588856593585926
-3.0695681128994665 -4.924666520111546
-2.5555989033982547 -5.209942704002261
-2.0154057908703193 -5.441757825570992
-1.4545318876482696 -5.617733147974467
-0.8787325189628158 -5.736062926272168
-0.2939161655177198 -5.795532936812982
0.29391616551771765 -5.795532936812982
0.8787325189628137 -5.736062926272168
1.4545318876482625 -5.6177331479744685
2.0154057908703176 -5.441757825570993
2.555598903398253 -5.209942704002263
3.0695681128994647 -4.924666520111547
3.552039399772997 -4.588856593585927
3.998061955727569 -4.2059587886949865
4.40305898577413 -3.779902155060425
4.762874672335853 -3.31505861029008
5.073816819560199 -2.816198078187111
5.332694740244695 -2.288439542877049
5.536851996605315 -1.737198521103589
5.684193658922891 -1.1681314916984078
5.773207802356922 -0.5870778524539213
6.112128500868545 0.0
6.080769146143408 0.6183537842044301
5.987012871383463 1.2303624218165585
5.831821742840258 1.829745876034476
5.616788231499799 2.410353661522501
5.34411887217527 2.9662279567136594
5.016611621473938 3.4916647391211826
4.637627146976119 3.9812723163279977
4.211054342238096 4.430026652047055
3.7412704214817145 4.833322919532234
3.2330960034531504 5.187022753332092
2.6917456453512396 5.487496714519491
2.1227743344141823 5.731661533646417
1.5320204862333981 5.917011749260833
0.925546034708904 6.0416454173316225
0.30957422840440063 6.104283627768076
-0.3095742284043985 6.104283627768076
-0.9255460347089045 6.0416454173316225
-1.5320204862333975 5.917011749260833
-2.122774334414182 5.731661533646417
-2.6917456453512387 5.487496714519491
-3.233096003453151 5.187022753332092
-3.7412704214817127 4.833322919532236
-4.211054342238095 4.430026652047057
-4.637627146976119 3.9812723163279986
-5.016611621473938 3.4916647391211826
-5.34411887217527 2.9662279567136594
-5.616788231499799 2.4103536615225014
-5.831821742840258 1.8297458760344767
-5.987012871383463 1.2303624218165592
-6.080769146143407 0.6183537842044334
-6.112128500868545 7.485198604565974e-16
-6.080769146143408 -0.6183537842044293
-5.987012871383463 -1.2303624218165576
-5.831821742840258 -1.8297458760344778
-5.6167882314997994 -2.4103536615225
-5.344118872175271 -2.966227956713658
-5.016611621473939 -3.4916647391211812
-4.63762714697612 -3.9812723163279973
-4.211054342238097 -4.430026652047054
-3.741270421481713 -4.833322919532235
-3.233096003453152 -5.187022753332091
-2.691745645351238 -5.487496714519492
-2.1227743344141845 -5.731661533646416
-1.5320204862334028 -5.9170117492608325
-0.9255460347089061 -6.0416454173316225
-0.3095742284044041 -6.104283627768076
0.30957422840440185 -6.104283627768076
0.9255460347089038 -6.0416454173316225
1.5320204862333955 -5.917011749260834
2.1227743344141823 -5.731661533646417
2.6917456453512356 -5.4874967145194935
3.2330960034531504 -5.1870227533320925
3.741270421481712 -4.833322919532236
4.211054342238096 -4.430026652047055
4.63762714697612 -3.9812723163279964
5.016611621473938 -3.491664739121183
5.344118872175269 -2.9662279567136625
5.616788231499799 -2.410353661522502
5.831821742840258 -1.8297458760344798
5.987012871383461 -1.2303624218165652
6.080769146143408 -0.6183537842044288
6.451870501882621 0.0
6.4187680408200904 0.6527249123556766
6.319800333677786 1.298751983832652
6.155982923055694 1.9314521024632676
5.928996797267173 2.544332908850317
5.641171141124117 3.1311054165600267
5.295459435348897 3.685748545633227
4.895409149865452 4.202570907013553
4.4451253419573735 4.676269203900846
3.949228532825145 5.101982650752829
3.412807294786063 5.475342851522463
2.8413660356363266 5.792518625312776
2.2407685159783814 6.050255319477282
1.6171776791022212 6.2459082067603795
0.9769924108474232 6.377469623777886
0.3267818783753648 6.443589572360159
-0.32678187837536254 6.443589572360159
-0.9769924108474237 6.377469623777886
-1.6171776791022203 6.2459082067603795
-2.2407685159783806 6.050255319477283
-2.8413660356363257 5.792518625312776
-3.4128072947860635 5.475342851522463
-3.949228532825143 5.101982650752831
-4.445125341957372 4.676269203900848
-4.895409149865452 4.202570907013553
-5.295459435348897 3.685748545633227
-5.641171141124117 3.1311054165600267
-5.928996797267173 2.544332908850317
-6.155982923055694 1.9314521024632685
-6.319800333677786 1.298751983832653
-6.41876804082009 0.6527249123556802
-6.451870501882621 7.901262558643779e-16
-6.4187680408200904 -0.6527249123556758
-6.319800333677786 -1.2987519838326511
-6.155982923055694 -1.9314521024632696
-5.928996797267173 -2.5443329088503157
-5.641171141124117 -3.1311054165600254
-5.295459435348898 -3.6857485456332255
-4.895409149865453 -4.202570907013552
-4.445125341957374 -4.676269203900845
-3.9492285328251433 -5.10198265075283
-3.412807294786065 -5.475342851522463
-2.841366035636325 -5.792518625312777
-2.2407685159783832 -6.050255319477281
-1.617177679102226 -6.245908206760378
-0.9769924108474253 -6.377469623777886
-0.32678187837536843 -6.443589572360159
0.32678187837536604 -6.443589572360159
0.9769924108474229 -6.377469623777886
1.6171776791022183 -6.24590820676038
2.2407685159783814 -6.050255319477282
2.8413660356363226 -5.792518625312779
3.412807294786063 -5.475342851522464
3.949228532825142 -5.101982650752831
4.445125341957373 -4.676269203900846
4.895409149865453 -4.202570907013551
5.295459435348897 -3.6857485456332277
5.641171141124115 -3.1311054165600303
5.928996797267173 -2.544332908850318
6.155982923055693 -1.9314521024632716
6.319800333677785 -1.298751983832659
6.4187680408200904 -0.6527249123556753
6.2851208456507255 0.0
6.252873923148833 0.6358551294427146
6.156464052705084 1.2651855248078787
5.996880530053629 1.8815334046189536
5.775760898087884 2.478574205577136
5.4953741434544865 3.0501814811393047
5.158597413679876 3.5904897671499616
4.7688864937432704 4.093954769440705
4.330240345046355 4.555410255791032
3.8471600706578353 4.9701210684619435
3.324602727904997 5.3338317133220405
2.7679304622575533 5.642810026975919
2.182855484458976 5.893885473811029
1.5753814555144252 6.084481679983476
0.951741881004575 6.212642870500055
0.31833614688307815 6.277053938116266
-0.318336146883076 6.277053938116266
-0.9517418810045756 6.212642870500055
-1.5753814555144245 6.084481679983476
-2.182855484458975 5.89388547381103
-2.767930462257553 5.642810026975919
-3.3246027279049977 5.3338317133220405
-3.847160070657833 4.970121068461945
-4.330240345046352 4.555410255791035
-4.7688864937432704 4.093954769440706
-5.158597413679876 3.5904897671499616
-5.4953741434544865 3.0501814811393047
-5.775760898087884 2.478574205577136
-5.996880530053629 1.8815334046189542
-6.156464052705084 1.2651855248078794
-6.252873923148832 0.635855129442718
-6.2851208456507255 7.697053125880466e-16
-6.252873923148833 -0.6358551294427138
-6.156464052705084 -1.2651855248078778
-5.996880530053629 -1.8815334046189554
-5.775760898087885 -2.4785742055771345
-5.4953741434544865 -3.0501814811393033
-5.158597413679877 -3.5904897671499603
-4.768886493743272 -4.093954769440705
-4.330240345046355 -4.555410255791031
-3.847160070657834 -4.970121068461944
-3.324602727904999 -5.3338317133220405
-2.767930462257552 -5.64281002697592
-2.182855484458978 -5.893885473811029
-1.57538145551443 -6.084481679983474
-0.9517418810045771 -6.212642870500055
-0.3183361468830817 -6.277053938116266
0.3183361468830794 -6.277053938116266
0.9517418810045748 -6.212642870500055
1.5753814555144225 -6.084481679983477
2.182855484458976 -5.893885473811029
2.76793046225755 -5.642810026975922
3.324602727904997 -5.333831713322041
3.8471600706578326 -4.970121068461945
4.330240345046354 -4.555410255791033
4.768886493743272 -4.093954769440704
5.158597413679876 -3.5904897671499625
5.495374143454485 -3.0501814811393078
5.775760898087884 -2.4785742055771367
5.9968805300536285 -1.8815334046189574
6.156464052705082 -1.2651855248078854
6.252873923148833 -0.6358551294427133
6.618161298278405 0.0
6.584205652916664 0.6695482731889918
6.482687147702179 1.332226075051488
6.31464749987494 1.9812334345940363
6.081811023615628 2.609910658060451
5.786566936248758 3.2118066664017575
5.431944841639799 3.780745192076938
5.021583642359806 4.3108881559157295
4.559694199620819 4.796795573711096
4.051016124141619 5.233481377818662
3.5007691413280413 5.616464580957974
2.914599529826891 5.941815257205745
2.298522183066386 6.206194868353864
1.6588588883101436 6.406890521829177
1.0021734565651028 6.541842808642413
0.3352043689983389 6.609666935711249
-0.3352043689983366 6.609666935711249
-1.0021734565651035 6.541842808642413
-1.658858888310143 6.406890521829177
-2.298522183066385 6.206194868353865
-2.9145995298268903 5.941815257205745
-3.5007691413280417 5.616464580957974
-4.051016124141618 5.233481377818664
-4.559694199620817 4.7967955737110985
-5.021583642359806 4.31088815591573
-5.431944841639799 3.780745192076938
-5.786566936248758 3.2118066664017575
-6.081811023615628 2.609910658060451
-6.31464749987494 1.9812334345940372
-6.482687147702179 1.332226075051489
-6.584205652916663 0.6695482731889955
-6.618161298278405 8.10491005017754e-16
-6.584205652916664 -0.669548273188991
-6.482687147702179 -1.3322260750514872
-6.31464749987494 -1.9812334345940383
-6.081811023615629 -2.60991065806045
-5.786566936248758 -3.2118066664017557
-5.431944841639801 -3.7807451920769366
-5.021583642359808 -4.3108881559157295
-4.55969419962082 -4.796795573711095
-4.0510161241416185 -5.233481377818662
-3.5007691413280435 -5.616464580957973
-2.9145995298268894 -5.941815257205746
-2.2985221830663876 -6.2061948683538635
-1.658858888310149 -6.406890521829175
-1.002173456565105 -6.541842808642413
-0.3352043689983426 -6.609666935711249
0.3352043689983402 -6.609666935711249
1.0021734565651026 -6.541842808642413
1.6588588883101407 -6.406890521829177
2.298522183066386 -6.206194868353864
2.914599529826887 -5.941815257205747
3.5007691413280413 -5.616464580957975
4.051016124141617 -5.233481377818664
4.559694199620819 -4.796795573711097
5.021583642359808 -4.310888155915729
5.431944841639799 -3.780745192076939
5.786566936248756 -3.2118066664017606
6.081811023615628 -2.609910658060452
6.314647499874939 -1.9812334345940406
6.482687147702178 -1.3322260750514954
6.584205652916664 -0.6695482731889905
5.963971180223036 0.0
5.9333719727972545 0.60336495668457
5.841888339795441 1.2005385724303166
5.69045902708933 1.7853930378346714
5.480637904343886 2.351926954648043
5.214578020211821 2.894326918241047
4.8950095091408805 3.4070271710027957
4.525211576499939 3.884766714545661
4.108978849494452 4.322643294667998
3.6505824391563664 4.716163705116068
3.1547261129652044 5.061289893960472
2.626498027828508 5.354480399473315
2.071318518706583 5.592726690317892
1.494884478640934 5.773584037151393
0.9031109009225217 5.895196598856214
0.30207018325633495 5.956316465981172
-0.3020701832563329 5.956316465981172
-0.9031109009225221 5.895196598856214
-1.4948844786409334 5.773584037151393
-2.0713185187065823 5.5927266903178925
-2.6264980278285077 5.354480399473315
-3.154726112965205 5.061289893960472
-3.6505824391563646 4.716163705116069
-4.10897884949445 4.3226432946680005
-4.525211576499939 3.8847667145456612
-4.8950095091408805 3.4070271710027957
-5.214578020211821 2.894326918241047
-5.480637904343886 2.3519269546480435
-5.69045902708933 1.785393037834672
-5.841888339795441 1.2005385724303173
-5.933371972797254 0.6033649566845734
-5.963971180223036 7.303758216067203e-16
-5.9333719727972545 -0.6033649566845692
-5.841888339795441 -1.2005385724303157
-5.69045902708933 -1.7853930378346732
-5.480637904343886 -2.351926954648042
-5.214578020211822 -2.894326918241046
-4.895009509140881 -3.4070271710027944
-4.525211576499941 -3.88476671454566
-4.108978849494453 -4.322643294667998
-3.650582439156365 -4.716163705116068
-3.154726112965206 -5.061289893960471
-2.6264980278285064 -5.354480399473316
-2.071318518706585 -5.592726690317892
-1.4948844786409388 -5.773584037151392
-0.9031109009225237 -5.895196598856214
-0.3020701832563383 -5.956316465981172
0.3020701832563361 -5.956316465981172
0.9031109009225214 -5.895196598856214
1.4948844786409314 -5.773584037151394
2.071318518706583 -5.592726690317892
2.6264980278285046 -5.354480399473317
3.1547261129652044 -5.061289893960473
3.6505824391563637 -4.716163705116069
4.108978849494451 -4.322643294667999
4.525211576499941 -3.8847667145456595
4.8950095091408805 -3.4070271710027966
5.21457802021182 -2.8943269182410503
5.480637904343886 -2.3519269546480444
5.690459027089329 -1.7853930378346752
5.84188833979544 -1.200538572430323
5.9333719727972545 -0.6033649566845688
6.750862034842027 0.0
6.71622554491532 0.6829733840336297
6.612671492392506 1.3589385369364202
6.441262481983492 2.020959141512587
6.2037574020885256 2.662241970502165
5.902593376223054 3.276206594285403
5.540860754832497 3.8565529049954024
5.1222714041147706 4.397325764150244
4.651120617250132 4.8929761104324
4.132243038880694 5.3384179005669345
3.5709630551140763 5.729080299008015
2.9730401581169006 6.060954580896945
2.344609845931308 6.330635267003888
1.692120663962413 6.535355068553111
1.0222680341761523 6.673013283350563
0.34192555100957134 6.742197351831095
-0.341925551009569 6.742197351831095
-1.022268034176153 6.673013283350563
-1.692120663962412 6.535355068553111
-2.3446098459313074 6.330635267003889
-2.9730401581168997 6.060954580896945
-3.5709630551140767 5.729080299008015
-4.132243038880691 5.338417900566937
-4.65112061725013 4.892976110432403
-5.1222714041147706 4.397325764150244
-5.540860754832497 3.8565529049954024
-5.902593376223054 3.276206594285403
-6.2037574020885256 2.6622419705021656
-6.441262481983492 2.020959141512588
-6.612671492392506 1.358938536936421
-6.716225544915319 0.6829733840336334
-6.750862034842027 8.267421582454675e-16
-6.71622554491532 -0.6829733840336288
-6.612671492392506 -1.3589385369364193
-6.441262481983492 -2.0209591415125887
-6.203757402088526 -2.662241970502164
-5.902593376223055 -3.2762065942854015
-5.540860754832499 -3.8565529049954006
-5.122271404114771 -4.397325764150243
-4.6511206172501325 -4.892976110432399
-4.132243038880692 -5.338417900566935
-3.5709630551140785 -5.7290802990080145
-2.9730401581168984 -6.060954580896946
-2.34460984593131 -6.3306352670038875
-1.692120663962418 -6.535355068553109
-1.0222680341761545 -6.673013283350563
-0.3419255510095751 -6.742197351831095
0.34192555100957267 -6.742197351831095
1.022268034176152 -6.673013283350563
1.6921206639624098 -6.535355068553112
2.344609845931308 -6.330635267003888
2.973040158116896 -6.060954580896948
3.5709630551140763 -5.729080299008015
4.1322430388806906 -5.338417900566937
4.651120617250131 -4.892976110432401
5.122271404114771 -4.397325764150242
5.540860754832497 -3.856552904995403
5.902593376223052 -3.276206594285406
6.2037574020885256 -2.6622419705021665
6.441262481983491 -2.020959141512591
6.612671492392504 -1.3589385369364275
6.71622554491532 -0.6829733840336283
6.865260773094015 0.0
6.830037340236961 0.6945469124200628
6.724728481751835 1.3819668336465554
6.550414809032348 2.055205905059914
6.308885016244688 2.7073557827494126
6.002617525904889 3.331724526470172
5.634755056909969 3.9219052680057116
5.2090723759892725 4.471841954305731
4.72993756348975 4.975891490785553
4.20226719096064 5.428881647112894
3.631475870476192 5.82616413129021
3.0234206933886485 6.163662287420745
2.384341128645043 6.437912927714626
1.720794997392476 6.646101869482024
1.0395911808589786 6.786092812455755
0.347719752018232 6.856449260122896
-0.34771975201822963 6.856449260122896
-1.0395911808589793 6.786092812455755
-1.7207949973924754 6.646101869482024
-2.384341128645042 6.437912927714627
-3.0234206933886476 6.163662287420745
-3.631475870476193 5.82616413129021
-4.2022671909606375 5.428881647112895
-4.729937563489748 4.975891490785555
-5.2090723759892725 4.471841954305732
-5.634755056909969 3.9219052680057116
-6.002617525904889 3.331724526470172
-6.308885016244688 2.707355782749413
-6.550414809032348 2.0552059050599145
-6.724728481751835 1.3819668336465563
-6.83003734023696 0.6945469124200666
-6.865260773094015 8.407519631081468e-16
-6.830037340236961 -0.694546912420062
-6.724728481751835 -1.3819668336465545
-6.550414809032348 -2.055205905059916
-6.308885016244689 -2.7073557827494112
-6.00261752590489 -3.3317245264701705
-5.634755056909971 -3.9219052680057103
-5.209072375989274 -4.47184195430573
-4.7299375634897505 -4.9758914907855525
-4.202267190960638 -5.4288816471128944
-3.6314758704761942 -5.826164131290209
-3.0234206933886467 -6.163662287420746
-2.3843411286450453 -6.437912927714625
-1.7207949973924814 -6.646101869482022
-1.039591180858981 -6.786092812455755
-0.34771975201823585 -6.856449260122896
0.34771975201823335 -6.856449260122896
1.0395911808589784 -6.786092812455755
1.7207949973924732 -6.646101869482025
2.384341128645043 -6.437912927714626
3.0234206933886445 -6.163662287420747
3.631475870476192 -5.82616413129021
4.202267190960637 -5.428881647112895
4.72993756348975 -4.975891490785554
5.209072375989274 -4.471841954305729
5.634755056909969 -3.9219052680057125
6.0026175259048875 -3.3317245264701754
6.308885016244688 -2.707355782749414
6.550414809032347 -2.055205905059918
6.724728481751834 -1.381966833646563
6.830037340236961 -0.6945469124200614
6.976388500088818 0.0
6.940594906802361 0.7057895180864046
6.833581417646578 1.4043366806314261
6.6564461358325975 2.088473448462009
6.411006709054163 2.7511796525552477
6.099781677962635 3.3856550304723685
5.725964632531768 3.9853890062535746
5.293391441502967 4.544227497737613
4.806500891181244 5.056436065772553
4.2702891374810825 5.516758757321421
3.690258438605883 5.920472038652794
3.0723606944330535 6.2634332651888585
2.4229363719670434 6.542123190644662
1.7486494435678794 6.753682079257303
1.0564190055769371 6.8959390505447
0.35334827902545424 6.967434355477004
-0.3533482790254518 6.967434355477004
-1.0564190055769378 6.8959390505447
-1.7486494435678788 6.753682079257303
-2.422936371967043 6.542123190644663
-3.0723606944330526 6.2634332651888585
-3.690258438605884 5.920472038652794
-4.27028913748108 5.516758757321423
-4.8065008911812415 5.056436065772556
-5.293391441502967 4.544227497737614
-5.725964632531768 3.9853890062535746
-6.099781677962635 3.3856550304723685
-6.411006709054163 2.751179652555248
-6.6564461358325975 2.0884734484620098
-6.833581417646578 1.4043366806314268
-6.94059490680236 0.7057895180864084
-6.976388500088818 8.543611846242176e-16
-6.940594906802361 -0.7057895180864037
-6.833581417646578 -1.404336680631425
-6.6564461358325975 -2.088473448462011
-6.411006709054164 -2.7511796525552468
-6.0997816779626355 -3.3856550304723667
-5.725964632531769 -3.985389006253573
-5.293391441502968 -4.544227497737612
-4.806500891181245 -5.056436065772553
-4.270289137481081 -5.516758757321422
-3.690258438605886 -5.920472038652793
-3.0723606944330517 -6.2634332651888585
-2.422936371967046 -6.542123190644661
-1.748649443567885 -6.7536820792573025
-1.0564190055769396 -6.8959390505447
-0.3533482790254582 -6.967434355477004
0.35334827902545557 -6.967434355477004
1.056419005576937 -6.8959390505447
1.7486494435678763 -6.753682079257304
2.4229363719670434 -6.542123190644662
3.0723606944330495 -6.26343326518886
3.690258438605883 -5.920472038652795
4.270289137481079 -5.516758757321423
4.806500891181243 -5.056436065772554
5.293391441502968 -4.544227497737611
5.725964632531768 -3.9853890062535755
6.099781677962634 -3.385655030472372
6.411006709054163 -2.751179652555249
6.656446135832597 -2.0884734484620133
6.833581417646577 -1.4043366806314337
6.940594906802361 -0.7057895180864031
7.0943977169932895 0.0
7.057998656578119 0.7177283125396808
6.9491749789482675 1.4280917613511177
6.769043362298182 2.123801056174172
6.519452200771713 2.7977172781988635
6.202962637436931 3.4429251350328642
5.822822283492457 4.052803920959326
5.3829318933818495 4.621095454336784
4.887805337774451 5.141968295011471
4.342523285144074 5.610077582784495
3.752681067235217 6.020619882910227
3.124331263387679 6.369382475836881
2.46392159288207 6.652786585409837
1.7782287526148537 6.867924101957841
1.0742888790178367 7.012587423433536
0.3593253477769731 7.085292108397829
-0.3593253477769706 7.085292108397829
-1.0742888790178373 7.012587423433536
-1.778228752614853 6.867924101957841
-2.4639215928820692 6.652786585409838
-3.124331263387678 6.369382475836881
-3.7526810672352173 6.020619882910227
-4.342523285144072 5.610077582784497
-4.8878053377744495 5.141968295011473
-5.3829318933818495 4.621095454336785
-5.822822283492457 4.052803920959326
-6.202962637436931 3.4429251350328642
-6.519452200771713 2.797717278198864
-6.769043362298182 2.1238010561741727
-6.9491749789482675 1.4280917613511186
-7.0579986565781185 0.7177283125396847
-7.0943977169932895 8.688131455994122e-16
-7.057998656578119 -0.71772831253968
-6.9491749789482675 -1.4280917613511168
-6.769043362298182 -2.123801056174174
-6.519452200771714 -2.7977172781988626
-6.202962637436932 -3.442925135032863
-5.822822283492458 -4.052803920959325
-5.382931893381851 -4.621095454336783
-4.887805337774452 -5.141968295011471
-4.342523285144073 -5.610077582784496
-3.752681067235219 -6.020619882910226
-3.124331263387677 -6.369382475836881
-2.4639215928820724 -6.652786585409836
-1.7782287526148592 -6.86792410195784
-1.074288879017839 -7.012587423433536
-0.35932534777697706 -7.085292108397829
0.35932534777697445 -7.085292108397829
1.0742888790178364 -7.012587423433536
1.7782287526148506 -6.867924101957842
2.46392159288207 -6.652786585409837
3.1243312633876745 -6.369382475836883
3.752681067235217 -6.020619882910227
4.342523285144071 -5.610077582784497
4.887805337774451 -5.141968295011472
5.382931893381851 -4.621095454336782
5.822822283492457 -4.0528039209593265
6.202962637436929 -3.442925135032868
6.519452200771713 -2.797717278198865
6.769043362298181 -2.1238010561741762
6.949174978948267 -1.4280917613511255
7.057998656578119 -0.7177283125396793
1.0 0.5 0.4 0.32000000000000006 0.25600000000000006 0.20480000000000007 0.16384000000000007 0.13107200000000005 0.10485760000000005 0.08388608000000004 0.06710886400000003 0.05368709120000003 0.042949672960000025 0.03435973836800002 0.027487790694400018 0.021990232555520017 0.017592186044416015 0.014073748835532814 