0.0 0.0
2.564711690341039 0.0
2.5460120545045695 0.3091418329657269
2.49018582979357 0.6137756818800308
2.3980470882740375 0.9094592992500548
2.2709394202757025 1.191880952113023
2.1107163418195225 1.4569222968120168
1.9197142661803404 1.7007184337201928
1.7007184337201933 1.9197142661803404
1.456922296812017 2.1107163418195225
1.1918809521130234 2.2709394202757025
0.9094592992500545 2.3980470882740375
0.6137756818800316 2.49018582979357
0.3091418329657268 2.5460120545045695
-4.1243709591278773e-16 2.564711690341039
-0.3091418329657265 2.5460120545045695
-0.6137756818800302 2.4901858297935706
-0.9094592992500543 2.3980470882740375
-1.191880952113023 2.2709394202757025
-1.4569222968120166 2.1107163418195225
-1.7007184337201924 1.919714266180341
-1.9197142661803406 1.7007184337201928
-2.1107163418195225 1.4569222968120168
-2.2709394202757016 1.1918809521130245
-2.398047088274037 0.9094592992500553
-2.49018582979357 0.6137756818800307
-2.5460120545045695 0.309141832965727
-2.564711690341039 -8.248741918255755e-16
-2.5460120545045695 -0.30914183296572634
-2.4901858297935706 -0.6137756818800301
-2.3980470882740375 -0.9094592992500548
-2.270939420275703 -1.1918809521130218
-2.1107163418195225 -1.4569222968120163
-1.919714266180341 -1.7007184337201924
-1.7007184337201928 -1.9197142661803404
-1.456922296812017 -2.1107163418195225
-1.1918809521130245 -2.2709394202757016
-0.9094592992500554 -2.398047088274037
-0.6137756818800308 -2.49018582979357
-0.3091418329657283 -2.5460120545045695
-4.711298943467926e-16 -2.564711690341039
0.3091418329657273 -2.5460120545045695
0.6137756818800298 -2.4901858297935706
0.9094592992500545 -2.3980470882740375
1.1918809521130218 -2.270939420275703
1.4569222968120144 -2.110716341819524
1.7007184337201928 -1.9197142661803404
1.9197142661803395 -1.7007184337201937
2.1107163418195225 -1.456922296812017
2.2709394202757025 -1.1918809521130227
2.398047088274037 -0.9094592992500555
2.49018582979357 -0.613775681880031
2.5460120545045695 -0.3091418329657284
1.0 0.5 