0.0 0.0
2.936817931529048 0.0
2.9299715310852905 0.2004155432601833
2.9094642508333153 0.39989665674208064
2.875391705180205 0.5975132674103829
2.827912756062326 0.7923439954025879
2.767248772257648 0.9834804499272455
2.6936825972623106 1.1700314646011574
2.607557230543681 1.3511272524784357
2.5092742283184997 1.5259234613987542
2.3992918313124343 1.6936051107468892
2.2781228282302823 1.8533903912685574
2.146332164898318 2.0045343102260578
2.0045343102260578 2.1463321648983174
1.8533903912685574 2.2781228282302823
1.6936051107468895 2.399291831312434
1.5259234613987542 2.5092742283184997
1.351127252478436 2.607557230543681
1.170031464601157 2.6936825972623106
0.9834804499272458 2.7672487722576475
0.7923439954025885 2.827912756062326
0.5975132674103829 2.875391705180205
0.39989665674208064 2.9094642508333153
0.20041554326018401 2.9299715310852905
1.7982823397627997e-16 2.936817931529048
-0.200415543260183 2.9299715310852905
-0.3998966567420809 2.9094642508333153
-0.5975132674103832 2.875391705180205
-0.7923439954025875 2.827912756062326
-0.9834804499272455 2.767248772257648
-1.1700314646011574 2.6936825972623106
-1.3511272524784357 2.607557230543681
-1.5259234613987536 2.5092742283184997
-1.6936051107468892 2.3992918313124343
-1.8533903912685576 2.2781228282302823
-2.004534310226058 2.1463321648983174
-2.146332164898318 2.0045343102260578
-2.278122828230282 1.853390391268558
-2.399291831312434 1.6936051107468895
-2.509274228318499 1.5259234613987553
-2.607557230543681 1.3511272524784361
-2.6936825972623106 1.1700314646011571
-2.7672487722576475 0.9834804499272459
-2.827912756062326 0.7923439954025879
-2.8753917051802045 0.5975132674103837
-2.909464250833315 0.39989665674208213
-2.929971531085291 0.2004155432601829
-2.936817931529048 3.5965646795255994e-16
-2.9299715310852905 -0.2004155432601835
-2.9094642508333153 -0.3998966567420801
-2.875391705180205 -0.5975132674103817
-2.827912756062326 -0.7923439954025885
-2.767248772257648 -0.9834804499272453
-2.69368259726231 -1.1700314646011576
-2.607557230543681 -1.3511272524784355
-2.5092742283185 -1.5259234613987533
-2.399291831312434 -1.6936051107468897
-2.2781228282302823 -1.8533903912685574
-2.1463321648983182 -2.0045343102260573
-2.0045343102260578 -2.1463321648983174
-1.8533903912685583 -2.2781228282302814
-1.6936051107468895 -2.399291831312434
-1.5259234613987542 -2.5092742283184997
-1.3511272524784375 -2.60755723054368
-1.170031464601156 -2.693682597262311
-0.983480449927246 -2.7672487722576475
-0.7923439954025882 -2.827912756062326
-0.5975132674103826 -2.875391705180205
-0.3998966567420823 -2.909464250833315
-0.20041554326018177 -2.929971531085291
-5.394847019288399e-16 -2.936817931529048
0.2004155432601833 -2.9299715310852905
0.39989665674208125 -2.9094642508333153
0.5975132674103816 -2.875391705180205
0.7923439954025872 -2.827912756062326
0.9834804499272451 -2.767248772257648
1.1700314646011574 -2.69368259726231
1.3511272524784341 -2.607557230543682
1.5259234613987533 -2.5092742283185
1.6936051107468888 -2.3992918313124347
1.8533903912685574 -2.2781228282302823
2.004534310226058 -2.1463321648983174
2.1463321648983165 -2.004534310226059
2.2781228282302814 -1.8533903912685583
2.399291831312435 -1.6936051107468875
2.5092742283184997 -1.5259234613987542
2.607557230543681 -1.351127252478435
2.69368259726231 -1.1700314646011585
2.7672487722576475 -0.9834804499272463
2.827912756062325 -0.7923439954025907
2.875391705180205 -0.5975132674103828
2.9094642508333153 -0.39989665674207986
2.9299715310852905 -0.20041554326018454
4.586020707049131 0.0
4.575329634284032 0.3129611207893874
4.543306262705171 0.6244630723648797
4.49009990005344 0.9330534888330367
4.415958618952585 1.237293579221109
4.321228100280119 1.5357648357847247
4.206350021443491 1.8270756477458046
4.071859997076133 2.1098677896244036
3.918385081754785 2.3828227539128792
3.7466408463816006 2.644667898566543
3.557428041862277 2.894182380648347
3.3516288656356963 3.1302028484622184
3.130202848462219 3.351628865635696
2.894182380648347 3.557428041862277
2.644667898566544 3.7466408463815997
2.3828227539128792 3.918385081754785
2.1098677896244036 4.071859997076133
1.8270756477458039 4.206350021443491
1.5357648357847251 4.321228100280119
1.2372935792211097 4.415958618952585
0.9330534888330366 4.49009990005344
0.6244630723648797 4.543306262705171
0.3129611207893886 4.575329634284032
2.8081277898556e-16 4.586020707049131
-0.312961120789387 4.575329634284032
-0.6244630723648801 4.543306262705171
-0.9330534888330371 4.49009990005344
-1.2372935792211082 4.415958618952586
-1.5357648357847247 4.321228100280119
-1.8270756477458046 4.206350021443491
-2.109867789624403 4.071859997076133
-2.3828227539128783 3.9183850817547854
-2.644667898566543 3.7466408463816006
-2.8941823806483473 3.557428041862277
-3.1302028484622193 3.351628865635695
-3.3516288656356963 3.130202848462219
-3.5574280418622766 2.8941823806483478
-3.7466408463815997 2.644667898566544
-3.9183850817547836 2.382822753912881
-4.071859997076133 2.109867789624404
-4.206350021443491 1.8270756477458043
-4.321228100280119 1.5357648357847253
-4.415958618952585 1.237293579221109
-4.490099900053439 0.9330534888330378
-4.54330626270517 0.624463072364882
-4.575329634284033 0.31296112078938687
-4.586020707049131 5.6162555797112e-16
-4.575329634284032 -0.31296112078938776
-4.543306262705171 -0.6244630723648789
-4.49009990005344 -0.9330534888330348
-4.415958618952585 -1.2372935792211097
-4.321228100280119 -1.5357648357847244
-4.206350021443491 -1.827075647745805
-4.0718599970761336 -2.1098677896244027
-3.918385081754786 -2.382822753912878
-3.746640846381599 -2.6446678985665444
-3.557428041862277 -2.894182380648347
-3.3516288656356967 -3.130202848462218
-3.130202848462219 -3.351628865635696
-2.8941823806483487 -3.557428041862276
-2.644667898566544 -3.7466408463815997
-2.3828227539128792 -3.918385081754785
-2.109867789624406 -4.071859997076132
-1.8270756477458028 -4.206350021443492
-1.5357648357847258 -4.321228100280119
-1.2372935792211093 -4.415958618952585
-0.9330534888330362 -4.49009990005344
-0.6244630723648822 -4.54330626270517
-0.3129611207893851 -4.575329634284033
-8.424383369566799e-16 -4.586020707049131
0.3129611207893874 -4.575329634284032
0.6244630723648806 -4.543306262705171
0.9330534888330346 -4.4900999000534405
1.2372935792211077 -4.415958618952586
1.5357648357847242 -4.321228100280119
1.8270756477458048 -4.206350021443491
2.109867789624401 -4.071859997076134
2.382822753912878 -3.918385081754786
2.6446678985665426 -3.746640846381601
2.894182380648347 -3.557428041862277
3.1302028484622193 -3.351628865635696
3.351628865635694 -3.13020284846222
3.557428041862276 -2.8941823806483487
3.746640846381602 -2.644667898566541
3.918385081754785 -2.3828227539128792
4.0718599970761336 -2.1098677896244022
4.20635002144349 -1.8270756477458066
4.321228100280119 -1.535764835784726
4.415958618952584 -1.2372935792211133
4.49009990005344 -0.9330534888330365
4.543306262705171 -0.6244630723648784
4.575329634284032 -0.3129611207893894
1.0 0.5 0.4 