0.0 0.0
2.510074485391789 0.0
2.5044691844009828 0.1676544857757482
2.4876783160634965 0.3345601859192762
2.4597768724733706 0.4999716590567679
2.4208894682508575 0.663150137394945
2.3711897839832754 0.8233668262373711
2.3108997905253457 0.9799061589584827
2.24028875762347 1.132068992897846
2.1596720512916767 1.2791757319009982
2.0694097253104475 1.420569361560847
1.9699049131391273 1.555618383603505
1.8616020274240337 1.6837196363128812
1.7449847751436962 1.8043009883973233
1.6205739972560673 1.9168238942668538
1.4889253424963693 2.0207857993085074
1.3506267857149556 2.115722384417233
1.2062960018388982 2.201209639757727
1.056577607185818 2.2768657584952927
0.9021402804509289 2.3423528420378457
0.7436737762256614 2.397378409173053
0.5818858443862136 2.4416967023604297
0.41749906911079826 2.4751097853441717
0.2512476416432941 2.4974684271845233
0.08387408121691739 2.5086727687593835
-0.08387408121691707 2.5086727687593835
-0.25124764164329383 2.4974684271845233
-0.4174990691107985 2.4751097853441717
-0.5818858443862127 2.4416967023604297
-0.7436737762256607 2.397378409173053
-0.9021402804509292 2.3423528420378457
-1.0565776071858175 2.276865758495293
-1.2062960018388977 2.2012096397577277
-1.3506267857149552 2.115722384417233
-1.4889253424963689 2.020785799308508
-1.6205739972560673 1.9168238942668538
-1.7449847751436962 1.8043009883973233
-1.8616020274240337 1.6837196363128812
-1.9699049131391273 1.555618383603505
-2.069409725310447 1.4205693615608475
-2.1596720512916763 1.279175731900999
-2.24028875762347 1.132068992897847
-2.3108997905253457 0.9799061589584834
-2.371189783983276 0.8233668262373707
-2.420889468250857 0.6631501373949455
-2.4597768724733706 0.4999716590567684
-2.487678316063496 0.3345601859192767
-2.5044691844009828 0.1676544857757486
-2.510074485391789 -8.073015264667927e-16
-2.5044691844009828 -0.16765448577574796
-2.4876783160634965 -0.33456018591927494
-2.4597768724733706 -0.4999716590567678
-2.4208894682508575 -0.663150137394945
-2.3711897839832754 -0.8233668262373711
-2.3108997905253457 -0.9799061589584829
-2.2402887576234702 -1.1320689928978453
-2.1596720512916767 -1.2791757319009986
-2.069409725310448 -1.4205693615608461
-1.9699049131391275 -1.5556183836035045
-1.8616020274240335 -1.6837196363128817
-1.7449847751436964 -1.804300988397323
-1.6205739972560675 -1.9168238942668532
-1.4889253424963684 -2.020785799308508
-1.3506267857149559 -2.115722384417233
-1.2062960018388973 -2.2012096397577277
-1.0565776071858182 -2.2768657584952927
-0.9021402804509303 -2.342352842037845
-0.7436737762256612 -2.397378409173053
-0.5818858443862144 -2.4416967023604297
-0.41749906911079854 -2.4751097853441717
-0.25124764164329494 -2.4974684271845233
-0.08387408121691714 -2.5086727687593835
0.08387408121691622 -2.5086727687593835
0.25124764164329405 -2.4974684271845233
0.41749906911079765 -2.4751097853441717
0.5818858443862135 -2.4416967023604297
0.7436737762256603 -2.3973784091730534
0.9021402804509273 -2.3423528420378465
1.0565776071858173 -2.276865758495293
1.2062960018388966 -2.201209639757728
1.350626785714955 -2.115722384417233
1.4889253424963678 -2.0207857993085088
1.6205739972560669 -1.9168238942668538
1.744984775143695 -1.8043009883973244
1.8616020274240335 -1.6837196363128812
1.9699049131391277 -1.5556183836035045
2.0694097253104475 -1.420569361560847
2.1596720512916763 -1.2791757319009993
2.240288757623469 -1.1320689928978482
2.3108997905253457 -0.9799061589584837
2.3711897839832754 -0.8233668262373709
2.420889468250857 -0.6631501373949459
2.4597768724733706 -0.4999716590567676
2.487678316063496 -0.334560185919277
2.5044691844009828 -0.16765448577575
3.7521725129548105 0.0
3.743793456306514 0.250617484406303
3.718693709262663 0.5001156502889273
3.6769853733866107 0.7473801782724401
3.6188547282312333 0.9913067249504892
3.544561399369223 1.2308058551515404
3.4544371988422573 1.4648079076208174
3.3488846432078727 1.6922677723871293
3.2283751558028047 1.9121695584777083
3.093446961251928 2.1235311311339027
2.944702681626424 2.325408498263427
2.7828066449873234 2.5169000265382047
2.608481918335118 2.6971504683076843
2.422507078217007 2.865354781342464
2.225712733415038 3.0207617243483105
2.01897781524565 3.1626772121921514
1.803225652039053 3.290467415854767
1.579419845330762 3.4035615932650565
1.3485599661832222 3.5014546383726755
1.111677090858796 3.5837093370742754
0.8698291957828739 3.649958319917823
0.6240964323643344 3.6999057028637536
0.3755763027771432 3.733328408774919
0.1253787582492138 3.7500771637332346
-0.12537875824921332 3.7500771637332346
-0.3755763027771428 3.733328408774919
-0.6240964323643348 3.6999057028637536
-0.8698291957828727 3.649958319917823
-1.111677090858795 3.5837093370742754
-1.3485599661832224 3.5014546383726755
-1.5794198453307615 3.403561593265057
-1.8032256520390526 3.2904674158547675
-2.0189778152456497 3.162677212192152
-2.2257127334150377 3.020761724348311
-2.422507078217007 2.865354781342464
-2.608481918335118 2.6971504683076843
-2.7828066449873234 2.5169000265382047
-2.944702681626424 2.325408498263427
-3.093446961251927 2.1235311311339036
-3.2283751558028038 1.9121695584777094
-3.3488846432078723 1.6922677723871307
-3.454437198842257 1.4648079076208183
-3.5445613993692233 1.2308058551515397
-3.618854728231233 0.99130672495049
-3.6769853733866102 0.7473801782724409
-3.7186937092626624 0.5001156502889281
-3.743793456306514 0.2506174844063036
-3.7521725129548105 -1.2067907207153469e-15
-3.743793456306514 -0.25061748440630266
-3.718693709262663 -0.5001156502889255
-3.6769853733866107 -0.74738017827244
-3.6188547282312333 -0.9913067249504892
-3.544561399369223 -1.2308058551515404
-3.4544371988422573 -1.4648079076208176
-3.3488846432078736 -1.6922677723871282
-3.2283751558028047 -1.9121695584777088
-3.0934469612519284 -2.1235311311339014
-2.9447026816264246 -2.325408498263426
-2.782806644987323 -2.516900026538205
-2.6084819183351184 -2.697150468307684
-2.4225070782170075 -2.865354781342463
-2.225712733415037 -3.020761724348311
-2.0189778152456506 -3.1626772121921514
-1.8032256520390517 -3.2904674158547675
-1.5794198453307622 -3.4035615932650565
-1.3485599661832242 -3.501454638372675
-1.1116770908587956 -3.5837093370742754
-0.8698291957828751 -3.6499583199178227
-0.6240964323643349 -3.6999057028637536
-0.37557630277714454 -3.733328408774919
-0.1253787582492134 -3.7500771637332346
0.12537875824921205 -3.7500771637332346
0.37557630277714316 -3.733328408774919
0.6240964323643334 -3.6999057028637536
0.8698291957828738 -3.649958319917823
1.1116770908587945 -3.583709337074276
1.3485599661832197 -3.501454638372677
1.579419845330761 -3.403561593265057
1.8032256520390506 -3.2904674158547684
2.0189778152456492 -3.162677212192152
2.225712733415036 -3.020761724348312
2.4225070782170066 -2.865354781342464
2.6084819183351162 -2.6971504683076857
2.782806644987323 -2.5169000265382047
2.9447026816264246 -2.325408498263426
3.093446961251928 -2.1235311311339027
3.2283751558028038 -1.9121695584777099
3.348884643207871 -1.6922677723871324
3.454437198842257 -1.4648079076208187
3.544561399369223 -1.2308058551515402
3.618854728231233 -0.9913067249504904
3.6769853733866107 -0.7473801782724396
3.7186937092626624 -0.5001156502889286
3.743793456306514 -0.2506174844063057
4.603502507943589 0.0
4.593222328084733 0.30748005695782465
4.562427702286963 0.613586833339356
4.511256166824603 0.9169531819727238
4.439936266197107 1.2162241951016295
4.348786532393846 1.5100632557322955
4.238214062252921 1.7971580072894282
4.108712699267856 2.0762262149192616
3.9608608279626765 2.3460214922616833
3.7953187906862196 2.605338868114282
3.612825938362903 2.853020168126248
3.4141973283720164 3.0879591874861787
3.200320084303608 3.3091066315012974
2.9721494338491783 3.5154748020022737
2.730704442522925 3.706142008643014
2.4770634622677745 3.8802566853934937
2.2123593152738312 4.037041193840363
1.937774234519479 4.17579529630888
1.6545345836319099 4.295899283294348
1.3639053796494605 4.396816741235206
1.0671846431484269 4.478096948266203
0.7656976009680773 4.539376887251668
0.46079076742588526 4.580382867108161
0.1538259304577076 4.60093174517529
-0.153825930457707 4.60093174517529
-0.46079076742588476 4.580382867108161
-0.7656976009680776 4.539376887251668
-1.0671846431484253 4.478096948266203
-1.3639053796494591 4.396816741235206
-1.6545345836319105 4.295899283294348
-1.9377742345194786 4.17579529630888
-2.2123593152738303 4.037041193840364
-2.477063462267774 3.880256685393494
-2.7307044425229248 3.7061420086430146
-2.9721494338491783 3.5154748020022737
-3.200320084303608 3.3091066315012974
-3.4141973283720164 3.0879591874861787
-3.612825938362903 2.853020168126248
-3.7953187906862182 2.6053388681142833
-3.9608608279626756 2.346021492261685
-4.108712699267856 2.0762262149192634
-4.23821406225292 1.7971580072894295
-4.348786532393847 1.5100632557322948
-4.4399362661971065 1.2162241951016304
-4.5112561668246025 0.9169531819727247
-4.562427702286962 0.6135868333393569
-4.593222328084733 0.3074800569578254
-4.603502507943589 -1.4805993301734573e-15
-4.593222328084733 -0.3074800569578242
-4.562427702286963 -0.6135868333393538
-4.511256166824603 -0.9169531819727237
-4.439936266197107 -1.2162241951016295
-4.348786532393846 -1.5100632557322955
-4.238214062252921 -1.7971580072894284
-4.108712699267857 -2.0762262149192603
-3.9608608279626765 -2.346021492261684
-3.7953187906862205 -2.6053388681142806
-3.6128259383629033 -2.853020168126247
-3.414197328372016 -3.0879591874861796
-3.2003200843036086 -3.3091066315012965
-2.9721494338491787 -3.515474802002273
-2.7307044425229234 -3.706142008643015
-2.477063462267775 -3.8802566853934937
-2.2123593152738295 -4.037041193840364
-1.9377742345194795 -4.17579529630888
-1.6545345836319125 -4.2958992832943474
-1.36390537964946 -4.396816741235206
-1.0671846431484282 -4.478096948266202
-0.7656976009680777 -4.539376887251668
-0.46079076742588687 -4.580382867108161
-0.15382593045770715 -4.60093174517529
0.15382593045770546 -4.60093174517529
0.4607907674258852 -4.580382867108161
0.765697600968076 -4.539376887251668
1.0671846431484266 -4.478096948266203
1.3639053796494585 -4.396816741235207
1.6545345836319072 -4.29589928329435
1.937774234519478 -4.17579529630888
2.212359315273828 -4.0370411938403645
2.477063462267773 -3.880256685393494
2.7307044425229225 -3.7061420086430164
2.972149433849178 -3.5154748020022737
3.200320084303606 -3.309106631501299
3.414197328372016 -3.0879591874861787
3.612825938362904 -2.853020168126247
3.7953187906862196 -2.605338868114282
3.9608608279626756 -2.3460214922616855
4.108712699267854 -2.0762262149192656
4.23821406225292 -1.79715800728943
4.348786532393846 -1.5100632557322953
4.4399362661971065 -1.216224195101631
4.511256166824603 -0.9169531819727234
4.562427702286962 -0.6135868333393575
4.593222328084733 -0.307480056957828
5.503128722126573 0.0
5.490839567737653 0.367568461189259
5.454026990917629 0.733495272402245
5.39285540557097 1.096146115669996
5.307598018847461 1.4539013042916464
5.198635610932756 1.8051630167484185
5.06645483439163 2.1483624329624025
4.911646040659485 2.4819667410278594
4.734900643389536 2.804485983121293
4.537008030431589 3.1144797100147756
4.318852038234278 3.410563414471878
4.081407004416927 3.691414714793083
3.825733416141224 3.9557792608934648
3.552973173718117 4.20247633653467
3.2643444906038237 4.430404132690257
2.9611364525628106 4.638544668492282
2.644703260297841 4.82596833778097
2.316458181260896 4.991838060951488
1.9778672376576594 5.135413023554669
1.630442658836468 5.2560519849541745
1.2757361273049337 5.353216142262841
0.9153318485391976 5.426471536767171
0.5508394755377004 5.475490992092289
0.18388691972013338 5.50005557545106
-0.18388691972013269 5.50005557545106
-0.5508394755376997 5.475490992092289
-0.915331848539198 5.426471536767171
-1.275736127304932 5.353216142262841
-1.6304426588364662 5.2560519849541745
-1.97786723765766 5.135413023554669
-2.316458181260895 4.991838060951489
-2.6447032602978404 4.825968337780971
-2.96113645256281 4.638544668492283
-3.2643444906038233 4.430404132690258
-3.552973173718117 4.20247633653467
-3.825733416141224 3.9557792608934648
-4.081407004416927 3.691414714793083
-4.318852038234278 3.410563414471878
-4.537008030431588 3.1144797100147765
-4.734900643389535 2.8044859831212947
-4.911646040659484 2.4819667410278616
-5.066454834391629 2.148362432962404
-5.198635610932757 1.8051630167484176
-5.307598018847461 1.4539013042916478
-5.39285540557097 1.0961461156699972
-5.454026990917629 0.7334952724022461
-5.490839567737653 0.36756846118925984
-5.503128722126573 -1.7699411884275575e-15
-5.490839567737653 -0.36756846118925846
-5.454026990917629 -0.7334952724022423
-5.39285540557097 -1.0961461156699959
-5.307598018847461 -1.4539013042916464
-5.198635610932756 -1.8051630167484185
-5.06645483439163 -2.1483624329624025
-4.911646040659486 -2.481966741027858
-4.734900643389536 -2.8044859831212934
-4.537008030431591 -3.1144797100147734
-4.3188520382342785 -3.4105634144718766
-4.081407004416926 -3.6914147147930834
-3.8257334161412246 -3.955779260893464
-3.552973173718118 -4.2024763365346685
-3.264344490603822 -4.430404132690258
-2.9611364525628114 -4.638544668492282
-2.644703260297839 -4.825968337780971
-2.3164581812608964 -4.991838060951488
-1.9778672376576625 -5.135413023554668
-1.6304426588364673 -5.2560519849541745
-1.2757361273049357 -5.353216142262841
-0.9153318485391981 -5.426471536767171
-0.5508394755377023 -5.475490992092289
-0.18388691972013285 -5.50005557545106
0.18388691972013083 -5.50005557545106
0.5508394755377003 -5.475490992092289
0.9153318485391961 -5.426471536767171
1.2757361273049337 -5.353216142262841
1.6304426588364656 -5.256051984954175
1.977867237657656 -5.135413023554671
2.3164581812608946 -4.991838060951489
2.6447032602978378 -4.825968337780972
2.961136452562809 -4.638544668492283
3.2643444906038206 -4.43040413269026
3.5529731737181165 -4.20247633653467
3.825733416141222 -3.955779260893467
4.081407004416926 -3.691414714793083
4.3188520382342785 -3.4105634144718766
4.537008030431589 -3.1144797100147756
4.734900643389535 -2.8044859831212956
4.911646040659482 -2.4819667410278643
5.066454834391629 -2.1483624329624043
5.198635610932756 -1.8051630167484183
5.307598018847461 -1.4539013042916482
5.39285540557097 -1.0961461156699954
5.454026990917629 -0.7334952724022468
5.490839567737653 -0.36756846118926295
6.009135627807746 0.0
5.995716498580917 0.4013659951129238
5.955519043989098 0.8009393922585955
5.88872279562258 1.1969355996474444
5.7956260817416 1.58758600208773
5.676644694869924 1.9711458600503255
5.532310034764492 2.3459021020989983
5.363266735055106 2.710180975883296
5.170269784154153 3.0623555235228572
4.954181153295082 3.400852847996251
4.71596594675962 3.724161138080902
4.456688091487776 4.030836420469012
4.177505585321852 4.319509008902878
3.8796653251069704 4.588889621526216
3.564497537747073 4.837775139129913
3.2334098390886528 5.065053978574471
2.887880947166682 5.269711057390155
2.529454077890897 5.450832327381709
2.159730052668931 5.607608856989496
1.7803601487493 5.739340444174205
1.3930387242163504 5.845438743689141
0.9994956505757537 5.925429894772914
0.6014885867284273 5.978956637526637
0.20079512883919437 6.005779908523359
-0.20079512883919362 6.005779908523359
-0.6014885867284266 5.978956637526637
-0.9994956505757543 5.925429894772914
-1.3930387242163484 5.845438743689141
-1.780360148749298 5.739340444174205
-2.159730052668932 5.607608856989496
-2.5294540778908967 5.45083232738171
-2.887880947166681 5.269711057390155
-3.2334098390886523 5.065053978574472
-3.5644975377470725 4.8377751391299135
-3.8796653251069704 4.588889621526216
-4.177505585321852 4.319509008902878
-4.456688091487776 4.030836420469012
-4.71596594675962 3.724161138080902
-4.95418115329508 3.4008528479962523
-5.1702697841541525 3.0623555235228594
-5.363266735055105 2.710180975883298
-5.532310034764492 2.345902102099
-5.676644694869925 1.9711458600503247
-5.7956260817416 1.5875860020877313
-5.888722795622579 1.1969355996474456
-5.955519043989098 0.8009393922585966
-5.995716498580917 0.40136599511292476
-6.009135627807746 -1.9326854216112944e-15
-5.995716498580917 -0.40136599511292326
-5.955519043989098 -0.8009393922585925
-5.88872279562258 -1.1969355996474442
-5.7956260817416 -1.58758600208773
-5.676644694869924 -1.9711458600503255
-5.532310034764492 -2.3459021020989987
-5.363266735055107 -2.7101809758832944
-5.170269784154153 -3.062355523522858
-4.954181153295083 -3.4008528479962488
-4.715965946759621 -3.7241611380809005
-4.456688091487775 -4.030836420469012
-4.177505585321853 -4.319509008902877
-3.8796653251069713 -4.588889621526215
-3.564497537747071 -4.837775139129914
-3.2334098390886536 -5.065053978574471
-2.8878809471666798 -5.269711057390155
-2.529454077890898 -5.450832327381709
-2.1597300526689347 -5.607608856989495
-1.7803601487492993 -5.739340444174205
-1.3930387242163524 -5.84543874368914
-0.9994956505757544 -5.925429894772914
-0.6014885867284294 -5.978956637526637
-0.2007951288391938 -6.005779908523359
0.20079512883919157 -6.005779908523359
0.6014885867284272 -5.978956637526637
0.9994956505757523 -5.925429894772914
1.3930387242163502 -5.845438743689141
1.7803601487492973 -5.739340444174206
2.1597300526689276 -5.607608856989498
2.529454077890896 -5.45083232738171
2.887880947166678 -5.269711057390157
3.2334098390886514 -5.065053978574472
3.56449753774707 -4.837775139129915
3.87966532510697 -4.588889621526216
4.17750558532185 -4.31950900890288
4.456688091487775 -4.030836420469012
4.715965946759621 -3.7241611380809005
4.954181153295082 -3.400852847996251
5.1702697841541525 -3.06235552352286
5.363266735055103 -2.710180975883301
5.532310034764492 -2.3459021020990005
5.676644694869924 -1.9711458600503253
5.7956260817416 -1.587586002087732
5.88872279562258 -1.1969355996474438
5.955519043989098 -0.8009393922585972
5.995716498580917 -0.40136599511292814
6.43159711847132 0.0
6.417234581458795 0.42958331073023404
6.374211116998078 0.8572479981118113
6.302718878325553 1.2810840078337034
6.203077167134139 1.6991983853887354
6.07573100749441 2.109723730467937
5.921249158269067 2.5108265372236405
5.740321572897789 2.9007153831516868
5.533756317897685 3.2776489300192044
5.302475963842064 3.6399437011038724
5.0475134649363 3.985981600009631
4.770007545593591 4.314217137477992
4.471197614615311 4.623184333918229
4.152418229690423 4.911503266828115
3.815093136936875 5.177886233862786
3.460728912105815 5.421143504026017
3.090908231848565 5.64018863129766
2.707282805098489 5.834043306965302
2.3115659961379422 6.0018417289884765
1.905525172297461 6.14283446888074
1.490973810464224 6.256391818839225
1.069763397654053 6.34200660417255
0.6437751618209454 6.399296448466112
0.21491166983634566 6.4280054813679754
-0.21491166983634485 6.4280054813679754
-0.6437751618209446 6.399296448466112
-1.0697633976540535 6.34200660417255
-1.490973810464222 6.256391818839225
-1.9055251722974589 6.14283446888074
-2.3115659961379427 6.0018417289884765
-2.707282805098488 5.834043306965303
-3.090908231848564 5.64018863129766
-3.4607289121058145 5.421143504026018
-3.815093136936874 5.177886233862786
-4.152418229690423 4.911503266828115
-4.471197614615311 4.623184333918229
-4.770007545593591 4.314217137477992
-5.0475134649363 3.985981600009631
-5.302475963842063 3.6399437011038738
-5.533756317897684 3.2776489300192067
-5.7403215728977885 2.900715383151689
-5.921249158269066 2.5108265372236422
-6.075731007494411 2.1097237304679357
-6.203077167134139 1.6991983853887367
-6.302718878325553 1.2810840078337047
-6.374211116998077 0.8572479981118125
-6.417234581458795 0.429583310730235
-6.43159711847132 -2.068559399961744e-15
-6.417234581458795 -0.42958331073023337
-6.374211116998078 -0.8572479981118081
-6.302718878325553 -1.2810840078337034
-6.203077167134139 -1.6991983853887354
-6.07573100749441 -2.109723730467937
-5.921249158269067 -2.510826537223641
-5.74032157289779 -2.900715383151685
-5.533756317897685 -3.2776489300192053
-5.302475963842066 -3.63994370110387
-5.0475134649363 -3.9859816000096298
-4.77000754559359 -4.314217137477992
-4.471197614615312 -4.623184333918228
-4.152418229690423 -4.911503266828113
-3.8150931369368726 -5.177886233862787
-3.460728912105816 -5.421143504026017
-3.090908231848563 -5.64018863129766
-2.70728280509849 -5.834043306965302
-2.3115659961379458 -6.001841728988476
-1.9055251722974604 -6.14283446888074
-1.4909738104642263 -6.256391818839224
-1.0697633976540537 -6.34200660417255
-0.6437751618209476 -6.399296448466112
-0.21491166983634502 -6.4280054813679754
0.21491166983634266 -6.4280054813679754
0.6437751618209453 -6.399296448466112
1.0697633976540515 -6.34200660417255
1.490973810464224 -6.256391818839225
1.9055251722974582 -6.14283446888074
2.3115659961379382 -6.001841728988478
2.7072828050984876 -5.834043306965303
3.090908231848561 -5.6401886312976615
3.4607289121058136 -5.421143504026018
3.8150931369368712 -5.177886233862789
4.152418229690422 -4.911503266828115
4.471197614615308 -4.623184333918232
4.77000754559359 -4.314217137477992
5.0475134649363005 -3.9859816000096298
5.302475963842064 -3.6399437011038724
5.533756317897684 -3.2776489300192075
5.740321572897786 -2.900715383151692
5.921249158269066 -2.510826537223643
6.07573100749441 -2.1097237304679366
6.203077167134139 -1.6991983853887374
6.302718878325553 -1.2810840078337027
6.374211116998077 -0.8572479981118133
6.417234581458795 -0.42958331073023864
6.790036732538718 0.0
6.7748737563617105 0.45352443659238045
6.729452549363164 0.9050233229562071
6.653975973679698 1.352480155461957
6.548781126020533 1.7938964832738602
6.414337832111752 2.2273008339164653
6.25124654834056 2.650757518349295
6.060235679971289 3.0623752762239977
5.84215832791067 3.4603157227121746
5.597988478552089 3.8428015591782962
5.328816653715914 4.208124511026854
5.035845040114318 4.554652957271399
4.720382120093587 4.88083921774994
4.383836827634323 5.185226465440262
4.027712255710263 5.46645523300305
3.653598943110172 5.723269484493047
3.263167770705513 5.954522225120491
2.8581624988908536 6.159180624008283
2.4403919795266433 6.336330627065408
2.0117220771677022 6.485181039374394
1.5740673356591635 6.605067058859882
1.1293824273189095 6.695453245456077
0.6796534228964966 6.755935912512059
0.22688892129904753 6.786244929754365
-0.2268889212990467 6.786244929754365
-0.6796534228964958 6.755935912512059
-1.1293824273189101 6.695453245456077
-1.574067335659161 6.605067058859882
-2.0117220771677 6.485181039374394
-2.440391979526644 6.336330627065408
-2.8581624988908527 6.159180624008284
-3.263167770705512 5.954522225120492
-3.6535989431101714 5.723269484493048
-4.027712255710262 5.46645523300305
-4.383836827634323 5.185226465440262
-4.720382120093587 4.88083921774994
-5.035845040114318 4.554652957271399
-5.328816653715914 4.208124511026854
-5.597988478552087 3.842801559178298
-5.842158327910669 3.460315722712177
-6.060235679971288 3.062375276224
-6.251246548340559 2.650757518349297
-6.414337832111753 2.227300833916464
-6.548781126020532 1.7938964832738618
-6.653975973679697 1.3524801554619583
-6.729452549363163 0.9050233229562085
-6.7748737563617105 0.4535244365923815
-6.790036732538718 -2.1838423723463713e-15
-6.7748737563617105 -0.45352443659237984
-6.729452549363164 -0.9050233229562038
-6.653975973679698 -1.3524801554619568
-6.548781126020533 -1.7938964832738602
-6.414337832111752 -2.2273008339164653
-6.25124654834056 -2.650757518349295
-6.06023567997129 -3.0623752762239955
-5.84215832791067 -3.4603157227121755
-5.59798847855209 -3.842801559178294
-5.328816653715915 -4.208124511026853
-5.035845040114317 -4.5546529572714
-4.720382120093588 -4.880839217749939
-4.383836827634324 -5.185226465440261
-4.02771225571026 -5.4664552330030505
-3.6535989431101727 -5.723269484493047
-3.2631677707055107 -5.954522225120492
-2.858162498890854 -6.159180624008283
-2.440391979526647 -6.336330627065407
-2.0117220771677014 -6.485181039374394
-1.5740673356591657 -6.605067058859882
-1.1293824273189104 -6.695453245456077
-0.6796534228964989 -6.755935912512059
-0.2268889212990469 -6.786244929754365
0.2268889212990444 -6.786244929754365
0.6796534228964964 -6.755935912512059
1.129382427318908 -6.695453245456077
1.5740673356591632 -6.605067058859882
2.011722077167699 -6.485181039374395
2.4403919795266393 -6.33633062706541
2.858162498890852 -6.159180624008284
3.263167770705509 -5.954522225120494
3.6535989431101705 -5.723269484493048
4.027712255710259 -5.466455233003052
4.3838368276343225 -5.185226465440262
4.720382120093585 -4.8808392177499424
5.035845040114317 -4.554652957271399
5.328816653715916 -4.208124511026853
5.597988478552089 -3.8428015591782962
5.842158327910669 -3.4603157227121777
6.060235679971286 -3.062375276224003
6.251246548340559 -2.6507575183492977
6.414337832111752 -2.227300833916465
6.548781126020532 -1.7938964832738626
6.653975973679698 -1.3524801554619563
6.729452549363163 -0.9050233229562092
6.7748737563617105 -0.4535244365923854
5.087883777776066 0.0
5.0765219157490025 0.3398331577067422
5.042487074501757 0.6781485380354118
4.9859312618974245 1.0134351423701529
4.907107069924228 1.3441954993439447
4.806366546558383 1.6689523529092438
4.684159623432376 1.9862552601221022
4.54103210633107 2.294687069172454
4.377623237490572 2.5928702487281203
4.19466284058723 2.8794730403241364
3.9929680611679284 3.1532154063193483
3.7734397170797047 3.4128747468552514
3.5370582751985737 3.6572913602837476
3.284879472426445 3.885373622676231
3.018029600513835 4.096102863281043
2.7377004757674963 4.288537914154342
2.4451441161094776 4.46181931364461
2.141667149261148 4.615173144957021
1.828624977026607 4.7479144926537264
1.5074157217391988 4.859450501652461
1.179473981907768 4.949283025061256
0.84626442495147 5.017010849023392
0.5092752456395261 5.062331484635874
0.17001151945210807 5.085042518938307
-0.17001151945210743 5.085042518938307
-0.5092752456395255 5.062331484635874
-0.8462644249514705 5.017010849023392
-1.1794739819077662 4.949283025061256
-1.5074157217391972 4.859450501652461
-1.8286249770266074 4.7479144926537264
-2.1416671492611474 4.615173144957022
-2.445144116109477 4.461819313644611
-2.737700475767496 4.288537914154343
-3.0180296005138345 4.096102863281043
-3.284879472426445 3.885373622676231
-3.5370582751985737 3.6572913602837476
-3.7734397170797047 3.4128747468552514
-3.9929680611679284 3.1532154063193483
-4.194662840587229 2.8794730403241378
-4.37762323749057 2.5928702487281217
-4.541032106331069 2.294687069172456
-4.684159623432375 1.9862552601221037
-4.806366546558383 1.668952352909243
-4.907107069924227 1.3441954993439458
-4.9859312618974245 1.0134351423701538
-5.042487074501757 0.6781485380354128
-5.0765219157490025 0.339833157706743
-5.087883777776066 -1.6363882283928046e-15
-5.0765219157490025 -0.3398331577067417
-5.042487074501757 -0.6781485380354092
-4.9859312618974245 -1.0134351423701526
-4.907107069924228 -1.3441954993439447
-4.806366546558383 -1.6689523529092438
-4.684159623432376 -1.9862552601221026
-4.541032106331071 -2.294687069172453
-4.377623237490572 -2.5928702487281208
-4.194662840587231 -2.8794730403241346
-3.992968061167929 -3.153215406319347
-3.7734397170797043 -3.412874746855252
-3.537058275198574 -3.657291360283747
-3.2848794724264456 -3.88537362267623
-3.018029600513833 -4.096102863281044
-2.7377004757674968 -4.288537914154342
-2.445144116109476 -4.461819313644611
-2.1416671492611488 -4.615173144957021
-1.8286249770266096 -4.7479144926537264
-1.5074157217391984 -4.859450501652461
-1.1794739819077695 -4.949283025061255
-0.8462644249514706 -5.017010849023392
-0.5092752456395279 -5.062331484635874
-0.17001151945210757 -5.085042518938307
0.1700115194521057 -5.085042518938307
0.5092752456395261 -5.062331484635874
0.8462644249514688 -5.017010849023392
1.1794739819077678 -4.949283025061256
1.5074157217391966 -4.859450501652461
1.8286249770266039 -4.747914492653728
2.141667149261147 -4.615173144957022
2.4451441161094745 -4.461819313644612
2.737700475767495 -4.288537914154343
3.0180296005138323 -4.096102863281045
3.2848794724264447 -3.885373622676231
3.5370582751985715 -3.65729136028375
3.7734397170797043 -3.4128747468552514
3.9929680611679297 -3.153215406319347
4.19466284058723 -2.8794730403241364
4.37762323749057 -2.5928702487281226
4.541032106331067 -2.294687069172458
4.684159623432375 -1.9862552601221042
4.806366546558383 -1.6689523529092436
4.907107069924227 -1.3441954993439462
4.9859312618974245 -1.0134351423701522
5.042487074501757 -0.6781485380354133
5.0765219157490025 -0.3398331577067459
7.490659454377124 0.0
7.4739319026228745 0.5003208734456434
7.423823956666936 0.9984071924157382
7.340559410759836 1.492034382497471
7.224510144576372 1.9789977848301121
7.076194462310706 2.4571225026466803
6.896274777804019 2.924273114890865
6.685554656043484 3.378363213525847
6.4449752242459715 3.8173647219390743
6.175610968555436 4.239316952824735
5.878664935126958 4.642335365089231
5.555463357030575 5.024619980669182
5.207449730972445 5.384463423670404
4.836178370288134 5.720258545923131
4.443307463001955 6.030505604895873
4.030591665956709 6.313818961909639
3.5998742680902858 6.568933270736644
3.153078957859796 6.794709128943723
2.692201231581941 6.990138166740202
2.21929948106205 7.15434755060216
1.7364858003165875 7.286603881558833
1.2459165524485674 7.38631647073046
0.7497827388064701 7.453039977488197
0.2503002134403323 7.486476398453489
-0.2503002134403314 7.486476398453489
-0.7497827388064693 7.453039977488197
-1.245916552448568 7.38631647073046
-1.7364858003165848 7.286603881558833
-2.2192994810620474 7.15434755060216
-2.692201231581942 6.990138166740202
-3.1530789578597953 6.794709128943724
-3.599874268090285 6.568933270736645
-4.030591665956708 6.31381896190964
-4.443307463001954 6.030505604895874
-4.836178370288134 5.720258545923131
-5.207449730972445 5.384463423670404
-5.555463357030575 5.024619980669182
-5.878664935126958 4.642335365089231
-6.175610968555434 4.239316952824737
-6.44497522424597 3.8173647219390765
-6.685554656043483 3.3783632135258492
-6.8962747778040185 2.924273114890867
-7.076194462310707 2.457122502646679
-7.224510144576371 1.978997784830114
-7.340559410759836 1.4920343824974722
-7.4238239566669355 0.9984071924157397
-7.4739319026228745 0.5003208734456445
-7.490659454377124 -2.409179825919658e-15
-7.4739319026228745 -0.5003208734456426
-7.423823956666936 -0.9984071924157345
-7.340559410759836 -1.4920343824974707
-7.224510144576372 -1.9789977848301121
-7.076194462310706 -2.4571225026466803
-6.896274777804019 -2.9242731148908656
-6.685554656043486 -3.378363213525845
-6.4449752242459715 -3.8173647219390747
-6.175610968555437 -4.2393169528247325
-5.878664935126959 -4.642335365089229
-5.5554633570305745 -5.024619980669183
-5.207449730972446 -5.384463423670403
-4.836178370288135 -5.720258545923129
-4.443307463001952 -6.0305056048958745
-4.03059166595671 -6.313818961909639
-3.5998742680902835 -6.568933270736645
-3.153078957859797 -6.794709128943723
-2.692201231581945 -6.990138166740201
-2.219299481062049 -7.15434755060216
-1.73648580031659 -7.286603881558833
-1.2459165524485682 -7.38631647073046
-0.7497827388064727 -7.453039977488197
-0.2503002134403316 -7.486476398453489
0.2503002134403288 -7.486476398453489
0.7497827388064701 -7.453039977488197
1.2459165524485656 -7.38631647073046
1.7364858003165873 -7.286603881558833
2.2192994810620466 -7.154347550602161
2.6922012315819366 -6.990138166740205
3.1530789578597944 -6.794709128943724
3.5998742680902813 -6.568933270736647
4.030591665956707 -6.31381896190964
4.4433074630019505 -6.030505604895875
4.836178370288133 -5.720258545923131
5.207449730972441 -5.384463423670407
5.5554633570305745 -5.024619980669182
5.878664935126959 -4.642335365089229
6.175610968555436 -4.239316952824735
6.44497522424597 -3.8173647219390774
6.685554656043481 -3.3783632135258532
6.8962747778040185 -2.924273114890868
7.076194462310706 -2.45712250264668
7.224510144576371 -1.9789977848301146
7.340559410759836 -1.49203438249747
7.4238239566669355 -0.9984071924157405
7.4739319026228745 -0.5003208734456487
7.057769362225137 0.0
7.0420085065894975 0.4714070040686437
6.994796331489853 0.9407085900213253
6.91634369796113 1.4058087430504869
6.807000994509332 1.86463021296792
6.6672565721914205 2.3151237917083667
6.497734563520944 2.7552774655901926
6.299192094940716 3.18312540145691
6.0725159053123345 3.596756726565273
5.8187183855251625 3.9943240630068146
5.538933056912855 4.374051778546047
5.234409508671916 4.734243917025068
4.906507816893005 5.073291772915456
4.556692470130955 5.389681076187689
4.186525828643372 5.681998755408677
3.797661146510458 5.948939248861825
3.3918351878009587 6.18931033550258
2.9708604697622194 6.402038459707035
2.5366171676781697 6.586173526031955
2.0910447175500844 6.740893142571666
1.6361331541045896 6.865506293959943
1.1739142228154957 6.959456427612383
0.7064523056352973 7.022323939425352
0.2358352009642235 7.053828047829773
-0.2358352009642226 7.053828047829773
-0.7064523056352965 7.022323939425352
-1.1739142228154964 6.959456427612383
-1.6361331541045872 6.865506293959943
-2.091044717550082 6.740893142571666
-2.5366171676781706 6.586173526031955
-2.970860469762219 6.402038459707035
-3.391835187800958 6.189310335502581
-3.7976611465104573 5.948939248861826
-4.186525828643371 5.681998755408678
-4.556692470130955 5.389681076187689
-4.906507816893005 5.073291772915456
-5.234409508671916 4.734243917025068
-5.538933056912855 4.374051778546047
-5.818718385525162 3.994324063006816
-6.072515905312334 3.596756726565275
-6.299192094940715 3.183125401456912
-6.497734563520943 2.7552774655901944
-6.667256572191421 2.315123791708366
-6.807000994509331 1.8646302129679215
-6.916343697961129 1.4058087430504884
-6.994796331489853 0.9407085900213267
-7.0420085065894975 0.47140700406864483
-7.057769362225137 -2.2699517535176146e-15
-7.0420085065894975 -0.47140700406864305
-6.994796331489853 -0.9407085900213218
-6.91634369796113 -1.4058087430504866
-6.807000994509332 -1.86463021296792
-6.6672565721914205 -2.3151237917083667
-6.497734563520944 -2.755277465590193
-6.299192094940717 -3.183125401456908
-6.0725159053123345 -3.5967567265652733
-5.818718385525164 -3.9943240630068124
-5.538933056912856 -4.374051778546045
-5.234409508671915 -4.7342439170250685
-4.906507816893006 -5.073291772915456
-4.5566924701309555 -5.389681076187688
-4.1865258286433695 -5.681998755408678
-3.797661146510459 -5.948939248861825
-3.3918351878009565 -6.189310335502581
-2.9708604697622203 -6.402038459707035
-2.5366171676781737 -6.5861735260319545
-2.0910447175500835 -6.740893142571666
-1.6361331541045918 -6.8655062939599425
-1.1739142228154966 -6.959456427612383
-0.7064523056352997 -7.022323939425352
-0.2358352009642228 -7.053828047829773
0.23583520096422023 -7.053828047829773
0.7064523056352972 -7.022323939425352
1.173914222815494 -6.959456427612383
1.6361331541045894 -6.865506293959943
2.0910447175500813 -6.740893142571667
2.5366171676781653 -6.586173526031957
2.970860469762218 -6.402038459707035
3.3918351878009543 -6.189310335502582
3.797661146510457 -5.948939248861826
4.186525828643368 -5.68199875540868
4.556692470130954 -5.389681076187689
4.906507816893002 -5.07329177291546
5.234409508671915 -4.734243917025068
5.538933056912857 -4.374051778546045
5.8187183855251625 -3.9943240630068146
6.072515905312334 -3.596756726565276
6.299192094940713 -3.1831254014569157
6.497734563520943 -2.7552774655901953
6.6672565721914205 -2.3151237917083667
6.807000994509331 -1.8646302129679222
6.91634369796113 -1.4058087430504862
6.994796331489853 -0.9407085900213275
7.0420085065894975 -0.4714070040686488
7.258640701884725 0.0
7.242431276166496 0.4848237298884185
7.193875394241964 0.9674821193064039
7.113189918466923 1.4458194987197093
7.000735209762881 1.9176994972737083
6.857013518157709 2.3810145843442467
6.682666739615086 2.833695482281019
6.478473549171306 3.2737204083038787
6.245345923183544 3.6991241042755325
5.984325066222053 4.108006614021452
5.696576760797801 4.498541768995373
5.3833861606947755 4.868985344391329
5.0461520511612115 5.217682849275056
4.686380601595113 5.543076915942138
4.30567863862609 5.843714255500226
3.9057464696375686 6.11825214861003
3.488370288781264 6.365464442395833
3.0554141994004897 6.584247026741892
2.60881188849211 6.773622765516235
2.1505579903910044 6.932745860697836
1.682699178248915 7.060905629915897
1.2073250230953236 7.15752968052983
0.7265586613059829 7.222186466073749
0.24254731216044945 7.254587213647743
-0.24254731216044853 7.254587213647743
-0.7265586613059821 7.222186466073749
-1.2073250230953243 7.15752968052983
-1.6826991782489125 7.060905629915897
-2.1505579903910017 6.932745860697836
-2.6088118884921108 6.773622765516235
-3.055414199400489 6.584247026741893
-3.488370288781263 6.365464442395834
-3.9057464696375677 6.118252148610031
-4.305678638626089 5.843714255500227
-4.686380601595113 5.543076915942138
-5.0461520511612115 5.217682849275056
-5.3833861606947755 4.868985344391329
-5.696576760797801 4.498541768995373
-5.984325066222051 4.108006614021454
-6.245345923183542 3.699124104275535
-6.478473549171305 3.273720408303881
-6.682666739615085 2.833695482281021
-6.85701351815771 2.381014584344246
-7.000735209762881 1.91769949727371
-7.113189918466922 1.4458194987197106
-7.193875394241963 0.9674821193064054
-7.242431276166496 0.4848237298884196
-7.258640701884725 -2.334556903713109e-15
-7.242431276166496 -0.48482372988841776
-7.193875394241964 -0.9674821193064004
-7.113189918466923 -1.445819498719709
-7.000735209762881 -1.9176994972737083
-6.857013518157709 -2.3810145843442467
-6.682666739615086 -2.8336954822810196
-6.478473549171308 -3.273720408303877
-6.245345923183544 -3.6991241042755334
-5.984325066222055 -4.10800661402145
-5.696576760797802 -4.498541768995371
-5.383386160694775 -4.86898534439133
-5.046152051161212 -5.2176828492750555
-4.686380601595114 -5.543076915942137
-4.3056786386260875 -5.8437142555002275
-3.905746469637569 -6.11825214861003
-3.4883702887812613 -6.365464442395834
-3.05541419940049 -6.584247026741892
-2.608811888492114 -6.773622765516234
-2.1505579903910035 -6.932745860697836
-1.6826991782489173 -7.060905629915896
-1.2073250230953245 -7.15752968052983
-0.7265586613059855 -7.222186466073749
-0.24254731216044872 -7.254587213647743
0.24254731216044606 -7.254587213647743
0.7265586613059828 -7.222186466073749
1.2073250230953219 -7.15752968052983
1.6826991782489147 -7.060905629915897
2.150557990391001 -6.932745860697837
2.6088118884921054 -6.773622765516237
3.055414199400488 -6.584247026741893
3.4883702887812595 -6.365464442395836
3.9057464696375668 -6.118252148610031
4.305678638626086 -5.843714255500229
4.686380601595112 -5.543076915942138
5.046152051161208 -5.21768284927506
5.383386160694775 -4.868985344391329
5.696576760797802 -4.498541768995371
5.984325066222053 -4.108006614021452
6.245345923183542 -3.6991241042755356
6.478473549171303 -3.273720408303885
6.682666739615085 -2.833695482281022
6.857013518157709 -2.3810145843442467
7.000735209762881 -1.9176994972737107
7.113189918466923 -1.4458194987197084
7.193875394241963 -0.9674821193064062
7.242431276166496 -0.4848237298884237
7.760225163901972 0.0
7.742895639199318 0.5183258771521803
7.690984462955484 1.0343367851114775
7.604723483085204 1.5457280938993923
7.484497962064749 2.050215805788748
7.3308448562561885 2.545546756191991
7.144450417729922 3.0295086768412034
6.926147129296345 3.4999400763152213
6.676909986435531 3.954739893785035
6.397852142730734 4.391876882861488
6.090219938254264 4.809398683634745
5.755387333110164 5.205440542387596
5.394849770994861 5.578233640038223
5.010217500182586 5.9261129921156215
4.6032083817656915 6.2475248849844105
4.175640217269993 6.541033815107119
3.729422629911881 6.80532890035144
3.2665485357574635 7.039229734708064
2.7890852428756303 7.241691660270463
2.299165218238372 7.411810432930695
1.7989765636056105 7.548826260953099
1.290753242931579 7.652127198388628
0.7767651049395006 7.721251878174012
0.2593077454261626 7.755891572709058
-0.25930774542616164 7.755891572709058
-0.7767651049394997 7.721251878174012
-1.2907532429315796 7.652127198388628
-1.7989765636056079 7.548826260953099
-2.29916521823837 7.411810432930695
-2.789085242875631 7.241691660270463
-3.2665485357574626 7.039229734708065
-3.72942262991188 6.805328900351441
-4.175640217269992 6.54103381510712
-4.603208381765691 6.247524884984411
-5.010217500182586 5.9261129921156215
-5.394849770994861 5.578233640038223
-5.755387333110164 5.205440542387596
-6.090219938254264 4.809398683634745
-6.397852142730732 4.39187688286149
-6.676909986435529 3.9547398937850375
-6.926147129296344 3.499940076315224
-7.144450417729921 3.0295086768412056
-7.330844856256189 2.54554675619199
-7.484497962064748 2.050215805788749
-7.604723483085203 1.5457280938993938
-7.690984462955483 1.034336785111479
-7.742895639199318 0.5183258771521815
-7.760225163901972 -2.49587877053227e-15
-7.742895639199318 -0.5183258771521795
-7.690984462955484 -1.0343367851114738
-7.604723483085204 -1.545728093899392
-7.484497962064749 -2.050215805788748
-7.3308448562561885 -2.545546756191991
-7.144450417729922 -3.029508676841204
-6.926147129296346 -3.4999400763152195
-6.676909986435531 -3.9547398937850358
-6.397852142730736 -4.391876882861485
-6.090219938254265 -4.809398683634743
-5.755387333110163 -5.2054405423875965
-5.3948497709948615 -5.578233640038222
-5.010217500182587 -5.92611299211562
-4.603208381765689 -6.247524884984412
-4.175640217269994 -6.541033815107119
-3.7294226299118782 -6.805328900351441
-3.2665485357574644 -7.039229734708064
-2.7890852428756348 -7.241691660270462
-2.2991652182383713 -7.411810432930695
-1.7989765636056132 -7.548826260953098
-1.2907532429315798 -7.652127198388628
-0.7767651049395032 -7.721251878174012
-0.25930774542616186 -7.755891572709058
0.259307745426159 -7.755891572709058
0.7767651049395005 -7.721251878174012
1.290753242931577 -7.652127198388628
1.7989765636056103 -7.548826260953099
2.299165218238369 -7.411810432930696
2.789085242875626 -7.241691660270465
3.2665485357574617 -7.039229734708065
3.7294226299118765 -6.805328900351443
4.175640217269991 -6.54103381510712
4.603208381765687 -6.247524884984414
5.010217500182585 -5.9261129921156215
5.394849770994857 -5.578233640038227
5.755387333110163 -5.205440542387596
6.090219938254266 -4.809398683634743
6.397852142730734 -4.391876882861488
6.676909986435529 -3.9547398937850384
6.926147129296341 -3.499940076315228
7.144450417729921 -3.0295086768412065
7.3308448562561885 -2.5455467561919907
7.484497962064748 -2.05021580578875
7.604723483085204 -1.5457280938993914
7.690984462955483 -1.03433678511148
7.742895639199318 -0.5183258771521859
1.0 0.5 0.4 0.32000000000000006 0.25600000000000006 0.20480000000000007 0.16384000000000007 0.13107200000000005 0.10485760000000005 0.08388608000000004 0.06710886400000003 0.05368709120000003 0.042949672960000025 