0.0 0.0
2.04359087841645 0.0
2.0316112611282127 0.22095103983450748
1.9958128593231375 0.4393116307444176
1.9366153765315977 0.652521694450304
1.854712849114549 0.858081537895035
1.7510655093217624 1.0535811598593787
1.626888527446641 1.2367285060228124
1.4836377650655737 1.4053763412047846
1.3229927063920572 1.5575474237339733
1.1468367678598606 1.6914576867990714
0.9572352167873637 1.8055371550009616
0.7564109580065403 1.898448350878829
0.5467184723362236 1.9691019756105226
0.33061621244723133 2.016669680045288
0.11063777975258145 2.0405937763401947
-0.11063777975258074 2.0405937763401947
-0.33061621244723155 2.016669680045288
-0.5467184723362238 1.9691019756105224
-0.7564109580065397 1.8984483508788292
-0.9572352167873635 1.8055371550009616
-1.1468367678598603 1.6914576867990714
-1.322992706392057 1.5575474237339733
-1.4836377650655732 1.405376341204785
-1.6268885274466405 1.2367285060228128
-1.7510655093217624 1.0535811598593785
-1.8547128491145493 0.8580815378950347
-1.9366153765315977 0.6525216944503035
-1.9958128593231375 0.439311630744418
-2.0316112611282127 0.22095103983450778
-2.04359087841645 2.502677028019433e-16
-2.031611261128213 -0.2209510398345064
-1.9958128593231375 -0.4393116307444175
-1.9366153765315977 -0.6525216944503038
-1.854712849114549 -0.858081537895035
-1.7510655093217622 -1.053581159859379
-1.6268885274466416 -1.2367285060228117
-1.483637765065574 -1.4053763412047842
-1.3229927063920568 -1.5575474237339735
-1.146836767859861 -1.6914576867990712
-0.9572352167873647 -1.8055371550009607
-0.7564109580065401 -1.898448350878829
-0.5467184723362247 -1.9691019756105221
-0.3306162124472316 -2.016669680045288
-0.11063777975258214 -2.0405937763401947
0.11063777975257959 -2.0405937763401947
0.3306162124472309 -2.0166696800452883
0.5467184723362223 -1.9691019756105228
0.7564109580065395 -1.8984483508788292
0.957235216787364 -1.8055371550009613
1.1468367678598603 -1.6914576867990716
1.3229927063920577 -1.5575474237339728
1.4836377650655737 -1.4053763412047846
1.6268885274466416 -1.2367285060228117
1.7510655093217624 -1.0535811598593787
1.8547128491145488 -0.8580815378950357
1.9366153765315977 -0.6525216944503037
1.9958128593231375 -0.4393116307444182
2.0316112611282127 -0.22095103983450895
3.118539133670216 0.0
3.100258123652835 0.3371733900490735
3.0456294217286586 0.670393730380392
2.9552934994802498 0.9957543171698334
2.830309463001049 1.309440595017313
2.6721426358447813 1.6077748791211677
2.4826473794465445 1.8872594727699175
2.264045352430443 2.1446176746382313
2.0188994636935007 2.376832195114051
1.7500838246421349 2.5811805312605585
1.4607500528637403 2.7552668856739015
1.1542903222920289 2.8970502550172554
0.8342975930691483 3.004868358918841
0.5045234873730965 3.077457128689443
0.16883430507781924 3.113965527372047
-0.16883430507781816 3.1139655273720472
-0.5045234873730968 3.077457128689443
-0.8342975930691487 3.0048683589188405
-1.154290322292028 2.897050255017256
-1.46075005286374 2.7552668856739015
-1.7500838246421344 2.5811805312605585
-2.0188994636935003 2.376832195114051
-2.264045352430442 2.1446176746382317
-2.482647379446544 1.8872594727699181
-2.6721426358447813 1.6077748791211672
-2.8303094630010492 1.3094405950173125
-2.9552934994802498 0.9957543171698328
-3.0456294217286586 0.6703937303803925
-3.100258123652835 0.33717339004907393
-3.118539133670216 3.81910896806499e-16
-3.1002581236528353 -0.3371733900490718
-3.0456294217286586 -0.6703937303803917
-2.9552934994802498 -0.9957543171698333
-2.830309463001049 -1.309440595017313
-2.6721426358447813 -1.607774879121168
-2.4826473794465453 -1.8872594727699166
-2.2640453524304434 -2.1446176746382304
-2.0188994636935 -2.376832195114051
-1.750083824642135 -2.581180531260558
-1.4607500528637418 -2.7552668856739007
-1.1542903222920287 -2.8970502550172554
-0.8342975930691501 -3.00486835891884
-0.5045234873730969 -3.077457128689443
-0.16883430507782032 -3.113965527372047
0.1688343050778164 -3.1139655273720472
0.5045234873730957 -3.077457128689443
0.8342975930691463 -3.004868358918841
1.1542903222920275 -2.897050255017256
1.460750052863741 -2.7552668856739015
1.7500838246421344 -2.581180531260559
2.018899463693501 -2.37683219511405
2.264045352430443 -2.1446176746382313
2.4826473794465453 -1.8872594727699166
2.6721426358447813 -1.6077748791211677
2.830309463001049 -1.309440595017314
2.9552934994802498 -0.9957543171698331
3.0456294217286586 -0.670393730380393
3.1002581236528344 -0.3371733900490757
3.848470726257113 0.0
3.825910825969601 0.4160928773561933
3.7584956193112222 0.8273074461627311
3.647015487941736 1.2288225915774225
3.492777434474192 1.6159309156290782
3.297589759064301 1.9840939271547087
3.0637408587444503 2.328995251458828
2.7939723980608013 2.6465912358602575
2.4914471655632147 2.933158357822669
2.159711993001266 3.185336879851871
1.8026561719648833 3.4001702393460924
1.424465855496469 3.575139711589278
1.029574979273909 3.70819393949549
0.6226132777687439 3.797772983895168
0.20835200484248956 3.842826612395629
-0.20835200484248823 3.8428266123956294
-0.6226132777687442 3.797772983895168
-1.0295749792739095 3.7081939394954895
-1.4244658554964678 3.5751397115892782
-1.8026561719648828 3.4001702393460924
-2.1597119930012654 3.185336879851871
-2.491447165563214 2.933158357822669
-2.7939723980608004 2.6465912358602584
-3.0637408587444495 2.328995251458829
-3.297589759064301 1.9840939271547082
-3.4927774344741924 1.6159309156290775
-3.647015487941736 1.2288225915774216
-3.7584956193112222 0.8273074461627319
-3.825910825969601 0.41609287735619394
-3.848470726257113 4.713017356523063e-16
-3.8259108259696015 -0.4160928773561913
-3.7584956193112222 -0.8273074461627309
-3.647015487941736 -1.2288225915774222
-3.492777434474192 -1.6159309156290782
-3.2975897590643006 -1.9840939271547091
-3.0637408587444512 -2.3289952514588266
-2.793972398060802 -2.6465912358602566
-2.4914471655632138 -2.9331583578226694
-2.1597119930012663 -3.1853368798518704
-1.8026561719648853 -3.400170239346091
-1.4244658554964686 -3.575139711589278
-1.029574979273911 -3.708193939495489
-0.6226132777687443 -3.797772983895168
-0.20835200484249086 -3.842826612395629
0.20835200484248606 -3.8428266123956294
0.622613277768743 -3.7977729838951686
1.0295749792739064 -3.7081939394954904
1.4244658554964673 -3.5751397115892782
1.802656171964884 -3.400170239346092
2.1597119930012654 -3.1853368798518713
2.4914471655632155 -2.933158357822668
2.7939723980608013 -2.6465912358602575
3.0637408587444512 -2.3289952514588266
3.297589759064301 -1.9840939271547087
3.4927774344741915 -1.6159309156290795
3.647015487941736 -1.228822591577422
3.7584956193112222 -0.8273074461627322
3.8259108259696006 -0.41609287735619616
4.393657372293858 0.0
4.367901564528408 0.4750379223835272
4.290936104529346 0.9445064594584219
4.163663341944973 1.402901521866658
3.9875754335499924 1.844848846616101
3.7647368490716255 2.2651670054003565
3.4977601671696203 2.6589281521082366
3.18977544534017 3.0215157973138402
2.8443935228536086 3.348678932394178
2.4656636869653865 3.63658186871854
2.0580261987253037 3.8818492075906876
1.626260234976465 4.081605413712412
1.1754278568764378 4.233508528205776
0.7108146618584739 4.335777625939688
0.23786781483426334 4.387213695248744
-0.2378678148342618 4.387213695248745
-0.7108146618584743 4.335777625939688
-1.1754278568764382 4.233508528205776
-1.6262602349764634 4.081605413712412
-2.058026198725303 3.8818492075906876
-2.465663686965386 3.63658186871854
-2.8443935228536077 3.348678932394178
-3.1897754453401688 3.021515797313841
-3.4977601671696195 2.6589281521082375
-3.7647368490716255 2.2651670054003556
-3.987575433549993 1.8448488466161004
-4.163663341944973 1.4029015218666572
-4.290936104529346 0.9445064594584228
-4.367901564528408 0.4750379223835279
-4.393657372293858 5.380678437529844e-16
-4.367901564528408 -0.4750379223835249
-4.290936104529346 -0.9445064594584217
-4.163663341944973 -1.4029015218666578
-3.9875754335499924 -1.844848846616101
-3.764736849071625 -2.265167005400357
-3.4977601671696212 -2.658928152108235
-3.189775445340171 -3.021515797313839
-2.8443935228536072 -3.3486789323941784
-2.465663686965387 -3.6365818687185394
-2.0580261987253055 -3.881849207590686
-1.6262602349764643 -4.081605413712412
-1.1754278568764402 -4.233508528205775
-0.7108146618584744 -4.335777625939688
-0.23786781483426483 -4.387213695248744
0.23786781483425934 -4.387213695248745
0.7108146618584729 -4.335777625939688
1.175427856876435 -4.2335085282057765
1.626260234976463 -4.081605413712412
2.058026198725304 -3.881849207590687
2.465663686965386 -3.6365818687185403
2.8443935228536095 -3.348678932394177
3.18977544534017 -3.0215157973138402
3.4977601671696212 -2.658928152108235
3.7647368490716255 -2.2651670054003565
3.987575433549992 -1.8448488466161026
4.163663341944973 -1.4029015218666576
4.290936104529346 -0.9445064594584233
4.367901564528407 -0.4750379223835304
4.821285614223388 0.0
4.793023031381741 0.5212726681513039
4.708566635799892 1.0364338908726793
4.56890660149682 1.539443873844116
4.375680314682339 2.024405284921687
4.131153176900874 2.4856323949649544
3.838192045269615 2.9177177378126293
3.500231621200023 3.3155955078792188
3.1212341816641516 3.6746009520938068
2.7056431251198942 3.990525059864785
2.258330876726707 4.259663909880705
1.7845417636155119 4.478862095201127
1.2898305299480166 4.645549717517984
0.7799972126201818 4.757772516863552
0.26101914113262903 4.814214783521792
-0.2610191411326273 4.814214783521793
-0.7799972126201824 4.757772516863552
-1.289830529948017 4.645549717517983
-1.7845417636155103 4.478862095201128
-2.2583308767267067 4.259663909880705
-2.705643125119894 3.990525059864785
-3.121234181664151 3.6746009520938068
-3.5002316212000215 3.3155955078792196
-3.8381920452696137 2.91771773781263
-4.131153176900874 2.4856323949649535
-4.37568031468234 2.024405284921686
-4.56890660149682 1.539443873844115
-4.708566635799892 1.0364338908726802
-4.793023031381741 0.5212726681513047
-4.821285614223388 5.904371995233853e-16
-4.7930230313817415 -0.5212726681513014
-4.708566635799892 -1.0364338908726791
-4.56890660149682 -1.5394438738441159
-4.375680314682339 -2.024405284921687
-4.131153176900873 -2.485632394964955
-3.838192045269616 -2.9177177378126276
-3.5002316212000237 -3.315595507879218
-3.1212341816641502 -3.674600952093807
-2.705643125119895 -3.9905250598647846
-2.25833087672671 -4.259663909880704
-1.7845417636155114 -4.478862095201127
-1.2898305299480193 -4.645549717517982
-0.7799972126201825 -4.757772516863552
-0.26101914113263064 -4.814214783521792
0.26101914113262464 -4.814214783521793
0.7799972126201807 -4.757772516863553
1.2898305299480135 -4.645549717517984
1.7845417636155096 -4.478862095201128
2.258330876726708 -4.259663909880705
2.705643125119894 -3.9905250598647855
3.1212341816641525 -3.6746009520938054
3.500231621200023 -3.3155955078792188
3.838192045269616 -2.9177177378126276
4.131153176900874 -2.4856323949649544
4.375680314682339 -2.0244052849216887
4.56890660149682 -1.5394438738441156
4.708566635799892 -1.036433890872681
4.793023031381741 -0.5212726681513074
5.169260422562481 0.0
5.138957996485147 0.5588953628651859
5.048405986493128 1.1112381886036808
4.898666032111089 1.650552762595563
4.691493697395613 2.170516114560794
4.4293178885517674 2.6650321496046088
4.115212377228617 3.128303119356441
3.7528597633570198 3.554897595268637
3.3465083000324656 3.9398141471501753
2.9009220866317476 4.278539980362805
2.4213252141036303 4.567103844212091
1.9133405172789042 4.802122591230855
1.3829236522729982 4.980840841489995
0.836293271863346 5.101163286908873
0.2798581174713274 5.161679256826817
-0.2798581174713256 5.161679256826818
-0.8362932718633466 5.101163286908873
-1.3829236522729988 4.980840841489994
-1.9133405172789024 4.802122591230856
-2.42132521410363 4.567103844212091
-2.900922086631747 4.278539980362805
-3.346508300032465 3.9398141471501753
-3.752859763357019 3.554897595268638
-4.115212377228616 3.1283031193564423
-4.4293178885517674 2.665032149604608
-4.691493697395614 2.1705161145607934
-4.898666032111089 1.6505527625955618
-5.048405986493128 1.111238188603682
-5.138957996485147 0.5588953628651867
-5.169260422562481 6.330518230450238e-16
-5.138957996485147 -0.5588953628651833
-5.048405986493128 -1.1112381886036806
-4.898666032111089 -1.6505527625955627
-4.691493697395613 -2.170516114560794
-4.429317888551767 -2.665032149604609
-4.115212377228619 -3.1283031193564392
-3.752859763357021 -3.5548975952686357
-3.3465083000324642 -3.9398141471501757
-2.9009220866317484 -4.278539980362805
-2.421325214103633 -4.567103844212089
-1.9133405172789035 -4.802122591230855
-1.382923652273001 -4.980840841489994
-0.8362932718633467 -5.101163286908873
-0.27985811747132916 -5.161679256826817
0.27985811747132266 -5.161679256826818
0.8362932718633448 -5.101163286908874
1.3829236522729949 -4.980840841489995
1.9133405172789018 -4.802122591230856
2.421325214103631 -4.56710384421209
2.900922086631747 -4.2785399803628055
3.346508300032467 -3.939814147150174
3.7528597633570198 -3.554897595268637
4.115212377228619 -3.1283031193564392
4.4293178885517674 -2.6650321496046088
4.691493697395612 -2.1705161145607956
4.898666032111089 -1.6505527625955623
5.048405986493128 -1.1112381886036826
5.138957996485146 -0.5588953628651897
5.460099223865651 0.0
5.428091888273903 0.5903405685816805
5.332445138243885 1.1737599337502698
5.174280344469042 1.743418036874579
4.9554518445449345 2.2926361575388463
4.678525202556368 2.814975215433199
4.346747130184212 3.304311262682982
3.9640074219794483 3.754907281538405
3.5347933510785245 4.161480445662257
3.064137060028586 4.519264056438576
2.557556563517044 4.824063428155684
2.020991054694531 5.072305066860921
1.4607312735654654 5.261078566309964
0.8833457538131856 5.388170729819026
0.2956038127481721 5.45209151797244
-0.2956038127481702 5.45209151797244
-0.8833457538131861 5.388170729819026
-1.460731273565466 5.261078566309963
-2.0209910546945293 5.072305066860921
-2.557556563517043 4.824063428155684
-3.0641370600285858 4.519264056438576
-3.534793351078524 4.161480445662257
-3.964007421979447 3.754907281538406
-4.346747130184211 3.304311262682983
-4.678525202556368 2.8149752154331984
-4.955451844544935 2.2926361575388454
-5.174280344469042 1.743418036874578
-5.332445138243885 1.1737599337502709
-5.428091888273903 0.5903405685816813
-5.460099223865651 6.686693037534017e-16
-5.4280918882739035 -0.5903405685816776
-5.332445138243885 -1.1737599337502695
-5.174280344469042 -1.7434180368745789
-4.9554518445449345 -2.2926361575388463
-4.678525202556367 -2.8149752154331997
-4.346747130184213 -3.30431126268298
-3.964007421979449 -3.7549072815384035
-3.5347933510785237 -4.161480445662258
-3.064137060028587 -4.519264056438576
-2.5575565635170467 -4.824063428155682
-2.0209910546945307 -5.072305066860921
-1.4607312735654685 -5.261078566309962
-0.8833457538131863 -5.388170729819026
-0.295603812748174 -5.45209151797244
0.29560381274816716 -5.45209151797244
0.8833457538131844 -5.388170729819027
1.4607312735654616 -5.261078566309964
2.020991054694529 -5.072305066860921
2.557556563517045 -4.824063428155684
3.0641370600285858 -4.519264056438577
3.534793351078526 -4.1614804456622565
3.9640074219794483 -3.754907281538405
4.346747130184213 -3.30431126268298
4.678525202556368 -2.814975215433199
4.9554518445449345 -2.292636157538848
5.174280344469042 -1.7434180368745786
5.332445138243885 -1.1737599337502715
5.428091888273902 -0.5903405685816844
5.7080208709082445 0.0
5.67456020799917 0.6171456137059727
5.574570514951183 1.2270557593528584
5.40922407949382 1.8225797981291116
5.180459437405132 2.396735755172902
4.890958644952102 2.9427921768436884
4.544115834233143 3.454347050861529
4.1439974200825285 3.925402864047646
3.695294425074421 4.3504369176828686
3.2032674815722277 4.724466076100667
2.673685155623989 5.043105189396711
2.11275631579971 5.302618505302126
1.5270573398841982 5.499963467463208
0.9234550128603861 5.6328263866328365
0.30902602013375724 5.699649566561474
-0.3090260201337553 5.699649566561475
-0.9234550128603868 5.6328263866328365
-1.527057339884199 5.499963467463207
-2.1127563157997082 5.302618505302126
-2.6736851556239882 5.043105189396711
-3.2032674815722273 4.724466076100667
-3.69529442507442 4.3504369176828686
-4.143997420082528 3.9254028640476473
-4.544115834233142 3.4543470508615304
-4.890958644952102 2.9427921768436875
-5.1804594374051325 2.3967357551729007
-5.40922407949382 1.8225797981291103
-5.574570514951183 1.2270557593528595
-5.67456020799917 0.6171456137059735
-5.7080208709082445 6.990309489024069e-16
-5.674560207999171 -0.6171456137059697
-5.574570514951183 -1.227055759352858
-5.40922407949382 -1.8225797981291114
-5.180459437405132 -2.396735755172902
-4.890958644952101 -2.942792176843689
-4.5441158342331445 -3.4543470508615273
-4.14399742008253 -3.9254028640476446
-3.6952944250744197 -4.350436917682869
-3.2032674815722286 -4.724466076100666
-2.673685155623992 -5.04310518939671
-2.1127563157997096 -5.302618505302126
-1.5270573398842016 -5.499963467463207
-0.9234550128603869 -5.6328263866328365
-0.3090260201337592 -5.699649566561474
0.3090260201337521 -5.699649566561475
0.9234550128603849 -5.632826386632837
1.5270573398841945 -5.499963467463209
2.112756315799708 -5.302618505302126
2.67368515562399 -5.0431051893967105
3.2032674815722273 -4.724466076100668
3.695294425074422 -4.350436917682868
4.1439974200825285 -3.925402864047646
4.5441158342331445 -3.4543470508615273
4.890958644952102 -2.9427921768436884
5.180459437405131 -2.396735755172904
5.40922407949382 -1.822579798129111
5.574570514951183 -1.2270557593528602
5.67456020799917 -0.6171456137059768
5.922811756871673 0.0
5.888091980586228 0.6403685934627473
5.784339709362248 1.2732294506617325
5.612771343718227 1.8911628566764973
5.3753983658748865 2.486924107303419
5.07500375696526 3.053528446588604
4.7151093691254005 3.5843329567052207
4.299934634998153 4.073114440091343
3.834347098743282 4.514142380751442
3.3238053485326304 4.902246129316968
2.774295019594645 5.232875524182633
2.1922586181140398 5.5021542379909745
1.5845199887372137 5.706925224026467
0.9582043112328869 5.84478772970174
0.3206545642739122 5.914125443186644
-0.32065456427391015 5.914125443186645
-0.9582043112328875 5.84478772970174
-1.5845199887372143 5.706925224026466
-2.1922586181140375 5.502154237990975
-2.7742950195946445 5.232875524182633
-3.32380534853263 4.902246129316968
-3.8343470987432817 4.514142380751442
-4.299934634998152 4.073114440091344
-4.715109369125399 3.584332956705222
-5.07500375696526 3.053528446588603
-5.375398365874887 2.4869241073034183
-5.612771343718227 1.891162856676496
-5.784339709362248 1.2732294506617337
-5.888091980586228 0.6403685934627482
-5.922811756871673 7.253352460005206e-16
-5.888091980586229 -0.6403685934627442
-5.784339709362248 -1.273229450661732
-5.612771343718227 -1.8911628566764969
-5.3753983658748865 -2.486924107303419
-5.07500375696526 -3.0535284465886043
-4.715109369125401 -3.584332956705219
-4.299934634998155 -4.0731144400913415
-3.834347098743281 -4.5141423807514425
-3.3238053485326313 -4.902246129316968
-2.774295019594648 -5.232875524182631
-2.192258618114039 -5.5021542379909745
-1.584519988737217 -5.706925224026466
-0.9582043112328876 -5.84478772970174
-0.3206545642739142 -5.914125443186644
0.3206545642739068 -5.914125443186645
0.9582043112328855 -5.844787729701741
1.5845199887372097 -5.706925224026468
2.192258618114037 -5.502154237990975
2.774295019594646 -5.232875524182632
3.32380534853263 -4.902246129316969
3.8343470987432835 -4.51414238075144
4.299934634998153 -4.073114440091343
4.715109369125401 -3.584332956705219
5.07500375696526 -3.053528446588604
5.3753983658748865 -2.486924107303421
5.612771343718227 -1.8911628566764966
5.784339709362248 -1.2732294506617343
5.888091980586228 -0.6403685934627517
6.111711236854255 0.0
6.075884123723633 0.6607922198192572
5.968822824476184 1.3138372550292217
5.791782534958503 1.9514787496768264
5.546838890695704 2.5662409402385067
5.236863631962661 3.1509163021123574
4.865490935254936 3.69865005125419
4.437074805892132 4.203020510253058
3.956638031286425 4.658114396627508
3.429813293352536 5.058596150656109
2.8627771304622875 5.399770489936834
2.2621775231794614 5.677637457280291
1.6350559527659876 5.888939316550569
0.9887648462522479 6.031198746642854
0.3308813759525221 6.102747885808354
-0.33088137595252 6.102747885808355
-0.9887648462522486 6.031198746642854
-1.6350559527659883 5.888939316550568
-2.2621775231794596 5.677637457280292
-2.8627771304622867 5.399770489936834
-3.429813293352535 5.058596150656109
-3.9566380312864244 4.658114396627508
-4.43707480589213 4.203020510253059
-4.865490935254934 3.6986500512541913
-5.236863631962661 3.150916302112357
-5.546838890695705 2.566240940238506
-5.791782534958503 1.951478749676825
-5.968822824476184 1.3138372550292228
-6.075884123723633 0.6607922198192581
-6.111711236854255 7.484687603526475e-16
-6.075884123723634 -0.660792219819254
-5.968822824476184 -1.3138372550292212
-5.791782534958503 -1.9514787496768262
-5.546838890695704 -2.5662409402385067
-5.2368636319626605 -3.1509163021123583
-4.865490935254937 -3.698650051254188
-4.4370748058921325 -4.203020510253056
-3.9566380312864236 -4.658114396627509
-3.4298132933525363 -5.058596150656109
-2.8627771304622907 -5.399770489936833
-2.262177523179461 -5.677637457280291
-1.635055952765991 -5.888939316550568
-0.9887648462522487 -6.031198746642854
-0.3308813759525242 -6.102747885808354
0.33088137595251654 -6.102747885808355
0.9887648462522466 -6.031198746642855
1.6350559527659836 -5.8889393165505695
2.2621775231794587 -5.677637457280292
2.8627771304622884 -5.3997704899368335
3.429813293352535 -5.0585961506561095
3.956638031286426 -4.658114396627506
4.437074805892132 -4.203020510253058
4.865490935254937 -3.698650051254188
5.236863631962661 -3.1509163021123574
5.546838890695703 -2.5662409402385085
5.791782534958503 -1.9514787496768258
5.968822824476184 -1.3138372550292234
6.0758841237236325 -0.6607922198192615
6.280449794626421 0.0
6.243633528840427 0.6790360670558553
6.133616368537354 1.3501110570740773
5.951688164332108 2.0053572293664175
5.6999818580804495 2.637092421660036
5.381448476085911 3.2379101164262853
4.9998225310145274 3.8007662755268883
4.559578238148334 4.319061925120683
4.065877059301991 4.786720522598415
3.524507189402178 5.198259198488991
2.941815695194279 5.548853038090994
2.324634101687969 5.834391649186093
1.680198298772592 6.051527352629643
1.0160637070240628 6.1977144308278325
0.34001669730658457 6.271238973948909
-0.3400166973065824 6.27123897394891
-1.0160637070240635 6.1977144308278325
-1.6801982987725927 6.051527352629643
-2.3246341016879666 5.834391649186094
-2.941815695194278 5.548853038090994
-3.5245071894021773 5.198259198488991
-4.06587705930199 4.786720522598415
-4.559578238148333 4.3190619251206845
-4.999822531014527 3.8007662755268896
-5.381448476085911 3.2379101164262845
-5.69998185808045 2.637092421660035
-5.951688164332108 2.005357229366416
-6.133616368537354 1.3501110570740786
-6.243633528840427 0.6790360670558562
-6.280449794626421 7.691332738194898e-16
-6.243633528840427 -0.679036067055852
-6.133616368537354 -1.350111057074077
-5.951688164332108 -2.005357229366417
-5.6999818580804495 -2.637092421660036
-5.38144847608591 -3.237910116426286
-4.999822531014529 -3.800766275526886
-4.559578238148336 -4.319061925120682
-4.0658770593019895 -4.786720522598416
-3.5245071894021787 -5.198259198488991
-2.941815695194282 -5.548853038090992
-2.324634101687968 -5.834391649186093
-1.6801982987725954 -6.051527352629642
-1.0160637070240637 -6.1977144308278325
-0.34001669730658673 -6.271238973948909
0.34001669730657885 -6.27123897394891
1.0160637070240615 -6.197714430827833
1.6801982987725879 -6.051527352629644
2.3246341016879657 -5.834391649186094
2.94181569519428 -5.548853038090993
3.5245071894021773 -5.198259198488992
4.065877059301992 -4.786720522598413
4.559578238148334 -4.319061925120683
4.999822531014529 -3.800766275526886
5.381448476085911 -3.2379101164262853
5.699981858080449 -2.637092421660038
5.951688164332108 -2.0053572293664166
6.133616368537354 -1.3501110570740793
6.2436335288404265 -0.6790360670558598
6.433968647408042 0.0
6.396252447529429 0.6956343747281738
6.2835460358529165 1.3831130724372338
6.097170792006957 2.0543760339643096
5.839311795321133 2.7015533148270734
5.512992206768859 3.3170573531272414
5.122037825169063 3.8936719267764532
4.671032233193002 4.424636757102403
4.165263059048254 4.903726766935293
3.610659983872496 5.325325063946006
3.013725221643739 5.684488793573092
2.381457286666458 5.977007089473201
1.7212689423901713 6.199450442078934
1.0409002935355636 6.3492109064628846
0.348328040443467 6.424532678107449
-0.3483280404434647 6.42453267810745
-1.0409002935355642 6.3492109064628846
-1.721268942390172 6.199450442078933
-2.3814572866664556 5.977007089473202
-3.013725221643738 5.684488793573092
-3.610659983872495 5.325325063946006
-4.165263059048253 4.903726766935293
-4.671032233193001 4.4246367571024035
-5.122037825169061 3.8936719267764546
-5.512992206768859 3.3170573531272405
-5.839311795321134 2.7015533148270725
-6.097170792006957 2.054376033964308
-6.2835460358529165 1.3831130724372351
-6.396252447529429 0.6956343747281748
-6.433968647408042 7.879339109862684e-16
-6.39625244752943 -0.6956343747281704
-6.2835460358529165 -1.3831130724372336
-6.097170792006957 -2.054376033964309
-5.839311795321133 -2.7015533148270734
-5.512992206768858 -3.3170573531272423
-5.1220378251690635 -3.893671926776451
-4.671032233193004 -4.424636757102401
-4.165263059048252 -4.903726766935294
-3.6106599838724964 -5.325325063946006
-3.013725221643742 -5.68448879357309
-2.381457286666457 -5.977007089473201
-1.7212689423901748 -6.199450442078933
-1.0409002935355645 -6.3492109064628846
-0.34832804044346916 -6.424532678107449
0.3483280404434611 -6.42453267810745
1.040900293535562 -6.349210906462885
1.721268942390167 -6.199450442078935
2.381457286666455 -5.977007089473202
3.01372522164374 -5.684488793573092
3.610659983872495 -5.325325063946007
4.165263059048255 -4.903726766935291
4.671032233193002 -4.424636757102403
5.1220378251690635 -3.893671926776451
5.512992206768859 -3.3170573531272414
5.839311795321133 -2.7015533148270756
6.097170792006957 -2.0543760339643087
6.2835460358529165 -1.3831130724372358
6.396252447529428 -0.6956343747281785
6.577151060232979 0.0
6.538595518915645 0.7111151166583776
6.423380923433918 1.4138930587526872
6.232858059578114 2.1000943974678736
5.969260633730226 2.7616740495073673
5.6356790846988964 3.3908755983390506
5.2360243511499975 3.9803222310873343
4.7749820194265835 4.523103224919439
4.257957389333088 5.01285496895208
3.6910121019372277 5.443835571770765
3.0807930723707013 5.8109921798567665
2.434454560826598 6.110020217674765
1.7595742953998317 6.337413854885287
1.064064630153624 6.490507109000022
0.3560797800024358 6.567505101588975
-0.3560797800024335 6.567505101588976
-1.0640646301536247 6.490507109000022
-1.7595742953998323 6.337413854885286
-2.434454560826596 6.110020217674766
-3.0807930723707004 5.8109921798567665
-3.691012101937227 5.443835571770765
-4.257957389333087 5.01285496895208
-4.774982019426582 4.52310322491944
-5.236024351149996 3.9803222310873356
-5.6356790846988964 3.3908755983390497
-5.969260633730227 2.7616740495073664
-6.232858059578114 2.100094397467872
-6.423380923433918 1.4138930587526886
-6.538595518915645 0.7111151166583786
-6.577151060232979 8.054686993422938e-16
-6.538595518915645 -0.7111151166583741
-6.423380923433918 -1.4138930587526868
-6.232858059578114 -2.100094397467873
-5.969260633730226 -2.7616740495073673
-5.635679084698896 -3.390875598339051
-5.236024351149999 -3.980322231087332
-4.774982019426584 -4.523103224919438
-4.257957389333086 -5.012854968952081
-3.691012101937228 -5.443835571770764
-3.080793072370705 -5.810992179856765
-2.4344545608265977 -6.110020217674765
-1.7595742953998352 -6.337413854885286
-1.064064630153625 -6.490507109000022
-0.356079780002438 -6.567505101588975
0.3560797800024298 -6.567505101588976
1.0640646301536225 -6.490507109000023
1.7595742953998272 -6.337413854885288
2.4344545608265955 -6.110020217674766
3.0807930723707027 -5.8109921798567665
3.691012101937227 -5.443835571770766
4.257957389333089 -5.012854968952079
4.7749820194265835 -4.523103224919439
5.236024351149999 -3.980322231087332
5.6356790846988964 -3.3908755983390506
5.969260633730225 -2.7616740495073695
6.232858059578114 -2.1000943974678727
6.423380923433918 -1.4138930587526892
6.538595518915644 -0.7111151166583823
6.716149185929597 0.0
6.676778831643965 0.7261434575714636
6.559129350194409 1.4437735470221964
6.36458007418298 2.144476711688837
6.09541191599281 2.820037847624681
5.754780626175887 3.4625366181823183
5.346679795163157 4.064440312719189
4.875894032068092 4.618692160742643
4.347942869519458 5.118794066091904
3.769016052187784 5.558882791174284
3.1459009676884473 5.933798698065151
2.48590307066765 6.23914624054509
1.7967602330261236 6.471345497860448
1.086552024445915 6.627674146021006
0.36360498682306935 6.706299374559727
-0.363604986823067 6.706299374559727
-1.0865520244459157 6.627674146021006
-1.7967602330261243 6.471345497860448
-2.4859030706676477 6.239146240545091
-3.145900967688447 5.933798698065151
-3.769016052187783 5.558882791174284
-4.347942869519457 5.118794066091904
-4.875894032068091 4.618692160742644
-5.346679795163155 4.06444031271919
-5.754780626175887 3.4625366181823174
-6.095411915992811 2.82003784762468
-6.36458007418298 2.144476711688835
-6.559129350194409 1.4437735470221977
-6.676778831643965 0.7261434575714646
-6.716149185929597 8.224910603144783e-16
-6.676778831643965 -0.72614345757146
-6.559129350194409 -1.443773547022196
-6.36458007418298 -2.1444767116888364
-6.09541191599281 -2.820037847624681
-5.754780626175887 -3.4625366181823187
-5.3466797951631575 -4.064440312719187
-4.875894032068094 -4.618692160742642
-4.347942869519457 -5.118794066091905
-3.7690160521877845 -5.558882791174283
-3.145900967688451 -5.933798698065148
-2.485903070667649 -6.23914624054509
-1.7967602330261272 -6.471345497860447
-1.086552024445916 -6.627674146021006
-0.36360498682307163 -6.706299374559727
0.36360498682306325 -6.706299374559727
1.0865520244459135 -6.627674146021007
1.796760233026119 -6.471345497860449
2.485903070667647 -6.239146240545091
3.1459009676884486 -5.93379869806515
3.769016052187783 -5.558882791174285
4.34794286951946 -5.118794066091903
4.875894032068092 -4.618692160742643
5.3466797951631575 -4.064440312719187
5.754780626175887 -3.4625366181823183
6.095411915992809 -2.820037847624683
6.36458007418298 -2.144476711688836
6.559129350194409 -1.4437735470221984
6.676778831643964 -0.7261434575714685
6.86314830727229 0.0
6.822916237839076 0.7420368582802175
6.7026917137690045 1.475374012847869
6.503884257684469 2.1914137560622033
6.228824705236667 2.8817611766154125
5.880737878188705 3.5383225821921767
5.463704776328897 4.153400390611926
4.982614731479549 4.719783376941942
4.443108084551698 5.230831218516408
3.851510057704939 5.680552346648361
3.2147565969008176 6.063674192294402
2.540313054278023 6.375705002105977
1.8360866637241897 6.612986500130533
1.110333835788238 6.772736777752275
0.3715633588155781 6.853082909027162
-0.37156335881557573 6.8530829090271626
-1.1103338357882389 6.772736777752275
-1.8360866637241904 6.612986500130533
-2.54031305427802 6.375705002105978
-3.2147565969008167 6.063674192294402
-3.851510057704938 5.680552346648361
-4.443108084551697 5.230831218516408
-4.982614731479547 4.719783376941944
-5.463704776328895 4.153400390611928
-5.880737878188705 3.5383225821921758
-6.228824705236668 2.8817611766154116
-6.503884257684469 2.1914137560622016
-6.7026917137690045 1.4753740128478703
-6.822916237839076 0.7420368582802186
-6.86314830727229 8.4049326065745855e-16
-6.822916237839077 -0.7420368582802138
-6.7026917137690045 -1.4753740128478685
-6.503884257684469 -2.191413756062203
-6.228824705236667 -2.8817611766154125
-5.880737878188704 -3.5383225821921775
-5.463704776328899 -4.153400390611925
-4.982614731479551 -4.71978337694194
-4.443108084551696 -5.230831218516409
-3.8515100577049393 -5.68055234664836
-3.214756596900821 -6.063674192294401
-2.540313054278022 -6.375705002105977
-1.8360866637241935 -6.612986500130532
-1.1103338357882389 -6.772736777752275
-0.37156335881558045 -6.853082909027162
0.3715633588155719 -6.8530829090271626
1.1103338357882364 -6.772736777752276
1.836086663724185 -6.612986500130534
2.5403130542780197 -6.375705002105978
3.214756596900819 -6.0636741922944015
3.851510057704938 -5.680552346648362
4.443108084551699 -5.230831218516406
4.982614731479549 -4.719783376941942
5.463704776328899 -4.153400390611925
5.880737878188705 -3.5383225821921767
6.228824705236666 -2.8817611766154148
6.503884257684469 -2.1914137560622025
6.7026917137690045 -1.475374012847871
6.822916237839075 -0.7420368582802225
1.0 0.5 0.4 0.32000000000000006 0.25600000000000006 0.20480000000000007 0.16384000000000007 0.13107200000000005 0.10485760000000005 0.08388608000000004 0.06710886400000003 0.05368709120000003 0.042949672960000025 0.03435973836800002 0.027487790694400018 0.021990232555520017 