0.0 0.0
2.379670423004027 0.0
2.3723346932647593 0.18670678951919423
2.350372731260177 0.37226246959469483
2.313919939789131 0.5555230277553114
2.2632010624328243 0.735358601719664
2.1985287979358965 0.9106604453728661
2.120301872314681 1.0803477645550168
2.0290025805787257 1.2433743805165989
1.9251938132216777 1.3987351799583583
1.8095155858142111 1.545472311889028
1.6826810930952076 1.6826810930952072
1.5454723118890281 1.809515585814211
1.3987351799583583 1.9251938132216777
1.243374380516599 2.0290025805787257
1.0803477645550168 2.120301872314681
0.9106604453728663 2.1985287979358965
0.7353586017196642 2.2632010624328243
0.5555230277553116 2.313919939789131
0.372262469594695 2.350372731260177
0.18670678951919434 2.3723346932647593
1.4571278832787547e-16 2.379670423004027
-0.18670678951919406 2.3723346932647593
-0.37226246959469417 2.350372731260177
-0.5555230277553113 2.3139199397891312
-0.7353586017196639 2.2632010624328243
-0.910660445372866 2.1985287979358965
-1.0803477645550166 2.120301872314681
-1.2433743805165989 2.0290025805787257
-1.3987351799583578 1.9251938132216777
-1.5454723118890277 1.8095155858142113
-1.6826810930952072 1.6826810930952076
-1.8095155858142111 1.5454723118890281
-1.9251938132216773 1.3987351799583585
-2.0290025805787257 1.243374380516599
-2.120301872314681 1.080347764555017
-2.1985287979358965 0.9106604453728664
-2.2632010624328243 0.7353586017196643
-2.313919939789131 0.5555230277553117
-2.3503727312601765 0.3722624695946951
-2.3723346932647593 0.1867067895191945
-2.379670423004027 2.9142557665575094e-16
-2.3723346932647593 -0.18670678951919287
-2.350372731260177 -0.3722624695946945
-2.3139199397891312 -0.555523027755311
-2.2632010624328247 -0.7353586017196628
-2.1985287979358965 -0.9106604453728658
-2.120301872314681 -1.0803477645550166
-2.0290025805787253 -1.2433743805165995
-1.925193813221678 -1.3987351799583578
-1.8095155858142122 -1.5454723118890268
-1.6826810930952079 -1.6826810930952072
-1.5454723118890288 -1.8095155858142102
-1.3987351799583585 -1.9251938132216773
-1.2433743805165982 -2.029002580578726
-1.0803477645550172 -2.120301872314681
-0.9106604453728655 -2.1985287979358965
-0.7353586017196645 -2.2632010624328243
-0.5555230277553128 -2.313919939789131
-0.3722624695946952 -2.3503727312601765
-0.1867067895191957 -2.3723346932647593
-4.371383649836264e-16 -2.379670423004027
0.18670678951919484 -2.3723346932647593
0.3722624695946944 -2.350372731260177
0.555523027755312 -2.313919939789131
0.7353586017196637 -2.2632010624328243
0.9106604453728646 -2.198528797935897
1.0803477645550166 -2.120301872314681
1.2433743805165978 -2.029002580578726
1.3987351799583576 -1.925193813221678
1.5454723118890283 -1.809515585814211
1.682681093095207 -1.6826810930952079
1.8095155858142113 -1.5454723118890272
1.9251938132216773 -1.3987351799583587
2.029002580578725 -1.2433743805166004
2.120301872314681 -1.0803477645550172
2.1985287979358956 -0.9106604453728676
2.2632010624328243 -0.7353586017196646
2.3139199397891312 -0.5555230277553109
2.3503727312601765 -0.3722624695946954
2.3723346932647593 -0.18670678951919376
3.5870825299485554 0.0
3.576024751636997 0.28143925160091393
3.5429195915826974 0.5611433366276601
3.487971154105973 0.8373877863850021
3.4115182145960787 1.1084694619795847
3.314032130848275 1.3727170547375631
3.196113936986279 1.6285013903783423
3.058490637887029 1.8742454734157745
2.9020107269538626 2.1084342098597344
2.7276389548725333 2.3296237482743867
2.5364503816024206 2.53645038160242
2.329623748274387 2.727638954872533
2.1084342098597344 2.9020107269538626
1.874245473415775 3.058490637887029
1.6285013903783425 3.196113936986279
1.3727170547375633 3.314032130848275
1.108469461979585 3.4115182145960787
0.8373877863850024 3.487971154105973
0.5611433366276604 3.5429195915826974
0.28143925160091415 3.576024751636997
2.1964545692894441e-16 3.5870825299485554
-0.2814392516009137 3.576024751636997
-0.5611433366276591 3.5429195915826974
-0.837387786385002 3.4879711541059732
-1.1084694619795845 3.411518214596079
-1.372717054737563 3.314032130848275
-1.628501390378342 3.196113936986279
-1.8742454734157745 3.0584906378870294
-2.108434209859734 2.9020107269538626
-2.3296237482743867 2.7276389548725337
-2.53645038160242 2.5364503816024206
-2.7276389548725333 2.329623748274387
-2.902010726953862 2.108434209859735
-3.058490637887029 1.874245473415775
-3.196113936986279 1.6285013903783427
-3.314032130848275 1.3727170547375636
-3.4115182145960787 1.1084694619795852
-3.487971154105973 0.8373877863850027
-3.542919591582697 0.5611433366276606
-3.576024751636997 0.2814392516009144
-3.5870825299485554 4.3929091385788883e-16
-3.5760247516369974 -0.2814392516009119
-3.5429195915826974 -0.5611433366276597
-3.4879711541059732 -0.8373877863850018
-3.4115182145960796 -1.108469461979583
-3.3140321308482754 -1.3727170547375627
-3.196113936986279 -1.628501390378342
-3.0584906378870285 -1.8742454734157759
-2.902010726953863 -2.108434209859734
-2.7276389548725346 -2.3296237482743853
-2.536450381602421 -2.53645038160242
-2.3296237482743885 -2.727638954872532
-2.108434209859735 -2.902010726953862
-1.8742454734157739 -3.05849063788703
-1.628501390378343 -3.196113936986279
-1.3727170547375622 -3.3140321308482754
-1.1084694619795854 -3.4115182145960787
-0.8373877863850043 -3.487971154105973
-0.5611433366276608 -3.542919591582697
-0.28143925160091615 -3.576024751636997
-6.589363707868332e-16 -3.5870825299485554
0.2814392516009149 -3.576024751636997
0.5611433366276595 -3.5429195915826974
0.8373877863850031 -3.487971154105973
1.1084694619795843 -3.411518214596079
1.372717054737561 -3.314032130848276
1.6285013903783419 -3.196113936986279
1.874245473415773 -3.0584906378870302
2.1084342098597335 -2.902010726953863
2.3296237482743876 -2.727638954872533
2.5364503816024198 -2.536450381602421
2.7276389548725337 -2.3296237482743862
2.902010726953862 -2.1084342098597353
3.058490637887028 -1.874245473415777
3.196113936986279 -1.6285013903783432
3.314032130848274 -1.3727170547375653
3.4115182145960787 -1.1084694619795856
3.4879711541059732 -0.8373877863850014
3.542919591582697 -0.561143336627661
3.576024751636997 -0.2814392516009132
4.417816606851538 0.0
4.4041979526243695 0.34661789606502796
4.363425953474838 0.6910987775386683
4.295751982335764 1.0313188052351185
4.2015932717431 1.365180409548991
4.081530341458598 1.690625222669441
3.936303419372438 2.0056467691021984
3.766807877752133 2.308302836258212
3.5740887129747603 2.596727448840109
3.359334102776796 2.8691423732004058
3.1238680807432666 3.123868080743266
2.869142373200406 3.3593341027767956
2.596727448840109 3.5740887129747603
2.3083028362582123 3.766807877752133
2.005646769102199 3.9363034193724378
1.6906252226694412 4.081530341458598
1.3651804095489912 4.2015932717431
1.031318805235119 4.295751982335764
0.6910987775386686 4.363425953474838
0.3466178960650282 4.4041979526243695
2.7051324834003785e-16 4.417816606851538
-0.34661789606502763 4.4041979526243695
-0.6910987775386671 4.363425953474838
-1.0313188052351183 4.295751982335764
-1.3651804095489908 4.2015932717431
-1.6906252226694407 4.081530341458598
-2.0056467691021984 3.936303419372438
-2.308302836258212 3.7668078777521337
-2.5967274488401086 3.5740887129747603
-2.8691423732004053 3.3593341027767964
-3.123868080743266 3.1238680807432666
-3.359334102776796 2.869142373200406
-3.57408871297476 2.5967274488401095
-3.766807877752133 2.3083028362582123
-3.9363034193724378 2.005646769102199
-4.081530341458598 1.6906252226694416
-4.2015932717431 1.3651804095489914
-4.295751982335764 1.0313188052351192
-4.363425953474837 0.6910987775386688
-4.4041979526243695 0.3466178960650285
-4.417816606851538 5.410264966800757e-16
-4.40419795262437 -0.34661789606502547
-4.363425953474838 -0.6910987775386677
-4.295751982335764 -1.031318805235118
-4.201593271743101 -1.3651804095489888
-4.081530341458598 -1.6906252226694405
-3.936303419372438 -2.0056467691021984
-3.7668078777521328 -2.308302836258213
-3.5740887129747607 -2.5967274488401086
-3.3593341027767982 -2.8691423732004036
-3.123868080743267 -3.123868080743266
-2.8691423732004075 -3.3593341027767947
-2.5967274488401095 -3.57408871297476
-2.3083028362582105 -3.766807877752134
-2.0056467691021993 -3.9363034193724378
-1.6906252226694398 -4.081530341458598
-1.3651804095489917 -4.2015932717431
-1.0313188052351214 -4.295751982335763
-0.691098777538669 -4.363425953474837
-0.34661789606503074 -4.4041979526243695
-8.115397450201135e-16 -4.417816606851538
0.34661789606502913 -4.4041979526243695
0.6910987775386674 -4.363425953474838
1.0313188052351199 -4.295751982335764
1.3651804095489901 -4.2015932717431
1.6906252226694383 -4.081530341458599
2.005646769102198 -3.936303419372438
2.3083028362582096 -3.7668078777521345
2.5967274488401078 -3.5740887129747607
2.8691423732004067 -3.3593341027767956
3.1238680807432657 -3.123868080743267
3.3593341027767964 -2.869142373200405
3.57408871297476 -2.59672744884011
3.766807877752132 -2.3083028362582145
3.9363034193724378 -2.0056467691021993
4.081530341458597 -1.6906252226694438
4.2015932717431 -1.365180409548992
4.295751982335764 -1.0313188052351179
4.363425953474837 -0.6910987775386693
4.4041979526243695 -0.3466178960650271
5.6818205313845604 0.0
5.66430537489804 0.44579050098033607
5.611867892202601 0.888832555281744
5.524831377816289 1.3263946613130224
5.403732440792878 1.7557791031863232
5.249317696348599 2.174338583032682
5.0625391627310625 2.5794925424736936
4.844548391710187 2.9687430726220425
4.596689368878604 3.3396903145204275
4.320490227533558 3.69004725507007
4.017653827226976 4.017653827226975
3.6900472550700703 4.320490227533557
3.3396903145204275 4.596689368878604
2.968743072622043 4.844548391710187
2.579492542473694 5.062539162731062
2.1743385830326822 5.249317696348599
1.7557791031863237 5.403732440792878
1.3263946613130229 5.524831377816289
0.8888325552817443 5.611867892202601
0.44579050098033635 5.66430537489804
3.479111663544908e-16 5.6818205313845604
-0.4457905009803357 5.66430537489804
-0.8888325552817424 5.611867892202601
-1.3263946613130222 5.52483137781629
-1.755779103186323 5.403732440792878
-2.174338583032682 5.249317696348599
-2.579492542473693 5.0625391627310625
-2.9687430726220425 4.8445483917101875
-3.339690314520427 4.596689368878604
-3.6900472550700694 4.320490227533559
-4.017653827226975 4.017653827226976
-4.320490227533558 3.6900472550700703
-4.596689368878604 3.3396903145204284
-4.844548391710187 2.968743072622043
-5.062539162731062 2.579492542473694
-5.249317696348599 2.1743385830326827
-5.403732440792878 1.755779103186324
-5.524831377816289 1.3263946613130233
-5.6118678922026 0.8888325552817447
-5.66430537489804 0.4457905009803368
-5.6818205313845604 6.958223327089816e-16
-5.664305374898041 -0.4457905009803328
-5.611867892202601 -0.8888325552817432
-5.52483137781629 -1.3263946613130218
-5.403732440792879 -1.7557791031863206
-5.249317696348599 -2.1743385830326813
-5.0625391627310625 -2.579492542473693
-4.844548391710187 -2.9687430726220443
-4.596689368878605 -3.339690314520427
-4.32049022753356 -3.690047255070067
-4.017653827226977 -4.017653827226975
-3.6900472550700725 -4.320490227533556
-3.3396903145204284 -4.596689368878604
-2.968743072622041 -4.844548391710188
-2.5794925424736945 -5.062539162731062
-2.1743385830326805 -5.249317696348599
-1.7557791031863244 -5.403732440792878
-1.326394661313026 -5.524831377816288
-0.888832555281745 -5.6118678922026
-0.4457905009803396 -5.66430537489804
-1.0437334990634723e-15 -5.6818205313845604
0.44579050098033757 -5.66430537489804
0.8888325552817429 -5.611867892202601
1.326394661313024 -5.524831377816289
1.7557791031863224 -5.403732440792878
2.1743385830326782 -5.2493176963486
2.579492542473693 -5.0625391627310625
2.96874307262204 -4.844548391710189
3.339690314520426 -4.596689368878605
3.690047255070071 -4.320490227533557
4.017653827226974 -4.017653827226977
4.320490227533559 -3.6900472550700685
4.596689368878604 -3.339690314520429
4.844548391710185 -2.968743072622046
5.062539162731062 -2.579492542473695
5.249317696348597 -2.1743385830326853
5.403732440792878 -1.7557791031863246
5.52483137781629 -1.3263946613130213
5.6118678922026 -0.8888325552817452
5.66430537489804 -0.44579050098033496
6.20377255099156 0.0
6.1846483906212715 0.4867423844520236
6.127393816318518 0.9704838402456331
6.0323618215729535 1.4482419404455031
5.9001383102335305 1.9170711474932118
5.731538484216435 2.3740809734257793
5.527601817514194 2.816453800695141
5.289585647492849 3.24146225371729
5.018957422988992 3.6464860140496937
4.717385656999705 4.029027975525834
4.3867296397450986 4.3867296397450986
4.029027975525834 4.717385656999704
3.6464860140496937 5.018957422988992
3.241462253717291 5.289585647492849
2.8164538006951414 5.527601817514193
2.3740809734257793 5.731538484216435
1.9170711474932123 5.9001383102335305
1.4482419404455036 6.0323618215729535
0.9704838402456334 6.127393816318518
0.48674238445202395 6.1846483906212715
3.7987150986050116e-16 6.20377255099156
-0.48674238445202317 6.1846483906212715
-0.9704838402456313 6.127393816318518
-1.4482419404455027 6.032361821572954
-1.9170711474932116 5.900138310233531
-2.374080973425779 5.731538484216435
-2.8164538006951405 5.527601817514194
-3.24146225371729 5.28958564749285
-3.646486014049693 5.018957422988992
-4.029027975525833 4.717385656999705
-4.3867296397450986 4.3867296397450986
-4.717385656999705 4.029027975525834
-5.018957422988992 3.646486014049694
-5.289585647492849 3.241462253717291
-5.527601817514193 2.816453800695142
-5.731538484216435 2.3740809734257797
-5.9001383102335305 1.9170711474932125
-6.0323618215729535 1.4482419404455038
-6.127393816318517 0.9704838402456337
-6.1846483906212715 0.4867423844520244
-6.20377255099156 7.597430197210023e-16
-6.184648390621272 -0.48674238445202006
-6.127393816318518 -0.9704838402456322
-6.032361821572954 -1.4482419404455025
-5.900138310233532 -1.9170711474932087
-5.731538484216435 -2.3740809734257784
-5.527601817514194 -2.8164538006951405
-5.289585647492848 -3.2414622537172924
-5.018957422988993 -3.646486014049693
-4.717385656999707 -4.029027975525831
-4.386729639745099 -4.3867296397450986
-4.029027975525836 -4.717385656999702
-3.646486014049694 -5.018957422988992
-3.241462253717289 -5.28958564749285
-2.816453800695142 -5.527601817514193
-2.3740809734257775 -5.731538484216435
-1.917071147493213 -5.9001383102335305
-1.448241940445507 -6.0323618215729535
-0.970483840245634 -6.127393816318517
-0.4867423844520275 -6.1846483906212715
-1.1396145295815035e-15 -6.20377255099156
0.4867423844520252 -6.1846483906212715
0.9704838402456318 -6.127393816318518
1.4482419404455047 -6.0323618215729535
1.917071147493211 -5.900138310233531
2.3740809734257753 -5.731538484216436
2.8164538006951405 -5.527601817514194
3.2414622537172875 -5.289585647492851
3.6464860140496924 -5.018957422988993
4.0290279755258345 -4.717385656999704
4.386729639745098 -4.386729639745099
4.717385656999705 -4.029027975525832
5.018957422988992 -3.646486014049695
5.2895856474928475 -3.2414622537172946
5.527601817514193 -2.8164538006951423
5.731538484216434 -2.374080973425783
5.9001383102335305 -1.9170711474932132
6.032361821572954 -1.4482419404455018
6.127393816318517 -0.9704838402456344
6.1846483906212715 -0.4867423844520224
4.952825767915008 0.0
4.937557858994562 0.38859423104818075
4.8918482639688134 0.7747926494412549
4.815978797691077 1.156214213505823
4.710417220650116 1.5305073324638865
4.575814355071172 1.8953643647719767
4.413000072380536 2.2485358454986386
4.222978176772235 2.5878443550237584
4.006920216421391 2.9111979435545847
3.7661582605001263 3.216603028691845
3.502176686528172 3.502176686528171
3.2166030286918454 3.766158260500126
2.9111979435545847 4.006920216421391
2.587844355023759 4.222978176772235
2.248535845498639 4.413000072380535
1.8953643647719771 4.575814355071172
1.5305073324638867 4.710417220650116
1.1562142135058235 4.815978797691077
0.7747926494412551 4.8918482639688134
0.388594231048181 4.937557858994562
3.032731111705823e-16 4.952825767915008
-0.3885942310481804 4.937557858994562
-0.7747926494412535 4.8918482639688134
-1.1562142135058227 4.815978797691078
-1.5305073324638863 4.7104172206501165
-1.8953643647719765 4.575814355071172
-2.2485358454986386 4.413000072380536
-2.5878443550237584 4.222978176772235
-2.9111979435545843 4.006920216421391
-3.2166030286918446 3.7661582605001267
-3.502176686528171 3.502176686528172
-3.7661582605001263 3.2166030286918454
-4.00692021642139 2.9111979435545856
-4.222978176772235 2.587844355023759
-4.413000072380535 2.2485358454986395
-4.575814355071172 1.8953643647719773
-4.710417220650116 1.5305073324638871
-4.815978797691077 1.1562142135058238
-4.891848263968813 0.7747926494412555
-4.937557858994562 0.38859423104818136
-4.952825767915008 6.065462223411646e-16
-4.937557858994563 -0.3885942310481779
-4.8918482639688134 -0.7747926494412543
-4.815978797691078 -1.1562142135058224
-4.710417220650117 -1.530507332463884
-4.575814355071173 -1.8953643647719762
-4.413000072380536 -2.2485358454986386
-4.2229781767722345 -2.58784435502376
-4.006920216421391 -2.9111979435545843
-3.7661582605001285 -3.216603028691843
-3.5021766865281725 -3.502176686528171
-3.216603028691847 -3.7661582605001245
-2.9111979435545856 -4.00692021642139
-2.5878443550237575 -4.222978176772236
-2.2485358454986395 -4.413000072380535
-1.8953643647719753 -4.575814355071173
-1.5305073324638874 -4.710417220650116
-1.156214213505826 -4.815978797691077
-0.7747926494412557 -4.891848263968813
-0.38859423104818386 -4.937557858994562
-9.098193335117468e-16 -4.952825767915008
0.388594231048182 -4.937557858994562
0.7747926494412539 -4.8918482639688134
1.1562142135058244 -4.815978797691077
1.5305073324638856 -4.7104172206501165
1.8953643647719738 -4.575814355071174
2.248535845498638 -4.413000072380536
2.587844355023756 -4.222978176772236
2.911197943554584 -4.006920216421391
3.216603028691846 -3.766158260500126
3.5021766865281707 -3.5021766865281725
3.7661582605001267 -3.216603028691844
4.00692021642139 -2.911197943554586
4.222978176772234 -2.587844355023762
4.413000072380535 -2.24853584549864
4.575814355071171 -1.8953643647719798
4.710417220650116 -1.5305073324638876
4.815978797691078 -1.156214213505822
4.891848263968813 -0.774792649441256
4.937557858994562 -0.3885942310481798
6.934354142178597 0.0
6.912977842581959 0.5440631554519686
6.848980735787398 1.0847719806312177
6.742757385239501 1.6187928258265873
6.594962693217244 2.1428332749474968
6.406507863143667 2.653662444363983
6.178554781713763 3.1481309023786572
5.912508855476639 3.623190086520411
5.610010346036796 4.075911098945802
5.27292425729589 4.503502764068214
4.903328837083511 4.90332883708351
4.503502764068215 5.272924257295889
4.075911098945802 5.610010346036796
3.623190086520412 5.912508855476639
3.1481309023786577 6.178554781713762
2.6536624443639836 6.406507863143667
2.142833274947497 6.594962693217244
1.6187928258265878 6.742757385239501
1.0847719806312182 6.848980735787398
0.544063155451969 6.912977842581959
4.246067302186604e-16 6.934354142178597
-0.5440631554519682 6.912977842581959
-1.084771980631216 6.848980735787398
-1.618792825826587 6.742757385239502
-2.1428332749474963 6.594962693217245
-2.6536624443639827 6.406507863143667
-3.148130902378657 6.178554781713763
-3.623190086520411 5.91250885547664
-4.075911098945802 5.610010346036796
-4.503502764068214 5.272924257295891
-4.90332883708351 4.903328837083511
-5.27292425729589 4.503502764068215
-5.610010346036795 4.075911098945803
-5.912508855476639 3.623190086520412
-6.178554781713762 3.148130902378658
-6.406507863143667 2.653662444363984
-6.594962693217244 2.142833274947497
-6.742757385239501 1.6187928258265882
-6.848980735787397 1.0847719806312186
-6.912977842581959 0.5440631554519695
-6.934354142178597 8.492134604373208e-16
-6.9129778425819595 -0.5440631554519647
-6.848980735787398 -1.0847719806312168
-6.742757385239502 -1.6187928258265865
-6.594962693217245 -2.142833274947493
-6.406507863143667 -2.6536624443639822
-6.178554781713763 -3.148130902378657
-5.912508855476638 -3.6231900865204136
-5.6100103460367965 -4.075911098945802
-5.272924257295893 -4.5035027640682115
-4.903328837083512 -4.90332883708351
-4.503502764068218 -5.272924257295887
-4.075911098945803 -5.610010346036795
-3.6231900865204096 -5.9125088554766405
-3.148130902378658 -6.178554781713762
-2.6536624443639814 -6.406507863143667
-2.1428332749474976 -6.594962693217244
-1.6187928258265916 -6.7427573852395
-1.084771980631219 -6.848980735787397
-0.5440631554519729 -6.912977842581959
-1.2738201906559813e-15 -6.934354142178597
0.5440631554519705 -6.912977842581959
1.0847719806312164 -6.848980735787398
1.6187928258265891 -6.742757385239501
2.1428332749474954 -6.594962693217245
2.653662444363979 -6.406507863143668
3.1481309023786563 -6.178554781713763
3.6231900865204083 -5.912508855476641
4.075911098945801 -5.6100103460367965
4.503502764068216 -5.272924257295889
4.903328837083509 -4.903328837083512
5.272924257295891 -4.503502764068213
5.610010346036795 -4.075911098945804
5.912508855476636 -3.623190086520416
6.178554781713762 -3.1481309023786586
6.406507863143665 -2.6536624443639876
6.594962693217244 -2.142833274947498
6.742757385239502 -1.6187928258265858
6.848980735787397 -1.0847719806312193
6.912977842581959 -0.5440631554519673
5.281628775669407 0.0
5.265347276808511 0.41439181770918654
5.216603161080446 0.8262287720629333
5.13569695216774 1.232971751287965
5.023127463752384 1.6321130496615937
4.879588724163612 2.0211918283513954
4.705965697462464 2.397809287304925
4.503328827344066 2.7596434546497193
4.272927437496297 3.1044635024220284
4.016182029103805 3.430143500363034
3.7346755229858406 3.73467552298584
3.4301435003630347 4.016182029103804
3.1044635024220284 4.272927437496297
2.7596434546497197 4.503328827344066
2.397809287304925 4.705965697462463
2.021191828351396 4.879588724163612
1.6321130496615939 5.023127463752384
1.2329717512879654 5.13569695216774
0.8262287720629335 5.216603161080446
0.4143918177091868 5.265347276808511
3.234064887204047e-16 5.281628775669407
-0.41439181770918615 5.265347276808511
-0.8262287720629318 5.216603161080446
-1.2329717512879645 5.1356969521677405
-1.6321130496615932 5.023127463752384
-2.0211918283513954 4.879588724163612
-2.3978092873049244 4.705965697462464
-2.7596434546497193 4.503328827344067
-3.104463502422028 4.272927437496297
-3.4301435003630334 4.016182029103805
-3.73467552298584 3.7346755229858406
-4.016182029103805 3.4301435003630347
-4.272927437496297 3.1044635024220293
-4.503328827344066 2.7596434546497197
-4.705965697462463 2.3978092873049253
-4.879588724163612 2.0211918283513963
-5.023127463752384 1.632113049661594
-5.13569695216774 1.2329717512879657
-5.216603161080446 0.8262287720629339
-5.265347276808511 0.4143918177091872
-5.281628775669407 6.468129774408094e-16
-5.2653472768085114 -0.41439181770918354
-5.216603161080446 -0.8262287720629325
-5.1356969521677405 -1.2329717512879643
-5.023127463752385 -1.632113049661591
-4.879588724163613 -2.021191828351395
-4.705965697462464 -2.3978092873049244
-4.503328827344066 -2.759643454649721
-4.272927437496298 -3.104463502422028
-4.016182029103807 -3.4301435003630316
-3.7346755229858415 -3.73467552298584
-3.4301435003630365 -4.0161820291038035
-3.1044635024220293 -4.272927437496297
-2.759643454649718 -4.503328827344068
-2.3978092873049257 -4.705965697462463
-2.021191828351394 -4.879588724163613
-1.6321130496615945 -5.023127463752384
-1.232971751287968 -5.135696952167739
-0.8262287720629341 -5.216603161080446
-0.4143918177091898 -5.265347276808511
-9.70219466161214e-16 -5.281628775669407
0.4143918177091879 -5.265347276808511
0.8262287720629322 -5.216603161080446
1.2329717512879663 -5.13569695216774
1.6321130496615928 -5.023127463752384
2.0211918283513923 -4.879588724163613
2.397809287304924 -4.705965697462464
2.759643454649717 -4.503328827344068
3.1044635024220275 -4.272927437496298
3.430143500363035 -4.016182029103804
3.7346755229858397 -3.7346755229858415
4.016182029103805 -3.430143500363033
4.272927437496297 -3.1044635024220297
4.503328827344064 -2.759643454649723
4.705965697462463 -2.3978092873049257
4.879588724163611 -2.021191828351399
5.023127463752384 -1.6321130496615948
5.1356969521677405 -1.2329717512879639
5.216603161080446 -0.8262287720629344
5.265347276808511 -0.4143918177091855
6.585381074362695 0.0
6.565080542270259 0.516683044117761
6.504304105523915 1.0301805654539888
6.403426471066419 1.5373266810343924
6.26306958305942 2.0349946664132217
6.0840987883908815 2.5201162329692184
5.867617501523765 2.989700444925273
5.614960401578936 3.440852159462081
5.327685203594569 3.8707898762363544
5.007563054694934 4.27686288625538
4.656567614379413 4.656567614379413
4.276862886255381 5.007563054694933
3.8707898762363544 5.327685203594569
3.4408521594620813 5.614960401578936
2.9897004449252735 5.867617501523764
2.520116232969219 6.0840987883908815
2.034994666413222 6.26306958305942
1.5373266810343929 6.403426471066419
1.0301805654539893 6.504304105523915
0.5166830441177614 6.565080542270259
4.032382926941916e-16 6.585381074362695
-0.5166830441177606 6.565080542270259
-1.030180565453987 6.504304105523915
-1.537326681034392 6.40342647106642
-2.0349946664132217 6.26306958305942
-2.520116232969218 6.0840987883908815
-2.9897004449252726 5.867617501523765
-3.440852159462081 5.614960401578937
-3.8707898762363535 5.327685203594569
-4.27686288625538 5.007563054694935
-4.656567614379413 4.656567614379413
-5.007563054694934 4.276862886255381
-5.3276852035945685 3.870789876236355
-5.614960401578936 3.4408521594620813
-5.867617501523764 2.9897004449252735
-6.0840987883908815 2.5201162329692193
-6.26306958305942 2.0349946664132226
-6.403426471066419 1.5373266810343933
-6.504304105523914 1.0301805654539897
-6.565080542270259 0.5166830441177619
-6.585381074362695 8.064765853883832e-16
-6.56508054227026 -0.5166830441177573
-6.504304105523915 -1.030180565453988
-6.40342647106642 -1.5373266810343917
-6.263069583059421 -2.0349946664132186
-6.084098788390882 -2.520116232969218
-5.867617501523765 -2.9897004449252726
-5.614960401578935 -3.440852159462083
-5.32768520359457 -3.8707898762363535
-5.007563054694937 -4.276862886255377
-4.656567614379414 -4.656567614379413
-4.276862886255383 -5.0075630546949315
-3.870789876236355 -5.3276852035945685
-3.4408521594620796 -5.614960401578937
-2.989700444925274 -5.867617501523764
-2.5201162329692166 -6.084098788390882
-2.034994666413223 -6.26306958305942
-1.5373266810343964 -6.403426471066418
-1.03018056545399 -6.504304105523914
-0.5166830441177651 -6.565080542270259
-1.2097148780825748e-15 -6.585381074362695
0.5166830441177628 -6.565080542270259
1.0301805654539877 -6.504304105523915
1.5373266810343942 -6.403426471066419
2.034994666413221 -6.26306958305942
2.5201162329692144 -6.084098788390883
2.989700444925272 -5.867617501523765
3.440852159462078 -5.614960401578938
3.8707898762363526 -5.32768520359457
4.2768628862553815 -5.007563054694933
4.656567614379412 -4.656567614379414
5.007563054694935 -4.276862886255379
5.3276852035945685 -3.8707898762363557
5.614960401578934 -3.4408521594620853
5.867617501523764 -2.9897004449252744
6.08409878839088 -2.5201162329692224
6.26306958305942 -2.0349946664132235
6.40342647106642 -1.537326681034391
6.504304105523914 -1.0301805654539904
6.565080542270259 -0.5166830441177598
1.0 0.5 0.4 0.32000000000000006 0.25600000000000006 0.20480000000000007 0.16384000000000007 0.13107200000000005 0.10485760000000005 0.08388608000000004 