0.0 0.0
2.5827113207512773 0.0
2.577181537561021 0.16891740227524926
2.560615867370821 0.3371114743012845
2.533085246923639 0.5038619832400666
2.4947075665628087 0.6684548778123157
2.4456471654074825 0.8301853459747128
2.386114127627298 0.9883608330332732
2.3163633828297083 1.1423040072688693
2.2366936144122658 1.2913556603756384
2.1474459805544592 1.4348775302921517
2.0490026533260135 1.5722550343375479
1.9417851821674157 1.7028999009489263
1.8262526887504926 1.8262526887504924
1.7028999009489263 1.9417851821674157
1.5722550343375479 2.0490026533260135
1.4348775302921521 2.147445980554459
1.2913556603756389 2.2366936144122658
1.1423040072688693 2.3163633828297083
0.9883608330332733 2.386114127627298
0.8301853459747132 2.445647165407482
0.6684548778123157 2.4947075665628087
0.5038619832400668 2.533085246923639
0.33711147430128485 2.560615867370821
0.1689174022752498 2.577181537561021
1.5814545760398424e-16 2.5827113207512773
-0.16891740227524948 2.577181537561021
-0.3371114743012846 2.560615867370821
-0.5038619832400665 2.533085246923639
-0.6684548778123155 2.4947075665628087
-0.8301853459747128 2.4456471654074825
-0.9883608330332724 2.386114127627298
-1.142304007268869 2.3163633828297083
-1.291355660375638 2.2366936144122658
-1.434877530292152 2.147445980554459
-1.5722550343375479 2.0490026533260135
-1.7028999009489263 1.9417851821674157
-1.8262526887504924 1.8262526887504926
-1.9417851821674155 1.7028999009489265
-2.049002653326013 1.5722550343375485
-2.1474459805544583 1.4348775302921526
-2.2366936144122658 1.2913556603756384
-2.316363382829708 1.1423040072688704
-2.386114127627298 0.9883608330332734
-2.445647165407482 0.8301853459747133
-2.4947075665628082 0.6684548778123165
-2.533085246923639 0.5038619832400664
-2.560615867370821 0.3371114743012856
-2.577181537561021 0.1689174022752494
-2.5827113207512773 3.162909152079685e-16
-2.577181537561021 -0.16891740227524876
-2.560615867370821 -0.337111474301285
-2.5330852469236396 -0.5038619832400657
-2.4947075665628087 -0.6684548778123159
-2.4456471654074825 -0.8301853459747127
-2.386114127627298 -0.9883608330332728
-2.3163633828297083 -1.1423040072688697
-2.236693614412266 -1.291355660375638
-2.1474459805544597 -1.434877530292151
-2.0490026533260135 -1.5722550343375479
-1.941785182167416 -1.7028999009489263
-1.8262526887504935 -1.8262526887504915
-1.702899900948927 -1.9417851821674155
-1.5722550343375485 -2.049002653326013
-1.4348775302921517 -2.1474459805544592
-1.2913556603756398 -2.236693614412265
-1.1423040072688695 -2.3163633828297083
-0.9883608330332724 -2.386114127627298
-0.8301853459747134 -2.445647165407482
-0.6684548778123155 -2.4947075665628087
-0.5038619832400677 -2.5330852469236387
-0.33711147430128463 -2.560615867370821
-0.1689174022752484 -2.577181537561021
-4.744363728119527e-16 -2.5827113207512773
0.16891740227524746 -2.5771815375610214
0.3371114743012837 -2.5606158673708213
0.5038619832400667 -2.533085246923639
0.6684548778123146 -2.4947075665628087
0.8301853459747125 -2.4456471654074825
0.9883608330332716 -2.3861141276272986
1.1423040072688686 -2.3163633828297088
1.2913556603756389 -2.2366936144122658
1.4348775302921508 -2.1474459805544597
1.5722550343375459 -2.049002653326015
1.702899900948927 -1.9417851821674152
1.8262526887504922 -1.826252688750493
1.941785182167416 -1.702899900948926
2.049002653326013 -1.5722550343375485
2.147445980554458 -1.4348775302921537
2.236693614412265 -1.2913556603756398
2.3163633828297083 -1.1423040072688697
2.386114127627298 -0.9883608330332726
2.445647165407482 -0.8301853459747135
2.494707566562808 -0.6684548778123179
2.5330852469236387 -0.5038619832400678
2.560615867370821 -0.3371114743012848
2.577181537561021 -0.16891740227524857
3.8679459153567937 0.0
3.859664346243085 0.2529757665572844
3.8348551018523125 0.5048682520446242
3.7936244191777426 0.7545988141679248
3.7361488543324377 1.0010980683208408
3.662674526508874 1.2433104668538357
3.5735160640587758 1.480198819091267
3.4690552572062114 1.7107487327410922
3.349739423163238 1.9339729576783966
3.2160794906489265 2.1489156135019924
3.0686478120141514 2.354656282761046
2.9080757123409486 2.550313952323907
2.735050786011597 2.7350507860115965
2.550313952323907 2.9080757123409486
2.354656282761046 3.0686478120141514
2.1489156135019933 3.216079490648926
1.9339729576783973 3.3497394231632374
1.7107487327410922 3.4690552572062114
1.480198819091267 3.5735160640587758
1.2433104668538362 3.6626745265088734
1.0010980683208408 3.7361488543324377
0.7545988141679252 3.7936244191777426
0.5048682520446247 3.8348551018523125
0.25297576655728515 3.859664346243085
2.3684337922583883e-16 3.8679459153567937
-0.2529757665572847 3.859664346243085
-0.5048682520446243 3.8348551018523125
-0.7545988141679246 3.7936244191777426
-1.0010980683208404 3.7361488543324377
-1.2433104668538357 3.662674526508874
-1.4801988190912658 3.573516064058776
-1.7107487327410917 3.4690552572062114
-1.933972957678396 3.349739423163238
-2.148915613501993 3.216079490648926
-2.354656282761046 3.0686478120141514
-2.550313952323907 2.9080757123409486
-2.7350507860115965 2.735050786011597
-2.908075712340948 2.5503139523239073
-3.068647812014151 2.3546562827610464
-3.2160794906489256 2.148915613501994
-3.349739423163238 1.9339729576783966
-3.4690552572062106 1.7107487327410937
-3.5735160640587758 1.4801988190912672
-3.6626745265088734 1.2433104668538364
-3.7361488543324373 1.001098068320842
-3.7936244191777426 0.7545988141679245
-3.8348551018523125 0.5048682520446258
-3.859664346243085 0.2529757665572846
-3.8679459153567937 4.736867584516777e-16
-3.859664346243085 -0.2529757665572836
-3.8348551018523125 -0.5048682520446249
-3.793624419177743 -0.7545988141679235
-3.7361488543324377 -1.001098068320841
-3.662674526508874 -1.2433104668538355
-3.573516064058776 -1.4801988190912665
-3.469055257206211 -1.710748732741093
-3.3497394231632382 -1.9339729576783957
-3.2160794906489274 -2.1489156135019916
-3.0686478120141514 -2.354656282761046
-2.908075712340949 -2.550313952323907
-2.7350507860115982 -2.735050786011595
-2.550313952323908 -2.908075712340948
-2.3546562827610464 -3.0686478120141505
-2.1489156135019924 -3.2160794906489265
-1.9339729576783986 -3.3497394231632365
-1.7107487327410926 -3.469055257206211
-1.4801988190912658 -3.573516064058776
-1.2433104668538366 -3.6626745265088734
-1.0010980683208404 -3.7361488543324377
-0.7545988141679264 -3.793624419177742
-0.5048682520446244 -3.8348551018523125
-0.2529757665572831 -3.859664346243085
-7.105301376775164e-16 -3.8679459153567937
0.2529757665572817 -3.859664346243085
0.504868252044623 -3.834855101852313
0.7545988141679251 -3.7936244191777426
1.001098068320839 -3.736148854332438
1.2433104668538353 -3.662674526508874
1.4801988190912645 -3.5735160640587766
1.7107487327410913 -3.469055257206212
1.9339729576783973 -3.3497394231632374
2.148915613501991 -3.2160794906489274
2.354656282761043 -3.0686478120141536
2.550313952323908 -2.9080757123409477
2.735050786011596 -2.7350507860115973
2.908075712340949 -2.5503139523239065
3.0686478120141505 -2.3546562827610464
3.216079490648925 -2.148915613501995
3.3497394231632365 -1.9339729576783986
3.469055257206211 -1.7107487327410928
3.573516064058776 -1.480198819091266
3.6626745265088734 -1.2433104668538368
3.736148854332437 -1.0010980683208441
3.793624419177742 -0.7545988141679266
3.8348551018523125 -0.5048682520446246
3.859664346243085 -0.2529757665572834
4.762527036125371 0.0
4.7523301001627996 0.31148417120575783
4.721782957120342 0.6216345193704926
4.671016414554187 0.9291229330882154
4.600247862593426 1.2326326997649066
4.509780343042139 1.53086414398399
4.400001251707871 1.8225401929159948
4.27138067951331 2.1064118449404723
4.12446939949478 2.381263518062685
3.9598965083075517 2.6459182552223277
3.778366732337379 2.8992427642043475
3.5806574099539232 3.1401522705701974
3.3676151628285194 3.367615162828519
3.1401522705701974 3.5806574099539232
2.8992427642043475 3.778366732337379
2.6459182552223286 3.9598965083075512
2.3812635180626858 4.12446939949478
2.1064118449404723 4.27138067951331
1.822540192915995 4.400001251707871
1.5308641439839905 4.509780343042139
1.2326326997649066 4.600247862593426
0.9291229330882158 4.671016414554187
0.6216345193704933 4.721782957120342
0.31148417120575883 4.7523301001627996
2.916206745321833e-16 4.762527036125371
-0.3114841712057582 4.7523301001627996
-0.6216345193704927 4.721782957120342
-0.9291229330882151 4.671016414554187
-1.2326326997649062 4.600247862593426
-1.53086414398399 4.509780343042139
-1.8225401929159935 4.400001251707872
-2.106411844940472 4.27138067951331
-2.3812635180626844 4.12446939949478
-2.645918255222328 3.9598965083075512
-2.8992427642043475 3.778366732337379
-3.1401522705701974 3.5806574099539232
-3.367615162828519 3.3676151628285194
-3.580657409953923 3.140152270570198
-3.7783667323373784 2.899242764204349
-3.959896508307551 2.645918255222329
-4.12446939949478 2.381263518062685
-4.2713806795133085 2.1064118449404745
-4.400001251707871 1.8225401929159952
-4.509780343042139 1.530864143983991
-4.6002478625934256 1.232632699764908
-4.671016414554187 0.929122933088215
-4.721782957120342 0.6216345193704946
-4.7523301001627996 0.3114841712057581
-4.762527036125371 5.832413490643666e-16
-4.7523301001627996 -0.3114841712057569
-4.721782957120342 -0.6216345193704935
-4.671016414554188 -0.9291229330882138
-4.600247862593426 -1.232632699764907
-4.509780343042139 -1.5308641439839898
-4.400001251707872 -1.8225401929159943
-4.271380679513309 -2.106411844940473
-4.124469399494781 -2.381263518062684
-3.959896508307553 -2.6459182552223264
-3.778366732337379 -2.8992427642043475
-3.580657409953924 -3.1401522705701974
-3.367615162828521 -3.367615162828517
-3.1401522705701987 -3.580657409953923
-2.899242764204349 -3.778366732337378
-2.6459182552223277 -3.9598965083075517
-2.3812635180626875 -4.124469399494779
-2.1064118449404727 -4.271380679513309
-1.8225401929159935 -4.400001251707872
-1.5308641439839912 -4.509780343042139
-1.2326326997649062 -4.600247862593426
-0.9291229330882174 -4.671016414554187
-0.6216345193704929 -4.721782957120342
-0.3114841712057562 -4.7523301001627996
-8.748620235965499e-16 -4.762527036125371
0.3114841712057545 -4.7523301001628
0.6216345193704912 -4.721782957120342
0.9291229330882157 -4.671016414554187
1.2326326997649046 -4.600247862593426
1.5308641439839896 -4.509780343042139
1.822540192915992 -4.400001251707873
2.106411844940471 -4.27138067951331
2.3812635180626858 -4.12446939949478
2.645918255222326 -3.959896508307553
2.899242764204344 -3.7783667323373815
3.1401522705701987 -3.5806574099539223
3.3676151628285185 -3.36761516282852
3.580657409953924 -3.140152270570197
3.778366732337378 -2.899242764204349
3.9598965083075495 -2.6459182552223313
4.124469399494779 -2.3812635180626875
4.271380679513309 -2.106411844940473
4.400001251707872 -1.8225401929159937
4.509780343042139 -1.5308641439839914
4.600247862593425 -1.2326326997649106
4.671016414554187 -0.9291229330882177
4.721782957120342 -0.6216345193704932
4.7523301001627996 -0.31148417120575655
5.450136473640132 0.0
5.438467313089982 0.35645598010740176
5.403509800576488 0.711385560983866
5.3454136295350105 1.063268879674299
5.264427576689034 1.4105991177859587
5.160898436750049 1.7518889539161426
5.035269537389358 2.0856769325907725
4.888078840840924 2.4105337224411003
4.719956640264492 2.7250682368200656
4.531622860733521 3.027933590648881
4.323883976405492 3.3178328679857163
4.0976295570757495 3.593524675618868
3.8538284589030747 3.8538284589030742
3.593524675618868 4.0976295570757495
3.3178328679857163 4.323883976405492
3.0279335906488822 4.531622860733521
2.7250682368200665 4.719956640264492
2.4105337224411003 4.888078840840924
2.085676932590773 5.035269537389358
1.7518889539161433 5.160898436750048
1.4105991177859587 5.264427576689034
1.0632688796742995 5.3454136295350105
0.7113855609838667 5.403509800576488
0.35645598010740287 5.438467313089982
3.3372460936798154e-16 5.450136473640132
-0.3564559801074022 5.438467313089982
-0.7113855609838661 5.403509800576488
-1.0632688796742988 5.3454136295350105
-1.410599117785958 5.264427576689034
-1.7518889539161426 5.160898436750049
-2.0856769325907707 5.035269537389358
-2.4105337224410994 4.888078840840924
-2.7250682368200647 4.719956640264492
-3.027933590648882 4.531622860733521
-3.3178328679857163 4.323883976405492
-3.593524675618868 4.0976295570757495
-3.8538284589030742 3.8538284589030747
-4.097629557075749 3.5935246756188683
-4.323883976405492 3.3178328679857176
-4.5316228607335205 3.027933590648883
-4.719956640264492 2.7250682368200656
-4.888078840840922 2.4105337224411025
-5.035269537389358 2.085676932590773
-5.160898436750048 1.7518889539161435
-5.264427576689033 1.4105991177859603
-5.3454136295350105 1.0632688796742986
-5.403509800576488 0.7113855609838682
-5.438467313089982 0.35645598010740204
-5.450136473640132 6.674492187359631e-16
-5.438467313089982 -0.3564559801074007
-5.403509800576488 -0.711385560983867
-5.345413629535011 -1.0632688796742973
-5.264427576689034 -1.410599117785959
-5.160898436750049 -1.7518889539161424
-5.035269537389358 -2.085676932590772
-4.888078840840923 -2.4105337224411016
-4.719956640264493 -2.7250682368200647
-4.531622860733523 -3.02793359064888
-4.323883976405492 -3.3178328679857163
-4.09762955707575 -3.593524675618868
-3.853828458903077 -3.8538284589030725
-3.593524675618869 -4.097629557075749
-3.3178328679857176 -4.323883976405491
-3.027933590648881 -4.531622860733521
-2.7250682368200683 -4.71995664026449
-2.4105337224411008 -4.888078840840923
-2.0856769325907707 -5.035269537389358
-1.751888953916144 -5.160898436750048
-1.410599117785958 -5.264427576689034
-1.0632688796743013 -5.34541362953501
-0.7113855609838662 -5.403509800576488
-0.35645598010739993 -5.438467313089982
-1.0011738281039446e-15 -5.450136473640132
0.356455980107398 -5.4384673130899825
0.7113855609838643 -5.403509800576489
1.0632688796742993 -5.3454136295350105
1.4105991177859563 -5.264427576689034
1.7518889539161422 -5.160898436750049
2.085676932590769 -5.035269537389359
2.410533722441099 -4.888078840840924
2.7250682368200665 -4.719956640264492
3.027933590648879 -4.531622860733523
3.3178328679857123 -4.3238839764054955
3.593524675618869 -4.097629557075749
3.853828458903074 -3.8538284589030756
4.09762955707575 -3.593524675618867
4.323883976405491 -3.3178328679857176
4.53162286073352 -3.0279335906488853
4.71995664026449 -2.7250682368200683
4.888078840840923 -2.410533722441101
5.035269537389358 -2.085676932590771
5.160898436750048 -1.7518889539161442
5.264427576689032 -1.4105991177859631
5.34541362953501 -1.0632688796743015
5.403509800576488 -0.7113855609838665
5.438467313089982 -0.3564559801074003
6.006645784658982 0.0
5.993785094955508 0.3928534304937455
5.955258097292807 0.7840246022861608
5.891229770189642 1.1718384603659402
5.801974292772476 1.5546343262545192
5.68787387069836 1.9307730092862727
5.549417099491632 2.2986438258745974
5.387196872302868 2.656671496706306
5.201907841049391 3.0033228923294906
4.9943434418091215 3.3371135982492017
4.765392497205471 3.65661427141821
4.51603541033242 3.960456760903369
4.247339966517957 4.2473399665179565
3.960456760903369 4.51603541033242
3.65661427141821 4.765392497205471
3.337113598249203 4.994343441809121
3.003322892329492 5.201907841049391
2.656671496706306 5.387196872302868
2.2986438258745974 5.549417099491632
1.9307730092862734 5.68787387069836
1.5546343262545192 5.801974292772476
1.1718384603659406 5.891229770189642
0.7840246022861617 5.955258097292807
0.3928534304937467 5.993785094955508
3.6780097668972823e-16 6.006645784658982
-0.392853430493746 5.993785094955508
-0.784024602286161 5.955258097292807
-1.1718384603659397 5.891229770189642
-1.5546343262545186 5.801974292772476
-1.9307730092862727 5.68787387069836
-2.2986438258745956 5.549417099491632
-2.6566714967063056 5.387196872302868
-3.0033228923294897 5.201907841049391
-3.3371135982492026 4.994343441809121
-3.65661427141821 4.765392497205471
-3.960456760903369 4.51603541033242
-4.2473399665179565 4.247339966517957
-4.516035410332419 3.96045676090337
-4.76539249720547 3.6566142714182113
-4.99434344180912 3.337113598249204
-5.201907841049391 3.0033228923294906
-5.387196872302866 2.6566714967063088
-5.549417099491632 2.298643825874598
-5.68787387069836 1.9307730092862736
-5.801974292772476 1.5546343262545208
-5.891229770189642 1.1718384603659395
-5.955258097292807 0.7840246022861633
-5.993785094955508 0.3928534304937458
-6.006645784658982 7.356019533794565e-16
-5.993785094955508 -0.3928534304937443
-5.955258097292807 -0.784024602286162
-5.891229770189643 -1.1718384603659382
-5.801974292772476 -1.5546343262545195
-5.68787387069836 -1.9307730092862723
-5.549417099491632 -2.2986438258745965
-5.387196872302867 -2.6566714967063074
-5.201907841049392 -3.0033228923294892
-4.994343441809122 -3.3371135982492004
-4.765392497205471 -3.65661427141821
-4.516035410332421 -3.960456760903369
-4.247339966517959 -4.247339966517955
-3.9604567609033703 -4.516035410332419
-3.6566142714182113 -4.765392497205469
-3.3371135982492017 -4.9943434418091215
-3.0033228923294937 -5.2019078410493895
-2.656671496706307 -5.387196872302867
-2.2986438258745956 -5.549417099491632
-1.930773009286274 -5.68787387069836
-1.5546343262545186 -5.801974292772476
-1.1718384603659426 -5.891229770189641
-0.7840246022861611 -5.955258097292807
-0.3928534304937435 -5.993785094955508
-1.1034029300691845e-15 -6.006645784658982
0.39285343049374133 -5.993785094955509
0.784024602286159 -5.955258097292807
1.1718384603659404 -5.891229770189642
1.5546343262545166 -5.801974292772477
1.930773009286272 -5.68787387069836
2.2986438258745934 -5.549417099491633
2.6566714967063048 -5.387196872302868
3.003322892329492 -5.201907841049391
3.3371135982492 -4.994343441809122
3.6566142714182055 -4.7653924972054735
3.9604567609033703 -4.516035410332419
4.247339966517956 -4.247339966517957
4.516035410332421 -3.9604567609033685
4.765392497205469 -3.6566142714182113
4.994343441809119 -3.3371135982492066
5.2019078410493895 -3.0033228923294937
5.387196872302867 -2.656671496706307
5.549417099491632 -2.298643825874596
5.68787387069836 -1.9307730092862743
5.801974292772475 -1.5546343262545241
5.891229770189641 -1.171838460365943
5.955258097292807 -0.7840246022861614
5.993785094955508 -0.3928534304937439
7.202028374710159 0.0
7.186608279122149 0.4710351925103257
7.140414023574762 0.9400533400116838
7.063643418962125 1.4050460347914977
6.956625208799227 1.8640221067437428
6.819817661491717 2.3150161498650315
6.653806607960244 2.756096938424853
6.459302933022513 3.1853756967706386
6.237139531275351 3.601014187355079
5.988267740512186 4.00123258235151
5.71375326794856 4.3843170851499105
5.414771626700219 4.748627269097094
5.092603102055484 5.092603102055483
4.748627269097094 5.414771626700219
4.3843170851499105 5.71375326794856
4.001232582351512 5.988267740512185
3.6010141873550805 6.23713953127535
3.1853756967706386 6.459302933022513
2.7560969384248533 6.653806607960244
2.3150161498650323 6.819817661491716
1.8640221067437428 6.956625208799227
1.4050460347914984 7.063643418962125
0.9400533400116848 7.140414023574762
0.4710351925103272 7.186608279122149
4.4099704982286055e-16 7.202028374710159
-0.47103519251032633 7.186608279122149
-0.9400533400116841 7.140414023574762
-1.4050460347914973 7.063643418962125
-1.8640221067437421 6.956625208799227
-2.3150161498650315 6.819817661491717
-2.7560969384248506 6.653806607960245
-3.1853756967706377 6.459302933022513
-3.601014187355078 6.237139531275351
-4.001232582351511 5.988267740512185
-4.3843170851499105 5.71375326794856
-4.748627269097094 5.414771626700219
-5.092603102055483 5.092603102055484
-5.414771626700218 4.748627269097095
-5.71375326794856 4.384317085149912
-5.9882677405121845 4.001232582351513
-6.237139531275351 3.601014187355079
-6.459302933022511 3.1853756967706417
-6.653806607960244 2.7560969384248537
-6.819817661491716 2.315016149865033
-6.956625208799226 1.8640221067437448
-7.063643418962125 1.405046034791497
-7.140414023574762 0.9400533400116868
-7.186608279122149 0.47103519251032616
-7.202028374710159 8.819940996457211e-16
-7.186608279122149 -0.47103519251032433
-7.140414023574762 -0.9400533400116853
-7.063643418962126 -1.4050460347914953
-6.956625208799227 -1.8640221067437432
-6.819817661491717 -2.315016149865031
-6.653806607960245 -2.756096938424852
-6.459302933022512 -3.1853756967706404
-6.237139531275352 -3.6010141873550774
-5.988267740512188 -4.001232582351508
-5.71375326794856 -4.3843170851499105
-5.41477162670022 -4.748627269097094
-5.092603102055485 -5.09260310205548
-4.748627269097096 -5.414771626700218
-4.384317085149912 -5.713753267948559
-4.00123258235151 -5.988267740512186
-3.6010141873550827 -6.237139531275348
-3.1853756967706395 -6.459302933022512
-2.7560969384248506 -6.653806607960245
-2.3150161498650332 -6.819817661491716
-1.8640221067437421 -6.956625208799227
-1.4050460347915008 -7.063643418962124
-0.9400533400116843 -7.140414023574762
-0.47103519251032333 -7.186608279122149
-1.3229911494685815e-15 -7.202028374710159
0.4710351925103207 -7.18660827912215
0.9400533400116816 -7.140414023574763
1.4050460347914981 -7.063643418962125
1.8640221067437397 -6.956625208799227
2.3150161498650306 -6.819817661491717
2.7560969384248484 -6.653806607960246
3.1853756967706373 -6.459302933022513
3.6010141873550805 -6.23713953127535
4.001232582351507 -5.988267740512188
4.384317085149905 -5.713753267948564
4.748627269097096 -5.414771626700217
5.092603102055482 -5.0926031020554845
5.41477162670022 -4.748627269097093
5.713753267948559 -4.384317085149912
5.988267740512183 -4.001232582351515
6.237139531275348 -3.6010141873550827
6.459302933022512 -3.18537569677064
6.653806607960245 -2.756096938424851
6.819817661491716 -2.3150161498650337
6.956625208799225 -1.8640221067437488
7.063643418962124 -1.405046034791501
7.140414023574762 -0.9400533400116846
7.186608279122149 -0.47103519251032383
6.438085220765531 0.0
6.42430078611146 0.42107091968840216
6.38300650921466 0.840338749054715
6.3143792185084155 1.2560081188864236
6.218712786587385 1.6662990691271862
6.096416871800031 2.0694546709390593
5.948015164028683 2.4637485501415104
5.774143142169065 2.8474922798106963
5.575545352912097 3.219042610382765
5.353072222480662 3.5768085063007633
5.107676414973969 3.9192579590731498
4.840408752913607 4.244924547569356
4.552413717460198 4.5524137174601975
4.244924547569356 4.840408752913607
3.9192579590731498 5.107676414973969
3.5768085063007646 5.3530722224806615
3.2190426103827665 5.575545352912096
2.8474922798106963 5.774143142169065
2.463748550141511 5.948015164028683
2.06945467093906 6.09641687180003
1.6662990691271862 6.218712786587385
1.256008118886424 6.3143792185084155
0.8403387490547158 6.38300650921466
0.4210709196884035 6.42430078611146
3.9421902291241944e-16 6.438085220765531
-0.4210709196884027 6.42430078611146
-0.8403387490547151 6.38300650921466
-1.2560081188864232 6.3143792185084155
-1.6662990691271855 6.218712786587385
-2.0694546709390593 6.096416871800031
-2.4637485501415086 5.948015164028684
-2.8474922798106954 5.774143142169065
-3.2190426103827643 5.575545352912097
-3.5768085063007637 5.3530722224806615
-3.9192579590731498 5.107676414973969
-4.244924547569356 4.840408752913607
-4.5524137174601975 4.552413717460198
-4.840408752913606 4.244924547569356
-5.107676414973968 3.919257959073151
-5.3530722224806615 3.576808506300765
-5.575545352912097 3.219042610382765
-5.774143142169064 2.847492279810699
-5.948015164028683 2.463748550141511
-6.09641687180003 2.0694546709390607
-6.218712786587384 1.666299069127188
-6.3143792185084155 1.2560081188864232
-6.38300650921466 0.8403387490547176
-6.42430078611146 0.42107091968840255
-6.438085220765531 7.884380458248389e-16
-6.42430078611146 -0.42107091968840094
-6.38300650921466 -0.8403387490547162
-6.3143792185084155 -1.2560081188864214
-6.218712786587385 -1.6662990691271866
-6.096416871800031 -2.069454670939059
-5.948015164028684 -2.4637485501415095
-5.7741431421690645 -2.8474922798106976
-5.575545352912097 -3.219042610382764
-5.353072222480664 -3.5768085063007615
-5.107676414973969 -3.9192579590731498
-4.840408752913607 -4.244924547569356
-4.5524137174602 -4.552413717460196
-4.244924547569357 -4.840408752913606
-3.919257959073151 -5.107676414973967
-3.5768085063007633 -5.353072222480662
-3.2190426103827683 -5.575545352912094
-2.847492279810697 -5.7741431421690645
-2.4637485501415086 -5.948015164028684
-2.0694546709390607 -6.09641687180003
-1.6662990691271855 -6.218712786587385
-1.2560081188864263 -6.314379218508415
-0.8403387490547153 -6.38300650921466
-0.4210709196884 -6.42430078611146
-1.1826570687372582e-15 -6.438085220765531
0.4210709196883977 -6.42430078611146
0.840338749054713 -6.383006509214661
1.256008118886424 -6.3143792185084155
1.6662990691271833 -6.2187127865873855
2.069454670939059 -6.096416871800031
2.4637485501415064 -5.948015164028685
2.847492279810695 -5.774143142169066
3.2190426103827665 -5.575545352912096
3.576808506300761 -5.353072222480664
3.9192579590731444 -5.107676414973972
4.244924547569357 -4.840408752913605
4.552413717460197 -4.552413717460199
4.840408752913607 -4.244924547569355
5.107676414973967 -3.919257959073151
5.35307222248066 -3.576808506300768
5.575545352912094 -3.2190426103827683
5.7741431421690645 -2.847492279810697
5.948015164028684 -2.463748550141509
6.09641687180003 -2.069454670939061
6.218712786587383 -1.6662990691271915
6.314379218508415 -1.2560081188864267
6.38300650921466 -0.8403387490547156
6.42430078611146 -0.4210709196884005
6.783416966193104 0.0
6.768893149763925 0.44365669646187256
6.725383893688075 0.8854135868380801
6.653075511279734 1.3233790003042805
6.552277638133359 1.7556775017223374
6.423421906216533 2.180457922541506
6.267060095555616 2.5959012877863614
6.083861771428961 3.000228605186899
5.874611417185595 3.3917084830965516
5.640205074967088 3.7686645445770255
5.381646508717536 4.129482605901715
5.100042905912252 4.4726175887382285
4.796600136411022 4.796600136411021
4.4726175887382285 5.100042905912252
4.129482605901715 5.381646508717536
3.7686645445770273 5.640205074967087
3.391708483096553 5.874611417185594
3.000228605186899 6.083861771428961
2.5959012877863614 6.267060095555616
2.180457922541507 6.423421906216532
1.7556775017223374 6.552277638133359
1.323379000304281 6.653075511279734
0.8854135868380811 6.725383893688075
0.443656696461874 6.768893149763925
4.153644937465117e-16 6.783416966193104
-0.4436566964618731 6.768893149763925
-0.8854135868380804 6.725383893688075
-1.32337900030428 6.653075511279734
-1.7556775017223367 6.552277638133359
-2.180457922541506 6.423421906216533
-2.595901287786359 6.267060095555617
-3.0002286051868983 6.083861771428961
-3.3917084830965507 5.874611417185595
-3.7686645445770264 5.640205074967087
-4.129482605901715 5.381646508717536
-4.4726175887382285 5.100042905912252
-4.796600136411021 4.796600136411022
-5.100042905912251 4.472617588738229
-5.381646508717535 4.129482605901716
-5.640205074967087 3.768664544577028
-5.874611417185595 3.3917084830965516
-6.08386177142896 3.0002286051869023
-6.267060095555616 2.595901287786362
-6.423421906216532 2.180457922541507
-6.552277638133358 1.7556775017223394
-6.653075511279734 1.3233790003042798
-6.725383893688075 0.885413586838083
-6.768893149763925 0.44365669646187295
-6.783416966193104 8.307289874930234e-16
-6.768893149763925 -0.4436566964618713
-6.725383893688075 -0.8854135868380815
-6.653075511279735 -1.3233790003042782
-6.552277638133359 -1.7556775017223378
-6.423421906216533 -2.1804579225415055
-6.267060095555617 -2.5959012877863605
-6.0838617714289605 -3.0002286051869005
-5.874611417185596 -3.3917084830965503
-5.640205074967089 -3.768664544577024
-5.381646508717536 -4.129482605901715
-5.100042905912253 -4.4726175887382285
-4.796600136411024 -4.796600136411018
-4.47261758873823 -5.100042905912251
-4.129482605901716 -5.381646508717535
-3.7686645445770255 -5.640205074967088
-3.391708483096555 -5.8746114171855925
-3.0002286051868996 -6.0838617714289605
-2.595901287786359 -6.267060095555617
-2.1804579225415073 -6.423421906216532
-1.7556775017223367 -6.552277638133359
-1.3233790003042833 -6.6530755112797335
-0.8854135868380806 -6.725383893688075
-0.44365669646187034 -6.768893149763925
-1.246093481239535e-15 -6.783416966193104
0.4436566964618679 -6.768893149763926
0.8854135868380781 -6.725383893688076
1.323379000304281 -6.653075511279734
1.7556775017223345 -6.55227763813336
2.180457922541505 -6.423421906216533
2.595901287786357 -6.2670600955556175
3.0002286051868974 -6.083861771428961
3.391708483096553 -5.874611417185594
3.7686645445770233 -5.640205074967089
4.12948260590171 -5.381646508717539
4.47261758873823 -5.10004290591225
4.79660013641102 -4.796600136411023
5.100042905912253 -4.472617588738228
5.381646508717535 -4.129482605901716
5.640205074967085 -3.768664544577031
5.8746114171855925 -3.391708483096555
6.0838617714289605 -3.0002286051869
6.267060095555617 -2.5959012877863596
6.423421906216532 -2.1804579225415077
6.552277638133358 -1.7556775017223432
6.6530755112797335 -1.3233790003042836
6.725383893688075 -0.8854135868380809
6.768893149763925 -0.4436566964618708
1.0 0.5 0.4 0.32000000000000006 0.25600000000000006 0.20480000000000007 0.16384000000000007 0.13107200000000005 0.10485760000000005 