0.0 0.0
2.537789219518142 0.0
2.5325750593896017 0.16259671355920907
2.516954005106383 0.3245252823455177
2.4909902469312413 0.4851203071362139
2.4547904755157264 0.6437218685269077
2.408503443485412 0.7996782386819168
2.3523193541834475 0.9523485594237375
2.2864690800842244 1.1011054756567609
2.2112232140888555 1.2453377133039267
2.126890957600903 1.384452591163025
2.033818849951489 1.517878456360885
1.9323893443948494 1.6450670333976496
1.8230192365258766 1.765495677128412
1.706157951577619 1.8786695204242183
1.5822856976365964 1.9841235076872532
1.4519114923647671 2.0814243058640436
1.3155710713367728 2.170172085103925
1.173824686587545 2.250002161745662
1.027254804416524 2.3205864968808356
0.8764637119086914 2.3816350443360834
0.7220710420077484 2.4328969425350397
0.5647112273114433 2.474161545342362
0.4050308930519376 2.505259287653885
0.24368619997402635 2.5260623821760064
0.08134014802989636 2.5364853445310844
-0.08134014802989604 2.5364853445310844
-0.24368619997402602 2.5260623821760064
-0.40503089305193674 2.505259287653885
-0.564711227311443 2.474161545342362
-0.7220710420077481 2.4328969425350397
-0.8764637119086905 2.381635044336084
-1.0272548044165237 2.3205864968808356
-1.1738246865875448 2.250002161745662
-1.3155710713367725 2.170172085103925
-1.4519114923647674 2.081424305864043
-1.5822856976365962 1.9841235076872534
-1.7061579515776195 1.8786695204242183
-1.8230192365258764 1.7654956771284123
-1.9323893443948488 1.6450670333976507
-2.033818849951489 1.5178784563608851
-2.126890957600903 1.384452591163025
-2.2112232140888546 1.2453377133039274
-2.286469080084224 1.1011054756567613
-2.352319354183447 0.9523485594237385
-2.4085034434854116 0.7996782386819183
-2.4547904755157264 0.6437218685269077
-2.4909902469312413 0.4851203071362145
-2.516954005106383 0.32452528234551786
-2.5325750593896017 0.1625967135592099
-2.537789219518142 3.107895444593552e-16
-2.5325750593896017 -0.1625967135592093
-2.516954005106383 -0.3245252823455173
-2.4909902469312413 -0.4851203071362139
-2.4547904755157264 -0.6437218685269072
-2.408503443485412 -0.7996782386819167
-2.3523193541834475 -0.952348559423738
-2.2864690800842244 -1.1011054756567606
-2.2112232140888555 -1.2453377133039258
-2.1268909576009034 -1.3844525911630245
-2.0338188499514893 -1.517878456360885
-1.9323893443948499 -1.6450670333976494
-1.8230192365258766 -1.765495677128412
-1.7061579515776197 -1.8786695204242176
-1.5822856976365969 -1.984123507687253
-1.4519114923647678 -2.0814243058640427
-1.3155710713367739 -2.170172085103924
-1.1738246865875452 -2.2500021617456616
-1.0272548044165248 -2.3205864968808356
-0.8764637119086901 -2.381635044336084
-0.7220710420077481 -2.4328969425350397
-0.5647112273114436 -2.474161545342362
-0.4050308930519357 -2.505259287653885
-0.24368619997402552 -2.5260623821760064
-0.0813401480298961 -2.5364853445310844
0.08134014802989517 -2.5364853445310844
0.24368619997402458 -2.5260623821760064
0.40503089305193474 -2.5052592876538853
0.5647112273114427 -2.474161545342362
0.7220710420077472 -2.43289694253504
0.8764637119086914 -2.3816350443360834
1.0272548044165237 -2.3205864968808356
1.1738246865875444 -2.250002161745662
1.315571071336771 -2.1701720851039257
1.4519114923647671 -2.0814243058640436
1.582285697636596 -1.9841235076872534
1.7061579515776182 -1.8786695204242192
1.8230192365258753 -1.7654956771284134
1.9323893443948477 -1.645067033397652
2.033818849951487 -1.5178784563608874
2.1268909576009034 -1.3844525911630243
2.2112232140888555 -1.2453377133039267
2.286469080084224 -1.1011054756567615
2.352319354183447 -0.9523485594237389
2.4085034434854116 -0.7996782386819186
2.4547904755157264 -0.6437218685269082
2.4909902469312413 -0.4851203071362148
2.516954005106383 -0.32452528234551936
2.5325750593896017 -0.16259671355921135
3.785047832203389 0.0
3.77727104548702 0.24250884724679167
3.753972641822647 0.4840211736222617
3.7152483593484176 0.7235445531731017
3.6612573244473525 0.9600947329551334
3.5922213978628994 1.1926996775397782
3.5084242630255544 1.4204035633161334
3.410210260336793 1.6422707061752142
3.297982972200501 1.8573894064366587
3.1722035646163076 2.0648756952182774
3.0333888921495755 2.263876966853796
2.8821093740651245 2.4535754824324254
2.718986650352117 2.6331917300634506
2.5446910272720054 2.80198762805779
2.3599387229263202 2.959269557863978
2.165488924162861 3.104391214295574
1.9621406669141004 3.2367562613378014
1.7507295527871352 3.3558207826201523
1.532124315397457 3.4610955164854156
1.3072232505561767 3.5521478664707806
1.0769505249798512 3.628603678939489
0.8422523786912215 3.6901487805583875
0.6040932367159817 3.7365302693035396
0.3634517460534812 3.767557553688895
0.12131675420629277 3.7831031359475813
-0.1213167542062923 3.7831031359475813
-0.3634517460534807 3.767557553688895
-0.6040932367159803 3.73653026930354
-0.842252378691221 3.6901487805583875
-1.0769505249798508 3.6286036789394895
-1.3072232505561754 3.5521478664707806
-1.5321243153974566 3.4610955164854156
-1.7507295527871347 3.3558207826201523
-1.9621406669141 3.236756261337802
-2.1654889241628617 3.1043912142955734
-2.35993872292632 2.9592695578639785
-2.544691027272006 2.80198762805779
-2.7189866503521167 2.633191730063451
-2.882109374065123 2.453575482432427
-3.033388892149575 2.2638769668537964
-3.1722035646163076 2.0648756952182774
-3.2979829722005003 1.8573894064366598
-3.4102102603367928 1.6422707061752144
-3.508424263025554 1.420403563316135
-3.592221397862899 1.1926996775397805
-3.6612573244473525 0.9600947329551334
-3.7152483593484176 0.7235445531731026
-3.7539726418226467 0.4840211736222619
-3.77727104548702 0.24250884724679286
-3.785047832203389 4.635346712327509e-16
-3.77727104548702 -0.24250884724679198
-3.753972641822647 -0.48402117362226105
-3.7152483593484176 -0.7235445531731017
-3.6612573244473525 -0.9600947329551326
-3.5922213978628994 -1.192699677539778
-3.5084242630255544 -1.420403563316134
-3.410210260336793 -1.6422707061752138
-3.2979829722005016 -1.8573894064366574
-3.1722035646163085 -2.0648756952182765
-3.033388892149576 -2.263876966853796
-2.882109374065125 -2.453575482432425
-2.718986650352117 -2.6331917300634506
-2.5446910272720062 -2.801987628057789
-2.3599387229263207 -2.9592695578639776
-2.1654889241628625 -3.104391214295573
-1.9621406669141022 -3.236756261337801
-1.7507295527871356 -3.355820782620152
-1.5321243153974584 -3.4610955164854156
-1.3072232505561747 -3.552147866470781
-1.0769505249798508 -3.6286036789394895
-0.842252378691222 -3.6901487805583875
-0.6040932367159787 -3.73653026930354
-0.36345174605347996 -3.767557553688895
-0.12131675420629238 -3.7831031359475813
0.12131675420629098 -3.7831031359475813
0.3634517460534786 -3.767557553688895
0.6040932367159774 -3.7365302693035405
0.8422523786912206 -3.6901487805583875
1.0769505249798497 -3.62860367893949
1.3072232505561767 -3.5521478664707806
1.5321243153974569 -3.4610955164854156
1.7507295527871343 -3.3558207826201527
1.962140666914098 -3.2367562613378027
2.165488924162861 -3.104391214295574
2.3599387229263193 -2.9592695578639785
2.5446910272720045 -2.8019876280577907
2.718986650352115 -2.633191730063453
2.882109374065122 -2.453575482432429
3.0333888921495733 -2.2638769668538
3.1722035646163085 -2.064875695218276
3.297982972200501 -1.8573894064366587
3.4102102603367928 -1.6422707061752149
3.508424263025554 -1.4204035633161354
3.5922213978628985 -1.192699677539781
3.661257324447352 -0.960094732955134
3.7152483593484176 -0.7235445531731031
3.7539726418226467 -0.4840211736222641
3.77727104548702 -0.24250884724679503
4.641153083386642 0.0
4.631617336614717 0.29735969901674614
4.603049280727839 0.5934974832467771
4.555566307995475 0.8871964590133362
4.489363536137651 1.1772497542267657
4.404713006544378 1.462465477680797
4.3019625663992365 1.741671616789177
4.181534439300685 2.01372085363678
4.043923490254722 2.277495279555021
3.8896951921684333 2.5319109888483653
3.719483302200523 2.775922532795327
3.533987257517205 3.0085272156215166
3.3339693011548586 3.228769214791654
3.1202513497998945 3.435743508689388
2.8937116163567875 3.6285995955452455
2.655281001182875 3.8065449883308355
2.405939266819114 3.9688484712580343
2.1467110119356376 4.1148431045015075
1.8786614610360508 4.243928964797505
1.602892087221448 4.355575610657241
1.3205360860011761 4.449324262064749
1.032753718749424 4.5247896857023715
0.7407275449423538 4.581661777957099
0.44565756276755314 4.6197068392028315
0.14875627807409428 4.63876853412227
-0.1487562780740937 4.63876853412227
-0.4456575627675526 4.6197068392028315
-0.7407275449423522 4.581661777957099
-1.0327537187494236 4.5247896857023715
-1.3205360860011754 4.449324262064749
-1.6028920872214465 4.355575610657242
-1.8786614610360504 4.243928964797505
-2.146711011935637 4.1148431045015075
-2.4059392668191135 3.9688484712580347
-2.6552810011828756 3.806544988330835
-2.893711616356787 3.628599595545246
-3.120251349799895 3.435743508689388
-3.333969301154858 3.228769214791655
-3.5339872575172038 3.008527215621519
-3.7194833022005223 2.7759225327953274
-3.8896951921684333 2.5319109888483653
-4.043923490254721 2.2774952795550223
-4.181534439300684 2.0137208536367806
-4.301962566399236 1.7416716167891788
-4.404713006544377 1.4624654776808
-4.489363536137651 1.1772497542267657
-4.555566307995475 0.8871964590133373
-4.603049280727839 0.5934974832467774
-4.631617336614717 0.29735969901674764
-4.641153083386642 5.68377326792232e-16
-4.631617336614717 -0.2973596990167465
-4.603049280727839 -0.5934974832467763
-4.555566307995475 -0.8871964590133362
-4.489363536137651 -1.1772497542267646
-4.404713006544378 -1.4624654776807968
-4.3019625663992365 -1.7416716167891777
-4.181534439300685 -2.0137208536367797
-4.0439234902547225 -2.277495279555019
-3.889695192168434 -2.531910988848364
-3.7194833022005236 -2.775922532795327
-3.5339872575172055 -3.008527215621516
-3.3339693011548586 -3.228769214791654
-3.120251349799896 -3.4357435086893866
-2.8937116163567884 -3.628599595545245
-2.6552810011828765 -3.806544988330834
-2.405939266819116 -3.968848471258033
-2.146711011935638 -4.114843104501507
-1.8786614610360524 -4.2439289647975045
-1.6028920872214458 -4.355575610657242
-1.3205360860011754 -4.449324262064749
-1.0327537187494247 -4.5247896857023715
-0.7407275449423502 -4.581661777957099
-0.4456575627675517 -4.6197068392028315
-0.14875627807409378 -4.63876853412227
0.14875627807409209 -4.63876853412227
0.4456575627675499 -4.6197068392028315
0.7407275449423485 -4.5816617779571
1.0327537187494231 -4.5247896857023715
1.320536086001174 -4.44932426206475
1.602892087221448 -4.355575610657241
1.8786614610360506 -4.243928964797505
2.1467110119356367 -4.1148431045015075
2.405939266819111 -3.9688484712580356
2.655281001182875 -3.8065449883308355
2.8937116163567866 -3.628599595545246
3.120251349799893 -3.4357435086893893
3.333969301154856 -3.2287692147916567
3.5339872575172016 -3.0085272156215206
3.71948330220052 -2.775922532795332
3.889695192168434 -2.5319109888483635
4.043923490254722 -2.277495279555021
4.181534439300684 -2.013720853636781
4.301962566399236 -1.7416716167891793
4.404713006544377 -1.4624654776808006
4.489363536137651 -1.1772497542267664
4.555566307995475 -0.8871964590133379
4.603049280727839 -0.5934974832467801
4.631617336614717 -0.29735969901675025
5.286080612081579 0.0
5.27521979253369 0.33868034765184835
5.2426819633271835 0.6759689851084886
5.18860082938161 1.0104799210104254
5.1131986216767205 1.340838578169667
5.016785184057696 1.6656874420022365
4.8997567000203315 1.983691638846783
4.762594064708067 2.2935444212467857
4.605860908810695 2.59397253765615
4.430201282484951 2.883741464502921
4.236337008814283 3.161660479111445
4.02506471768296 3.426587552637254
3.797252572253001 3.6774340429085517
3.5538367014955323 3.9131691678904095
3.295817353436037 4.132824241389251
3.0242547849206676 4.335496653592205
2.7402649047934426 4.520353580084433
2.4450146883874413 4.686635404103292
2.1397173821728512 4.833658837966548
1.8256275182669748 4.960819730848031
1.5040357592926625 5.067595551362964
1.1762635947687594 5.15354753476151
0.8436579108262028 5.218322485907241
0.5075854555640044 5.261654230631717
0.16942722278815603 5.283364709501234
-0.16942722278815536 5.283364709501234
-0.5075854555640037 5.261654230631717
-0.8436579108262008 5.218322485907242
-1.1762635947687587 5.15354753476151
-1.504035759292662 5.067595551362965
-1.825627518266973 4.960819730848032
-2.139717382172851 4.833658837966548
-2.445014688387441 4.686635404103292
-2.740264904793442 4.520353580084433
-3.024254784920668 4.335496653592204
-3.2958173534360364 4.132824241389252
-3.5538367014955328 3.9131691678904095
-3.797252572253 3.677434042908552
-4.025064717682958 3.426587552637256
-4.236337008814282 3.1616604791114455
-4.430201282484951 2.883741464502921
-4.605860908810693 2.5939725376561515
-4.7625940647080665 2.2935444212467866
-4.899756700020331 1.983691638846785
-5.016785184057695 1.6656874420022396
-5.1131986216767205 1.340838578169667
-5.18860082938161 1.0104799210104267
-5.242681963327183 0.6759689851084888
-5.27521979253369 0.33868034765185
-5.286080612081579 6.473581701620588e-16
-5.27521979253369 -0.3386803476518488
-5.2426819633271835 -0.6759689851084877
-5.18860082938161 -1.0104799210104254
-5.1131986216767205 -1.3408385781696657
-5.016785184057696 -1.665687442002236
-4.8997567000203315 -1.9836916388467836
-4.762594064708067 -2.2935444212467853
-4.605860908810695 -2.5939725376561484
-4.430201282484953 -2.8837414645029202
-4.236337008814284 -3.161660479111445
-4.02506471768296 -3.426587552637253
-3.797252572253001 -3.6774340429085517
-3.553836701495533 -3.913169167890408
-3.2958173534360378 -4.132824241389251
-3.0242547849206693 -4.335496653592204
-2.7402649047934453 -4.520353580084431
-2.4450146883874417 -4.686635404103291
-2.139717382172853 -4.833658837966548
-1.8256275182669721 -4.960819730848032
-1.504035759292662 -5.067595551362965
-1.17626359476876 -5.15354753476151
-0.8436579108261987 -5.218322485907242
-0.5075854555640027 -5.261654230631717
-0.16942722278815547 -5.283364709501234
0.16942722278815353 -5.283364709501234
0.5075854555640007 -5.261654230631717
0.8436579108261967 -5.218322485907242
1.176263594768758 -5.15354753476151
1.5040357592926603 -5.067595551362966
1.8256275182669748 -4.960819730848031
2.139717382172851 -4.833658837966548
2.44501468838744 -4.686635404103293
2.740264904793439 -4.520353580084435
3.0242547849206676 -4.335496653592205
3.295817353436036 -4.132824241389252
3.5538367014955305 -3.9131691678904112
3.7972525722529977 -3.6774340429085544
4.025064717682955 -3.4265875526372582
4.23633700881428 -3.1616604791114504
4.430201282484953 -2.8837414645029193
4.605860908810695 -2.59397253765615
4.7625940647080665 -2.293544421246787
4.899756700020331 -1.9836916388467853
5.016785184057695 -1.6656874420022403
5.11319862167672 -1.340838578169668
5.18860082938161 -1.0104799210104274
5.242681963327183 -0.6759689851084919
5.27521979253369 -0.338680347651853
5.793669966902899 0.0
5.781766250586741 0.3712017092751184
5.746104016561952 0.7408780711043085
5.686829808597662 1.107510006021483
5.604187197128677 1.4695909447637638
5.498515778372306 1.8256330190877417
5.370249778854668 2.174173175739233
5.219916271080751 2.513779188452929
5.048133007680434 2.843055543277326
4.855605882930423 3.1606491730408957
4.643126032083257 3.4652550173953185
4.41156658042285 3.755621385588393
4.161879055405421 4.030555099929825
3.8950894766290727 4.288926398814287
3.6122941396991837 4.529673579154195
3.3146551113146074 4.751807359145421
3.003395454086349 4.954414943438437
2.679794200710943 5.136663774010192
2.3451810981507637 5.297804951323615
2.000931143418516 5.43717631171645
1.6484589334195754 5.554205148373782
1.2892128520698825 5.648410564703178
0.9246691185757462 5.719405450441942
0.5563257213324755 5.766898072376218
0.18569626236875802 5.790693273135343
-0.1856962623687573 5.790693273135343
-0.5563257213324747 5.766898072376218
-0.9246691185757441 5.719405450441942
-1.2892128520698818 5.648410564703178
-1.6484589334195747 5.554205148373783
-2.0009311434185144 5.437176311716451
-2.3451810981507633 5.297804951323615
-2.6797942007109423 5.136663774010192
-3.0033954540863483 4.9544149434384375
-3.3146551113146083 4.75180735914542
-3.6122941396991832 4.529673579154195
-3.895089476629073 4.288926398814287
-4.16187905540542 4.030555099929826
-4.411566580422847 3.7556213855883955
-4.643126032083256 3.465255017395319
-4.855605882930423 3.1606491730408957
-5.048133007680433 2.8430555432773277
-5.21991627108075 2.5137791884529297
-5.370249778854667 2.1741731757392353
-5.4985157783723055 1.8256330190877452
-5.604187197128677 1.4695909447637638
-5.686829808597662 1.1075100060214846
-5.746104016561952 0.7408780711043088
-5.781766250586741 0.37120170927512025
-5.793669966902899 7.095199380283787e-16
-5.781766250586741 -0.37120170927511886
-5.746104016561952 -0.7408780711043075
-5.686829808597662 -1.107510006021483
-5.604187197128677 -1.4695909447637627
-5.498515778372306 -1.8256330190877412
-5.370249778854668 -2.174173175739234
-5.219916271080751 -2.5137791884529284
-5.048133007680435 -2.843055543277324
-4.8556058829304245 -3.1606491730408943
-4.643126032083257 -3.4652550173953185
-4.41156658042285 -3.7556213855883924
-4.161879055405421 -4.030555099929825
-3.8950894766290736 -4.288926398814286
-3.6122941396991846 -4.529673579154194
-3.3146551113146097 -4.7518073591454195
-3.0033954540863514 -4.954414943438436
-2.6797942007109437 -5.1366637740101915
-2.345181098150766 -5.297804951323615
-2.0009311434185135 -5.437176311716452
-1.6484589334195747 -5.554205148373783
-1.2892128520698831 -5.648410564703178
-0.9246691185757416 -5.719405450441942
-0.5563257213324736 -5.766898072376218
-0.18569626236875744 -5.790693273135343
0.1856962623687553 -5.790693273135343
0.5563257213324715 -5.766898072376218
0.9246691185757395 -5.7194054504419425
1.2892128520698811 -5.648410564703178
1.6484589334195727 -5.554205148373783
2.000931143418516 -5.43717631171645
2.3451810981507637 -5.297804951323615
2.679794200710942 -5.136663774010193
3.0033954540863452 -4.954414943438438
3.3146551113146074 -4.751807359145421
3.612294139699183 -4.529673579154195
3.8950894766290705 -4.288926398814289
4.161879055405417 -4.0305550999298285
4.411566580422845 -3.755621385588398
4.643126032083252 -3.4652550173953243
4.8556058829304245 -3.160649173040894
5.048133007680434 -2.843055543277326
5.21991627108075 -2.51377918845293
5.370249778854667 -2.174173175739236
5.498515778372305 -1.825633019087746
5.6041871971286765 -1.469590944763765
5.686829808597662 -1.107510006021485
5.746104016561952 -0.7408780711043121
5.781766250586741 -0.3712017092751235
6.203922400035997 0.0
6.191175776096532 0.3974866729135787
6.152988282890048 0.7933399878275317
6.0895168410173195 1.1859332985606075
6.001022268247587 1.573653354988003
5.887868207762383 1.9549069322321668
5.7505196338677145 2.3281273775655666
5.589540941314891 2.6917810481227935
5.405593626081433 3.044373612968059
5.199433567142208 3.384456193621548
4.971907920400594 3.7106313178118677
4.723951637543151 4.021558661989377
4.456583624122593 4.315960559003145
4.170902552656326 4.5926272483093316
3.8680823479454025 4.850421847136761
3.549367363165709 5.088285022182081
3.2160672665538574 5.30523934263754
2.869551659699469 5.500393296663833
2.5112444495584754 5.67294495480347
2.1426179973140025 5.822185265280944
1.7651870681284447 5.947500967648556
1.3805026066485098 6.0483771128051425
0.9901453638409772 6.12439917903239
0.5957194013479045 6.175254775353491
0.19884550005328386 6.200734925214669
-0.1988455000532831 6.200734925214669
-0.5957194013479037 6.175254775353491
-0.990145363840975 6.124399179032391
-1.380502606648509 6.0483771128051425
-1.765187068128444 5.947500967648556
-2.1426179973140007 5.822185265280945
-2.511244449558475 5.67294495480347
-2.869551659699468 5.500393296663833
-3.216067266553857 5.305239342637541
-3.54936736316571 5.08828502218208
-3.868082347945402 4.8504218471367615
-4.170902552656327 4.5926272483093316
-4.456583624122592 4.315960559003146
-4.7239516375431485 4.0215586619893795
-4.971907920400594 3.7106313178118686
-5.199433567142208 3.384456193621548
-5.405593626081431 3.044373612968061
-5.58954094131489 2.691781048122794
-5.7505196338677145 2.328127377565569
-5.8878682077623825 1.9549069322321706
-6.001022268247587 1.573653354988003
-6.0895168410173195 1.185933298560609
-6.152988282890047 0.793339987827532
-6.191175776096532 0.3974866729135807
-6.203922400035997 7.597613709362649e-16
-6.191175776096532 -0.39748667291357925
-6.152988282890048 -0.7933399878275306
-6.0895168410173195 -1.1859332985606075
-6.001022268247587 -1.5736533549880016
-5.887868207762383 -1.9549069322321664
-5.7505196338677145 -2.3281273775655675
-5.589540941314891 -2.6917810481227926
-5.4055936260814335 -3.044373612968057
-5.19943356714221 -3.3844561936215465
-4.971907920400595 -3.7106313178118677
-4.723951637543151 -4.021558661989376
-4.456583624122593 -4.315960559003145
-4.170902552656327 -4.592627248309331
-3.8680823479454034 -4.85042184713676
-3.5493673631657114 -5.088285022182079
-3.2160672665538605 -5.305239342637539
-2.8695516596994697 -5.500393296663832
-2.5112444495584776 -5.67294495480347
-2.1426179973139994 -5.822185265280945
-1.765187068128444 -5.947500967648556
-1.3805026066485107 -6.0483771128051425
-0.9901453638409723 -6.124399179032391
-0.5957194013479025 -6.175254775353491
-0.19884550005328322 -6.200734925214669
0.19884550005328094 -6.200734925214669
0.5957194013479002 -6.175254775353491
0.9901453638409701 -6.124399179032392
1.3805026066485084 -6.0483771128051425
1.765187068128442 -5.947500967648557
2.1426179973140025 -5.822185265280944
2.5112444495584754 -5.67294495480347
2.8695516596994675 -5.500393296663834
3.2160672665538534 -5.305239342637543
3.549367363165709 -5.088285022182081
3.868082347945401 -4.8504218471367615
4.170902552656323 -4.592627248309334
4.456583624122589 -4.315960559003148
4.723951637543146 -4.021558661989382
4.97190792040059 -3.710631317811874
5.19943356714221 -3.3844561936215456
5.405593626081433 -3.044373612968059
5.58954094131489 -2.691781048122795
5.7505196338677145 -2.3281273775655698
5.887868207762382 -1.9549069322321713
6.001022268247586 -1.573653354988004
6.0895168410173195 -1.1859332985606097
6.152988282890047 -0.7933399878275356
6.191175776096532 -0.39748667291358425
6.542576028093262 0.0
6.529133603954466 0.41918428536047425
6.488861569342256 0.8366460525776551
6.4219254106851755 1.2506698617047791
6.32860018301691 1.6595544001023137
6.209269379716145 2.061619473496526
6.064423356650021 2.45521291025815
5.8946573171966925 2.8387173505300067
5.700668866426973 3.2105568923055725
5.483255144495468 3.569203567148362
5.243309551020691 3.9131836189419738
4.9818180739144 4.241083559870098
4.699855237745767 4.551555978741148
4.39857968828945 4.843325077789854
4.0792294314015685 5.115191915203949
3.743116745788088 5.366039331833248
3.391622790570141 5.594836541836215
3.026191929804932 5.800643368400104
2.648325797284023 5.9826141071291365
2.2595771259979736 6.140001001225272
1.8615433676234219 6.27215731418129
1.455860128251507 6.3785399873598125
1.0441944473315898 6.458711871537736
0.6282379474485777 6.51234352324616
0.20969988308288384 6.53921455852426
-0.209699883082883 6.53921455852426
-0.628237947448577 6.51234352324616
-1.0441944473315876 6.458711871537736
-1.4558601282515062 6.3785399873598125
-1.8615433676234212 6.272157314181291
-2.2595771259979713 6.140001001225273
-2.6483257972840226 5.9826141071291365
-3.0261919298049316 5.800643368400104
-3.39162279057014 5.594836541836216
-3.7431167457880883 5.366039331833247
-4.079229431401568 5.11519191520395
-4.398579688289451 4.843325077789854
-4.6998552377457665 4.551555978741149
-4.981818073914398 4.241083559870102
-5.24330955102069 3.9131836189419746
-5.483255144495468 3.569203567148362
-5.700668866426972 3.2105568923055743
-5.894657317196692 2.838717350530007
-6.06442335665002 2.455212910258153
-6.209269379716144 2.06161947349653
-6.32860018301691 1.6595544001023137
-6.4219254106851755 1.2506698617047807
-6.488861569342255 0.8366460525776556
-6.529133603954466 0.41918428536047636
-6.542576028093262 8.012344790982618e-16
-6.529133603954466 -0.4191842853604748
-6.488861569342256 -0.8366460525776541
-6.4219254106851755 -1.2506698617047791
-6.32860018301691 -1.6595544001023124
-6.209269379716145 -2.0616194734965254
-6.064423356650021 -2.4552129102581515
-5.8946573171966925 -2.838717350530006
-5.700668866426974 -3.2105568923055703
-5.48325514449547 -3.5692035671483606
-5.243309551020692 -3.9131836189419738
-4.9818180739144005 -4.241083559870098
-4.699855237745767 -4.551555978741148
-4.398579688289452 -4.843325077789852
-4.079229431401569 -5.1151919152039484
-3.74311674578809 -5.366039331833246
-3.391622790570144 -5.594836541836214
-3.026191929804933 -5.800643368400103
-2.6483257972840253 -5.982614107129136
-2.2595771259979704 -6.140001001225274
-1.8615433676234212 -6.272157314181291
-1.4558601282515078 -6.3785399873598125
-1.0441944473315847 -6.458711871537736
-0.6282379474485756 -6.51234352324616
-0.20969988308288315 -6.53921455852426
0.20969988308288073 -6.53921455852426
0.6282379474485732 -6.51234352324616
1.0441944473315825 -6.458711871537737
1.4558601282515056 -6.3785399873598125
1.861543367623419 -6.272157314181292
2.2595771259979736 -6.140001001225272
2.648325797284023 -5.9826141071291365
3.0261919298049307 -5.800643368400105
3.3916227905701364 -5.594836541836218
3.743116745788088 -5.366039331833248
4.079229431401567 -5.11519191520395
4.398579688289448 -4.8433250777898555
4.699855237745763 -4.551555978741152
4.981818073914395 -4.241083559870105
5.243309551020687 -3.9131836189419804
5.48325514449547 -3.5692035671483597
5.700668866426973 -3.2105568923055725
5.894657317196692 -2.838717350530008
6.06442335665002 -2.4552129102581537
6.209269379716143 -2.0616194734965303
6.328600183016909 -1.6595544001023148
6.4219254106851755 -1.2506698617047813
6.488861569342255 -0.8366460525776593
6.529133603954466 -0.4191842853604801
6.827435564306271 0.0
6.8134078656992365 0.4374352985092456
6.771382412700639 0.8730730815473395
6.701531896911282 1.3051232200197667
6.604143349083434 1.7318103272330798
6.479616959649895 2.151381054339642
6.328464434255675 2.562111295224134
6.151306891049735 2.9623132712254003
5.9488723083772825 3.3503424665809973
5.721992533360598 3.7246043860952085
5.471599863660785 4.0835611072618185
5.198723216466702 4.4257375999175785
4.904483900453522 4.74972778745754
4.590091008084882 5.054200324705423
4.256836447192589 5.337904068696522
3.9060896322502248 5.599673219892514
3.5392918571553476 5.838432112701829
3.1579503726436946 6.053199635620293
2.7636321926726195 6.243093262828742
2.3579576552246078 6.407332680680922
1.9425937639909445 6.545242994179635
1.5192473382959883 6.656257500265044
1.0896579994104434 6.7399200165191075
0.6555910220744098 6.795886755716985
0.21883008060484085 6.8239277385224835
-0.21883008060484 6.8239277385224835
-0.6555910220744089 6.795886755716985
-1.089657999410441 6.739920016519108
-1.5192473382959875 6.656257500265044
-1.9425937639909439 6.5452429941796355
-2.3579576552246055 6.4073326806809225
-2.763632192672619 6.243093262828742
-3.1579503726436937 6.053199635620293
-3.539291857155347 5.83843211270183
-3.9060896322502257 5.599673219892513
-4.256836447192588 5.337904068696522
-4.590091008084883 5.054200324705423
-4.9044839004535214 4.749727787457541
-5.198723216466699 4.425737599917581
-5.471599863660784 4.083561107261819
-5.721992533360598 3.7246043860952085
-5.948872308377281 3.3503424665809995
-6.151306891049734 2.9623132712254012
-6.328464434255674 2.5621112952241365
-6.479616959649894 2.1513810543396463
-6.604143349083434 1.7318103272330798
-6.701531896911282 1.3051232200197684
-6.771382412700639 0.8730730815473399
-6.8134078656992365 0.4374352985092478
-6.827435564306271 8.361197110212478e-16
-6.8134078656992365 -0.4374352985092462
-6.771382412700639 -0.8730730815473384
-6.701531896911282 -1.3051232200197667
-6.604143349083434 -1.7318103272330783
-6.479616959649895 -2.151381054339642
-6.328464434255675 -2.5621112952241347
-6.151306891049735 -2.9623132712254
-5.948872308377283 -3.350342466580995
-5.7219925333605985 -3.724604386095207
-5.471599863660786 -4.0835611072618185
-5.1987232164667025 -4.425737599917578
-4.904483900453522 -4.74972778745754
-4.590091008084883 -5.0542003247054215
-4.256836447192589 -5.337904068696521
-3.906089632250227 -5.599673219892512
-3.5392918571553507 -5.8384321127018275
-3.1579503726436955 -6.053199635620292
-2.7636321926726217 -6.243093262828741
-2.3579576552246047 -6.407332680680923
-1.9425937639909439 -6.5452429941796355
-1.5192473382959892 -6.656257500265044
-1.089657999410438 -6.739920016519108
-0.6555910220744077 -6.795886755716985
-0.21883008060484013 -6.8239277385224835
0.21883008060483763 -6.8239277385224835
0.655591022074405 -6.795886755716985
1.0896579994104356 -6.739920016519108
1.5192473382959868 -6.656257500265044
1.9425937639909414 -6.5452429941796355
2.3579576552246078 -6.407332680680922
2.763632192672619 -6.243093262828742
3.1579503726436933 -6.0531996356202935
3.539291857155343 -5.838432112701831
3.9060896322502248 -5.599673219892514
4.256836447192587 -5.337904068696522
4.59009100808488 -5.054200324705425
4.904483900453519 -4.749727787457544
5.198723216466696 -4.425737599917585
5.4715998636607805 -4.083561107261826
5.7219925333605985 -3.7246043860952063
5.9488723083772825 -3.3503424665809973
6.151306891049734 -2.962313271225402
6.328464434255674 -2.562111295224137
6.479616959649893 -2.151381054339647
6.604143349083433 -1.731810327233081
6.701531896911282 -1.305123220019769
6.771382412700639 -0.8730730815473439
6.8134078656992365 -0.43743529850925167
7.07102241164193 0.0
7.056494237732436 0.45304196140244957
7.0129694153868325 0.9042222762083005
6.940626797436182 1.3516869477261417
6.839763655215088 1.7935972476398347
6.710794457010011 2.228137271737573
6.554249164920184 2.6535214018517954
6.370771057129663 3.0680016433472534
6.16111408453929 3.4698748080059088
5.926139772620717 3.857489512792656
5.666813681223452 4.229252965742432
5.384201436882318 4.5836375110840555
5.079464353929446 4.919186906705473
4.753854662404592 5.234522308164955
4.4087103623732915 5.528347934658673
4.0454497257975905 5.799456393661965
3.665565468552343 6.046733642364205
3.270618616535485 6.269163565509674
2.8622320910777916 6.465832150833093
2.4420840400110024 6.635931244932093
2.0119009417984213 6.778761874142878
1.573450511064593 6.89373711677295
1.1285344346767263 6.980384514888225
0.6789809682268922 7.038348015744044
0.22663742333765466 7.067389434882255
-0.22663742333765377 7.067389434882255
-0.6789809682268914 7.038348015744044
-1.1285344346767237 6.980384514888226
-1.5734505110645924 6.89373711677295
-2.0119009417984204 6.778761874142879
-2.4420840400109998 6.6359312449320935
-2.8622320910777908 6.465832150833093
-3.2706186165354847 6.269163565509674
-3.6655654685523427 6.046733642364206
-4.045449725797591 5.7994563936619645
-4.408710362373291 5.528347934658674
-4.753854662404593 5.234522308164955
-5.0794643539294455 4.919186906705474
-5.384201436882315 4.583637511084058
-5.666813681223451 4.2292529657424325
-5.926139772620717 3.857489512792656
-6.161114084539288 3.4698748080059105
-6.370771057129662 3.0680016433472543
-6.554249164920183 2.653521401851798
-6.71079445701001 2.2281372717375776
-6.839763655215088 1.7935972476398347
-6.940626797436182 1.3516869477261435
-7.012969415386832 0.904222276208301
-7.056494237732436 0.4530419614024518
-7.07102241164193 8.659504963116487e-16
-7.056494237732436 -0.4530419614024501
-7.0129694153868325 -0.9042222762082993
-6.940626797436182 -1.3516869477261417
-6.839763655215088 -1.7935972476398332
-6.710794457010011 -2.2281372717375727
-6.554249164920184 -2.6535214018517967
-6.370771057129663 -3.068001643347253
-6.161114084539291 -3.469874808005906
-5.926139772620719 -3.8574895127926543
-5.666813681223453 -4.229252965742432
-5.384201436882319 -4.583637511084055
-5.079464353929446 -4.919186906705473
-4.753854662404594 -5.234522308164953
-4.408710362373292 -5.528347934658672
-4.045449725797592 -5.799456393661964
-3.6655654685523467 -6.046733642364203
-3.270618616535486 -6.269163565509673
-2.862232091077794 -6.4658321508330925
-2.442084040010999 -6.635931244932094
-2.0119009417984204 -6.778761874142879
-1.5734505110645942 -6.89373711677295
-1.1285344346767208 -6.980384514888226
-0.67898096822689 -7.038348015744044
-0.22663742333765394 -7.067389434882255
0.22663742333765133 -7.067389434882255
0.6789809682268874 -7.038348015744044
1.128534434676718 -6.980384514888227
1.5734505110645916 -6.89373711677295
2.011900941798418 -6.77876187414288
2.4420840400110024 -6.635931244932093
2.862232091077791 -6.465832150833093
3.270618616535484 -6.269163565509674
3.6655654685523387 -6.046733642364208
4.0454497257975905 -5.799456393661965
4.40871036237329 -5.528347934658674
4.75385466240459 -5.234522308164957
5.079464353929443 -4.919186906705477
5.384201436882313 -4.583637511084062
5.666813681223447 -4.229252965742439
5.926139772620719 -3.8574895127926534
6.16111408453929 -3.4698748080059088
6.370771057129662 -3.0680016433472552
6.554249164920183 -2.653521401851799
6.710794457010009 -2.228137271737578
6.839763655215087 -1.793597247639836
6.940626797436182 -1.3516869477261442
7.012969415386832 -0.9042222762083051
7.056494237732436 -0.45304196140245584
7.282371074399057 0.0
7.267408661994856 0.46658311671792824
7.222582908544249 0.9312489433274979
7.148078012683257 1.392088068276663
7.044200131010226 1.8472068047513248
6.911376120022683 2.2947349722406467
6.750151782072439 2.7328335815099236
6.561189622546642 3.159702391401812
6.345266127491041 3.573587306413392
6.103268572862263 3.972787584650847
5.836191378520591 4.355662826542707
5.545132021945454 4.720639715593555
5.231286528465053 5.066218483478988
4.895944556531748 5.390979072915347
4.540484098238841 5.6935869729797135
4.1663658168554845 5.972798702901531
3.7751270446480056 6.22746692179182
3.368375465651854 6.456545143313003
2.9477825093530687 6.659092035915722
2.515076482425988 6.8342752909721005
2.0720354667504024 6.9813750429104235
1.6204800128917272 7.0997868272971765
1.162265659068209 7.189024064711066
0.6992753063463738 7.248720060202233
0.23341148139668036 7.278629510120452
-0.23341148139667944 7.278629510120452
-0.6992753063463729 7.248720060202233
-1.1622656590682063 7.189024064711067
-1.6204800128917265 7.0997868272971765
-2.072035466750402 6.981375042910424
-2.515076482425986 6.834275290972101
-2.9477825093530683 6.659092035915722
-3.368375465651853 6.456545143313003
-3.7751270446480047 6.227466921791821
-4.166365816855485 5.97279870290153
-4.54048409823884 5.693586972979714
-4.895944556531749 5.390979072915347
-5.231286528465052 5.0662184834789885
-5.545132021945451 4.720639715593558
-5.83619137852059 4.355662826542708
-6.103268572862263 3.972787584650847
-6.34526612749104 3.573587306413394
-6.5611896225466415 3.1597023914018125
-6.750151782072438 2.7328335815099267
-6.911376120022682 2.294734972240651
-7.044200131010226 1.8472068047513248
-7.148078012683257 1.3920880682766648
-7.222582908544248 0.9312489433274983
-7.267408661994856 0.46658311671793057
-7.282371074399057 8.918332426466078e-16
-7.267408661994856 -0.46658311671792885
-7.222582908544249 -0.9312489433274966
-7.148078012683257 -1.392088068276663
-7.044200131010226 -1.8472068047513233
-6.911376120022683 -2.2947349722406463
-6.750151782072439 -2.732833581509925
-6.561189622546642 -3.159702391401811
-6.345266127491042 -3.5735873064133896
-6.103268572862264 -3.9727875846508454
-5.836191378520592 -4.355662826542707
-5.545132021945455 -4.720639715593554
-5.231286528465053 -5.066218483478988
-4.89594455653175 -5.3909790729153455
-4.540484098238842 -5.693586972979713
-4.166365816855487 -5.972798702901529
-3.7751270446480087 -6.227466921791819
-3.3683754656518547 -6.4565451433130026
-2.9477825093530714 -6.659092035915721
-2.5150764824259846 -6.834275290972102
-2.072035466750402 -6.981375042910424
-1.6204800128917283 -7.0997868272971765
-1.1622656590682032 -7.189024064711067
-0.6992753063463715 -7.248720060202233
-0.2334114813966796 -7.278629510120452
0.23341148139667692 -7.278629510120452
0.6992753063463688 -7.248720060202233
1.1622656590682006 -7.1890240647110675
1.6204800128917256 -7.0997868272971765
2.0720354667503993 -6.981375042910424
2.515076482425988 -6.8342752909721005
2.9477825093530687 -6.659092035915722
3.3683754656518525 -6.456545143313004
3.7751270446480008 -6.227466921791823
4.1663658168554845 -5.972798702901531
4.5404840982388395 -5.693586972979714
4.895944556531746 -5.39097907291535
5.2312865284650485 -5.066218483478991
5.545132021945448 -4.7206397155935615
5.836191378520586 -4.355662826542714
6.103268572862264 -3.9727875846508445
6.345266127491041 -3.573587306413392
6.5611896225466415 -3.1597023914018134
6.750151782072438 -2.732833581509927
6.911376120022681 -2.294734972240652
7.044200131010225 -1.847206804751326
7.148078012683257 -1.3920880682766656
7.222582908544248 -0.9312489433275025
7.267408661994856 -0.4665831167179347
7.46795843360529 0.0
7.452614712067417 0.4784737396479111
7.406646598096818 0.9549813280673137
7.330242984533925 1.4275646933668353
7.223717830215394 1.894281889129646
7.087508869849891 2.3532150742878324
6.922175815272291 2.802478393942719
6.728398055467681 3.2402257287471654
6.506971864816298 3.6646582810059503
6.258807131031296 4.074031966321346
5.984923616234967 4.4666645804100105
5.686446766537441 4.840942711641222
5.364603087337204 5.195328370891345
5.020715103347345 5.528365311471035
4.656195924057821 5.838685013155249
4.2725434369654485 6.125012305726401
3.8713341524328926 6.386170608922304
3.4542167254694167 6.6210867672568465
3.0229051810538246 6.828795459846072
2.5791718708381555 7.008443167118756
2.1248401901745786 7.159291678111406
1.6617770853927842 7.2807211239354475
1.1918853821170456 7.372232524951453
0.7170959661475722 7.433449841183517
0.2393598490365976 7.464121517548167
-0.23935984903659666 7.464121517548167
-0.7170959661475712 7.433449841183517
-1.191885382117043 7.372232524951454
-1.6617770853927833 7.2807211239354475
-2.1248401901745777 7.159291678111407
-2.5791718708381532 7.008443167118757
-3.0229051810538237 6.828795459846072
-3.454216725469416 6.6210867672568465
-3.8713341524328917 6.3861706089223045
-4.272543436965449 6.1250123057264005
-4.65619592405782 5.83868501315525
-5.020715103347346 5.528365311471035
-5.364603087337203 5.195328370891346
-5.686446766537438 4.840942711641224
-5.984923616234966 4.466664580410011
-6.258807131031296 4.074031966321346
-6.506971864816297 3.664658281005952
-6.7283980554676805 3.2402257287471663
-6.92217581527229 2.8024783939427222
-7.0875088698498905 2.353215074287837
-7.223717830215394 1.894281889129646
-7.330242984533925 1.4275646933668373
-7.406646598096818 0.9549813280673142
-7.452614712067417 0.4784737396479135
-7.46795843360529 9.1456113918802e-16
-7.452614712067417 -0.47847373964791173
-7.406646598096818 -0.9549813280673125
-7.330242984533925 -1.4275646933668353
-7.223717830215394 -1.8942818891296445
-7.087508869849891 -2.353215074287832
-6.922175815272291 -2.8024783939427205
-6.728398055467681 -3.2402257287471645
-6.506971864816299 -3.6646582810059476
-6.258807131031298 -4.0740319663213445
-5.984923616234968 -4.4666645804100105
-5.686446766537442 -4.840942711641221
-5.364603087337204 -5.195328370891345
-5.020715103347347 -5.528365311471033
-4.656195924057822 -5.838685013155248
-4.27254343696545 -6.1250123057264
-3.871334152432896 -6.386170608922302
-3.4542167254694176 -6.621086767256846
-3.0229051810538268 -6.828795459846071
-2.579171870838152 -7.008443167118758
-2.1248401901745777 -7.159291678111407
-1.6617770853927851 -7.2807211239354475
-1.1918853821170399 -7.372232524951454
-0.7170959661475698 -7.433449841183517
-0.23935984903659682 -7.464121517548167
0.23935984903659407 -7.464121517548167
0.717095966147567 -7.433449841183517
1.1918853821170372 -7.372232524951454
1.6617770853927825 -7.2807211239354475
2.124840190174575 -7.1592916781114075
2.5791718708381555 -7.008443167118756
3.022905181053824 -6.828795459846072
3.454216725469415 -6.621086767256847
3.8713341524328877 -6.386170608922306
4.2725434369654485 -6.125012305726401
4.656195924057819 -5.83868501315525
5.020715103347342 -5.5283653114710365
5.3646030873371995 -5.195328370891349
5.6864467665374345 -4.840942711641228
5.984923616234962 -4.466664580410018
6.258807131031298 -4.074031966321344
6.506971864816298 -3.6646582810059503
6.7283980554676805 -3.240225728747167
6.92217581527229 -2.8024783939427227
7.08750886984989 -2.3532150742878377
7.223717830215393 -1.8942818891296473
7.330242984533925 -1.427564693366838
7.406646598096818 -0.9549813280673185
7.452614712067417 -0.4784737396479178
7.904414725470706 0.0
7.888174257671405 0.5064375902796946
7.839519589839262 1.0107941198704076
7.758650654440789 1.5109970796079142
7.645899759277874 2.0049910282374546
7.50173022196373 2.4907460386627407
7.326734466051452 2.9662660393518117
7.121631586638553 3.4295970166231164
6.8872643954509725 3.878835044106863
6.624595957548903 4.312134106386868
6.334705633885888 4.727713684673863
6.018784645983141 5.123866073339127
5.678131180944789 5.498963397243217
5.314145056928617 5.851464301024084
4.928321970992987 6.179920282856886
4.522247352956796 6.482981646658686
4.097589850528294 6.759403048279164
3.656094472473701 7.0080486128868555
3.1995754180019107 7.227896602522481
2.729908621830777 7.418043614639383
2.2490240455689747 7.5777082943783665
1.7588977470897864 7.706234545322418
1.2615437604854243 7.803094225537612
0.7590058199689358 7.867889317821612
0.25334896173195903 7.900353565241715
-0.25334896173195803 7.900353565241715
-0.7590058199689348 7.867889317821612
-1.2615437604854214 7.803094225537613
-1.7588977470897855 7.706234545322418
-2.249024045568974 7.577708294378367
-2.7299086218307744 7.418043614639384
-3.19957541800191 7.227896602522481
-3.6560944724737 7.0080486128868555
-4.097589850528293 6.7594030482791645
-4.522247352956797 6.482981646658685
-4.928321970992986 6.179920282856887
-5.314145056928618 5.851464301024084
-5.6781311809447885 5.498963397243218
-6.018784645983138 5.123866073339131
-6.334705633885887 4.727713684673864
-6.624595957548903 4.312134106386868
-6.887264395450971 3.8788350441068653
-7.121631586638552 3.4295970166231173
-7.326734466051451 2.9662660393518148
-7.501730221963729 2.4907460386627456
-7.645899759277874 2.0049910282374546
-7.758650654440789 1.5109970796079162
-7.839519589839261 1.010794119870408
-7.888174257671405 0.5064375902796971
-7.904414725470706 9.680116192680905e-16
-7.888174257671405 -0.5064375902796953
-7.839519589839262 -1.0107941198704062
-7.758650654440789 -1.5109970796079142
-7.645899759277874 -2.004991028237453
-7.50173022196373 -2.4907460386627402
-7.326734466051452 -2.966266039351813
-7.121631586638553 -3.4295970166231156
-6.887264395450973 -3.8788350441068604
-6.624595957548904 -4.312134106386866
-6.334705633885889 -4.727713684673863
-6.018784645983142 -5.123866073339126
-5.678131180944789 -5.498963397243217
-5.314145056928619 -5.851464301024082
-4.928321970992988 -6.1799202828568855
-4.522247352956799 -6.482981646658685
-4.097589850528298 -6.759403048279162
-3.656094472473702 -7.008048612886855
-3.1995754180019134 -7.22789660252248
-2.729908621830773 -7.418043614639385
-2.249024045568974 -7.577708294378367
-1.7588977470897875 -7.706234545322418
-1.261543760485418 -7.803094225537613
-0.7590058199689332 -7.867889317821612
-0.2533489617319582 -7.900353565241715
0.25334896173195526 -7.900353565241715
0.7590058199689304 -7.867889317821612
1.2615437604854152 -7.803094225537614
1.7588977470897846 -7.706234545322418
2.249024045568971 -7.577708294378368
2.729908621830777 -7.418043614639383
3.1995754180019103 -7.227896602522481
3.6560944724736992 -7.008048612886856
4.097589850528289 -6.759403048279166
4.522247352956796 -6.482981646658686
4.928321970992985 -6.179920282856887
5.314145056928615 -5.8514643010240865
5.678131180944785 -5.498963397243221
6.018784645983135 -5.123866073339134
6.334705633885883 -4.727713684673871
6.624595957548904 -4.312134106386865
6.8872643954509725 -3.878835044106863
7.121631586638552 -3.429597016623118
7.326734466051451 -2.9662660393518157
7.5017302219637285 -2.4907460386627465
7.6458997592778735 -2.004991028237456
7.758650654440789 -1.510997079607917
7.839519589839261 -1.0107941198704127
7.888174257671405 -0.5064375902797016
7.740427302702489 0.0
7.724523764650862 0.49593088002886476
7.676878501545134 0.9898238736948508
7.597687297991281 1.4796494687472697
7.487275567631168 1.9633948667487902
7.346097015948086 2.439072254095962
7.174731775893605 2.9047269703716956
6.973884023996837 3.358445540464191
6.744379086752035 3.798363537446609
6.487160049174991 4.222673243907236
6.20328387946442 4.629631080248078
5.8939170856929115 5.017564769427427
5.56033092237504 5.384880208704932
5.203896166609886 5.730068020151686
4.826077485263907 6.0517097530079
4.428427416340602 6.348483712401334
4.012579989268854 6.619170390475025
3.5802440103254893 6.862657477606659
3.133196040783767 7.077944433127394
2.673273096642022 7.264146596758088
2.2023650999308915 7.420498823868145
1.7224071126183138 7.546358629618922
1.2353713850248225 7.641208829071744
0.7432592514239293 7.704659662411759
0.2480929061303277 7.736450396554607
-0.24809290613032672 7.736450396554607
-0.7432592514239283 7.704659662411759
-1.2353713850248196 7.641208829071745
-1.722407112618313 7.546358629618922
-2.2023650999308906 7.4204988238681455
-2.6732730966420197 7.2641465967580885
-3.133196040783766 7.077944433127394
-3.5802440103254884 6.862657477606659
-4.012579989268853 6.619170390475026
-4.428427416340603 6.348483712401333
-4.826077485263906 6.051709753007901
-5.203896166609887 5.730068020151686
-5.560330922375039 5.384880208704933
-5.89391708569291 5.01756476942743
-6.203283879464419 4.629631080248079
-6.487160049174991 4.222673243907236
-6.7443790867520335 3.7983635374466114
-6.9738840239968365 3.3584455404641917
-7.174731775893604 2.9047269703716982
-7.346097015948085 2.439072254095967
-7.487275567631168 1.9633948667487902
-7.597687297991281 1.4796494687472717
-7.676878501545133 0.9898238736948513
-7.724523764650862 0.49593088002886726
-7.740427302702489 9.479289520287384e-16
-7.724523764650862 -0.49593088002886543
-7.676878501545134 -0.9898238736948496
-7.597687297991281 -1.4796494687472697
-7.487275567631168 -1.9633948667487884
-7.346097015948086 -2.4390722540959615
-7.174731775893605 -2.904726970371697
-6.973884023996837 -3.35844554046419
-6.744379086752036 -3.7983635374466065
-6.487160049174992 -4.222673243907234
-6.203283879464421 -4.629631080248078
-5.893917085692912 -5.017564769427426
-5.56033092237504 -5.384880208704932
-5.203896166609888 -5.730068020151684
-4.826077485263908 -6.051709753007899
-4.428427416340605 -6.3484837124013325
-4.012579989268858 -6.619170390475023
-3.58024401032549 -6.862657477606659
-3.133196040783769 -7.077944433127393
-2.6732730966420184 -7.264146596758089
-2.2023650999308906 -7.4204988238681455
-1.722407112618315 -7.546358629618922
-1.2353713850248165 -7.641208829071745
-0.7432592514239269 -7.704659662411759
-0.24809290613032686 -7.736450396554607
0.24809290613032403 -7.736450396554607
0.743259251423924 -7.704659662411759
1.2353713850248136 -7.641208829071746
1.722407112618312 -7.546358629618922
2.202365099930888 -7.420498823868146
2.673273096642022 -7.264146596758088
3.1331960407837665 -7.077944433127394
3.5802440103254876 -6.86265747760666
4.012579989268849 -6.619170390475028
4.428427416340602 -6.348483712401334
4.826077485263905 -6.051709753007901
5.2038961666098835 -5.7300680201516885
5.5603309223750355 -5.384880208704937
5.893917085692906 -5.017564769427434
6.203283879464415 -4.629631080248085
6.487160049174992 -4.222673243907234
6.744379086752035 -3.798363537446609
6.9738840239968365 -3.3584455404641926
7.174731775893604 -2.904726970371699
7.346097015948084 -2.4390722540959677
7.487275567631167 -1.9633948667487915
7.597687297991281 -1.4796494687472725
7.676878501545133 -0.9898238736948558
7.724523764650862 -0.49593088002887165
7.612104578153322 0.0
7.596464692901851 0.4877092148384752
7.549609304790679 0.9734143278998807
7.471730952660004 1.455119472691227
7.3631496553635865 1.9308452194471368
7.2243115967426315 2.398636709031338
7.055787292160684 2.8565716858721686
6.858269244133621 3.302768396923046
6.632569096688273 3.735393324189366
6.379614300143022 4.152668719047238
6.100444300015508 4.552879907393898
5.796206265718033 4.934382335611397
5.468150376592376 5.295608328390179
5.117624684654723 5.63507353064318
4.7460695751607735 5.951383007039288
4.355011847753756 6.24323697409182
3.946058442517207 6.509436141247677
3.5208898367134718 6.748886639029474
3.0812531393421807 6.960604513979854
2.6289549118946085 7.143719771937305
2.165853744804998 7.29747995302878
1.6938526201038142 7.421253223688719
1.214891091656378 7.514530972998696
0.7309373151200004 7.576929902678785
0.2439799603702339 7.608193602142397
-0.24397996037023295 7.608193602142397
-0.7309373151199994 7.576929902678785
-1.2148910916563753 7.514530972998697
-1.6938526201038133 7.421253223688719
-2.165853744804997 7.297479953028781
-2.628954911894606 7.143719771937305
-3.08125313934218 6.960604513979854
-3.520889836713471 6.748886639029474
-3.9460584425172063 6.509436141247677
-4.355011847753756 6.243236974091819
-4.746069575160773 5.951383007039289
-5.117624684654724 5.63507353064318
-5.468150376592375 5.29560832839018
-5.79620626571803 4.9343823356114
-6.100444300015507 4.552879907393899
-6.379614300143022 4.152668719047238
-6.632569096688271 3.7353933241893684
-6.85826924413362 3.302768396923047
-7.055787292160684 2.8565716858721717
-7.224311596742631 2.3986367090313427
-7.3631496553635865 1.9308452194471368
-7.471730952660004 1.4551194726912289
-7.549609304790678 0.9734143278998811
-7.596464692901851 0.4877092148384776
-7.612104578153322 9.32213950641038e-16
-7.596464692901851 -0.48770921483847585
-7.549609304790679 -0.9734143278998794
-7.471730952660004 -1.455119472691227
-7.3631496553635865 -1.9308452194471353
-7.2243115967426315 -2.3986367090313374
-7.055787292160684 -2.85657168587217
-6.858269244133621 -3.302768396923045
-6.6325690966882735 -3.7353933241893635
-6.379614300143023 -4.152668719047236
-6.100444300015509 -4.552879907393898
-5.796206265718034 -4.934382335611396
-5.468150376592376 -5.295608328390179
-5.117624684654725 -5.635073530643179
-4.746069575160774 -5.951383007039287
-4.355011847753758 -6.243236974091818
-3.9460584425172107 -6.509436141247675
-3.5208898367134727 -6.7488866390294735
-3.0812531393421834 -6.960604513979853
-2.628954911894605 -7.143719771937306
-2.165853744804997 -7.297479953028781
-1.6938526201038153 -7.421253223688719
-1.2148910916563722 -7.514530972998697
-0.7309373151199979 -7.576929902678785
-0.2439799603702331 -7.608193602142397
0.2439799603702303 -7.608193602142397
0.730937315119995 -7.576929902678785
1.2148910916563693 -7.514530972998698
1.6938526201038127 -7.421253223688719
2.165853744804995 -7.297479953028782
2.6289549118946085 -7.143719771937305
3.0812531393421803 -6.960604513979854
3.52088983671347 -6.748886639029474
3.9460584425172023 -6.509436141247678
4.355011847753756 -6.24323697409182
4.746069575160772 -5.951383007039289
5.1176246846547215 -5.635073530643183
5.468150376592372 -5.295608328390183
5.796206265718027 -4.934382335611404
6.100444300015503 -4.552879907393905
6.379614300143023 -4.152668719047235
6.632569096688273 -3.735393324189366
6.85826924413362 -3.3027683969230477
7.055787292160684 -2.8565716858721726
7.22431159674263 -2.3986367090313436
7.363149655363586 -1.9308452194471382
7.471730952660004 -1.4551194726912298
7.549609304790678 -0.9734143278998856
7.596464692901851 -0.48770921483848195
8.087678651608018 0.0
8.071061648417475 0.5181793503418413
8.02127892167629 1.0342293905840059
7.938535039287002 1.5460295604187524
7.82317001361086 2.0514767631674373
7.675657904284084 2.5484940078558815
7.496604870205149 3.0350389440157954
7.286746678697839 3.509112254140937
7.046945682085499 3.9687658693115955
6.77818727410036 4.412110974227644
6.481575840689333 4.837325768755754
6.158330221855257 5.2426629540969225
5.809778703181886 5.626456912812031
5.437353557623516 5.987130553201172
5.042585159988192 6.3232017899117325
4.627095698299351 6.633289634145016
4.192592507877285 6.916119868435432
3.740861055532076 7.170530282683389
3.2737576026975073 7.395475449925877
2.7932015776546524 7.59003102222011
2.301167688189352 7.753397528987493
1.799677807094362 7.8849036622097115
1.2907926638603442 7.984009034977378
0.7766033766963624 8.050306402055757
0.25922285967663516 8.083523333342779
-0.25922285967663417 8.083523333342779
-0.7766033766963614 8.050306402055757
-1.2907926638603413 7.984009034977379
-1.799677807094361 7.8849036622097115
-2.3011676881893512 7.7533975289874935
-2.7932015776546497 7.590031022220111
-3.2737576026975064 7.395475449925877
-3.740861055532075 7.170530282683389
-4.1925925078772845 6.916119868435433
-4.627095698299352 6.633289634145015
-5.0425851599881915 6.323201789911733
-5.437353557623517 5.987130553201172
-5.809778703181885 5.626456912812032
-6.1583302218552545 5.242662954096926
-6.481575840689332 4.837325768755755
-6.77818727410036 4.412110974227644
-7.046945682085497 3.9687658693115977
-7.286746678697838 3.509112254140938
-7.496604870205148 3.0350389440157985
-7.675657904284083 2.5484940078558864
-7.82317001361086 2.0514767631674373
-7.938535039287002 1.5460295604187544
-8.021278921676288 1.0342293905840063
-8.071061648417475 0.5181793503418438
-8.087678651608018 9.90454977322414e-16
-8.071061648417475 -0.5181793503418419
-8.02127892167629 -1.0342293905840045
-7.938535039287002 -1.5460295604187524
-7.82317001361086 -2.0514767631674355
-7.675657904284084 -2.548494007855881
-7.496604870205149 -3.0350389440157968
-7.286746678697839 -3.5091122541409363
-7.0469456820855 -3.968765869311593
-6.778187274100362 -4.412110974227642
-6.4815758406893345 -4.837325768755754
-6.158330221855258 -5.242662954096922
-5.809778703181886 -5.626456912812031
-5.437353557623518 -5.98713055320117
-5.042585159988193 -6.323201789911732
-4.627095698299354 -6.633289634145014
-4.192592507877289 -6.91611986843543
-3.740861055532077 -7.170530282683388
-3.27375760269751 -7.395475449925876
-2.7932015776546484 -7.590031022220112
-2.3011676881893512 -7.7533975289874935
-1.799677807094363 -7.8849036622097115
-1.290792663860338 -7.984009034977379
-0.7766033766963598 -8.050306402055757
-0.25922285967663433 -8.083523333342779
0.25922285967663133 -8.083523333342779
0.7766033766963568 -8.050306402055757
1.290792663860335 -7.98400903497738
1.7996778070943602 -7.8849036622097115
2.301167688189348 -7.753397528987494
2.7932015776546524 -7.59003102222011
3.273757602697507 -7.395475449925877
3.7408610555320743 -7.17053028268339
4.19259250787728 -6.916119868435435
4.627095698299351 -6.633289634145016
5.042585159988191 -6.323201789911733
5.4373535576235135 -5.987130553201174
5.809778703181881 -5.626456912812036
6.158330221855251 -5.24266295409693
6.481575840689327 -4.837325768755762
6.778187274100362 -4.412110974227641
7.046945682085499 -3.9687658693115955
7.286746678697838 -3.509112254140939
7.496604870205148 -3.0350389440158
7.6756579042840825 -2.5484940078558873
7.823170013610859 -2.0514767631674387
7.938535039287002 -1.5460295604187553
8.021278921676288 -1.034229390584011
8.071061648417475 -0.5181793503418485
1.0 0.5 0.4 0.32000000000000006 0.25600000000000006 0.20480000000000007 0.16384000000000007 0.13107200000000005 0.10485760000000005 0.08388608000000004 0.06710886400000003 0.05368709120000003 0.042949672960000025 0.03435973836800002 0.027487790694400018 0.021990232555520017 