0.0 0.0
2.5617140984358495 0.0
2.5564507820776377 0.16412958581447853
2.540682461098896 0.32758472795515964
2.5144739309128195 0.4896937541819692
2.477932887991656 0.6497905237338641
2.431209487318797 0.8072171646441065
2.374495725369745 0.9613267770772873
2.308024651157414 1.1114860915795108
2.232069408583741 1.2570780713184146
2.1469421140328113 1.397504447619871
2.052992573817681 1.532188178382293
1.950606846751209 1.6605758192664084
1.8402056577475787 1.7821397979167624
1.722242668973388 1.8963805818696884
1.597202615652492 2.0028287312393527
1.4655993141849932 2.1010468277469387
1.3279735507654415 2.1906312721661814
1.1848908591763605 2.2712139427991596
1.0369391968886321 2.3424637081673123
0.8847265290181286 2.404087787701716
0.7288783300666434 2.4558329548412403
0.5700350137130032 2.497486577594805
0.4088493012158901 2.528877492291842
0.24598353924217953 2.549876706930531
0.08210697814241974 2.5603979312336036
-0.08210697814241942 2.5603979312336036
-0.2459835392421792 2.549876706930531
-0.40884930121588914 2.5288774922918424
-0.570035013713003 2.497486577594805
-0.728878330066643 2.4558329548412408
-0.8847265290181279 2.4040877877017164
-1.036939196888632 2.3424637081673123
-1.18489085917636 2.2712139427991596
-1.327973550765441 2.190631272166182
-1.4655993141849935 2.1010468277469387
-1.5972026156524919 2.002828731239353
-1.7222426689733885 1.8963805818696884
-1.8402056577475785 1.7821397979167626
-1.950606846751208 1.6605758192664095
-2.052992573817681 1.5321881783822933
-2.1469421140328113 1.397504447619871
-2.2320694085837407 1.2570780713184155
-2.3080246511574134 1.111486091579511
-2.3744957253697447 0.9613267770772883
-2.4312094873187964 0.8072171646441081
-2.477932887991656 0.6497905237338641
-2.5144739309128195 0.48969375418196986
-2.5406824610988954 0.3275847279551598
-2.5564507820776377 0.16412958581447934
-2.5617140984358495 3.1371949709801107e-16
-2.5564507820776377 -0.16412958581447873
-2.540682461098896 -0.3275847279551592
-2.5144739309128195 -0.4896937541819692
-2.477932887991656 -0.6497905237338636
-2.431209487318797 -0.8072171646441063
-2.374495725369745 -0.9613267770772878
-2.308024651157414 -1.1114860915795104
-2.2320694085837416 -1.257078071318414
-2.1469421140328118 -1.3975044476198704
-2.0529925738176815 -1.532188178382293
-1.9506068467512092 -1.6605758192664082
-1.8402056577475787 -1.7821397979167624
-1.7222426689733887 -1.8963805818696877
-1.5972026156524926 -2.0028287312393522
-1.4655993141849941 -2.1010468277469383
-1.3279735507654427 -2.190631272166181
-1.1848908591763607 -2.271213942799159
-1.036939196888633 -2.3424637081673123
-0.8847265290181274 -2.404087787701717
-0.728878330066643 -2.4558329548412408
-0.5700350137130037 -2.497486577594805
-0.4088493012158881 -2.5288774922918424
-0.2459835392421787 -2.549876706930531
-0.08210697814241946 -2.5603979312336036
0.08210697814241852 -2.5603979312336036
0.24598353924217775 -2.549876706930531
0.4088493012158872 -2.5288774922918424
0.5700350137130027 -2.497486577594805
0.7288783300666423 -2.455832954841241
0.8847265290181286 -2.404087787701716
1.036939196888632 -2.3424637081673123
1.1848908591763598 -2.27121394279916
1.3279735507654398 -2.1906312721661823
1.4655993141849932 -2.1010468277469387
1.5972026156524917 -2.002828731239353
1.7222426689733872 -1.896380581869689
1.8402056577475772 -1.7821397979167637
1.950606846751207 -1.6605758192664106
2.0529925738176797 -1.5321881783822957
2.1469421140328118 -1.3975044476198701
2.232069408583741 -1.2570780713184146
2.3080246511574134 -1.1114860915795113
2.3744957253697447 -0.9613267770772886
2.431209487318796 -0.8072171646441083
2.477932887991656 -0.6497905237338646
2.5144739309128195 -0.48969375418197014
2.5406824610988954 -0.32758472795516125
2.5564507820776377 -0.1641295858144808
3.8246974180404556 0.0
3.8168391669975796 0.24504920493351667
3.7932967051080775 0.48909145012107197
3.7541667733976936 0.7311239136302927
3.699610165149172 0.9701520321528189
3.62985106516816 1.205193587878271
3.5451761285597607 1.435282744637917
3.445933302801215 1.6594740167326631
3.332530397951083 1.8768461541365942
3.205433410870241 2.086505928110941
3.065164610340824 2.287591801672561
2.9123003909517693 2.479277469834206
2.747468904569818 2.660775255068953
2.571347479128758 2.831339344046119
2.3846598353436534 2.9902688523382155
2.188173112787191 3.136910704505396
1.982694717548626 3.2706623177225285
1.7690690044289692 3.3909740779212725
1.5481738073060034 3.4973515982721786
1.3209168319265774 3.589357750726219
1.0882319259489919 3.666614462267703
0.8510752415626666 3.728804268497393
0.6104213064536944 3.7756716181618195
0.3672590192615427 3.8070239232681975
0.12258758598243352 3.8227323504697956
-0.12258758598243305 3.8227323504697956
-0.3672590192615422 3.8070239232681975
-0.6104213064536931 3.77567161816182
-0.8510752415626662 3.728804268497393
-1.0882319259489914 3.6666144622677033
-1.3209168319265763 3.5893577507262195
-1.548173807306003 3.4973515982721786
-1.7690690044289687 3.3909740779212725
-1.9826947175486256 3.270662317722529
-2.1881731127871915 3.1369107045053957
-2.384659835343653 2.990268852338216
-2.5713474791287583 2.831339344046119
-2.7474689045698177 2.660775255068953
-2.912300390951768 2.4792774698342073
-3.0651646103408234 2.2875918016725616
-3.205433410870241 2.086505928110941
-3.332530397951082 1.876846154136595
-3.4459333028012145 1.6594740167326636
-3.5451761285597603 1.4352827446379186
-3.6298510651681597 1.2051935878782731
-3.699610165149172 0.9701520321528189
-3.7541667733976936 0.7311239136302937
-3.793296705108077 0.4890914501210722
-3.8168391669975796 0.2450492049335179
-3.8246974180404556 4.68390345071039e-16
-3.8168391669975796 -0.245049204933517
-3.7932967051080775 -0.4890914501210713
-3.7541667733976936 -0.7311239136302927
-3.699610165149172 -0.970152032152818
-3.62985106516816 -1.2051935878782707
-3.5451761285597607 -1.4352827446379177
-3.445933302801215 -1.6594740167326627
-3.3325303979510834 -1.8768461541365928
-3.205433410870242 -2.08650592811094
-3.065164610340824 -2.287591801672561
-2.9123003909517697 -2.4792774698342055
-2.747468904569818 -2.660775255068953
-2.5713474791287587 -2.831339344046118
-2.384659835343654 -2.990268852338215
-2.1881731127871924 -3.136910704505395
-1.9826947175486278 -3.2706623177225276
-1.7690690044289696 -3.390974077921272
-1.5481738073060045 -3.497351598272178
-1.3209168319265756 -3.5893577507262195
-1.0882319259489914 -3.6666144622677033
-0.8510752415626671 -3.728804268497393
-0.6104213064536915 -3.77567161816182
-0.3672590192615415 -3.8070239232681975
-0.12258758598243312 -3.8227323504697956
0.12258758598243172 -3.8227323504697956
0.36725901926154003 -3.8070239232681975
0.6104213064536901 -3.7756716181618204
0.8510752415626658 -3.728804268497393
1.08823192594899 -3.6666144622677037
1.3209168319265774 -3.589357750726219
1.5481738073060032 -3.4973515982721786
1.7690690044289683 -3.390974077921273
1.9826947175486236 -3.27066231772253
2.188173112787191 -3.136910704505396
2.384659835343653 -2.990268852338216
2.5713474791287565 -2.8313393440461203
2.747468904569816 -2.660775255068955
2.912300390951766 -2.479277469834209
3.065164610340821 -2.2875918016725647
3.205433410870242 -2.0865059281109395
3.332530397951083 -1.8768461541365942
3.4459333028012145 -1.659474016732664
3.5451761285597603 -1.435282744637919
3.6298510651681593 -1.2051935878782736
3.6996101651491715 -0.9701520321528195
3.7541667733976936 -0.7311239136302942
3.793296705108077 -0.4890914501210744
3.8168391669975796 -0.2450492049335201
4.694298982410851 0.0
4.684654041689501 0.3007647684583
4.655758852655708 0.6002936299691644
4.607732151839211 0.8973557561919057
4.54077129125536 1.1907304551302482
4.455151427443352 1.4792121872175792
4.351224390788996 1.7616155191376137
4.229417239778183 2.0367799950241685
4.090230506121968 2.3035749050232295
3.934236137964406 2.560903931622283
3.7620751496249434 2.8077096546541296
3.5744549875330835 3.0429778964631695
3.372146623179259 3.2657418893789316
3.1559813850276086 3.4750862483717966
2.9268475424089964 3.6701507325664395
2.685686655431796 3.8501337801561033
2.433489705909446 4.014295802192
2.1712930252036076 4.161962221712941
1.9001740357163155 4.292526245726766
1.6212468235302135 4.405451358652907
1.3356575603898708 4.500273526979991
1.0445797938362391 4.57660310607907
0.7492096248480722 4.634126441336982
0.4507607928064419 4.672607157030437
0.15045968797928408 4.691887127644561
-0.1504596879792835 4.691887127644561
-0.45076079280644127 4.672607157030437
-0.7492096248480705 4.634126441336983
-1.0445797938362387 4.57660310607907
-1.3356575603898704 4.500273526979992
-1.621246823530212 4.405451358652908
-1.900174035716315 4.292526245726766
-2.171293025203607 4.161962221712941
-2.4334897059094454 4.0142958021920006
-2.6856866554317964 3.850133780156103
-2.926847542408996 3.67015073256644
-3.155981385027609 3.4750862483717966
-3.3721466231792583 3.265741889378932
-3.574454987533082 3.0429778964631717
-3.762075149624943 2.80770965465413
-3.934236137964406 2.560903931622283
-4.0902305061219675 2.303574905023231
-4.229417239778182 2.036779995024169
-4.351224390788995 1.7616155191376155
-4.455151427443352 1.4792121872175819
-4.54077129125536 1.1907304551302482
-4.607732151839211 0.8973557561919069
-4.655758852655708 0.6002936299691647
-4.684654041689501 0.3007647684583015
-4.694298982410851 5.748858223050126e-16
-4.684654041689501 -0.3007647684583004
-4.655758852655708 -0.6002936299691636
-4.607732151839211 -0.8973557561919057
-4.54077129125536 -1.1907304551302471
-4.455151427443352 -1.4792121872175787
-4.351224390788996 -1.7616155191376146
-4.229417239778183 -2.0367799950241676
-4.090230506121969 -2.3035749050232277
-3.9342361379644073 -2.560903931622282
-3.762075149624944 -2.8077096546541296
-3.574454987533084 -3.042977896463169
-3.372146623179259 -3.2657418893789316
-3.15598138502761 -3.4750862483717957
-2.926847542408997 -3.670150732566439
-2.6856866554317973 -3.8501337801561024
-2.433489705909448 -4.014295802191999
-2.171293025203608 -4.16196222171294
-1.900174035716317 -4.292526245726766
-1.6212468235302113 -4.4054513586529085
-1.3356575603898704 -4.500273526979992
-1.0445797938362398 -4.57660310607907
-0.7492096248480686 -4.634126441336983
-0.4507607928064404 -4.672607157030437
-0.1504596879792836 -4.691887127644561
0.15045968797928186 -4.691887127644561
0.4507607928064386 -4.672607157030437
0.7492096248480669 -4.634126441336983
1.044579793836238 -4.57660310607907
1.3356575603898688 -4.500273526979992
1.6212468235302135 -4.405451358652907
1.9001740357163153 -4.292526245726766
2.1712930252036067 -4.161962221712941
2.4334897059094427 -4.014295802192001
2.685686655431796 -3.8501337801561033
2.9268475424089955 -3.67015073256644
3.1559813850276073 -3.4750862483717984
3.3721466231792565 -3.2657418893789343
3.57445498753308 -3.042977896463174
3.7620751496249403 -2.8077096546541345
3.9342361379644073 -2.5609039316222812
4.090230506121968 -2.3035749050232295
4.229417239778182 -2.0367799950241694
4.351224390788995 -1.7616155191376162
4.455151427443351 -1.4792121872175825
4.540771291255359 -1.1907304551302489
4.607732151839211 -0.8973557561919073
4.655758852655708 -0.6002936299691674
4.684654041689501 -0.3007647684583042
5.8281712441696865 0.0
5.816196641279134 0.37341221369921707
5.780322038819299 0.7452899965156755
5.720694853226766 1.1141052228722481
5.637560105397127 1.4783423518932175
5.53125941384156 1.836504655086818
5.402229590903095 2.1871203667236534
5.251000847800996 2.5287487316377746
5.078194615879133 2.8599859255986932
4.884520993011293 3.1794708239262706
4.670775825656704 3.4858905946439815
4.437837438556218 3.777986093187112
4.186663025507559 4.0545570364978625
3.9182847160506866 4.314466935245885
3.6338053342261265 4.556647763906728
3.3343938668344313 4.7801043495077975
3.0212806598186726 4.983918461007571
2.6957523625090483 5.167252582503909
2.359146640504807 5.329353354766535
2.0128466789193653 5.469554670951714
1.6582754985759827 5.587280413778156
1.2968901085099738 5.682046822916494
0.930175518806043 5.753464482864246
0.5596386383733124 5.801239923137648
0.18680208273339569 5.825176824204815
-0.18680208273339494 5.825176824204815
-0.5596386383733116 5.801239923137648
-0.9301755188060409 5.753464482864246
-1.296890108509973 5.682046822916494
-1.658275498575982 5.587280413778156
-2.012846678919363 5.469554670951715
-2.359146640504806 5.329353354766535
-2.6957523625090474 5.167252582503909
-3.021280659818672 4.983918461007572
-3.3343938668344317 4.780104349507797
-3.633805334226126 4.556647763906728
-3.918284716050687 4.314466935245885
-4.186663025507558 4.0545570364978625
-4.437837438556216 3.7779860931871143
-4.670775825656703 3.485890594643982
-4.884520993011293 3.1794708239262706
-5.0781946158791325 2.859985925598695
-5.251000847800995 2.528748731637775
-5.402229590903095 2.1871203667236556
-5.53125941384156 1.8365046550868216
-5.637560105397127 1.4783423518932175
-5.720694853226766 1.1141052228722494
-5.780322038819299 0.7452899965156758
-5.816196641279134 0.37341221369921895
-5.8281712441696865 7.137451259055053e-16
-5.816196641279134 -0.37341221369921757
-5.780322038819299 -0.7452899965156745
-5.720694853226766 -1.1141052228722481
-5.637560105397127 -1.4783423518932162
-5.53125941384156 -1.8365046550868176
-5.402229590903095 -2.1871203667236543
-5.251000847800996 -2.5287487316377737
-5.078194615879134 -2.8599859255986915
-4.884520993011295 -3.1794708239262692
-4.670775825656704 -3.4858905946439815
-4.437837438556219 -3.777986093187111
-4.186663025507559 -4.0545570364978625
-3.918284716050688 -4.314466935245884
-3.6338053342261274 -4.556647763906727
-3.334393866834433 -4.780104349507796
-3.021280659818675 -4.98391846100757
-2.6957523625090487 -5.167252582503909
-2.3591466405048087 -5.329353354766534
-2.012846678919362 -5.469554670951715
-1.658275498575982 -5.587280413778156
-1.2968901085099747 -5.682046822916494
-0.9301755188060384 -5.753464482864246
-0.5596386383733105 -5.801239923137648
-0.18680208273339508 -5.825176824204815
0.1868020827333929 -5.825176824204815
0.5596386383733083 -5.801239923137648
0.9301755188060363 -5.7534644828642465
1.2968901085099724 -5.682046822916494
1.65827549857598 -5.587280413778157
2.0128466789193653 -5.469554670951714
2.3591466405048065 -5.329353354766535
2.695752362509047 -5.1672525825039095
3.0212806598186686 -4.9839184610075735
3.3343938668344313 -4.7801043495077975
3.633805334226125 -4.556647763906728
3.9182847160506844 -4.314466935245887
4.186663025507555 -4.054557036497865
4.437837438556214 -3.777986093187117
4.670775825656699 -3.4858905946439873
4.884520993011295 -3.179470823926269
5.078194615879133 -2.8599859255986932
5.251000847800995 -2.5287487316377755
5.402229590903095 -2.1871203667236565
5.531259413841559 -1.8365046550868223
5.637560105397126 -1.4783423518932186
5.720694853226766 -1.1141052228722501
5.780322038819299 -0.7452899965156792
5.816196641279134 -0.37341221369922223
5.302193561340222 0.0
5.291299636009972 0.33971270785538765
5.258662625495146 0.6780294633260503
5.204416642272563 1.0135600502950424
5.128784594723014 1.344925701609423
5.032077271152902 1.6707647647302324
4.914692062698434 1.989738297054847
4.777111330360196 2.3005355679193373
4.619900422878342 2.601879444671915
4.443705353593346 2.8925316406849455
4.249250145838627 3.17129780374031
4.03733385777336 3.4370324238788594
3.8088272988811043 3.6886435405465487
3.564669451626853 3.9250972296945736
3.305863612976668 4.145421852395068
3.0334732716352404 4.348712047513873
2.7486177379426877 4.534132452033633
2.4524675443882713 4.700921133739628
2.1462396356413262 4.848392722162665
1.8311923678645738 4.975941224913358
1.5086203378587326 5.083042517834836
1.1798490632865832 5.169256498741331
0.8462295358365604 5.234228895892455
0.5091326697081162 5.27769272377178
0.16994366823122758 5.299469380187588
-0.16994366823122692 5.299469380187588
-0.5091326697081155 5.27769272377178
-0.8462295358365584 5.234228895892455
-1.1798490632865828 5.169256498741331
-1.508620337858732 5.083042517834837
-1.831192367864572 4.975941224913358
-2.146239635641326 4.848392722162665
-2.452467544388271 4.700921133739628
-2.7486177379426873 4.534132452033634
-3.033473271635241 4.348712047513872
-3.3058636129766676 4.145421852395069
-3.5646694516268536 3.9250972296945736
-3.808827298881104 3.6886435405465496
-4.037333857773358 3.4370324238788617
-4.2492501458386265 3.171297803740311
-4.443705353593346 2.8925316406849455
-4.619900422878341 2.6018794446719165
-4.777111330360196 2.3005355679193378
-4.914692062698433 1.9897382970548492
-5.032077271152901 1.6707647647302357
-5.128784594723014 1.344925701609423
-5.204416642272563 1.0135600502950437
-5.258662625495146 0.6780294633260505
-5.291299636009972 0.3397127078553894
-5.302193561340222 6.493314373355009e-16
-5.291299636009972 -0.3397127078553881
-5.258662625495146 -0.6780294633260494
-5.204416642272563 -1.0135600502950424
-5.128784594723014 -1.3449257016094218
-5.032077271152902 -1.6707647647302322
-4.914692062698434 -1.9897382970548478
-4.777111330360196 -2.300535567919337
-4.6199004228783425 -2.6018794446719133
-4.443705353593347 -2.892531640684944
-4.249250145838627 -3.17129780374031
-4.037333857773361 -3.437032423878859
-3.8088272988811043 -3.6886435405465487
-3.5646694516268544 -3.9250972296945723
-3.305863612976669 -4.145421852395068
-3.033473271635242 -4.348712047513872
-2.7486177379426904 -4.534132452033632
-2.4524675443882717 -4.7009211337396275
-2.146239635641328 -4.848392722162664
-1.8311923678645712 -4.975941224913359
-1.508620337858732 -5.083042517834837
-1.1798490632865841 -5.169256498741331
-0.8462295358365562 -5.234228895892455
-0.5091326697081145 -5.27769272377178
-0.16994366823122703 -5.299469380187588
0.1699436682312251 -5.299469380187588
0.5091326697081126 -5.27769272377178
0.8462295358365542 -5.234228895892456
1.1798490632865821 -5.169256498741331
1.5086203378587302 -5.083042517834837
1.8311923678645738 -4.975941224913358
2.146239635641326 -4.848392722162665
2.45246754438827 -4.700921133739628
2.748617737942684 -4.534132452033635
3.0334732716352404 -4.348712047513873
3.305863612976667 -4.145421852395069
3.5646694516268513 -3.9250972296945754
3.8088272988811016 -3.688643540546552
4.037333857773356 -3.4370324238788643
4.249250145838624 -3.1712978037403152
4.443705353593347 -2.8925316406849437
4.619900422878342 -2.601879444671915
4.777111330360196 -2.3005355679193387
4.914692062698433 -1.9897382970548496
5.032077271152901 -1.6707647647302362
5.1287845947230135 -1.3449257016094238
5.204416642272563 -1.0135600502950444
5.258662625495146 -0.6780294633260536
5.291299636009972 -0.33971270785539237
6.909058551984849 0.0
6.89486315019559 0.44266490128529506
6.85233527677867 0.8835107975398854
6.781649687888159 1.3207261584149126
6.6830968457708195 1.7525143722101402
6.557081725194429 2.1771011285368025
6.404122149319597 2.5927417093395797
6.2248466618533165 2.997728158317328
6.019991944228059 3.3903962992818766
5.790399788419746 3.769132574614951
5.537013637843957 4.132380675722531
5.260874710544568 4.47864793824069
4.963117720605463 4.80651147571365
4.644966215366978 5.114624026539423
4.307727547607422 5.401719490156734
3.9527875033500854 5.666618129723792
3.581604607371224 5.908231419910039
3.1957041298088926 6.125566519880212
2.7966718185007924 6.317730353090297
2.3861473828062496 6.483933277130623
1.9658177556887446 6.623492328535894
1.5374101617465301 6.735834029228562
1.1026850196762552 6.820496743063261
0.6634287083349323 6.877132572788751
0.22144622612605105 6.90550878963234
-0.2214462261260502 6.90550878963234
-0.6634287083349314 6.877132572788751
-1.1026850196762525 6.820496743063262
-1.5374101617465292 6.735834029228562
-1.965817755688744 6.623492328535895
-2.3861473828062474 6.483933277130624
-2.7966718185007915 6.317730353090297
-3.1957041298088917 6.125566519880212
-3.581604607371223 5.90823141991004
-3.9527875033500863 5.666618129723792
-4.3077275476074215 5.401719490156735
-4.644966215366979 5.114624026539423
-4.963117720605462 4.806511475713651
-5.260874710544566 4.478647938240693
-5.537013637843957 4.132380675722532
-5.790399788419746 3.769132574614951
-6.0199919442280585 3.3903962992818784
-6.224846661853316 2.997728158317329
-6.404122149319596 2.5927417093395824
-6.557081725194428 2.177101128536807
-6.6830968457708195 1.7525143722101402
-6.781649687888159 1.3207261584149144
-6.852335276778669 0.8835107975398858
-6.89486315019559 0.4426649012852973
-6.909058551984849 8.461156440809892e-16
-6.89486315019559 -0.4426649012852957
-6.85233527677867 -0.8835107975398843
-6.781649687888159 -1.3207261584149126
-6.6830968457708195 -1.7525143722101386
-6.557081725194429 -2.177101128536802
-6.404122149319597 -2.5927417093395806
-6.2248466618533165 -2.997728158317327
-6.01999194422806 -3.3903962992818744
-5.790399788419748 -3.7691325746149498
-5.537013637843958 -4.132380675722531
-5.260874710544569 -4.478647938240689
-4.963117720605463 -4.80651147571365
-4.6449662153669795 -5.114624026539422
-4.307727547607423 -5.401719490156733
-3.9527875033500877 -5.666618129723791
-3.5816046073712267 -5.908231419910038
-3.1957041298088935 -6.125566519880211
-2.7966718185007946 -6.317730353090297
-2.386147382806246 -6.483933277130625
-1.965817755688744 -6.623492328535895
-1.537410161746531 -6.735834029228562
-1.1026850196762497 -6.820496743063262
-0.6634287083349301 -6.877132572788751
-0.22144622612605033 -6.90550878963234
0.22144622612604778 -6.90550878963234
0.6634287083349274 -6.877132572788751
1.1026850196762472 -6.820496743063263
1.5374101617465286 -6.735834029228562
1.9658177556887415 -6.623492328535896
2.3861473828062496 -6.483933277130623
2.796671818500792 -6.317730353090297
3.1957041298088913 -6.125566519880212
3.581604607371219 -5.908231419910042
3.9527875033500854 -5.666618129723792
4.307727547607421 -5.401719490156735
4.644966215366976 -5.114624026539426
4.963117720605459 -4.806511475713654
5.260874710544563 -4.478647938240696
5.537013637843953 -4.132380675722537
5.790399788419748 -3.769132574614949
6.019991944228059 -3.3903962992818766
6.224846661853316 -2.9977281583173294
6.404122149319596 -2.592741709339583
6.557081725194427 -2.1771011285368074
6.683096845770819 -1.7525143722101413
6.781649687888159 -1.320726158414915
6.852335276778669 -0.8835107975398898
6.89486315019559 -0.4426649012853012
6.5417092590046355 0.0
6.528268615735892 0.41912875127429344
6.488001916415865 0.8365352126067657
6.421074625549236 1.2505041713143963
6.32776176173004 1.6593345401497925
6.208446767531252 2.0613463474335707
6.063619933857024 2.454887640418339
5.89387638523218 2.838341273516882
5.699913634307897 3.210131553500249
5.4825287156326015 3.5687307143592255
5.2426149104660515 3.912665195222562
4.981158076095026 4.240521695534675
4.6992325947342675 4.550952982610788
4.397996958659515 4.842683427704998
4.078689009714243 5.114514247842431
3.7426208527520055 5.365328431875613
3.3911734639161555 5.5940953305228796
3.025791015912645 5.799874891527343
2.6479749435946136 5.981821522533256
2.2592777742445094 6.139187565806387
1.8612967479064686 6.2713263705200175
1.4556672539843811 6.377694949981894
1.044056111076027 6.457856212883017
0.6281547176579246 6.511480759399591
0.209672101766203 6.538348234767549
-0.20967210176620218 6.538348234767549
-0.6281547176579237 6.511480759399591
-1.0440561110760245 6.4578562128830175
-1.4556672539843805 6.377694949981894
-1.8612967479064677 6.271326370520018
-2.259277774244507 6.139187565806388
-2.647974943594613 5.981821522533256
-3.0257910159126444 5.799874891527343
-3.3911734639161546 5.5940953305228796
-3.742620852752006 5.3653284318756125
-4.0786890097142425 5.114514247842432
-4.397996958659516 4.842683427704998
-4.699232594734267 4.550952982610789
-4.981158076095023 4.240521695534679
-5.242614910466051 3.9126651952225626
-5.4825287156326015 3.5687307143592255
-5.6999136343078955 3.2101315535002506
-5.893876385232179 2.8383412735168823
-6.063619933857023 2.4548876404183417
-6.208446767531251 2.0613463474335747
-6.32776176173004 1.6593345401497925
-6.421074625549236 1.250504171314398
-6.488001916415864 0.8365352126067661
-6.528268615735892 0.41912875127429555
-6.5417092590046355 8.01128330499263e-16
-6.528268615735892 -0.419128751274294
-6.488001916415865 -0.8365352126067646
-6.421074625549236 -1.2505041713143963
-6.32776176173004 -1.659334540149791
-6.208446767531252 -2.0613463474335703
-6.063619933857024 -2.4548876404183404
-5.89387638523218 -2.838341273516881
-5.699913634307897 -3.2101315535002466
-5.482528715632603 -3.568730714359224
-5.242614910466052 -3.912665195222562
-4.981158076095026 -4.240521695534675
-4.6992325947342675 -4.550952982610788
-4.397996958659517 -4.842683427704997
-4.078689009714244 -5.11451424784243
-3.7426208527520077 -5.365328431875612
-3.391173463916158 -5.594095330522878
-3.0257910159126458 -5.799874891527342
-2.647974943594616 -5.981821522533255
-2.259277774244506 -6.139187565806389
-1.8612967479064677 -6.271326370520018
-1.4556672539843822 -6.377694949981894
-1.0440561110760218 -6.4578562128830175
-0.6281547176579225 -6.511480759399591
-0.20967210176620232 -6.538348234767549
0.2096721017661999 -6.538348234767549
0.6281547176579201 -6.511480759399591
1.0440561110760194 -6.457856212883018
1.4556672539843798 -6.377694949981894
1.8612967479064657 -6.271326370520019
2.2592777742445094 -6.139187565806387
2.647974943594613 -5.981821522533256
3.0257910159126435 -5.7998748915273435
3.391173463916151 -5.594095330522881
3.7426208527520055 -5.365328431875613
4.078689009714242 -5.114514247842432
4.397996958659514 -4.842683427705
4.699232594734264 -4.5509529826107915
4.981158076095021 -4.240521695534682
5.242614910466047 -3.9126651952225684
5.482528715632603 -3.5687307143592233
5.699913634307897 -3.210131553500249
5.893876385232179 -2.838341273516883
6.063619933857023 -2.4548876404183426
6.2084467675312505 -2.061346347433575
6.327761761730039 -1.6593345401497936
6.421074625549236 -1.2505041713143987
6.488001916415864 -0.8365352126067699
6.528268615735892 -0.41912875127429927
6.237434626604529 0.0
6.224619148201404 0.39963380864186804
6.186225374541699 0.7976254362428435
6.122411073876822 1.192339449836178
6.033438472856328 1.582153884874125
5.9196731789823716 1.9654669102281808
5.7815826782500634 2.3407034104567783
5.6197344141472305 2.706321458292503
5.434793455907415 3.0608186507519703
5.227519765597735 3.4027382828319572
4.9987650752717405 3.7306753334227145
4.74946938701971 4.043282238841087
4.480657110298425 4.339274430258743
4.193432852412989 4.617435612271019
3.8889768794484616 4.876622760915641
3.5685402663033554 5.115770820603358
3.233439755754523 5.333897080659816
2.885052347678641 5.530105213494508
2.524809640664361 5.703588957803102
2.154191949266623 5.853635431668088
1.7747222210766216 5.9796280619434885
1.3879597786034952 6.081049117886166
0.9954939116836496 6.157481838622503
0.5989373467479188 6.208612145708229
0.19991961978274406 6.2342299337441105
-0.19991961978274328 6.2342299337441105
-0.598937346747918 6.208612145708229
-0.9954939116836474 6.157481838622504
-1.3879597786034945 6.081049117886166
-1.774722221076621 5.9796280619434885
-2.154191949266621 5.8536354316680885
-2.5248096406643605 5.703588957803102
-2.8850523476786405 5.530105213494508
-3.2334397557545222 5.333897080659816
-3.568540266303356 5.115770820603357
-3.8889768794484607 4.876622760915641
-4.19343285241299 4.617435612271019
-4.4806571102984245 4.339274430258744
-4.749469387019708 4.0432822388410905
-4.9987650752717405 3.730675333422715
-5.227519765597735 3.4027382828319572
-5.434793455907414 3.060818650751972
-5.61973441414723 2.7063214582925035
-5.781582678250063 2.340703410456781
-5.9196731789823716 1.9654669102281845
-6.033438472856328 1.582153884874125
-6.122411073876822 1.1923394498361795
-6.186225374541699 0.797625436242844
-6.224619148201404 0.39963380864187004
-6.237434626604529 7.638654350362103e-16
-6.224619148201404 -0.3996338086418686
-6.186225374541699 -0.7976254362428425
-6.122411073876822 -1.192339449836178
-6.033438472856328 -1.5821538848741237
-5.9196731789823716 -1.9654669102281803
-5.7815826782500634 -2.3407034104567797
-5.6197344141472305 -2.706321458292502
-5.434793455907416 -3.0608186507519686
-5.227519765597736 -3.402738282831956
-4.998765075271741 -3.7306753334227145
-4.749469387019711 -4.043282238841087
-4.480657110298425 -4.339274430258743
-4.1934328524129905 -4.617435612271017
-3.888976879448462 -4.87662276091564
-3.5685402663033576 -5.115770820603356
-3.233439755754526 -5.333897080659814
-2.885052347678642 -5.530105213494507
-2.524809640664363 -5.703588957803102
-2.15419194926662 -5.853635431668089
-1.774722221076621 -5.9796280619434885
-1.387959778603496 -6.081049117886166
-0.9954939116836449 -6.157481838622504
-0.5989373467479168 -6.208612145708229
-0.19991961978274342 -6.2342299337441105
0.19991961978274111 -6.2342299337441105
0.5989373467479144 -6.208612145708229
0.9954939116836425 -6.1574818386225045
1.3879597786034938 -6.081049117886166
1.7747222210766187 -5.979628061943489
2.154191949266623 -5.853635431668088
2.5248096406643605 -5.703588957803102
2.8850523476786396 -5.530105213494509
3.233439755754519 -5.333897080659818
3.5685402663033554 -5.115770820603358
3.8889768794484603 -4.876622760915641
4.193432852412987 -4.617435612271021
4.480657110298422 -4.3392744302587465
4.749469387019706 -4.043282238841093
4.998765075271737 -3.7306753334227207
5.227519765597736 -3.402738282831955
5.434793455907415 -3.0608186507519703
5.61973441414723 -2.7063214582925044
5.781582678250063 -2.340703410456782
5.919673178982371 -1.9654669102281852
6.033438472856327 -1.5821538848741261
6.122411073876822 -1.1923394498361801
6.186225374541699 -0.7976254362428475
6.224619148201404 -0.3996338086418736
7.705474825745177 0.0
7.6896431013061 0.493691467141339
7.642212983940484 0.9853542501477066
7.563379374174311 1.4729680011823936
7.45346621621987 1.9545290107495765
7.312925166819491 2.4280584413664315
7.1423337392911215 2.8916104590308094
6.942392930402223 3.343280229070532
6.713924339823687 3.781211743517643
6.4578667940005605 4.203605447843265
6.175272488312804 4.608725635713157
5.867302663378776 4.994907581377356
5.535222833268449 5.36056438038536
5.1803975852346476 5.7041934705169055
4.80428497233132 6.024382806132436
4.4084305219607876 6.319816660571507
3.9944608849701386 6.589281032755868
3.5640771513939717 6.831668635780288
3.119047860310577 7.045983446991958
2.6612017325355004 7.231344800861228
2.1924201560154506 7.386991007825165
1.714629454801686 7.512282484233347
1.2297929733712787 7.606704380534272
0.7399030088235197 7.669868696902612
0.24697262410380888 7.701515877613701
-0.24697262410380794 7.701515877613701
-0.7399030088235187 7.669868696902612
-1.229792973371276 7.606704380534273
-1.7146294548016852 7.512282484233347
-2.1924201560154497 7.3869910078251655
-2.6612017325354977 7.231344800861229
-3.1190478603105767 7.045983446991958
-3.564077151393971 6.831668635780288
-3.9944608849701377 6.589281032755869
-4.408430521960788 6.319816660571506
-4.8042849723313195 6.0243828061324365
-5.180397585234648 5.7041934705169055
-5.535222833268448 5.360564380385361
-5.867302663378774 4.994907581377359
-6.175272488312803 4.608725635713158
-6.4578667940005605 4.203605447843265
-6.713924339823685 3.781211743517645
-6.942392930402222 3.343280229070533
-7.142333739291121 2.8916104590308125
-7.31292516681949 2.4280584413664363
-7.45346621621987 1.9545290107495765
-7.563379374174311 1.4729680011823956
-7.6422129839404835 0.9853542501477071
-7.6896431013061 0.49369146714134143
-7.705474825745177 9.43648508125934e-16
-7.6896431013061 -0.4936914671413396
-7.642212983940484 -0.9853542501477054
-7.563379374174311 -1.4729680011823936
-7.45346621621987 -1.9545290107495747
-7.312925166819491 -2.428058441366431
-7.1423337392911215 -2.8916104590308107
-6.942392930402223 -3.343280229070531
-6.713924339823688 -3.7812117435176402
-6.457866794000562 -4.203605447843263
-6.175272488312805 -4.608725635713157
-5.867302663378777 -4.994907581377355
-5.535222833268449 -5.36056438038536
-5.180397585234649 -5.704193470516904
-4.804284972331321 -6.024382806132435
-4.40843052196079 -6.319816660571505
-3.9944608849701417 -6.589281032755866
-3.5640771513939726 -6.831668635780287
-3.11904786031058 -7.045983446991957
-2.6612017325354964 -7.23134480086123
-2.1924201560154497 -7.3869910078251655
-1.7146294548016872 -7.512282484233347
-1.2297929733712727 -7.606704380534273
-0.7399030088235172 -7.669868696902612
-0.24697262410380807 -7.701515877613701
0.24697262410380524 -7.701515877613701
0.7399030088235143 -7.669868696902612
1.22979297337127 -7.606704380534274
1.7146294548016843 -7.512282484233347
2.192420156015447 -7.386991007825166
2.6612017325355004 -7.231344800861228
3.119047860310577 -7.045983446991958
3.56407715139397 -6.8316686357802885
3.9944608849701333 -6.589281032755871
4.4084305219607876 -6.319816660571507
4.804284972331319 -6.0243828061324365
5.180397585234645 -5.704193470516908
5.5352228332684446 -5.360564380385363
5.86730266337877 -4.994907581377363
6.175272488312799 -4.608725635713165
6.457866794000562 -4.2036054478432625
6.713924339823687 -3.781211743517643
6.942392930402222 -3.3432802290705337
7.142333739291121 -2.8916104590308134
7.312925166819489 -2.4280584413664372
7.453466216219869 -1.9545290107495779
7.563379374174311 -1.4729680011823965
7.6422129839404835 -0.9853542501477116
7.6896431013061 -0.4936914671413458
7.422153613245819 0.0
7.406904002623927 0.47553901473130283
7.361217834679327 0.949123937648276
7.2852828436757555 1.4188087067190063
7.179411062779252 1.8826632864803148
7.0440375418469445 2.3387815989674676
6.879718559713874 2.785289356197383
6.687129338323936 3.22035176201999
6.46706126809808 3.6421810516891706
6.220418655941316 4.049043838171575
5.948215009251673 4.439268235005753
5.651568871200897 4.81125072644224
5.3316992244006345 5.163462756633734
4.989920481841414 5.494457010798931
4.627637085687719 5.802873362549422
4.246337736123892 6.087444462940766
3.8475892739657445 6.347000948281143
3.4330302421755583 6.5804762452976
3.004364152737597 6.7869109539144
2.563352486561949 6.965456789633731
2.1118074551816304 7.115380069318662
1.6515845539866936 7.236064726054525
1.1845749375956514 7.327014840700012
0.712697648695498 7.38785667972531
0.2378917322836903 7.418340230963327
-0.23789173228368934 7.418340230963327
-0.7126976486954971 7.38785667972531
-1.1845749375956487 7.327014840700013
-1.6515845539866927 7.236064726054525
-2.1118074551816295 7.115380069318663
-2.5633524865619464 6.965456789633732
-3.0043641527375966 6.7869109539144
-3.4330302421755574 6.5804762452976
-3.8475892739657436 6.347000948281144
-4.246337736123893 6.087444462940765
-4.627637085687718 5.802873362549423
-4.9899204818414145 5.494457010798931
-5.3316992244006345 5.163462756633734
-5.651568871200895 4.8112507264422435
-5.948215009251672 4.439268235005753
-6.220418655941316 4.049043838171575
-6.467061268098078 3.6421810516891724
-6.687129338323935 3.220351762019991
-6.879718559713873 2.785289356197386
-7.044037541846944 2.338781598967472
-7.179411062779252 1.8826632864803148
-7.2852828436757555 1.4188087067190083
-7.361217834679326 0.9491239376482764
-7.406904002623927 0.47553901473130517
-7.422153613245819 9.089516665241455e-16
-7.406904002623927 -0.47553901473130344
-7.361217834679327 -0.9491239376482747
-7.2852828436757555 -1.4188087067190063
-7.179411062779252 -1.8826632864803132
-7.0440375418469445 -2.338781598967467
-6.879718559713874 -2.785289356197384
-6.687129338323936 -3.2203517620199897
-6.467061268098081 -3.642181051689168
-6.220418655941318 -4.049043838171573
-5.9482150092516735 -4.439268235005753
-5.651568871200898 -4.811250726442239
-5.3316992244006345 -5.163462756633734
-4.989920481841415 -5.4944570107989295
-4.62763708568772 -5.8028733625494215
-4.246337736123895 -6.0874444629407645
-3.8475892739657476 -6.347000948281141
-3.433030242175559 -6.580476245297599
-3.0043641527375997 -6.786910953914399
-2.563352486561945 -6.965456789633733
-2.1118074551816295 -7.115380069318663
-1.6515845539866947 -7.236064726054525
-1.1845749375956456 -7.327014840700013
-0.7126976486954957 -7.38785667972531
-0.2378917322836895 -7.418340230963327
0.2378917322836868 -7.418340230963327
0.7126976486954929 -7.38785667972531
1.184574937595643 -7.327014840700014
1.651584553986692 -7.236064726054525
2.111807455181627 -7.115380069318664
2.563352486561949 -6.965456789633731
3.0043641527375966 -6.7869109539144
3.433030242175557 -6.580476245297601
3.8475892739657396 -6.347000948281146
4.246337736123892 -6.087444462940766
4.627637085687717 -5.802873362549423
4.989920481841411 -5.494457010798933
5.331699224400631 -5.163462756633738
5.651568871200892 -4.811250726442247
5.948215009251668 -4.43926823500576
6.220418655941318 -4.049043838171572
6.46706126809808 -3.6421810516891706
6.687129338323935 -3.220351762019992
6.879718559713873 -2.7852893561973864
7.044037541846943 -2.338781598967473
7.179411062779251 -1.8826632864803161
7.2852828436757555 -1.418808706719009
7.361217834679326 -0.9491239376482807
7.406904002623927 -0.4755390147313094
7.20429112157898 0.0
7.189489132811897 0.46158051696466224
7.145143991057506 0.9212643005764063
7.07143792001528 1.3771624115665093
6.9686737937410355 1.8274014668070742
6.837273892072467 2.270131337444144
6.677778165390722 2.7035327514740106
6.490842015848464 3.1258247695221146
6.277233604181837 3.535272103104941
6.03783069317324 3.930192245302622
5.773617040735774 4.308962384540761
5.485678357440953 4.670026073071289
5.175197845101089 5.011899622750117
4.843451334739249 5.333178201829965
4.491802043925912 5.63254160771536
4.121694975025566 5.908759691958264
3.7346509773720413 6.160697415201933
3.3322604977723707 6.3873195113010865
2.9161770450197193 6.587694741452565
2.4881103952710695 6.760999720855324
2.049819566210241 6.906522302175197
1.6031055888669388 7.0236645019110435
1.1498041067939133 7.111944957637227
0.691777833013861 7.1710009060250695
0.23090889573207649 7.200589673515185
-0.23090889573207557 7.200589673515185
-0.6917778330138601 7.1710009060250695
-1.1498041067939109 7.111944957637228
-1.603105588866938 7.0236645019110435
-2.0498195662102403 6.906522302175198
-2.488110395271067 6.760999720855325
-2.916177045019719 6.587694741452565
-3.3322604977723698 6.3873195113010865
-3.7346509773720404 6.160697415201934
-4.121694975025567 5.908759691958263
-4.491802043925911 5.63254160771536
-4.84345133473925 5.333178201829965
-5.1751978451010885 5.011899622750118
-5.485678357440952 4.670026073071292
-5.773617040735773 4.308962384540762
-6.03783069317324 3.930192245302622
-6.277233604181835 3.5352721031049428
-6.490842015848463 3.125824769522115
-6.6777781653907216 2.7035327514740133
-6.837273892072466 2.2701313374441483
-6.9686737937410355 1.8274014668070742
-7.07143792001528 1.377162411566511
-7.145143991057505 0.9212643005764067
-7.189489132811897 0.4615805169646645
-7.20429112157898 8.822712062167394e-16
-7.189489132811897 -0.4615805169646628
-7.145143991057506 -0.9212643005764051
-7.07143792001528 -1.3771624115665093
-6.9686737937410355 -1.8274014668070726
-6.837273892072467 -2.2701313374441434
-6.677778165390722 -2.703532751474012
-6.490842015848464 -3.1258247695221137
-6.277233604181838 -3.535272103104939
-6.037830693173242 -3.9301922453026203
-5.7736170407357745 -4.308962384540761
-5.485678357440954 -4.670026073071288
-5.175197845101089 -5.011899622750117
-4.8434513347392505 -5.3331782018299645
-4.4918020439259125 -5.632541607715359
-4.1216949750255685 -5.908759691958262
-3.7346509773720444 -6.160697415201931
-3.3322604977723715 -6.387319511301086
-2.916177045019722 -6.587694741452564
-2.488110395271066 -6.760999720855326
-2.0498195662102403 -6.906522302175198
-1.6031055888669399 -7.0236645019110435
-1.1498041067939078 -7.111944957637228
-0.6917778330138588 -7.1710009060250695
-0.23090889573207574 -7.200589673515185
0.23090889573207307 -7.200589673515185
0.691777833013856 -7.1710009060250695
1.149804106793905 -7.111944957637228
1.6031055888669372 -7.0236645019110435
2.049819566210238 -6.906522302175198
2.4881103952710695 -6.760999720855324
2.916177045019719 -6.587694741452565
3.332260497772369 -6.387319511301087
3.7346509773720364 -6.160697415201935
4.121694975025566 -5.908759691958264
4.491802043925911 -5.63254160771536
4.843451334739246 -5.333178201829968
5.175197845101086 -5.0118996227501205
5.485678357440948 -4.670026073071295
5.773617040735769 -4.308962384540768
6.037830693173242 -3.93019224530262
6.277233604181837 -3.535272103104941
6.490842015848463 -3.125824769522116
6.6777781653907216 -2.703532751474014
6.837273892072465 -2.270131337444149
6.968673793741035 -1.8274014668070755
7.07143792001528 -1.3771624115665118
7.145143991057505 -0.921264300576411
7.189489132811897 -0.4615805169646686
1.0 0.5 0.4 0.32000000000000006 0.25600000000000006 0.20480000000000007 0.16384000000000007 0.13107200000000005 0.10485760000000005 0.08388608000000004 0.06710886400000003 0.05368709120000003 