0.0 0.0
2.5714397384036425 0.0
2.5638946229671356 0.19684179068887267
2.5413035543951805 0.3925284354792859
2.5037991060611 0.585911567328236
2.451601368980707 0.7758563371226118
2.3850166602307077 0.9612480734250419
2.3044357253582914 1.1409988238091215
2.2103314453308904 1.314053739396852
2.103256061482627 1.4793972651313039
1.9838379347425779 1.6360590994575035
1.8527778581629835 1.7831198884377857
1.710844944386962 1.9197166208862615
1.5588721121896925 2.0450476928616212
1.397751198579849 2.1583776117978033
1.228427725145409 2.2590413126668287
1.0518953493570051 2.3464480608448373
0.869190033390776 2.4200849187777553
0.6813839646903879 2.479519756102823
0.4895792639447743 2.524403785561392
0.2949015174056967 2.5544736098212506
0.09849317150004926 2.569552767196902
-0.09849317150004895 2.569552767196902
-0.2949015174056958 2.5544736098212506
-0.48957926394477397 2.524403785561392
-0.6813839646903876 2.479519756102823
-0.8691900333907763 2.4200849187777553
-1.051895349357005 2.3464480608448373
-1.2284277251454083 2.259041312666829
-1.3977511985798488 2.1583776117978033
-1.5588721121896925 2.0450476928616212
-1.7108449443869613 1.9197166208862622
-1.8527778581629832 1.7831198884377857
-1.9838379347425779 1.6360590994575033
-2.103256061482627 1.4793972651313043
-2.2103314453308904 1.314053739396852
-2.304435725358291 1.140998823809122
-2.3850166602307072 0.9612480734250423
-2.451601368980707 0.7758563371226116
-2.5037991060611 0.5859115673282366
-2.5413035543951805 0.392528435479286
-2.5638946229671356 0.19684179068887342
-2.5714397384036425 1.4568591860883582e-15
-2.5638946229671356 -0.19684179068887275
-2.5413035543951805 -0.39252843547928534
-2.5037991060611002 -0.5859115673282348
-2.451601368980707 -0.7758563371226119
-2.3850166602307077 -0.9612480734250417
-2.3044357253582914 -1.1409988238091215
-2.210331445330891 -1.3140537393968517
-2.103256061482628 -1.4793972651313028
-1.9838379347425774 -1.6360590994575037
-1.8527778581629837 -1.7831198884377855
-1.7108449443869616 -1.9197166208862615
-1.5588721121896922 -2.0450476928616217
-1.39775119857985 -2.1583776117978024
-1.2284277251454079 -2.2590413126668296
-1.0518953493570053 -2.3464480608448373
-0.8691900333907763 -2.4200849187777553
-0.6813839646903876 -2.479519756102823
-0.48957926394477574 -2.524403785561392
-0.2949015174056976 -2.5544736098212506
-0.09849317150004958 -2.569552767196902
0.09849317150004863 -2.569552767196902
0.29490151740569664 -2.5544736098212506
0.4895792639447748 -2.524403785561392
0.6813839646903868 -2.479519756102823
0.8691900333907754 -2.4200849187777553
1.0518953493570045 -2.3464480608448377
1.228427725145409 -2.2590413126668287
1.3977511985798494 -2.158377611797803
1.5588721121896914 -2.045047692861622
1.710844944386961 -1.9197166208862624
1.8527778581629832 -1.783119888437786
1.983837934742576 -1.6360590994575053
2.103256061482627 -1.4793972651313034
2.2103314453308895 -1.3140537393968537
2.304435725358291 -1.1409988238091222
2.3850166602307072 -0.9612480734250427
2.451601368980707 -0.7758563371226118
2.5037991060611 -0.5859115673282358
2.54130355439518 -0.3925284354792874
2.5638946229671356 -0.19684179068887372
3.9181212240457532 0.0
3.906624677388197 0.2999292522235182
3.872202503722715 0.5980984003333646
3.8150567060517524 0.8927576692066812
3.735522638639069 1.1821778810876125
3.6340670390175758 1.464660603089952
3.5112852889878954 1.7385481142766752
3.36789792068122 2.0022331338255563
3.204746388190252 2.254168253192145
3.0227881295820054 2.4928750169184
2.8230909482705124 2.716952598797206
2.6068267467218034 2.925086022477563
2.3752646492642437 3.116053878268699
2.1297635543623357 3.288735490857801
1.8717641600601829 3.4421174958783713
1.602780509392499 3.5752997867352767
1.324391105378047 3.687500796788159
1.0382296477362665 3.778062085895257
0.7459754456876992 3.8464522044019773
0.4493435630997409 3.892269811898787
0.15007475380990037 3.915246032446325
-0.1500747538098999 3.915246032446325
-0.44934356309973955 3.8922698118987875
-0.7459754456876987 3.8464522044019773
-1.038229647736266 3.778062085895257
-1.3243911053780475 3.6875007967881586
-1.6027805093924985 3.5752997867352767
-1.8717641600601818 3.4421174958783722
-2.129763554362335 3.288735490857801
-2.3752646492642437 3.116053878268699
-2.6068267467218025 2.925086022477564
-2.823090948270512 2.716952598797206
-3.0227881295820054 2.4928750169183997
-3.204746388190252 2.2541682531921454
-3.36789792068122 2.0022331338255563
-3.511285288987895 1.738548114276676
-3.6340670390175753 1.4646606030899525
-3.735522638639069 1.182177881087612
-3.815056706051752 0.8927576692066821
-3.872202503722715 0.5980984003333647
-3.906624677388197 0.29992925222351935
-3.9181212240457532 2.219826820053133e-15
-3.906624677388197 -0.29992925222351835
-3.872202503722715 -0.5980984003333638
-3.815056706051753 -0.8927576692066794
-3.735522638639069 -1.1821778810876127
-3.6340670390175758 -1.4646606030899516
-3.5112852889878954 -1.7385481142766752
-3.3678979206812203 -2.0022331338255555
-3.2047463881902534 -2.254168253192143
-3.022788129582005 -2.4928750169184006
-2.823090948270513 -2.7169525987972056
-2.606826746721803 -2.925086022477563
-2.3752646492642433 -3.1160538782686995
-2.1297635543623374 -3.2887354908577997
-1.8717641600601809 -3.4421174958783727
-1.6027805093924992 -3.5752997867352763
-1.3243911053780475 -3.6875007967881586
-1.038229647736266 -3.778062085895257
-0.7459754456877015 -3.846452204401977
-0.44934356309974227 -3.892269811898787
-0.15007475380990087 -3.915246032446325
0.15007475380989943 -3.915246032446325
0.44934356309974083 -3.892269811898787
0.7459754456877 -3.8464522044019773
1.0382296477362647 -3.7780620858952574
1.3243911053780462 -3.687500796788159
1.602780509392498 -3.575299786735277
1.8717641600601829 -3.4421174958783713
2.1297635543623366 -3.2887354908578006
2.375264649264242 -3.1160538782687004
2.606826746721802 -2.9250860224775646
2.823090948270512 -2.7169525987972065
3.0227881295820027 -2.492875016918403
3.2047463881902525 -2.254168253192144
3.3678979206812185 -2.0022331338255586
3.511285288987895 -1.7385481142766765
3.6340670390175753 -1.4646606030899532
3.735522638639069 -1.1821778810876125
3.8150567060517524 -0.8927576692066808
3.8722025037227144 -0.5980984003333669
3.906624677388197 -0.2999292522235198
4.907613672735511 0.0
4.893213758506311 0.3756741598580737
4.850098520241284 0.7491437143658376
4.7785209753025875 1.1182169956738004
4.678901169185483 1.480728135011709
4.55182371052434 1.8345497728677096
4.398034340376711 2.1776055431798755
4.218435555918279 2.507882258277884
4.01408131423056 2.8234417230687785
3.786170847261673 3.1224321091364597
3.536041624256402 3.4030988220071836
3.2651615029548564 3.6637947978076117
2.9751201156195775 3.9029901688905504
2.6676195404413368 4.119281241706626
2.3444643130675087 4.311398734236191
2.0075508368693504 4.478215224640918
1.6588562540929446 4.6187517674234515
1.3004268432023318 4.732183638268844
0.9343660105038061 4.817845173854773
0.5628219465213334 4.875233678228611
0.18797501956036528 4.904012372827154
-0.18797501956036472 4.904012372827154
-0.5628219465213318 4.875233678228612
-0.9343660105038054 4.817845173854773
-1.3004268432023312 4.732183638268844
-1.6588562540929452 4.6187517674234515
-2.0075508368693495 4.478215224640918
-2.3444643130675074 4.3113987342361915
-2.667619540441336 4.119281241706626
-2.9751201156195775 3.9029901688905504
-3.265161502954855 3.663794797807613
-3.5360416242564017 3.4030988220071836
-3.786170847261673 3.1224321091364593
-4.01408131423056 2.8234417230687794
-4.218435555918279 2.507882258277884
-4.398034340376711 2.177605543179877
-4.5518237105243395 1.83454977286771
-4.678901169185483 1.4807281350117083
-4.7785209753025875 1.1182169956738015
-4.850098520241284 0.7491437143658377
-4.893213758506311 0.3756741598580751
-4.907613672735511 2.7804276157512103e-15
-4.893213758506311 -0.3756741598580739
-4.850098520241284 -0.7491437143658365
-4.778520975302588 -1.1182169956737982
-4.678901169185483 -1.4807281350117092
-4.55182371052434 -1.834549772867709
-4.398034340376711 -2.1776055431798755
-4.218435555918279 -2.507882258277883
-4.014081314230562 -2.8234417230687763
-3.786170847261672 -3.12243210913646
-3.5360416242564026 -3.403098822007183
-3.265161502954856 -3.6637947978076117
-2.975120115619577 -3.902990168890551
-2.667619540441339 -4.1192812417066245
-2.3444643130675065 -4.311398734236192
-2.007550836869351 -4.478215224640917
-1.6588562540929452 -4.6187517674234515
-1.3004268432023312 -4.732183638268844
-0.9343660105038087 -4.817845173854773
-0.5628219465213351 -4.875233678228611
-0.1879750195603659 -4.904012372827154
0.18797501956036408 -4.904012372827154
0.5628219465213333 -4.875233678228611
0.934366010503807 -4.817845173854773
1.3004268432023296 -4.732183638268844
1.6588562540929437 -4.6187517674234515
2.007550836869349 -4.478215224640919
2.3444643130675087 -4.311398734236191
2.6676195404413376 -4.119281241706626
2.9751201156195752 -3.902990168890552
3.2651615029548546 -3.6637947978076135
3.5360416242564017 -3.4030988220071845
3.7861708472616695 -3.1224321091364633
4.014081314230561 -2.8234417230687776
4.218435555918277 -2.5078822582778866
4.398034340376711 -2.1776055431798773
4.5518237105243395 -1.834549772867711
4.678901169185483 -1.480728135011709
4.7785209753025875 -1.1182169956737997
4.850098520241283 -0.7491437143658405
4.893213758506311 -0.37567415985807573
5.76302880565659 0.0
5.746118933356962 0.4411555491482138
5.695488550312651 0.8797222221162336
5.611434775743644 1.313126335278712
5.494450870621628 1.7388245009640426
5.345223343018464 2.1543185530645492
5.164627919403845 2.5571702072685603
4.953724405534154 2.945015369882288
4.7137504670908745 3.3155780112716666
4.446114366566234 3.6666835225092655
4.152386699018926 3.996271476844175
3.834291175197793 4.302407721105468
3.4936945061217393 4.583295726082095
3.132595448477216 4.8372871292706465
2.75311307511921 5.0628914081219705
2.3574743395091167 5.25878462702017
1.948001007066322 5.423817206663238
1.527096030125516 5.557020670251507
1.0972294464568924 5.657613326894612
0.6609238841023508 5.725004858884461
0.22073975759106768 5.758799785914271
-0.22073975759106698 5.758799785914271
-0.6609238841023488 5.725004858884461
-1.0972294464568917 5.657613326894612
-1.5270960301255154 5.557020670251507
-1.9480010070663227 5.423817206663238
-2.357474339509116 5.25878462702017
-2.753113075119208 5.062891408121971
-3.1325954484772156 4.8372871292706465
-3.4936945061217393 4.583295726082095
-3.8342911751977917 4.302407721105469
-4.152386699018926 3.996271476844175
-4.446114366566234 3.666683522509265
-4.7137504670908745 3.3155780112716675
-4.953724405534154 2.945015369882288
-5.164627919403844 2.5571702072685616
-5.345223343018464 2.1543185530645497
-5.494450870621628 1.738824500964042
-5.611434775743644 1.3131263352787133
-5.695488550312651 0.8797222221162337
-5.746118933356962 0.44115554914821553
-5.76302880565659 3.265066386671319e-15
-5.746118933356962 -0.4411555491482141
-5.695488550312651 -0.8797222221162323
-5.6114347757436445 -1.3131263352787093
-5.494450870621628 -1.738824500964043
-5.345223343018464 -2.1543185530645483
-5.164627919403845 -2.5571702072685603
-4.953724405534155 -2.9450153698822867
-4.713750467090876 -3.3155780112716644
-4.446114366566233 -3.666683522509266
-4.152386699018927 -3.9962714768441745
-3.8342911751977926 -4.302407721105468
-3.493694506121739 -4.5832957260820955
-3.1325954484772187 -4.837287129270644
-2.7531130751192068 -5.062891408121972
-2.357474339509117 -5.25878462702017
-1.9480010070663227 -5.423817206663238
-1.5270960301255154 -5.557020670251507
-1.0972294464568957 -5.657613326894611
-0.6609238841023528 -5.725004858884461
-0.2207397575910684 -5.758799785914271
0.22073975759106626 -5.758799785914271
0.6609238841023507 -5.725004858884461
1.0972294464568935 -5.657613326894612
1.5270960301255134 -5.557020670251507
1.9480010070663207 -5.423817206663238
2.3574743395091153 -5.258784627020171
2.75311307511921 -5.0628914081219705
3.1325954484772174 -4.837287129270646
3.493694506121737 -4.583295726082096
3.8342911751977913 -4.30240772110547
4.152386699018926 -3.996271476844176
4.44611436656623 -3.6666835225092695
4.713750467090875 -3.3155780112716653
4.953724405534152 -2.945015369882291
5.164627919403844 -2.557170207268562
5.345223343018464 -2.1543185530645506
5.494450870621628 -1.7388245009640426
5.611434775743644 -1.3131263352787113
5.69548855031265 -0.879722222116237
5.746118933356962 -0.44115554914821625
1.0 0.5 0.4 0.32000000000000006 0.25600000000000006 