0.0 0.0
2.351518839983994 0.0
2.3446190161873006 0.1800070102317177
2.3239600357068553 0.35895766775075477
2.2896631336547983 0.5358018189421886
2.2419295778899353 0.709501672007843
2.181039487897909 0.8790378871412178
2.1073501909386714 1.043415558418799
2.021294125108041 1.2016700523036212
1.9233763016190015 1.3528726684984365
1.8141713411950982 1.4961360899283351
1.6943201019675413 1.6306195898701723
1.564525918664869 1.7555339656712758
1.4255504751650887 1.8701461701044275
1.278209334631813 1.9737836131804738
1.1233671534653207 2.0658381091738263
0.9619326071549827 2.145769445698136
0.794853057810173 2.213108553887379
0.62310899466271 2.2674602610784813
0.44770828016616704 2.3085056098416397
0.2696802354582377 2.3360037297493466
0.09006959989500811 2.3497932508998365
-0.09006959989500783 2.3497932508998365
-0.2696802354582369 2.3360037297493466
-0.4477082801661667 2.3085056098416397
-0.6231089946627097 2.2674602610784813
-0.7948530578101732 2.2131085538873787
-0.9619326071549825 2.145769445698136
-1.12336715346532 2.065838109173827
-1.2782093346318129 1.9737836131804738
-1.4255504751650887 1.8701461701044275
-1.5645259186648686 1.7555339656712763
-1.6943201019675411 1.6306195898701723
-1.8141713411950982 1.4961360899283347
-1.9233763016190015 1.3528726684984367
-2.021294125108041 1.2016700523036212
-2.107350190938671 1.0434155584187994
-2.1810394878979085 0.8790378871412181
-2.2419295778899353 0.7095016720078428
-2.289663133654798 0.5358018189421891
-2.3239600357068553 0.3589576677507548
-2.3446190161873006 0.1800070102317184
-2.351518839983994 1.3322621456481373e-15
-2.3446190161873006 -0.1800070102317178
-2.3239600357068553 -0.3589576677507542
-2.2896631336547983 -0.5358018189421875
-2.2419295778899353 -0.7095016720078431
-2.181039487897909 -0.8790378871412176
-2.1073501909386714 -1.043415558418799
-2.021294125108041 -1.2016700523036208
-1.9233763016190022 -1.3528726684984353
-1.814171341195098 -1.4961360899283354
-1.6943201019675418 -1.6306195898701719
-1.5645259186648688 -1.7555339656712758
-1.4255504751650885 -1.8701461701044277
-1.2782093346318142 -1.973783613180473
-1.1233671534653196 -2.065838109173827
-0.961932607154983 -2.1457694456981358
-0.7948530578101732 -2.2131085538873787
-0.6231089946627097 -2.2674602610784813
-0.4477082801661683 -2.3085056098416397
-0.26968023545823855 -2.3360037297493466
-0.0900695998950084 -2.3497932508998365
0.09006959989500753 -2.3497932508998365
0.26968023545823766 -2.3360037297493466
0.4477082801661675 -2.3085056098416397
0.623108994662709 -2.2674602610784818
0.7948530578101725 -2.213108553887379
0.9619326071549822 -2.145769445698136
1.1233671534653207 -2.0658381091738263
1.2782093346318137 -1.9737836131804736
1.4255504751650876 -1.8701461701044282
1.5645259186648683 -1.7555339656712765
1.6943201019675411 -1.6306195898701725
1.8141713411950966 -1.4961360899283367
1.9233763016190017 -1.3528726684984358
2.02129412510804 -1.2016700523036226
2.107350190938671 -1.0434155584187996
2.1810394878979085 -0.8790378871412184
2.2419295778899353 -0.709501672007843
2.2896631336547983 -0.5358018189421884
2.323960035706855 -0.3589576677507561
2.3446190161873006 -0.1800070102317187
3.5318831977706253 0.0
3.52151995027256 0.27036301989511435
3.490491023435446 0.5391394420843555
3.438978507340075 0.8047519796480711
3.367284697913945 1.0656419125996552
3.2758303229385595 1.320278235074226
3.1651520730515066 1.567166639879821
3.0358994522323957 1.804858287686182
2.888830966255238 2.031958309390054
2.724809671474961 2.247133991761723
2.5447981100695345 2.449122598336184
2.3498526614597375 2.6367387796528208
2.141117343054661 2.8088815293573717
1.919817096702657 2.964540645345015
1.6872506002454941 3.102802658028009
1.4447826463603841 3.2228561909384577
1.1938361334138672 3.323996722208054
0.9358837153284094 3.4056307189825428
0.6724391594636053 3.4672791205085205
0.4050484632273918 3.5085801494524227
0.13528078154851922 3.5292914349537754
-0.1352807815485188 3.5292914349537754
-0.4050484632273906 3.508580149452423
-0.6724391594636048 3.4672791205085205
-0.935883715328409 3.4056307189825428
-1.1938361334138676 3.3239967222080535
-1.4447826463603837 3.2228561909384577
-1.6872506002454932 3.1028026580280095
-1.9198170967026569 2.964540645345015
-2.141117343054661 2.8088815293573717
-2.349852661459737 2.6367387796528217
-2.5447981100695345 2.449122598336184
-2.724809671474961 2.2471339917617223
-2.888830966255238 2.031958309390054
-3.0358994522323957 1.804858287686182
-3.165152073051506 1.5671666398798216
-3.275830322938559 1.3202782350742261
-3.367284697913945 1.0656419125996548
-3.4389785073400745 0.8047519796480719
-3.490491023435446 0.5391394420843556
-3.52151995027256 0.2703630198951154
-3.5318831977706253 2.001002163891881e-15
-3.52151995027256 -0.2703630198951145
-3.490491023435446 -0.5391394420843547
-3.4389785073400754 -0.8047519796480694
-3.367284697913945 -1.0656419125996555
-3.2758303229385595 -1.3202782350742255
-3.1651520730515066 -1.567166639879821
-3.035899452232396 -1.8048582876861814
-2.8888309662552394 -2.031958309390052
-2.7248096714749606 -2.2471339917617232
-2.544798110069535 -2.449122598336184
-2.349852661459737 -2.6367387796528208
-2.1411173430546606 -2.808881529357372
-1.9198170967026589 -2.964540645345014
-1.6872506002454923 -3.10280265802801
-1.4447826463603843 -3.222856190938457
-1.1938361334138676 -3.3239967222080535
-0.935883715328409 -3.4056307189825428
-0.6724391594636072 -3.46727912050852
-0.405048463227393 -3.5085801494524227
-0.13528078154851966 -3.5292914349537754
0.13528078154851836 -3.5292914349537754
0.40504846322739174 -3.5085801494524227
0.672439159463606 -3.4672791205085205
0.9358837153284079 -3.405630718982543
1.1938361334138663 -3.323996722208054
1.4447826463603832 -3.222856190938458
1.6872506002454941 -3.102802658028009
1.919817096702658 -2.9645406453450147
2.1411173430546597 -2.8088815293573726
2.3498526614597366 -2.6367387796528217
2.5447981100695345 -2.4491225983361846
2.724809671474959 -2.247133991761725
2.8888309662552385 -2.031958309390053
3.0358994522323948 -1.804858287686184
3.165152073051506 -1.567166639879822
3.275830322938559 -1.3202782350742268
3.367284697913945 -1.0656419125996552
3.438978507340075 -0.8047519796480707
3.4904910234354456 -0.5391394420843576
3.52151995027256 -0.27036301989511585
4.337887213239266 0.0
4.3251589897131115 0.3320620250624541
4.2870490134114565 0.6621753781231821
4.2237809288290045 0.9884028227626195
4.135726018243533 1.308829926616982
4.023401022883854 1.6215762960286146
3.887465110486808 1.9248066109436845
3.728716007038881 2.216741395300035
3.548085315402911 2.4956674597003
3.346633048302055 2.7599479550885047
3.1255414077436328 3.0080319784311924
2.886107847387668 3.2384636740331123
2.6297374585728983 3.4498907770773375
2.3579347246820923 3.6410725492529132
2.072294692235328 3.810887059900622
1.7744936105227684 3.958337769948213
1.4662790947072954 4.082559379997929
1.149459870123831 4.182822908247447
0.8258951579598564 4.258539968444958
0.49748376460620086 4.309266222773659
0.1661529387061138 4.334703989402741
-0.16615293870611328 4.334703989402741
-0.49748376460619936 4.30926622277366
-0.8258951579598557 4.258539968444958
-1.1494598701238306 4.182822908247447
-1.466279094707296 4.082559379997929
-1.774493610522768 3.958337769948213
-2.072294692235327 3.810887059900623
-2.357934724682092 3.6410725492529132
-2.6297374585728983 3.4498907770773375
-2.886107847387667 3.238463674033113
-3.1255414077436323 3.0080319784311924
-3.346633048302055 2.759947955088504
-3.548085315402911 2.495667459700301
-3.728716007038881 2.216741395300035
-3.8874651104868074 1.9248066109436854
-4.023401022883854 1.621576296028615
-4.135726018243533 1.3088299266169816
-4.2237809288290045 0.9884028227626205
-4.2870490134114565 0.6621753781231823
-4.3251589897131115 0.3320620250624553
-4.337887213239266 2.4576468740216856e-15
-4.3251589897131115 -0.33206202506245425
-4.2870490134114565 -0.6621753781231812
-4.223780928829005 -0.9884028227626175
-4.135726018243533 -1.3088299266169823
-4.023401022883854 -1.6215762960286142
-3.887465110486808 -1.9248066109436845
-3.7287160070388814 -2.216741395300034
-3.548085315402912 -2.4956674597002984
-3.3466330483020545 -2.759947955088505
-3.125541407743633 -3.008031978431192
-2.8861078473876676 -3.2384636740331123
-2.629737458572898 -3.4498907770773384
-2.357934724682094 -3.641072549252912
-2.072294692235326 -3.8108870599006237
-1.7744936105227689 -3.9583377699482125
-1.466279094707296 -4.082559379997929
-1.1494598701238306 -4.182822908247447
-0.8258951579598587 -4.258539968444958
-0.49748376460620236 -4.309266222773659
-0.16615293870611433 -4.334703989402741
0.16615293870611275 -4.334703989402741
0.4974837646062008 -4.309266222773659
0.8258951579598571 -4.258539968444958
1.149459870123829 -4.182822908247447
1.4662790947072946 -4.082559379997929
1.7744936105227673 -3.9583377699482134
2.072294692235328 -3.810887059900622
2.357934724682093 -3.641072549252913
2.629737458572896 -3.4498907770773393
2.8861078473876667 -3.2384636740331136
3.1255414077436323 -3.008031978431193
3.346633048302052 -2.7599479550885078
3.5480853154029113 -2.4956674597002992
3.7287160070388796 -2.2167413953000374
3.8874651104868074 -1.9248066109436859
4.023401022883854 -1.6215762960286157
4.135726018243533 -1.308829926616982
4.2237809288290045 -0.988402822762619
4.287049013411456 -0.6621753781231846
4.3251589897131115 -0.33206202506245586
4.940995566726685 0.0
4.926497703383652 0.37822951890136514
4.883089192581472 0.7542394365894607
4.811024772722167 1.1258231773535219
4.710727346476628 1.490800140048967
4.582785499023585 1.847028494731989
4.427950043997726 2.192417751769331
4.2471296174167605 2.5249410296626973
4.041385345443944 2.842646949595341
3.8119246172778265 3.1436710868988906
3.5600939997123353 3.426246912238665
3.287371334947387 3.6887161583102315
2.9953570680232215 3.929538551211336
2.6857648547725193 4.14730084938162
2.360411505406568 4.340725137066047
2.0212063227505177 4.5086763236327005
1.6701398976952049 4.650168804735954
1.3092724276182828 4.76437224623468
0.940721626326803 4.850616456923162
0.5666502964705276 4.908395321479579
0.18925363735597822 4.937369770551958
-0.18925363735597764 4.937369770551958
-0.5666502964705258 4.9083953214795795
-0.9407216263268023 4.850616456923162
-1.309272427618282 4.76437224623468
-1.6701398976952053 4.650168804735953
-2.0212063227505173 4.5086763236327005
-2.3604115054065664 4.340725137066048
-2.685764854772519 4.14730084938162
-2.9953570680232215 3.929538551211336
-3.2873713349473856 3.688716158310233
-3.5600939997123344 3.426246912238665
-3.8119246172778265 3.14367108689889
-4.041385345443944 2.8426469495953413
-4.2471296174167605 2.5249410296626973
-4.4279500439977255 2.1924177517693324
-4.582785499023584 1.8470284947319897
-4.710727346476628 1.4908001400489665
-4.811024772722166 1.125823177353523
-4.883089192581472 0.7542394365894608
-4.926497703383652 0.3782295189013666
-4.940995566726685 2.799340257639626e-15
-4.926497703383652 -0.37822951890136536
-4.883089192581472 -0.7542394365894596
-4.811024772722168 -1.1258231773535197
-4.710727346476628 -1.4908001400489674
-4.582785499023585 -1.8470284947319886
-4.427950043997726 -2.192417751769331
-4.2471296174167605 -2.524941029662696
-4.041385345443945 -2.8426469495953386
-3.811924617277826 -3.143671086898891
-3.5600939997123358 -3.4262469122386645
-3.287371334947386 -3.6887161583102315
-2.995357068023221 -3.9295385512113366
-2.6857648547725215 -4.147300849381618
-2.3604115054065655 -4.340725137066049
-2.0212063227505186 -4.5086763236327005
-1.6701398976952053 -4.650168804735953
-1.309272427618282 -4.76437224623468
-0.9407216263268058 -4.850616456923162
-0.5666502964705292 -4.908395321479579
-0.18925363735597883 -4.937369770551958
0.18925363735597703 -4.937369770551958
0.5666502964705274 -4.908395321479579
0.940721626326804 -4.850616456923162
1.3092724276182806 -4.76437224623468
1.6701398976952038 -4.650168804735954
2.021206322750517 -4.508676323632701
2.360411505406568 -4.340725137066047
2.6857648547725206 -4.147300849381619
2.9953570680232193 -3.929538551211338
3.287371334947385 -3.6887161583102333
3.5600939997123344 -3.4262469122386654
3.8119246172778234 -3.1436710868988937
4.041385345443944 -2.84264694959534
4.247129617416759 -2.5249410296627
4.4279500439977255 -2.192417751769333
4.582785499023584 -1.8470284947319904
4.710727346476628 -1.490800140048967
4.811024772722167 -1.1258231773535214
4.883089192581471 -0.7542394365894635
4.926497703383652 -0.3782295189013672
5.755981991670949 0.0
5.739092796124577 0.44061612080273527
5.68852432200062 0.878646531005302
5.6045733252129075 1.311520693985496
5.487732463592236 1.7366983320301062
5.338687405774323 2.15168433369463
5.158312807423602 2.5540433961093734
4.947667178406006 2.9414143163050364
4.707986671032158 3.3115238476906383
4.440677825824094 3.6622000403684205
4.147309317376185 3.9913849869994946
3.82960274874886 4.297146899422388
3.489422548417289 4.577691445154125
3.128765029063727 4.831372277246716
2.7497466724209 5.056700695705694
2.3545917089156103 5.252354383773636
1.9456190650001703 5.41718516781069
1.5252287547699006 5.550225755234045
1.0958877957260893 5.650695410975438
0.6601157313363322 5.718004539144977
0.22046984535161246 5.751758143014265
-0.22046984535161177 5.751758143014265
-0.6601157313363302 5.718004539144978
-1.0958877957260884 5.650695410975438
-1.5252287547699 5.550225755234045
-1.945619065000171 5.417185167810689
-2.35459170891561 5.252354383773636
-2.749746672420898 5.056700695705696
-3.1287650290637266 4.831372277246716
-3.489422548417289 4.577691445154125
-3.829602748748859 4.297146899422389
-4.147309317376184 3.9913849869994946
-4.440677825824094 3.66220004036842
-4.707986671032158 3.311523847690639
-4.947667178406006 2.9414143163050364
-5.158312807423601 2.5540433961093747
-5.338687405774322 2.151684333694631
-5.487732463592236 1.7366983320301055
-5.6045733252129075 1.3115206939854973
-5.68852432200062 0.8786465310053022
-5.739092796124577 0.44061612080273693
-5.755981991670949 3.2610739867973052e-15
-5.739092796124577 -0.44061612080273554
-5.68852432200062 -0.8786465310053008
-5.604573325212908 -1.3115206939854933
-5.487732463592236 -1.7366983320301066
-5.338687405774323 -2.1516843336946296
-5.158312807423602 -2.5540433961093734
-4.947667178406006 -2.941414316305035
-4.70798667103216 -3.3115238476906357
-4.4406778258240935 -3.6622000403684214
-4.147309317376185 -3.9913849869994937
-3.8296027487488598 -4.297146899422388
-3.4894225484172883 -4.577691445154126
-3.1287650290637297 -4.8313722772467145
-2.7497466724208968 -5.056700695705696
-2.354591708915611 -5.2523543837736355
-1.945619065000171 -5.417185167810689
-1.5252287547699 -5.550225755234045
-1.0958877957260924 -5.6506954109754375
-0.6601157313363342 -5.718004539144977
-0.22046984535161318 -5.751758143014265
0.22046984535161107 -5.751758143014265
0.6601157313363321 -5.718004539144977
1.0958877957260904 -5.650695410975438
1.525228754769898 -5.550225755234045
1.945619065000169 -5.41718516781069
2.3545917089156094 -5.252354383773636
2.7497466724209 -5.056700695705694
3.1287650290637283 -4.831372277246715
3.4894225484172865 -4.577691445154127
3.8296027487488584 -4.29714689942239
4.147309317376184 -3.991384986999495
4.440677825824091 -3.6622000403684245
4.707986671032158 -3.311523847690637
4.947667178406004 -2.9414143163050395
5.158312807423601 -2.554043396109375
5.338687405774322 -2.151684333694632
5.487732463592236 -1.7366983320301062
5.6045733252129075 -1.3115206939854953
5.688524322000619 -0.8786465310053053
5.739092796124577 -0.44061612080273765
5.376231846733121 0.0
5.3604569136124995 0.4115465309431936
5.3132246878308145 0.8206779431985287
5.234812346870021 1.2249932909549368
5.125680045526174 1.6221198909828536
4.98646821553811 2.0097272464828637
4.817993807279351 2.3855407233676056
4.621245495568464 2.7473548987190584
4.397377877732091 3.0930465030871797
4.147704697968745 3.420586880679312
3.8736911377754506 3.7280538943190398
3.5769452176801244 4.013643205311443
3.2592083607377136 4.275678862020019
2.922345173167263 4.512623135017306
2.5683325021011947 4.7230855410926065
2.1992478346602744 4.905831003160373
1.8172571064331091 5.059787098183657
1.4246019909048748 5.184050350578907
1.0235867444259326 5.277891534169961
0.616564683919323 5.340759951577199
0.20592437668130645 5.372286665928749
-0.2059243766813058 5.372286665928749
-0.6165646839193211 5.3407599515771995
-1.0235867444259317 5.277891534169961
-1.4246019909048742 5.184050350578907
-1.8172571064331098 5.059787098183656
-2.1992478346602735 4.905831003160373
-2.5683325021011933 4.723085541092607
-2.9223451731672623 4.512623135017306
-3.2592083607377136 4.275678862020019
-3.5769452176801235 4.0136432053114435
-3.8736911377754497 3.7280538943190398
-4.147704697968745 3.420586880679311
-4.397377877732091 3.0930465030871805
-4.621245495568464 2.7473548987190584
-4.817993807279351 2.385540723367607
-4.98646821553811 2.009727246482864
-5.125680045526174 1.622119890982853
-5.2348123468700205 1.224993290954938
-5.3132246878308145 0.8206779431985288
-5.3604569136124995 0.41154653094319515
-5.376231846733121 3.0459250650440325e-15
-5.3604569136124995 -0.4115465309431938
-5.3132246878308145 -0.8206779431985275
-5.234812346870021 -1.2249932909549341
-5.125680045526174 -1.6221198909828538
-4.98646821553811 -2.0097272464828633
-4.817993807279351 -2.3855407233676056
-4.621245495568464 -2.7473548987190575
-4.397377877732093 -3.0930465030871774
-4.147704697968744 -3.4205868806793123
-3.873691137775451 -3.7280538943190393
-3.576945217680124 -4.013643205311443
-3.259208360737713 -4.27567886202002
-2.9223451731672654 -4.5126231350173045
-2.568332502101192 -4.723085541092608
-2.199247834660275 -4.905831003160373
-1.8172571064331098 -5.059787098183656
-1.4246019909048742 -5.184050350578907
-1.0235867444259354 -5.27789153416996
-0.6165646839193248 -5.340759951577199
-0.20592437668130711 -5.372286665928749
0.20592437668130514 -5.372286665928749
0.6165646839193228 -5.340759951577199
1.0235867444259334 -5.277891534169961
1.4246019909048724 -5.184050350578907
1.817257106433108 -5.059787098183657
2.199247834660273 -4.905831003160374
2.5683325021011947 -4.7230855410926065
2.9223451731672645 -4.512623135017305
3.2592083607377114 -4.275678862020021
3.5769452176801226 -4.013643205311444
3.8736911377754497 -3.7280538943190407
4.1477046979687415 -3.4205868806793154
4.397377877732092 -3.0930465030871783
4.621245495568462 -2.7473548987190615
4.817993807279351 -2.3855407233676074
4.98646821553811 -2.009727246482865
5.125680045526174 -1.6221198909828536
5.234812346870021 -1.2249932909549361
5.313224687830814 -0.8206779431985318
5.3604569136124995 -0.4115465309431958
7.022025738652806 0.0
7.001421719042707 0.5375308236925137
6.9397305727923095 1.0719072027718644
6.837314328078218 1.599993204160188
6.694774004148444 2.118689809217172
6.512946084302475 2.624953100013703
6.29289760707466 3.115812122252641
6.035919904427804 3.588386320009976
5.743521023703727 4.039902439982402
5.417416877801826 4.467710806040426
5.059521175519864 4.869300868581504
4.6719341911498 5.242315937433373
4.256930439233107 5.584567011849093
3.816945326805021 5.894045626433833
3.354560861457658 6.168935637618449
2.8724904990927755 6.4076238815121025
2.373563220283582 6.608709640589418
1.8607069286918432 6.771012863657893
1.3369312689649577 6.89358109086752
0.8053099649444374 6.975695043123923
0.2689627818321932 7.016872843104083
-0.26896278183219235 7.016872843104083
-0.805309964944435 6.975695043123924
-1.3369312689649568 6.89358109086752
-1.8607069286918425 6.771012863657893
-2.3735632202835824 6.608709640589417
-2.8724904990927747 6.4076238815121025
-3.3545608614576556 6.16893563761845
-3.81694532680502 5.894045626433833
-4.256930439233107 5.584567011849093
-4.6719341911497985 5.242315937433375
-5.059521175519863 4.869300868581504
-5.417416877801826 4.467710806040426
-5.743521023703727 4.039902439982403
-6.035919904427804 3.588386320009976
-6.292897607074659 3.1158121222526423
-6.512946084302474 2.6249531000137036
-6.694774004148444 2.1186898092171713
-6.837314328078218 1.5999932041601896
-6.9397305727923095 1.0719072027718646
-7.001421719042707 0.5375308236925158
-7.022025738652806 3.9783559962622754e-15
-7.001421719042707 -0.537530823692514
-6.9397305727923095 -1.0719072027718628
-6.837314328078219 -1.5999932041601848
-6.694774004148444 -2.1186898092171726
-6.512946084302475 -2.6249531000137023
-6.29289760707466 -3.115812122252641
-6.0359199044278045 -3.588386320009975
-5.74352102370373 -4.0399024399823995
-5.417416877801826 -4.467710806040427
-5.059521175519865 -4.869300868581503
-4.671934191149799 -5.242315937433373
-4.256930439233106 -5.584567011849094
-3.816945326805024 -5.89404562643383
-3.3545608614576543 -6.168935637618451
-2.8724904990927764 -6.407623881512102
-2.3735632202835824 -6.608709640589417
-1.8607069286918425 -6.771012863657893
-1.3369312689649617 -6.893581090867519
-0.8053099649444398 -6.975695043123923
-0.2689627818321941 -7.016872843104083
0.26896278183219147 -7.016872843104083
0.8053099649444373 -6.975695043123923
1.336931268964959 -6.89358109086752
1.86070692869184 -6.771012863657893
2.37356322028358 -6.608709640589418
2.8724904990927738 -6.407623881512103
3.354560861457658 -6.168935637618449
3.816945326805022 -5.894045626433832
4.256930439233105 -5.584567011849095
4.671934191149798 -5.242315937433376
5.059521175519863 -4.8693008685815045
5.417416877801822 -4.467710806040431
5.743521023703728 -4.0399024399824
6.035919904427801 -3.58838632000998
6.292897607074659 -3.115812122252643
6.512946084302474 -2.624953100013705
6.694774004148444 -2.118689809217172
6.837314328078218 -1.5999932041601874
6.939730572792309 -1.0719072027718684
7.001421719042707 -0.5375308236925167
6.266628397957594 0.0
6.248240864330368 0.47970572166761954
6.193186168807498 0.9565963394138989
6.101787394233847 1.4278732694666851
5.97458090496174 1.8907708714053963
5.812313199251661 2.3425726780387155
5.615936528523634 2.780627336714229
5.386603309167243 3.20236416851005
5.125659359704015 3.6053082540009243
4.834636002989201 3.9870949570695164
4.515241079800353 4.3454838015314134
4.169348926548552 4.678371619140254
3.798989375927047 4.983804891815287
3.406335845045887 5.259991215662255
2.993692580956095 5.505309819512158
2.563481138411731 5.718321076250953
2.118226169223702 5.8977749511238935
1.6605406065990624 6.042618337436527
1.1931103314099554 6.152001236603532
0.7186784103766679 6.225281746278398
0.24002899866138347 6.262029827291641
-0.24002899866138275 6.262029827291641
-0.7186784103766658 6.225281746278399
-1.1931103314099545 6.152001236603532
-1.6605406065990618 6.042618337436527
-2.1182261692237025 5.897774951123893
-2.56348113841173 5.718321076250953
-2.9936925809560933 5.50530981951216
-3.406335845045886 5.259991215662255
-3.798989375927047 4.983804891815287
-4.16934892654855 4.678371619140255
-4.515241079800352 4.3454838015314134
-4.834636002989201 3.9870949570695156
-5.125659359704015 3.6053082540009247
-5.386603309167243 3.20236416851005
-5.615936528523634 2.7806273367142302
-5.812313199251661 2.342572678038716
-5.97458090496174 1.8907708714053957
-6.101787394233846 1.4278732694666867
-6.193186168807498 0.9565963394138991
-6.248240864330368 0.4797057216676214
-6.266628397957594 3.550382694573419e-15
-6.248240864330368 -0.47970572166761977
-6.193186168807498 -0.9565963394138975
-6.101787394233848 -1.4278732694666822
-5.97458090496174 -1.8907708714053968
-5.812313199251661 -2.3425726780387146
-5.615936528523634 -2.780627336714229
-5.386603309167244 -3.202364168510049
-5.1256593597040165 -3.605308254000921
-4.8346360029892 -3.987094957069517
-4.5152410798003535 -4.345483801531413
-4.169348926548551 -4.678371619140254
-3.7989893759270466 -4.9838048918152875
-3.4063358450458896 -5.259991215662253
-2.993692580956092 -5.50530981951216
-2.5634811384117313 -5.718321076250953
-2.1182261692237025 -5.897774951123893
-1.6605406065990618 -6.042618337436527
-1.193110331409959 -6.152001236603531
-0.7186784103766701 -6.225281746278398
-0.24002899866138425 -6.262029827291641
0.24002899866138194 -6.262029827291641
0.7186784103766678 -6.225281746278398
1.1931103314099567 -6.152001236603532
1.6605406065990598 -6.042618337436528
2.1182261692237008 -5.8977749511238935
2.563481138411729 -5.7183210762509535
2.993692580956095 -5.505309819512158
3.4063358450458883 -5.259991215662254
3.7989893759270443 -4.983804891815289
4.16934892654855 -4.678371619140256
4.515241079800352 -4.345483801531414
4.834636002989196 -3.9870949570695204
5.125659359704015 -3.6053082540009225
5.386603309167241 -3.2023641685100537
5.615936528523634 -2.7806273367142307
5.812313199251661 -2.3425726780387173
5.97458090496174 -1.8907708714053963
6.101787394233847 -1.4278732694666845
6.193186168807497 -0.9565963394139025
6.248240864330368 -0.47970572166762215
6.0488497837246795 0.0
6.031101255849543 0.4630349314643225
5.977959827643096 0.9233525898330661
5.889737354136814 1.378251648049653
5.7669515598853565 1.82506257755781
5.610323000753016 2.2611633141566267
5.4207708354053885 2.683994645315909
5.199407431320839 3.0910752286529246
4.947531836975825 3.4800161534361758
4.66662215851189 3.848534959663473
4.358326885621082 4.194469032444815
4.024455217552951 4.515788293086483
3.6669664460139537 4.810607112400045
3.2879584572646405 5.0771953763242195
2.889655420888895 5.313988638922135
2.4743947374824096 5.5195973031721675
2.0446133218565627 5.692814775675806
1.6028333022533177 5.832624547427498
1.1516472194938063 5.938206159093695
0.6937028129179205 6.008940015794455
0.23168748239703518 6.044411023132579
-0.23168748239703446 6.044411023132579
-0.6937028129179184 6.0089400157944555
-1.1516472194938057 5.938206159093695
-1.602833302253317 5.832624547427498
-2.0446133218565636 5.692814775675806
-2.4743947374824087 5.5195973031721675
-2.8896554208888934 5.313988638922136
-3.2879584572646396 5.0771953763242195
-3.6669664460139537 4.810607112400045
-4.02445521755295 4.515788293086484
-4.358326885621081 4.194469032444815
-4.66662215851189 3.8485349596634726
-4.947531836975825 3.4800161534361767
-5.199407431320839 3.0910752286529246
-5.420770835405388 2.6839946453159103
-5.610323000753016 2.2611633141566276
-5.7669515598853565 1.8250625775578093
-5.889737354136813 1.3782516480496543
-5.977959827643096 0.9233525898330663
-6.031101255849543 0.4630349314643243
-6.0488497837246795 3.426999373572174e-15
-6.031101255849543 -0.4630349314643228
-5.977959827643096 -0.9233525898330648
-5.889737354136815 -1.37825164804965
-5.7669515598853565 -1.8250625775578104
-5.610323000753016 -2.2611633141566263
-5.4207708354053885 -2.683994645315909
-5.19940743132084 -3.0910752286529233
-4.947531836975827 -3.480016153436173
-4.666622158511889 -3.848534959663474
-4.358326885621083 -4.194469032444815
-4.024455217552951 -4.515788293086483
-3.666966446013953 -4.810607112400046
-3.287958457264643 -5.077195376324217
-2.889655420888892 -5.313988638922137
-2.47439473748241 -5.519597303172167
-2.0446133218565636 -5.692814775675806
-1.602833302253317 -5.832624547427498
-1.1516472194938099 -5.938206159093694
-0.6937028129179226 -6.008940015794455
-0.23168748239703593 -6.044411023132579
0.2316874823970337 -6.044411023132579
0.6937028129179204 -6.008940015794455
1.1516472194938077 -5.938206159093695
1.602833302253315 -5.832624547427499
2.0446133218565614 -5.692814775675806
2.4743947374824082 -5.519597303172168
2.889655420888895 -5.313988638922135
3.287958457264642 -5.077195376324219
3.666966446013951 -4.810607112400047
4.0244552175529495 -4.5157882930864846
4.358326885621081 -4.1944690324448155
4.6666221585118866 -3.848534959663477
4.947531836975826 -3.4800161534361744
5.199407431320838 -3.091075228652928
5.420770835405388 -2.6839946453159107
5.610323000753016 -2.2611633141566285
5.7669515598853565 -1.82506257755781
5.889737354136814 -1.3782516480496523
5.977959827643095 -0.9233525898330697
6.031101255849543 -0.463034931464325
7.363756484209438 0.0
7.3421497586502475 0.5636900569361326
7.277456378829793 1.1240721564766665
7.170055991225053 1.677857753635352
7.020578864016379 2.221797014324901
6.829902188423198 2.752697886675646
6.599144930997136 3.267444833265185
6.329661267081361 3.763017114330803
6.023032633971198 4.236506514671555
5.681058450411254 4.685134410211455
5.305745556890713 5.106268074070436
4.899296438705368 5.497436126452535
4.464096300898112 5.856343037685236
4.0026990709273305 6.180882599300365
3.5178124112050324 6.469150284102881
3.012281829457173 6.719454422693757
2.489073980152845 6.9303261308586785
1.9512592549962249 7.1005279295646835
1.401993764647154 7.229061006979195
0.8445008174088212 7.315171079895014
0.2820520035729462 7.358352820164105
-0.2820520035729453 7.358352820164105
-0.8445008174088187 7.3151710798950145
-1.401993764647153 7.229061006979195
-1.951259254996224 7.1005279295646835
-2.489073980152846 6.930326130858678
-3.012281829457172 6.719454422693757
-3.5178124112050306 6.4691502841028825
-4.00269907092733 6.180882599300365
-4.464096300898112 5.856343037685236
-4.899296438705366 5.497436126452537
-5.305745556890712 5.106268074070436
-5.681058450411254 4.685134410211454
-6.023032633971198 4.2365065146715555
-6.329661267081361 3.763017114330803
-6.599144930997135 3.2674448332651864
-6.829902188423197 2.752697886675647
-7.020578864016379 2.2217970143249
-7.170055991225053 1.6778577536353538
-7.277456378829793 1.1240721564766667
-7.3421497586502475 0.5636900569361347
-7.363756484209438 4.17196487940961e-15
-7.3421497586502475 -0.5636900569361328
-7.277456378829793 -1.124072156476665
-7.170055991225054 -1.6778577536353487
-7.020578864016379 -2.2217970143249013
-6.829902188423198 -2.7526978866756453
-6.599144930997136 -3.267444833265185
-6.329661267081362 -3.7630171143308013
-6.023032633971201 -4.236506514671551
-5.681058450411253 -4.685134410211455
-5.305745556890714 -5.106268074070436
-4.899296438705367 -5.497436126452535
-4.464096300898111 -5.856343037685237
-4.002699070927333 -6.180882599300363
-3.517812411205029 -6.4691502841028825
-3.012281829457174 -6.719454422693756
-2.489073980152846 -6.930326130858678
-1.951259254996224 -7.1005279295646835
-1.401993764647158 -7.229061006979194
-0.8445008174088238 -7.315171079895014
-0.2820520035729471 -7.358352820164105
0.28205200357294435 -7.358352820164105
0.8445008174088211 -7.315171079895014
1.4019937646471554 -7.229061006979195
1.9512592549962215 -7.1005279295646835
2.489073980152843 -6.9303261308586785
3.0122818294571716 -6.719454422693758
3.5178124112050324 -6.469150284102881
4.002699070927332 -6.180882599300364
4.46409630089811 -5.856343037685238
4.899296438705365 -5.497436126452538
5.305745556890712 -5.106268074070437
5.681058450411249 -4.685134410211459
6.023032633971199 -4.236506514671553
6.329661267081359 -3.763017114330807
6.599144930997135 -3.2674448332651873
6.829902188423197 -2.7526978866756484
7.020578864016379 -2.221797014324901
7.170055991225053 -1.6778577536353512
7.277456378829792 -1.124072156476671
7.3421497586502475 -0.5636900569361356
6.698237560924107 0.0
6.678583600201818 0.5127450806100914
6.619737055291525 1.0224811692030447
6.52204326111806 1.5262169317233514
6.386075523711861 2.0209962464148226
6.212631755821226 2.5039155515185025
6.002729794443015 2.972140884527624
5.757601427750444 3.4229245130064703
5.478685166470273 3.8536210593768985
5.167617802129871 4.261703025045852
4.826224801713686 4.644775622772129
4.4565095950971205 5.000590830230147
4.060641818123388 5.327060582298845
3.640944580317672 5.622269024658096
3.1998808319566874 5.884483756783657
2.740038910497105 6.112165998362313
2.2641173511821497 6.303979619466616
1.7749090509637728 6.458798981496591
1.275284878672784 6.5757155428746366
0.7681768276190041 6.654043190728756
0.25656080948866894 6.693322267275724
-0.25656080948866816 6.693322267275724
-0.7681768276190017 6.654043190728757
-1.275284878672783 6.5757155428746366
-1.7749090509637722 6.458798981496591
-2.26411735118215 6.303979619466615
-2.740038910497104 6.112165998362313
-3.1998808319566856 5.884483756783659
-3.6409445803176714 5.622269024658096
-4.060641818123388 5.327060582298845
-4.45650959509712 5.000590830230148
-4.8262248017136855 4.644775622772129
-5.167617802129871 4.261703025045852
-5.478685166470273 3.8536210593768994
-5.757601427750444 3.4229245130064703
-6.002729794443014 2.972140884527626
-6.212631755821225 2.503915551518503
-6.386075523711861 2.020996246414822
-6.522043261118059 1.5262169317233527
-6.619737055291525 1.0224811692030449
-6.678583600201818 0.5127450806100934
-6.698237560924107 3.794912544710226e-15
-6.678583600201818 -0.5127450806100917
-6.619737055291525 -1.022481169203043
-6.52204326111806 -1.5262169317233483
-6.386075523711861 -2.020996246414823
-6.212631755821226 -2.5039155515185016
-6.002729794443015 -2.972140884527624
-5.757601427750444 -3.422924513006469
-5.4786851664702745 -3.853621059376896
-5.16761780212987 -4.261703025045853
-4.826224801713687 -4.644775622772128
-4.4565095950971205 -5.000590830230147
-4.060641818123387 -5.327060582298846
-3.640944580317675 -5.622269024658094
-3.199880831956684 -5.884483756783659
-2.740038910497106 -6.112165998362312
-2.26411735118215 -6.303979619466615
-1.7749090509637722 -6.458798981496591
-1.2752848786727877 -6.575715542874636
-0.7681768276190064 -6.654043190728756
-0.25656080948866977 -6.693322267275724
0.25656080948866733 -6.693322267275724
0.7681768276190041 -6.654043190728756
1.2752848786727853 -6.5757155428746366
1.77490905096377 -6.458798981496592
2.264117351182148 -6.303979619466616
2.7400389104971037 -6.112165998362314
3.1998808319566874 -5.884483756783657
3.6409445803176737 -5.622269024658095
4.060641818123385 -5.327060582298848
4.456509595097119 -5.0005908302301485
4.8262248017136855 -4.64477562277213
5.167617802129866 -4.261703025045857
5.478685166470274 -3.853621059376897
5.7576014277504415 -3.422924513006474
6.002729794443014 -2.9721408845276263
6.212631755821225 -2.5039155515185043
6.386075523711861 -2.0209962464148226
6.52204326111806 -1.5262169317233505
6.619737055291524 -1.0224811692030487
6.678583600201818 -0.5127450806100942
6.4345061539266 0.0
6.415626033586534 0.4925566384549145
6.359096468619841 0.9822227586988386
6.265249196991739 1.4661248052310079
6.134634951808868 1.9414230484271826
5.968020229398434 2.4053282492022485
5.766382791202972 2.855118027374265
5.530905925887415 3.2881528376738762
5.262971505330695 3.7018914596455215
4.964151875252077 4.093905910539539
4.636200628061265 4.4618956936803915
4.281042312080855 4.803701298695902
3.9007611375315148 5.1173168743828175
3.497588745557662 5.400901999839255
3.073891112069855 5.652792484786368
2.6321546632573547 5.871510135698639
2.1749716842505697 6.055771430431265
1.7050251065611344 6.204495050438471
1.2250727635729701 6.316808226380707
0.7379312064793904 6.392051859882174
0.2464591756407451 6.429784391382169
-0.24645917564074432 6.429784391382169
-0.7379312064793881 6.392051859882175
-1.2250727635729692 6.316808226380707
-1.7050251065611337 6.204495050438471
-2.1749716842505706 6.055771430431264
-2.6321546632573543 5.871510135698639
-3.073891112069853 5.652792484786369
-3.4975887455576617 5.400901999839255
-3.9007611375315148 5.1173168743828175
-4.281042312080854 4.803701298695904
-4.636200628061264 4.4618956936803915
-4.964151875252077 4.093905910539538
-5.262971505330695 3.701891459645522
-5.530905925887415 3.2881528376738762
-5.766382791202971 2.855118027374267
-5.968020229398434 2.405328249202249
-6.134634951808868 1.941423048427182
-6.265249196991738 1.4661248052310094
-6.359096468619841 0.9822227586988388
-6.415626033586534 0.4925566384549164
-6.4345061539266 3.645494490222645e-15
-6.415626033586534 -0.49255663845491476
-6.359096468619841 -0.9822227586988371
-6.26524919699174 -1.466124805231005
-6.134634951808868 -1.941423048427183
-5.968020229398434 -2.4053282492022476
-5.766382791202972 -2.855118027374265
-5.530905925887416 -3.2881528376738745
-5.262971505330697 -3.7018914596455184
-4.964151875252077 -4.09390591053954
-4.636200628061266 -4.461895693680391
-4.281042312080855 -4.803701298695902
-3.9007611375315143 -5.117316874382818
-3.4975887455576653 -5.400901999839253
-3.0738911120698513 -5.65279248478637
-2.6321546632573556 -5.871510135698639
-2.1749716842505706 -6.055771430431264
-1.7050251065611337 -6.204495050438471
-1.2250727635729737 -6.316808226380706
-0.7379312064793926 -6.392051859882174
-0.2464591756407459 -6.429784391382169
0.24645917564074352 -6.429784391382169
0.7379312064793903 -6.392051859882174
1.2250727635729712 -6.316808226380707
1.7050251065611315 -6.204495050438472
2.1749716842505684 -6.055771430431265
2.6321546632573534 -5.87151013569864
3.073891112069855 -5.652792484786368
3.497588745557664 -5.400901999839254
3.900761137531512 -5.11731687438282
4.281042312080853 -4.803701298695905
4.636200628061264 -4.461895693680392
4.964151875252074 -4.093905910539544
5.262971505330696 -3.7018914596455197
5.530905925887413 -3.28815283767388
5.766382791202971 -2.8551180273742673
5.968020229398434 -2.4053282492022503
6.134634951808868 -1.9414230484271826
6.265249196991739 -1.4661248052310072
6.35909646861984 -0.9822227586988423
6.415626033586534 -0.4925566384549172
6.827865780441715 0.0
6.807831464751164 0.5226680239606896
6.747846087010278 1.0422688241269746
6.648261665267778 1.5557531763933046
6.509662600508453 2.0601077504025045
6.332862247155807 2.552372792966507
6.118898139984882 3.02965949707496
5.869025905455644 3.4891669545634385
5.584711893197637 3.928198592956294
5.267624570887289 4.344178000026179
4.919624733016146 4.73466404320547
4.542754581008889 5.09736519512284
4.139225738773324 5.4301529811970655
3.7114062740118787 5.731074470372219
3.261806801458707 5.998363735693649
2.79306574959412 6.230452217469546
2.3079338772971436 6.425977928202923
1.8092581312986273 6.583793445275812
1.2999649391657824 6.70297264448145
0.7830430358615792 6.782816134889374
0.26152592465956537 6.8228553631495
-0.26152592465956453 6.8228553631495
-0.7830430358615769 6.782816134889375
-1.2999649391657815 6.70297264448145
-1.8092581312986264 6.583793445275812
-2.307933877297144 6.425977928202922
-2.7930657495941196 6.230452217469546
-3.2618068014587047 5.99836373569365
-3.711406274011878 5.731074470372219
-4.139225738773324 5.4301529811970655
-4.542754581008888 5.097365195122841
-4.919624733016145 4.73466404320547
-5.267624570887289 4.3441780000261785
-5.584711893197637 3.928198592956295
-5.869025905455644 3.4891669545634385
-6.118898139984881 3.0296594970749613
-6.3328622471558065 2.5523727929665077
-6.509662600508453 2.0601077504025036
-6.6482616652677775 1.555753176393306
-6.747846087010278 1.0422688241269749
-6.807831464751164 0.5226680239606916
-6.827865780441715 3.8683539167012116e-15
-6.807831464751164 -0.5226680239606898
-6.747846087010278 -1.042268824126973
-6.648261665267779 -1.5557531763933012
-6.509662600508453 -2.060107750402505
-6.332862247155807 -2.5523727929665063
-6.118898139984882 -3.02965949707496
-5.869025905455645 -3.4891669545634367
-5.58471189319764 -3.9281985929562913
-5.267624570887288 -4.344178000026179
-4.919624733016147 -4.734664043205469
-4.5427545810088885 -5.09736519512284
-4.139225738773323 -5.430152981197066
-3.711406274011882 -5.731074470372217
-3.2618068014587034 -5.998363735693651
-2.793065749594121 -6.230452217469545
-2.307933877297144 -6.425977928202922
-1.8092581312986264 -6.583793445275812
-1.2999649391657864 -6.7029726444814495
-0.7830430358615815 -6.782816134889374
-0.2615259246595662 -6.8228553631495
0.2615259246595637 -6.8228553631495
0.7830430358615791 -6.782816134889374
1.2999649391657837 -6.70297264448145
1.8092581312986242 -6.583793445275813
2.307933877297142 -6.425977928202923
2.7930657495941187 -6.230452217469547
3.261806801458707 -5.998363735693649
3.71140627401188 -5.731074470372218
4.1392257387733205 -5.430152981197068
4.542754581008887 -5.097365195122841
4.919624733016145 -4.734664043205471
5.267624570887285 -4.344178000026184
5.584711893197638 -3.9281985929562926
5.869025905455643 -3.489166954563442
6.118898139984881 -3.029659497074962
6.3328622471558065 -2.552372792966509
6.509662600508453 -2.0601077504025045
6.648261665267778 -1.5557531763933037
6.747846087010277 -1.0422688241269786
6.807831464751164 -0.5226680239606923
7.65387023464074 0.0
7.631412257658453 0.5858980477692423
7.564170119050546 1.168357812822058
7.452538422424031 1.7439611896521734
7.2971722669631065 2.3093303087657295
7.098983403046652 2.861147359362619
6.859134881734464 3.396174059569538
6.579034229521178 3.9112706599656555
6.260325188411108 4.40341436888069
5.904878069786567 4.869717091338384
5.514778778676976 5.307442377546231
5.092316572838731 5.714021481470953
4.639970628480401 6.087068435261648
4.160395491470939 6.424394051057873
3.656405499408986 6.724018768014499
3.1309582659707718 6.984184269151895
2.587137324457017 7.203363799859125
2.0281340323934187 7.380271127497086
1.4572288433756915 7.513868089523095
0.8777720560634596 7.603370685841486
0.29316415329553375 7.64825367962792
-0.29316415329553286 7.64825367962792
-0.877772056063457 7.603370685841487
-1.4572288433756904 7.513868089523095
-2.028134032393418 7.380271127497086
-2.587137324457018 7.203363799859124
-3.1309582659707713 6.984184269151895
-3.656405499408984 6.724018768014501
-4.160395491470938 6.424394051057873
-4.639970628480401 6.087068435261648
-5.09231657283873 5.7140214814709545
-5.514778778676975 5.307442377546231
-5.904878069786567 4.869717091338383
-6.260325188411108 4.403414368880691
-6.579034229521178 3.9112706599656555
-6.859134881734463 3.3961740595695393
-7.098983403046651 2.86114735936262
-7.2971722669631065 2.3093303087657286
-7.452538422424031 1.743961189652175
-7.564170119050546 1.1683578128220582
-7.631412257658453 0.5858980477692445
-7.65387023464074 4.336329953190718e-15
-7.631412257658453 -0.5858980477692426
-7.564170119050546 -1.1683578128220562
-7.452538422424032 -1.7439611896521698
-7.2971722669631065 -2.30933030876573
-7.098983403046652 -2.861147359362618
-6.859134881734464 -3.396174059569538
-6.579034229521179 -3.9112706599656537
-6.26032518841111 -4.403414368880687
-5.904878069786566 -4.8697170913383845
-5.514778778676977 -5.30744237754623
-5.0923165728387305 -5.714021481470953
-4.6399706284804 -6.087068435261649
-4.1603954914709425 -6.42439405105787
-3.656405499408982 -6.724018768014501
-3.1309582659707726 -6.9841842691518945
-2.587137324457018 -7.203363799859124
-2.028134032393418 -7.380271127497086
-1.4572288433756957 -7.513868089523094
-0.8777720560634623 -7.603370685841486
-0.2931641532955347 -7.64825367962792
0.29316415329553186 -7.64825367962792
0.8777720560634595 -7.603370685841486
1.457228843375693 -7.513868089523095
2.028134032393415 -7.380271127497087
2.5871373244570153 -7.203363799859125
3.1309582659707704 -6.984184269151896
3.656405499408986 -6.724018768014499
4.160395491470941 -6.424394051057872
4.639970628480397 -6.08706843526165
5.092316572838729 -5.714021481470955
5.514778778676975 -5.307442377546232
5.9048780697865615 -4.869717091338389
6.260325188411109 -4.403414368880688
6.5790342295211754 -3.91127065996566
6.859134881734463 -3.39617405956954
7.098983403046651 -2.8611473593626213
7.2971722669631065 -2.3093303087657295
7.452538422424031 -1.7439611896521725
7.564170119050545 -1.1683578128220624
7.631412257658453 -0.5858980477692455
6.593511316916909 0.0
6.574164643815817 0.5047283648789679
6.516238158483167 1.0064947830164148
6.420071796568343 1.5023546895520652
6.286229900521935 1.9893981813843449
6.115497907809834 2.4647670936388497
5.908877741653865 2.925671772516335
5.6675819313479305 3.3694074460904564
5.393026496653966 3.7933700969849493
5.086822638034925 4.195071743783026
4.750767281489796 4.572155041491639
4.386832533477322 4.922407115379253
3.997154107811132 5.24377254700468
3.5840187924418494 5.5343654362297965
3.149851029676098 5.792480468431445
2.6971986885850074 6.016602921965739
2.2287181130953893 6.205417557156962
1.7471585335073314 6.357816334646972
1.2553459329176038 6.472904917810749
0.75616646322715 6.550007921079325
0.2525495080541036 6.588672873370856
-0.2525495080541028 6.588672873370856
-0.7561664632271476 6.550007921079325
-1.2553459329176029 6.472904917810749
-1.7471585335073307 6.357816334646972
-2.22871811309539 6.205417557156962
-2.6971986885850066 6.016602921965739
-3.149851029676096 5.792480468431447
-3.5840187924418485 5.5343654362297965
-3.997154107811132 5.24377254700468
-4.386832533477321 4.922407115379254
-4.750767281489795 4.572155041491639
-5.086822638034925 4.195071743783025
-5.393026496653966 3.7933700969849498
-5.6675819313479305 3.3694074460904564
-5.908877741653864 2.925671772516336
-6.115497907809833 2.4647670936388506
-6.286229900521935 1.989398181384344
-6.420071796568342 1.5023546895520665
-6.516238158483167 1.0064947830164148
-6.574164643815817 0.5047283648789698
-6.593511316916909 3.73557948380749e-15
-6.574164643815817 -0.5047283648789681
-6.516238158483167 -1.0064947830164133
-6.420071796568344 -1.502354689552062
-6.286229900521935 -1.989398181384345
-6.115497907809834 -2.4647670936388493
-5.908877741653865 -2.925671772516335
-5.667581931347931 -3.3694074460904546
-5.3930264966539685 -3.793370096984946
-5.086822638034924 -4.195071743783027
-4.750767281489796 -4.572155041491639
-4.386832533477321 -4.922407115379253
-3.9971541078111312 -5.2437725470046805
-3.5840187924418525 -5.534365436229794
-3.1498510296760944 -5.792480468431448
-2.697198688585008 -6.016602921965738
-2.22871811309539 -6.205417557156962
-1.7471585335073307 -6.357816334646972
-1.2553459329176075 -6.472904917810749
-0.7561664632271522 -6.550007921079325
-0.2525495080541044 -6.588672873370856
0.252549508054102 -6.588672873370856
0.7561664632271499 -6.550007921079325
1.255345932917605 -6.472904917810749
1.7471585335073285 -6.357816334646973
2.228718113095388 -6.205417557156962
2.6971986885850057 -6.01660292196574
3.149851029676098 -5.792480468431445
3.5840187924418507 -5.534365436229796
3.9971541078111295 -5.243772547004681
4.38683253347732 -4.922407115379254
4.750767281489795 -4.57215504149164
5.086822638034921 -4.19507174378303
5.393026496653967 -3.793370096984948
5.667581931347929 -3.36940744609046
5.908877741653864 -2.925671772516337
6.115497907809833 -2.4647670936388515
6.286229900521935 -1.9893981813843449
6.420071796568343 -1.5023546895520643
6.516238158483166 -1.0064947830164186
6.574164643815817 -0.5047283648789707
6.523862842514661 0.0
6.504720531884715 0.499396826202274
6.447405934685258 0.9958629932519749
6.352255395762805 1.4864850402697625
6.219827296314701 1.9683838019964566
6.0508987770862275 2.438731304879625
5.846461177799687 2.894767362746888
5.607714219578733 3.3338157746759136
5.3360589645077585 3.753300030005577
5.033089593642486 4.1507584283250205
4.7005840517216235 4.523858525710524
4.340493613480183 4.870410822433896
3.9549314327934297 5.188381611817502
3.546160141849697 5.475904914833713
3.116578573125 5.731293430411813
2.6687076820802167 5.9530484371916135
2.205175753192027 6.139868588616327
1.728702976134518 6.290657549751626
1.2420854826245329 6.404530431014974
0.7481789376089273 6.480818981059558
0.24988178108715703 6.519075508338907
-0.24988178108715625 6.519075508338907
-0.7481789376089251 6.480818981059559
-1.242085482624532 6.404530431014974
-1.7287029761345174 6.290657549751626
-2.2051757531920275 6.139868588616326
-2.668707682080216 5.9530484371916135
-3.116578573124998 5.731293430411815
-3.546160141849696 5.475904914833713
-3.9549314327934297 5.188381611817502
-4.340493613480182 4.870410822433898
-4.7005840517216235 4.523858525710524
-5.033089593642486 4.15075842832502
-5.3360589645077585 3.753300030005578
-5.607714219578733 3.3338157746759136
-5.846461177799686 2.8947673627468897
-6.050898777086227 2.4387313048796253
-6.219827296314701 1.968383801996456
-6.352255395762805 1.486485040269764
-6.447405934685258 0.9958629932519751
-6.504720531884715 0.4993968262022759
-6.523862842514661 3.6961198697187125e-15
-6.504720531884715 -0.49939682620227427
-6.447405934685258 -0.9958629932519735
-6.352255395762806 -1.4864850402697594
-6.219827296314701 -1.968383801996457
-6.0508987770862275 -2.438731304879624
-5.846461177799687 -2.894767362746888
-5.6077142195787335 -3.3338157746759123
-5.33605896450776 -3.753300030005574
-5.033089593642485 -4.150758428325021
-4.700584051721624 -4.523858525710523
-4.340493613480183 -4.870410822433896
-3.9549314327934293 -5.188381611817503
-3.5461601418496995 -5.475904914833711
-3.1165785731249964 -5.7312934304118155
-2.6687076820802176 -5.953048437191613
-2.2051757531920275 -6.139868588616326
-1.7287029761345174 -6.290657549751626
-1.2420854826245364 -6.404530431014973
-0.7481789376089296 -6.480818981059558
-0.24988178108715783 -6.519075508338907
0.24988178108715545 -6.519075508338907
0.7481789376089273 -6.480818981059558
1.2420854826245342 -6.404530431014974
1.7287029761345152 -6.290657549751627
2.2051757531920253 -6.139868588616327
2.6687076820802154 -5.953048437191614
3.116578573125 -5.731293430411813
3.546160141849698 -5.475904914833712
3.954931432793427 -5.188381611817504
4.340493613480181 -4.8704108224338984
4.7005840517216235 -4.523858525710525
5.033089593642481 -4.150758428325025
5.3360589645077585 -3.7533000300055757
5.60771421957873 -3.333815774675917
5.846461177799686 -2.89476736274689
6.050898777086227 -2.4387313048796266
6.219827296314701 -1.9683838019964566
6.352255395762805 -1.4864850402697618
6.447405934685258 -0.9958629932519788
6.504720531884715 -0.4993968262022767
7.212540526216651 0.0
7.191377498342402 0.5521145883348298
7.12801260778233 1.1009891487265961
7.022817704910182 1.643402667004546
6.8764101152449255 2.1761720449621715
6.6896490167391365 2.696170780043186
6.46363039778113 3.2003473129017284
6.199680625499308 3.685742935165999
5.8993486621124305 4.149509152315469
5.564396975003409 4.588924399779373
5.196791193859881 5.001410014159804
4.79868857557761 5.384545365853881
4.372425344619222 5.73608206427079
3.9205029831201035 6.053957152281798
3.4455735511965604 6.336305212472983
2.950424123602505 6.581469314156373
2.437960434066572 6.788010736898072
1.9111898232911888 6.954717413501843
1.3732035906815094 7.08061104290138
0.8271588533713078 7.164952831219968
0.27626001900426483 7.207247827306713
-0.276260019004264 7.207247827306713
-0.8271588533713053 7.164952831219969
-1.3732035906815085 7.08061104290138
-1.9111898232911881 6.954717413501843
-2.437960434066573 6.788010736898071
-2.950424123602504 6.581469314156373
-3.445573551196558 6.336305212472984
-3.9205029831201026 6.053957152281798
-4.372425344619222 5.73608206427079
-4.798688575577608 5.384545365853882
-5.19679119385988 5.001410014159804
-5.564396975003409 4.588924399779372
-5.8993486621124305 4.14950915231547
-6.199680625499308 3.685742935165999
-6.463630397781129 3.20034731290173
-6.689649016739136 2.696170780043187
-6.8764101152449255 2.1761720449621706
-7.022817704910182 1.6434026670045476
-7.12801260778233 1.1009891487265964
-7.191377498342402 0.552114588334832
-7.212540526216651 4.086292890214287e-15
-7.191377498342402 -0.5521145883348301
-7.12801260778233 -1.1009891487265946
-7.0228177049101825 -1.6434026670045427
-6.8764101152449255 -2.176172044962172
-6.6896490167391365 -2.696170780043185
-6.46363039778113 -3.2003473129017284
-6.199680625499309 -3.685742935165998
-5.899348662112433 -4.149509152315466
-5.564396975003408 -4.588924399779374
-5.196791193859881 -5.001410014159803
-4.798688575577609 -5.384545365853881
-4.372425344619221 -5.736082064270791
-3.9205029831201066 -6.053957152281796
-3.445573551196557 -6.336305212472985
-2.950424123602506 -6.581469314156372
-2.437960434066573 -6.788010736898071
-1.9111898232911881 -6.954717413501843
-1.3732035906815134 -7.0806110429013795
-0.8271588533713103 -7.164952831219968
-0.2762600190042658 -7.207247827306713
0.2762600190042631 -7.207247827306713
0.8271588533713077 -7.164952831219968
1.3732035906815108 -7.08061104290138
1.9111898232911857 -6.954717413501844
2.43796043406657 -6.788010736898072
2.9504241236025033 -6.581469314156374
3.4455735511965604 -6.336305212472983
3.9205029831201053 -6.053957152281797
4.372425344619218 -5.736082064270793
4.798688575577607 -5.384545365853883
5.19679119385988 -5.001410014159805
5.564396975003405 -4.588924399779378
5.899348662112431 -4.149509152315468
6.1996806254993055 -3.685742935166003
6.463630397781129 -3.200347312901731
6.689649016739136 -2.6961707800431878
6.8764101152449255 -2.1761720449621715
7.022817704910182 -1.6434026670045454
7.128012607782329 -1.1009891487266004
7.191377498342402 -0.5521145883348328
7.526488413486386 0.0
7.504404200092943 0.5761470645349244
7.438281158858208 1.148913069000349
7.328507326080819 1.7149367947316818
7.175726898261159 2.2708965894368918
6.9808364517001396 2.8135298599729537
6.744979681032959 3.33965221853973
6.4695406875742165 3.8461761699337895
6.1561358568610265 4.33012923019796
5.806604373059969 4.788671370339133
5.422997425903071 5.219111682747696
5.007566173490845 5.6189241725133705
4.562748531601424 5.985762580967764
4.091154867031372 6.317474154463184
3.5955526789253662 6.612112277587052
3.078850357990757 6.867947896675179
2.544080118904432 7.083479666586192
1.9943802060713913 7.257442761191813
1.4329764771586986 7.388816295879514
0.8631634724799919 7.476829318509357
0.2882850813229068 7.520965333667711
-0.2882850813229059 7.520965333667711
-0.8631634724799893 7.476829318509358
-1.4329764771586975 7.388816295879514
-1.9943802060713907 7.257442761191813
-2.544080118904433 7.083479666586191
-3.0788503579907562 6.867947896675179
-3.5955526789253645 6.6121122775870536
-4.0911548670313715 6.317474154463184
-4.562748531601424 5.985762580967764
-5.0075661734908445 5.618924172513372
-5.42299742590307 5.219111682747696
-5.806604373059969 4.788671370339132
-6.1561358568610265 4.330129230197961
-6.4695406875742165 3.8461761699337895
-6.744979681032958 3.3396522185397313
-6.980836451700139 2.8135298599729546
-7.175726898261159 2.2708965894368913
-7.3285073260808185 1.7149367947316836
-7.438281158858208 1.1489130690003493
-7.504404200092943 0.5761470645349266
-7.526488413486386 4.264161286930395e-15
-7.504404200092943 -0.5761470645349247
-7.438281158858208 -1.1489130690003475
-7.32850732608082 -1.7149367947316783
-7.175726898261159 -2.270896589436892
-6.9808364517001396 -2.8135298599729532
-6.744979681032959 -3.33965221853973
-6.469540687574217 -3.8461761699337877
-6.156135856861029 -4.330129230197956
-5.806604373059968 -4.7886713703391335
-5.4229974259030715 -5.2191116827476955
-5.007566173490845 -5.6189241725133705
-4.562748531601423 -5.985762580967765
-4.091154867031376 -6.3174741544631825
-3.5955526789253627 -6.612112277587054
-3.078850357990758 -6.867947896675178
-2.544080118904433 -7.083479666586191
-1.9943802060713907 -7.257442761191813
-1.4329764771587028 -7.388816295879513
-0.8631634724799945 -7.476829318509357
-0.2882850813229077 -7.520965333667711
0.288285081322905 -7.520965333667711
0.8631634724799918 -7.476829318509357
1.4329764771587001 -7.388816295879514
1.994380206071388 -7.257442761191814
2.5440801189044304 -7.083479666586192
3.0788503579907553 -6.8679478966751795
3.5955526789253662 -6.612112277587052
4.091154867031374 -6.317474154463183
4.562748531601421 -5.985762580967767
5.007566173490844 -5.618924172513373
5.42299742590307 -5.219111682747697
5.8066043730599635 -4.788671370339138
6.156135856861027 -4.330129230197958
6.469540687574214 -3.8461761699337935
6.744979681032958 -3.339652218539732
6.980836451700139 -2.813529859972956
7.175726898261159 -2.2708965894368918
7.328507326080819 -1.714936794731681
7.438281158858208 -1.1489130690003535
7.504404200092943 -0.5761470645349275
1.0 0.5 0.4 0.32000000000000006 0.25600000000000006 0.20480000000000007 0.16384000000000007 0.13107200000000005 0.10485760000000005 0.08388608000000004 0.06710886400000003 0.05368709120000003 0.042949672960000025 0.03435973836800002 0.027487790694400018 0.021990232555520017 0.017592186044416015 0.014073748835532814 0.011258999068426251 