0.0 0.0
1.4237637531753526 0.0
1.3752501797263277 0.3684971750484258
1.2330155792373327 0.7118818765876762
1.0067530046779019 1.0067530046779016
0.7118818765876764 1.2330155792373325
0.3684971750484258 1.3752501797263277
8.71803861534109e-17 1.4237637531753526
-0.36849717504842566 1.3752501797263277
-0.711881876587676 1.2330155792373327
-1.0067530046779016 1.0067530046779019
-1.2330155792373327 0.7118818765876762
-1.3752501797263275 0.3684971750484262
-1.4237637531753526 1.743607723068218e-16
-1.3752501797263277 -0.3684971750484259
-1.233015579237333 -0.7118818765876759
-1.0067530046779023 -1.0067530046779012
-0.711881876587677 -1.2330155792373323
-0.36849717504842566 -1.3752501797263277
-2.6154115846023265e-16 -1.4237637531753526
0.36849717504842516 -1.3752501797263277
0.7118818765876764 -1.2330155792373325
1.0067530046779014 -1.006753004677902
1.2330155792373323 -0.711881876587677
1.3752501797263272 -0.368497175048427
2.2795598011194973 0.0
2.2018856844716947 0.5899934909798403
1.9741566972152875 1.1397799005597484
1.6118921934918542 1.611892193491854
1.1397799005597489 1.974156697215287
0.5899934909798403 2.2018856844716947
1.3958278069529846e-16 2.2795598011194973
-0.5899934909798401 2.2018856844716947
-1.1397799005597482 1.9741566972152875
-1.611892193491854 1.6118921934918542
-1.9741566972152875 1.1397799005597484
-2.2018856844716943 0.589993490979841
-2.2795598011194973 2.791655613905969e-16
-2.2018856844716947 -0.5899934909798406
-1.9741566972152877 -1.139779900559748
-1.611892193491855 -1.6118921934918533
-1.1397799005597498 -1.9741566972152866
-0.5899934909798401 -2.2018856844716947
-4.187483420858954e-16 -2.2795598011194973
0.5899934909798393 -2.2018856844716947
1.1397799005597489 -1.974156697215287
1.6118921934918538 -1.6118921934918546
1.9741566972152866 -1.1397799005597498
2.2018856844716943 -0.5899934909798423
2.8491779827541706 0.0
2.752094597236443 0.7374215248235607
2.467460512968413 1.424588991377085
2.0146730724128825 2.014673072412882
1.4245889913770855 2.4674605129684126
0.7374215248235607 2.752094597236443
1.7446183483905038e-16 2.8491779827541706
-0.7374215248235604 2.752094597236443
-1.4245889913770846 2.467460512968413
-2.014673072412882 2.0146730724128825
-2.467460512968413 1.424588991377085
-2.7520945972364426 0.7374215248235615
-2.8491779827541706 3.4892366967810076e-16
-2.752094597236443 -0.7374215248235609
-2.4674605129684135 -1.4245889913770844
-2.0146730724128834 -2.014673072412881
-1.4245889913770866 -2.467460512968412
-0.7374215248235604 -2.752094597236443
-5.233855045171511e-16 -2.8491779827541706
0.7374215248235595 -2.7520945972364435
1.4245889913770855 -2.4674605129684126
2.0146730724128816 -2.0146730724128825
2.467460512968412 -1.4245889913770866
2.7520945972364426 -0.737421524823563
3.2895893586973433 0.0
3.177499319451458 0.8514083765974599
2.8488679526508593 1.6447946793486714
2.3260909428539978 2.3260909428539973
1.644794679348672 2.848867952650859
0.8514083765974599 3.177499319451458
2.014292539318948e-16 3.2895893586973433
-0.8514083765974596 3.177499319451458
-1.644794679348671 2.8488679526508593
-2.3260909428539973 2.3260909428539978
-2.8488679526508593 1.6447946793486714
-3.1774993194514574 0.8514083765974608
-3.2895893586973433 4.028585078637896e-16
-3.177499319451458 -0.8514083765974602
-2.84886795265086 -1.6447946793486707
-2.3260909428539986 -2.326090942853996
-1.6447946793486732 -2.8488679526508585
-0.8514083765974596 -3.177499319451458
-6.042877617956843e-16 -3.2895893586973433
0.8514083765974585 -3.177499319451458
1.644794679348672 -2.848867952650859
2.326090942853997 -2.326090942853998
2.8488679526508585 -1.6447946793486732
3.177499319451457 -0.8514083765974627
3.6558614802766987 0.0
3.5312910211346464 0.9462065773523031
3.166068914636604 1.827930740138349
2.5850844437823435 2.585084443782343
1.8279307401383498 3.1660689146366034
0.9462065773523031 3.5312910211346464
2.2385695299734816e-16 3.6558614802766987
-0.9462065773523027 3.5312910211346464
-1.8279307401383484 3.166068914636604
-2.585084443782343 2.5850844437823435
-3.166068914636604 1.827930740138349
-3.531291021134646 0.9462065773523041
-3.6558614802766987 4.477139059946963e-16
-3.5312910211346464 -0.9462065773523033
-3.1660689146366043 -1.8279307401383482
-2.585084443782345 -2.5850844437823417
-1.8279307401383509 -3.1660689146366026
-0.9462065773523027 -3.5312910211346464
-6.715708589920444e-16 -3.6558614802766987
0.9462065773523015 -3.531291021134647
1.8279307401383498 -3.1660689146366034
2.5850844437823426 -2.585084443782344
3.1660689146366026 -1.8279307401383509
3.5312910211346455 -0.9462065773523062
3.973635230266677 0.0
3.8382368931666924 1.0284524758833564
3.44126905478377 1.9868176151333383
2.809784417283336 2.8097844172833355
1.986817615133339 3.4412690547837697
1.0284524758833564 3.8382368931666924
2.433149832862621e-16 3.973635230266677
-1.028452475883356 3.8382368931666924
-1.9868176151333377 3.44126905478377
-2.8097844172833355 2.809784417283336
-3.44126905478377 1.9868176151333383
-3.838236893166692 1.0284524758833575
-3.973635230266677 4.866299665725242e-16
-3.8382368931666924 -1.0284524758833566
-3.4412690547837705 -1.9868176151333374
-2.8097844172833373 -2.809784417283334
-1.9868176151333403 -3.4412690547837688
-1.028452475883356 -3.8382368931666924
-7.299449498587863e-16 -3.973635230266677
1.0284524758833546 -3.838236893166693
1.986817615133339 -3.4412690547837697
2.809784417283335 -2.8097844172833364
3.4412690547837688 -1.9868176151333403
3.8382368931666915 -1.0284524758833598
4.507830386784717 0.0
4.354229791125999 1.1667123561917472
3.903895630906997 2.2539151933923582
3.1875174349342514 3.1875174349342505
2.253915193392359 3.9038956309069968
1.1667123561917472 4.354229791125999
2.7602500271375397e-16 4.507830386784717
-1.1667123561917467 4.354229791125999
-2.253915193392358 3.903895630906997
-3.1875174349342505 3.1875174349342514
-3.903895630906997 2.2539151933923582
-4.354229791125998 1.1667123561917485
-4.507830386784717 5.520500054275079e-16
-4.354229791125999 -1.1667123561917476
-3.903895630906998 -2.2539151933923574
-3.1875174349342528 -3.187517434934249
-2.253915193392361 -3.903895630906996
-1.1667123561917467 -4.354229791125999
-8.280750081412618e-16 -4.507830386784717
1.1667123561917452 -4.354229791125999
2.253915193392359 -3.9038956309069968
3.18751743493425 -3.187517434934252
3.903895630906996 -2.253915193392361
4.354229791125998 -1.166712356191751
4.240820384056923 0.0
4.096317933613708 1.0976050822529182
3.6726581854801754 2.1204101920284613
2.9987128513607897 2.9987128513607892
2.120410192028462 3.672658185480175
1.0976050822529182 4.096317933613708
2.59675355454708e-16 4.240820384056923
-1.0976050822529178 4.096317933613708
-2.120410192028461 3.6726581854801754
-2.9987128513607892 2.9987128513607897
-3.6726581854801754 2.1204101920284613
-4.096317933613707 1.0976050822529193
-4.240820384056923 5.19350710909416e-16
-4.096317933613708 -1.0976050822529184
-3.672658185480176 -2.1204101920284604
-2.998712851360791 -2.998712851360788
-2.1204101920284635 -3.672658185480174
-1.0976050822529178 -4.096317933613708
-7.79026066364124e-16 -4.240820384056923
1.0976050822529162 -4.096317933613708
2.120410192028462 -3.672658185480175
2.998712851360789 -2.99871285136079
3.672658185480174 -2.1204101920284635
4.096317933613707 -1.0976050822529217
4.814752796470281 0.0
4.650694073308158 1.2461497211871295
4.1696982346854305 2.40737639823514
3.4045443521210292 3.404544352121029
2.407376398235141 4.1696982346854305
1.2461497211871295 4.650694073308158
2.948185800441549e-16 4.814752796470281
-1.246149721187129 4.650694073308158
-2.4073763982351397 4.1696982346854305
-3.404544352121029 3.4045443521210292
-4.1696982346854305 2.40737639823514
-4.650694073308158 1.2461497211871309
-4.814752796470281 5.896371600883098e-16
-4.650694073308158 -1.2461497211871297
-4.169698234685431 -2.4073763982351393
-3.4045443521210306 -3.404544352121027
-2.407376398235143 -4.169698234685429
-1.246149721187129 -4.650694073308158
-8.844557401324646e-16 -4.814752796470281
1.2461497211871275 -4.650694073308159
2.407376398235141 -4.1696982346854305
3.404544352121028 -3.4045443521210297
4.169698234685429 -2.407376398235143
4.650694073308157 -1.2461497211871335
1.0 0.5 0.4 0.32000000000000006 0.25600000000000006 0.20480000000000007 0.16384000000000007 0.13107200000000005 0.10485760000000005 0.08388608000000004 