0.0 0.0
1.233789964449532 0.0
1.1593833251929335 0.4219810204748006
0.9451379462425255 0.7930649021037549
0.6168949822247661 1.0684934521475942
0.2142453789504081 1.2150459225785557
-0.21424537895040796 1.2150459225785557
-0.6168949822247658 1.0684934521475942
-0.9451379462425253 0.7930649021037552
-1.1593833251929335 0.42198102047480085
-1.233789964449532 1.5109569307832462e-16
-1.1593833251929335 -0.42198102047480057
-0.9451379462425259 -0.7930649021037546
-0.6168949822247666 -1.068493452147594
-0.214245378950408 -1.2150459225785557
0.21424537895040754 -1.2150459225785557
0.6168949822247652 -1.0684934521475946
0.9451379462425252 -0.7930649021037554
1.1593833251929335 -0.4219810204748005
2.0016751089019373 0.0
1.88095932904598 0.6846132076380641
1.5333720941039042 1.2866519586201195
1.000837554450969 1.7335014944320604
0.3475872349420759 1.9712651662581837
-0.34758723494207566 1.9712651662581837
-1.0008375544509682 1.7335014944320606
-1.533372094103904 1.28665195862012
-1.8809593290459798 0.6846132076380644
-2.0016751089019373 2.451345015049687e-16
-1.88095932904598 -0.684613207638064
-1.5333720941039048 -1.2866519586201188
-1.0008375544509696 -1.73350149443206
-0.3475872349420757 -1.9712651662581837
0.347587234942075 -1.971265166258184
1.0008375544509673 -1.7335014944320613
1.5333720941039037 -1.2866519586201202
1.88095932904598 -0.6846132076380639
2.5109505577702915 0.0
2.3595217102950037 0.858795669652263
1.9234997217264302 1.6140079070702482
1.255475278885146 2.174546970675778
0.4360219885685736 2.4728035767225114
-0.4360219885685733 2.4728035767225114
-1.255475278885145 2.1745469706757783
-1.92349972172643 1.6140079070702487
-2.3595217102950037 0.8587956696522633
-2.5109505577702915 3.0750275633906488e-16
-2.3595217102950037 -0.8587956696522627
-1.9234997217264311 -1.6140079070702473
-1.2554752788851469 -2.1745469706757774
-0.4360219885685734 -2.4728035767225114
0.4360219885685725 -2.4728035767225114
1.255475278885144 -2.174546970675779
1.9234997217264296 -1.614007907070249
2.3595217102950037 -0.8587956696522626
2.9098396819991184 0.0
2.734354876844586 0.9952237850920568
2.2290665187625187 1.8704088937632528
1.4549198409995594 2.519995085551269
0.5052883580820672 2.8656326788553095
-0.5052883580820668 2.8656326788553095
-1.4549198409995585 2.5199950855512694
-2.2290665187625183 1.8704088937632535
-2.7343548768445856 0.9952237850920572
-2.9098396819991184 3.563525852592172e-16
-2.734354876844586 -0.9952237850920566
-2.2290665187625196 -1.870408893763252
-1.4549198409995605 -2.519995085551268
-0.505288358082067 -2.8656326788553095
0.505288358082066 -2.86563267885531
1.4549198409995572 -2.5199950855512703
2.229066518762518 -1.8704088937632537
2.734354876844586 -0.9952237850920564
3.2418067532833974 0.0
3.0463018840743326 1.1087632103921083
2.4833680490183223 2.0837932140087156
1.6209033766416991 2.807487002503374
0.5629338350560102 3.192556424400824
-0.5629338350560099 3.192556424400824
-1.620903376641698 2.8074870025033745
-2.483368049018322 2.083793214008716
-3.046301884074332 1.1087632103921088
-3.2418067532833974 3.970068263862786e-16
-3.0463018840743326 -1.1087632103921081
-2.483368049018323 -2.0837932140087143
-1.6209033766417 -2.8074870025033736
-0.56293383505601 -3.192556424400824
0.5629338350560088 -3.1925564244008244
1.6209033766416965 -2.807487002503376
2.4833680490183214 -2.0837932140087165
3.0463018840743326 -1.108763210392108
3.5276827439650096 0.0
3.3149374429777048 1.206538557698401
2.702361763101104 2.2675507587257204
1.7638413719825052 3.055062872765694
0.6125756798766006 3.4740893164241213
-0.6125756798766002 3.4740893164241213
-1.763841371982504 3.0550628727656943
-2.702361763101104 2.2675507587257213
-3.3149374429777043 1.2065385576984013
-3.5276827439650096 4.320165380804101e-16
-3.3149374429777048 -1.2065385576984007
-2.702361763101105 -2.267550758725719
-1.7638413719825063 -3.055062872765693
-0.6125756798766003 -3.4740893164241213
0.612575679876599 -3.4740893164241218
1.7638413719825023 -3.055062872765695
2.7023617631011034 -2.2675507587257213
3.3149374429777048 -1.2065385576984005
3.780264216280447 0.0
3.5522863886597618 1.2929265090611353
2.895850396403155 2.4299069995664673
1.890132108140224 3.2738048443161385
0.6564359922566065 3.7228335086276028
-0.6564359922566061 3.7228335086276028
-1.8901321081402227 3.273804844316139
-2.8958503964031546 2.429906999566468
-3.5522863886597613 1.292926509061136
-3.780264216280447 4.629488472399127e-16
-3.5522863886597618 -1.292926509061135
-2.8958503964031563 -2.429906999566466
-1.8901321081402254 -3.2738048443161376
-0.6564359922566062 -3.7228335086276028
0.6564359922566049 -3.722833508627603
1.8901321081402211 -3.2738048443161403
2.895850396403154 -2.4299069995664686
3.5522863886597618 -1.2929265090611348
4.008887715010588 0.0
3.7671222033547314 1.3711203508644338
3.0709861571717982 2.576863351833388
2.0044438575052945 3.47179860211852
0.6961360461829333 3.9479837026978224
-0.6961360461829329 3.9479837026978224
-2.004443857505293 3.4717986021185205
-3.070986157171798 2.576863351833389
-3.767122203354731 1.3711203508644345
-4.008887715010588 4.909471508328864e-16
-3.7671222033547314 -1.3711203508644336
-3.0709861571717996 -2.5768633518333868
-2.004443857505296 -3.471798602118519
-0.696136046182933 -3.9479837026978224
0.6961360461829316 -3.947983702697823
2.0044438575052914 -3.471798602118522
3.0709861571717973 -2.5768633518333894
3.7671222033547314 -1.3711203508644334
4.2217948935519685 0.0
3.9671895079424147 1.4439388945842206
3.2340825181935626 2.7137174482131075
2.1108974467759847 3.6561816273834244
0.7331069897488518 4.157656342797328
-0.7331069897488514 4.157656342797328
-2.1108974467759833 3.656181627383425
-3.234082518193562 2.7137174482131083
-3.967189507942414 1.4439388945842213
-4.2217948935519685 5.170207603045059e-16
-3.9671895079424147 -1.4439388945842202
-3.234082518193564 -2.7137174482131057
-2.110897446775986 -3.6561816273834236
-0.7331069897488515 -4.157656342797328
0.7331069897488499 -4.1576563427973285
2.1108974467759816 -3.6561816273834262
3.2340825181935617 -2.713717448213109
3.9671895079424147 -1.44393889458422
4.428660263888459 0.0
4.161579369943759 1.5146910181958246
3.392550585613581 2.846687945138621
2.21433013194423 3.8353322932581015
0.7690287843301781 4.361378963334446
-0.7690287843301776 4.361378963334446
-2.214330131944229 3.835332293258102
-3.3925505856135807 2.846687945138622
-4.161579369943759 1.5146910181958255
-4.428660263888459 5.423544616682074e-16
-4.161579369943759 -1.5146910181958244
-3.3925505856135825 -2.8466879451386196
-2.2143301319442315 -3.8353322932581
-0.7690287843301777 -4.361378963334446
0.7690287843301762 -4.361378963334446
2.2143301319442266 -3.8353322932581033
3.3925505856135802 -2.8466879451386222
4.161579369943759 -1.5146910181958242
4.648013305012821 0.0
4.36770380403527 1.5897141767601002
3.560584763848147 2.9876853621204225
2.324006652506411 4.025297599269171
0.8071190401871228 4.577399538880523
-0.8071190401871222 4.577399538880523
-2.3240066525064096 4.025297599269171
-3.5605847638481465 2.9876853621204233
-4.367703804035269 1.5897141767601008
-4.648013305012821 5.692174616378262e-16
-4.36770380403527 -1.5897141767601
-3.5605847638481483 -2.987685362120421
-2.3240066525064127 -4.02529759926917
-0.8071190401871223 -4.577399538880523
0.8071190401871207 -4.577399538880523
2.3240066525064074 -4.025297599269173
3.560584763848146 -2.9876853621204242
4.36770380403527 -1.5897141767600997
1.0 0.5 0.4 0.32000000000000006 0.25600000000000006 0.20480000000000007 0.16384000000000007 0.13107200000000005 0.10485760000000005 0.08388608000000004 0.06710886400000003 0.05368709120000003 