0.0 0.0
2.101329002711856 0.0
2.0905477631517098 0.21258792914788277
2.058314674578507 0.4229944184652765
2.0049604920993462 0.6290604126463128
1.9310327018262086 0.8286713957388508
1.8372899029275804 1.019779088939543
1.7246940233744368 1.2004224687061218
1.594400449257562 1.3687478895126326
1.4477461689627724 1.5230281047609129
1.286236053860841 1.6616799906680269
1.1115274162908197 1.7832807912585884
0.925413003292738 1.8865827177663632
0.7298026005969951 1.9705257526355409
0.5267034356384185 2.0342485267352877
0.31819958068656495 2.0770971581726494
0.10643056744403717 2.098631962005616
-0.10643056744403644 2.098631962005616
-0.3181995806865651 2.0770971581726494
-0.5267034356384183 2.0342485267352877
-0.7298026005969949 1.970525752635541
-0.9254130032927378 1.8865827177663632
-1.11152741629082 1.7832807912585884
-1.2862360538608404 1.6616799906680277
-1.4477461689627718 1.5230281047609135
-1.594400449257562 1.3687478895126328
-1.7246940233744368 1.2004224687061218
-1.8372899029275804 1.019779088939543
-1.9310327018262086 0.828671395738851
-2.0049604920993462 0.6290604126463131
-2.058314674578507 0.42299441846527674
-2.0905477631517098 0.21258792914788394
-2.101329002711856 2.573385837126574e-16
-2.0905477631517098 -0.2125879291478825
-2.058314674578507 -0.42299441846527625
-2.0049604920993462 -0.6290604126463135
-1.931032701826209 -0.8286713957388504
-1.8372899029275807 -1.0197790889395424
-1.7246940233744372 -1.2004224687061213
-1.5944004492575627 -1.3687478895126324
-1.4477461689627726 -1.5230281047609127
-1.2862360538608406 -1.661679990668027
-1.1115274162908204 -1.7832807912585882
-0.9254130032927375 -1.8865827177663637
-0.7298026005969959 -1.9705257526355406
-0.5267034356384201 -2.034248526735287
-0.3181995806865657 -2.0770971581726494
-0.10643056744403835 -2.098631962005616
0.10643056744403757 -2.098631962005616
0.3181995806865649 -2.0770971581726494
0.5267034356384176 -2.034248526735288
0.7298026005969951 -1.9705257526355409
0.9254130032927367 -1.886582717766364
1.1115274162908197 -1.7832807912585886
1.2862360538608402 -1.6616799906680277
1.4477461689627722 -1.523028104760913
1.5944004492575627 -1.3687478895126322
1.7246940233744368 -1.200422468706122
1.83728990292758 -1.019779088939544
1.9310327018262086 -0.8286713957388512
2.0049604920993462 -0.6290604126463142
2.0583146745785066 -0.4229944184652788
2.0905477631517098 -0.21258792914788233
3.1967494486377346 0.0
3.180347961019637 0.3234097775329286
3.1313117996230644 0.643500933105016
3.050144141820474 0.9569888983075523
2.9376778776183112 1.2606568624005634
2.7950670630784615 1.5513887811440439
2.62377507814137 1.82620135162854
2.4255596103675816 2.082274625000056
2.20245461868484 2.3169809429512958
1.9567494622171002 2.527911901051686
1.6909654083619219 2.7129030622359247
1.4078297611751511 2.870056166857223
1.1102478755406682 2.997758611400039
0.8012733442977168 3.094699995974345
0.4840766642461931 3.1598855707917552
0.16191270255911527 3.192646443644467
-0.16191270255911416 3.192646443644467
-0.4840766642461934 3.1598855707917552
-0.8012733442977165 3.094699995974345
-1.110247875540668 2.9977586114000396
-1.4078297611751507 2.870056166857223
-1.6909654083619223 2.7129030622359247
-1.9567494622170991 2.527911901051687
-2.202454618684839 2.316980942951297
-2.4255596103675816 2.082274625000056
-2.62377507814137 1.82620135162854
-2.7950670630784615 1.5513887811440439
-2.9376778776183112 1.2606568624005636
-3.050144141820474 0.9569888983075526
-3.1313117996230644 0.6435009331050163
-3.1803479610196366 0.3234097775329304
-3.1967494486377346 3.9148889799502676e-16
-3.180347961019637 -0.3234097775329282
-3.1313117996230644 -0.6435009331050155
-3.050144141820474 -0.9569888983075532
-2.9376778776183117 -1.260656862400563
-2.795067063078462 -1.5513887811440432
-2.623775078141371 -1.8262013516285394
-2.4255596103675825 -2.0822746250000557
-2.20245461868484 -2.3169809429512953
-1.9567494622170996 -2.5279119010516866
-1.690965408361923 -2.7129030622359243
-1.4078297611751502 -2.8700561668572235
-1.1102478755406693 -2.997758611400039
-0.8012733442977193 -3.0946999959743446
-0.48407666424619417 -3.1598855707917552
-0.16191270255911708 -3.192646443644467
0.16191270255911588 -3.192646443644467
0.484076664246193 -3.1598855707917552
0.8012733442977155 -3.0946999959743455
1.1102478755406682 -2.997758611400039
1.4078297611751491 -2.8700561668572244
1.6909654083619219 -2.712903062235925
1.9567494622170987 -2.527911901051687
2.2024546186848397 -2.316980942951296
2.4255596103675825 -2.0822746250000552
2.62377507814137 -1.8262013516285405
2.795067063078461 -1.5513887811440454
2.9376778776183112 -1.260656862400564
3.0501441418204736 -0.9569888983075543
3.1313117996230635 -0.6435009331050194
3.180347961019637 -0.32340977753292793
3.9418400446396626 0.0
3.921615738129739 0.39878934285905937
3.861150347352619 0.7934865674121818
3.761064329040423 1.18004154602477
3.6223847011790564 1.554487701523796
3.4465345044138975 1.9129827096472325
3.235318199727093 2.2518479264904765
2.9909031522260574 2.567606136370812
2.7157973910445556 2.8570172327657395
2.412823873569884 3.1171114661904595
2.0850915180800085 3.3452199178463022
1.7359633020349923 3.5390018863392236
1.3690217533774156 3.6964689064435863
0.9880321889477595 3.8160051534461945
0.5969040772383255 3.896384023694415
0.19965092195615422 3.9367807212095105
-0.19965092195615286 3.9367807212095105
-0.5969040772383258 3.896384023694415
-0.988032188947759 3.8160051534461945
-1.3690217533774152 3.6964689064435867
-1.7359633020349918 3.5390018863392236
-2.085091518080009 3.3452199178463022
-2.4128238735698826 3.117111466190461
-2.7157973910445543 2.857017232765741
-2.9909031522260574 2.5676061363708125
-3.235318199727093 2.2518479264904765
-3.4465345044138975 1.9129827096472325
-3.6223847011790564 1.5544877015237961
-3.761064329040423 1.1800415460247704
-3.861150347352619 0.7934865674121823
-3.9216157381297387 0.3987893428590616
-3.9418400446396626 4.827361793418823e-16
-3.921615738129739 -0.39878934285905887
-3.861150347352619 -0.7934865674121813
-3.761064329040423 -1.180041546024771
-3.622384701179057 -1.5544877015237952
-3.446534504413898 -1.9129827096472316
-3.235318199727094 -2.2518479264904756
-2.9909031522260583 -2.5676061363708116
-2.715797391044556 -2.857017232765739
-2.412823873569883 -3.11711146619046
-2.08509151808001 -3.345219917846302
-1.7359633020349912 -3.539001886339224
-1.369021753377417 -3.696468906443586
-0.9880321889477625 -3.8160051534461936
-0.5969040772383268 -3.896384023694415
-0.19965092195615644 -3.9367807212095105
0.199650921956155 -3.9367807212095105
0.5969040772383254 -3.896384023694415
0.9880321889477577 -3.816005153446195
1.3690217533774156 -3.6964689064435863
1.73596330203499 -3.539001886339225
2.0850915180800085 -3.3452199178463027
2.412823873569882 -3.117111466190461
2.715797391044555 -2.85701723276574
2.9909031522260583 -2.567606136370811
3.235318199727093 -2.251847926490477
3.4465345044138966 -1.9129827096472343
3.6223847011790564 -1.5544877015237966
3.7610643290404226 -1.1800415460247724
3.861150347352618 -0.793486567412186
3.921615738129739 -0.3987893428590586
4.499121273207987 0.0
4.4760377369345115 0.45516854962841136
4.407023996433267 0.9056664539961757
4.292788226072309 1.3468709949834132
4.134502639441237 1.774254816954458
3.9337914608535067 2.183432383553172
3.692714258607049 2.5702049792405357
3.4137448110264907 2.9306037937978515
3.0997457221499873 3.2609306476902433
2.7539390475380667 3.557795940393122
2.3798732316234457 3.8181534322804302
1.9813866958693356 4.039331503165425
1.5625684513710094 4.219060566739077
1.1277161400686606 4.355496359596836
0.6812919351254468 4.447238865876858
0.22787675299255666 4.49334668331726
-0.2278767529925551 4.49334668331726
-0.6812919351254472 4.447238865876858
-1.1277161400686602 4.355496359596836
-1.562568451371009 4.219060566739077
-1.9813866958693351 4.039331503165425
-2.379873231623446 3.8181534322804302
-2.7539390475380654 3.5577959403931234
-3.0997457221499856 3.2609306476902447
-3.4137448110264907 2.930603793797852
-3.692714258607049 2.5702049792405357
-3.9337914608535067 2.183432383553172
-4.134502639441237 1.7742548169544583
-4.292788226072309 1.3468709949834137
-4.407023996433267 0.9056664539961762
-4.476037736934511 0.45516854962841385
-4.499121273207987 5.509834466209925e-16
-4.4760377369345115 -0.4551685496284108
-4.407023996433267 -0.9056664539961751
-4.292788226072309 -1.3468709949834146
-4.134502639441237 -1.7742548169544574
-3.9337914608535076 -2.183432383553171
-3.6927142586070505 -2.570204979240535
-3.413744811026492 -2.930603793797851
-3.099745722149988 -3.260930647690243
-2.753939047538066 -3.5577959403931225
-2.379873231623447 -3.81815343228043
-1.9813866958693342 -4.0393315031654256
-1.562568451371011 -4.219060566739076
-1.1277161400686642 -4.3554963595968355
-0.6812919351254483 -4.447238865876858
-0.2278767529925592 -4.49334668331726
0.22787675299255755 -4.49334668331726
0.6812919351254467 -4.447238865876858
1.1277161400686586 -4.355496359596837
1.5625684513710094 -4.219060566739077
1.981386695869333 -4.039331503165426
2.3798732316234457 -3.8181534322804307
2.753939047538065 -3.5577959403931234
3.0997457221499864 -3.2609306476902438
3.413744811026492 -2.93060379379785
3.692714258607049 -2.5702049792405366
3.933791460853506 -2.1834323835531744
4.134502639441237 -1.7742548169544587
4.292788226072309 -1.346870994983416
4.407023996433266 -0.9056664539961806
4.4760377369345115 -0.4551685496284104
4.936074535132606 0.0
4.91074913297934 0.4993743779242601
4.835032799416376 0.9936244989695143
4.709702486486641 1.477678688066563
4.536044252799807 1.9465698942052954
4.315840066830636 2.3954866590995474
4.051349521511044 2.8198224892600607
3.7452866477489066 3.2152231248512644
3.4007920647982637 3.577631220289444
3.0214007532558425 3.9033279780988943
2.61100578137654 4.188971308806359
2.1738183569249694 4.4316301253015915
1.7143246144851085 4.628814419757511
1.2372395816487745 4.7785008144800125
0.7474587964520671 4.879153324501189
0.2500080725304031 4.929739118863615
-0.2500080725304014 4.929739118863615
-0.7474587964520676 4.879153324501189
-1.237239581648774 4.7785008144800125
-1.714324614485108 4.628814419757511
-2.173818356924969 4.4316301253015915
-2.6110057813765404 4.188971308806359
-3.0214007532558407 3.903327978098896
-3.4007920647982623 3.5776312202894456
-3.7452866477489066 3.215223124851265
-4.051349521511044 2.8198224892600607
-4.315840066830636 2.3954866590995474
-4.536044252799807 1.9465698942052956
-4.709702486486641 1.4776786880665636
-4.835032799416376 0.9936244989695149
-4.910749132979339 0.4993743779242628
-4.936074535132606 6.044947879802906e-16
-4.91074913297934 -0.4993743779242595
-4.835032799416376 -0.9936244989695137
-4.709702486486641 -1.4776786880665644
-4.536044252799807 -1.9465698942052945
-4.315840066830636 -2.3954866590995465
-4.051349521511046 -2.8198224892600594
-3.745286647748908 -3.215223124851264
-3.4007920647982646 -3.5776312202894434
-3.021400753255841 -3.903327978098895
-2.6110057813765417 -4.188971308806358
-2.173818356924968 -4.431630125301592
-1.71432461448511 -4.62881441975751
-1.2372395816487785 -4.778500814480011
-0.7474587964520688 -4.879153324501189
-0.25000807253040586 -4.929739118863615
0.2500080725304041 -4.929739118863615
0.747458796452067 -4.879153324501189
1.2372395816487722 -4.7785008144800125
1.7143246144851085 -4.628814419757511
2.1738183569249663 -4.431630125301593
2.61100578137654 -4.188971308806359
3.0214007532558402 -3.903327978098896
3.4007920647982632 -3.5776312202894447
3.745286647748908 -3.215223124851263
4.051349521511044 -2.819822489260061
4.315840066830634 -2.39548665909955
4.536044252799807 -1.9465698942052962
4.709702486486641 -1.477678688066566
4.835032799416375 -0.9936244989695197
4.91074913297934 -0.49937437792425904
5.290952407348446 0.0
5.263806241597468 0.535276776766807
5.182646300739768 1.0650608894587756
5.048305395595495 1.583916036167237
4.86216204564372 2.086518060963768
4.626126333547145 2.5677095869447486
4.342620305119233 3.0225529378974416
4.01455311585661 3.4463808055396754
3.6452911790669464 3.834844142418702
3.2386236219129434 4.183956789023258
2.79872340384013 4.490136377174287
2.330104496366043 4.750241089970179
1.8375755636240627 4.961601901079733
1.3261906189622614 5.122049962564092
0.801197163927265 5.229938860191506
0.2679823417973864 5.2841615078753135
-0.26798234179738456 5.2841615078753135
-0.8011971639272655 5.229938860191506
-1.326190618962261 5.122049962564092
-1.837575563624062 4.961601901079734
-2.3301044963660424 4.750241089970179
-2.7987234038401305 4.490136377174287
-3.2386236219129416 4.183956789023259
-3.6452911790669447 3.834844142418704
-4.01455311585661 3.4463808055396763
-4.342620305119233 3.0225529378974416
-4.626126333547145 2.5677095869447486
-4.86216204564372 2.086518060963768
-5.048305395595495 1.5839160361672378
-5.182646300739768 1.065060889458776
-5.263806241597467 0.53527677676681
-5.290952407348446 6.479547930100258e-16
-5.263806241597468 -0.5352767767668063
-5.182646300739768 -1.0650608894587748
-5.048305395595495 -1.5839160361672386
-4.86216204564372 -2.0865180609637672
-4.626126333547145 -2.5677095869447477
-4.342620305119235 -3.0225529378974403
-4.014553115856611 -3.446380805539675
-3.645291179066947 -3.8348441424187016
-3.238623621912942 -4.1839567890232585
-2.798723403840132 -4.490136377174287
-2.3301044963660416 -4.75024108997018
-1.8375755636240645 -4.961601901079733
-1.3261906189622656 -5.12204996256409
-0.8011971639272668 -5.229938860191506
-0.2679823417973894 -5.2841615078753135
0.26798234179738745 -5.2841615078753135
0.8011971639272648 -5.229938860191506
1.3261906189622592 -5.122049962564092
1.8375755636240627 -4.961601901079733
2.33010449636604 -4.750241089970181
2.79872340384013 -4.490136377174288
3.2386236219129407 -4.183956789023259
3.645291179066946 -3.8348441424187025
4.014553115856611 -3.4463808055396745
4.342620305119233 -3.022552937897442
4.626126333547144 -2.5677095869447513
4.86216204564372 -2.086518060963769
5.048305395595494 -1.5839160361672404
5.1826463007397665 -1.0650608894587812
5.263806241597468 -0.5352767767668059
5.586960976337248 0.0
5.5582960863455595 0.5652234669853051
5.472595556931604 1.1246469763297833
5.330738791498512 1.6725300858065995
5.134181432422504 2.2032507733082163
4.884940424192303 2.711363126401031
4.585573316829324 3.1916532247564375
4.239152021963532 3.6391926420289633
3.849231290863164 4.049389018179799
3.419812237876361 4.418033183305251
2.9553012835835917 4.741342349415873
2.460464938959656 5.0159989269601635
1.9403808945209517 5.239184567782789
1.4003859163495849 5.408609085190479
0.8460210836515494 5.5225339543666285
0.282974929785806 5.579790151988511
-0.2829749297858041 5.579790151988511
-0.8460210836515498 5.5225339543666285
-1.4003859163495842 5.408609085190479
-1.9403808945209513 5.239184567782789
-2.460464938959655 5.0159989269601635
-2.9553012835835926 4.741342349415873
-3.4198122378763594 4.418033183305253
-3.849231290863162 4.0493890181798005
-4.239152021963532 3.639192642028964
-4.585573316829324 3.1916532247564375
-4.884940424192303 2.711363126401031
-5.134181432422504 2.2032507733082167
-5.330738791498512 1.6725300858066001
-5.472595556931604 1.124646976329784
-5.5582960863455595 0.5652234669853082
-5.586960976337248 6.842053876632582e-16
-5.5582960863455595 -0.5652234669853043
-5.472595556931604 -1.1246469763297826
-5.330738791498512 -1.672530085806601
-5.134181432422505 -2.2032507733082154
-4.884940424192304 -2.7113631264010296
-4.585573316829325 -3.1916532247564366
-4.239152021963533 -3.639192642028963
-3.8492312908631643 -4.049389018179798
-3.41981223787636 -4.418033183305251
-2.955301283583594 -4.741342349415872
-2.460464938959654 -5.015998926960164
-1.9403808945209537 -5.239184567782788
-1.400385916349589 -5.408609085190477
-0.8460210836515513 -5.5225339543666285
-0.2829749297858092 -5.579790151988511
0.2829749297858071 -5.579790151988511
0.8460210836515493 -5.5225339543666285
1.4003859163495822 -5.408609085190479
1.9403808945209517 -5.239184567782789
2.4604649389596522 -5.015998926960165
2.9553012835835917 -4.741342349415873
3.4198122378763585 -4.418033183305253
3.8492312908631634 -4.0493890181798
4.239152021963533 -3.639192642028962
4.585573316829324 -3.1916532247564384
4.884940424192302 -2.7113631264010336
5.134181432422504 -2.2032507733082176
5.330738791498511 -1.6725300858066028
5.472595556931602 -1.1246469763297893
5.5582960863455595 -0.5652234669853039
5.838818959037426 0.0
5.808861867185334 0.5907035164742218
5.719297991929881 1.1753456155198445
5.571046379830477 1.7479270780534948
5.365628293043746 2.3025724434430606
5.105151599115205 2.8335902996845466
4.792289141405845 3.3355316849909435
4.430251312102313 3.8032460015137888
4.022753109248724 4.231933867446965
3.573976015839526 4.617196365178627
3.0885250921455367 4.955080180138591
2.571381721563918 5.242118167155513
2.0278524948836236 5.475364928058143
1.4635147574829575 5.652427035446322
0.8841593782186236 5.771487592494933
0.29573132727496504 5.83132487677398
-0.295731327274963 5.83132487677398
-0.884159378218624 5.771487592494933
-1.4635147574829568 5.652427035446322
-2.027852494883623 5.475364928058144
-2.571381721563917 5.242118167155513
-3.0885250921455376 4.955080180138591
-3.573976015839524 4.6171963651786285
-4.022753109248721 4.231933867446966
-4.430251312102313 3.8032460015137897
-4.792289141405845 3.3355316849909435
-5.105151599115205 2.8335902996845466
-5.365628293043746 2.302572443443061
-5.571046379830477 1.7479270780534955
-5.719297991929881 1.1753456155198452
-5.808861867185334 0.5907035164742251
-5.838818959037426 7.150490948986064e-16
-5.808861867185334 -0.5907035164742211
-5.719297991929881 -1.1753456155198438
-5.571046379830477 -1.7479270780534963
-5.365628293043747 -2.3025724434430597
-5.105151599115206 -2.8335902996845452
-4.792289141405846 -3.335531684990942
-4.430251312102314 -3.8032460015137883
-4.022753109248724 -4.231933867446964
-3.573976015839525 -4.617196365178628
-3.088525092145539 -4.95508018013859
-2.5713817215639163 -5.242118167155514
-2.0278524948836254 -5.475364928058142
-1.4635147574829621 -5.65242703544632
-0.8841593782186254 -5.771487592494933
-0.2957313272749683 -5.83132487677398
0.29573132727496615 -5.83132487677398
0.8841593782186233 -5.771487592494933
1.4635147574829548 -5.652427035446323
2.0278524948836236 -5.475364928058143
2.5713817215639145 -5.242118167155515
3.0885250921455367 -4.955080180138592
3.5739760158395235 -4.6171963651786285
4.022753109248723 -4.2319338674469655
4.430251312102314 -3.803246001513788
4.792289141405845 -3.3355316849909444
5.105151599115204 -2.8335902996845497
5.365628293043746 -2.302572443443062
5.571046379830476 -1.7479270780534983
5.71929799192988 -1.175345615519851
5.808861867185334 -0.5907035164742206
6.056623386992917 0.0
6.025548811057171 0.6127384249719114
5.932643950449656 1.2191893245360421
5.778862134760566 1.8131296918036761
5.56578137351892 2.3884648948769156
5.295588163679395 2.939291216019306
4.9710550532047755 3.4599564317888194
4.5955121909719985 3.9451178124990505
4.17281315493826 4.389796945855669
3.7072954092164534 4.789430822203424
3.2037357958238433 5.139918657179948
2.6673015178188724 5.437663971312561
2.1034971168054266 5.67961149476448
1.5181079888871634 5.863278518537775
0.9171410186745792 5.986780370427339
0.30676294052030195 6.048849754308077
-0.30676294052029984 6.048849754308077
-0.9171410186745796 5.986780370427339
-1.5181079888871627 5.863278518537775
-2.103497116805426 5.6796114947644805
-2.6673015178188715 5.437663971312561
-3.2037357958238437 5.139918657179948
-3.707295409216451 4.789430822203426
-4.172813154938258 4.389796945855671
-4.5955121909719985 3.945117812499051
-4.9710550532047755 3.4599564317888194
-5.295588163679395 2.939291216019306
-5.56578137351892 2.3884648948769156
-5.778862134760566 1.8131296918036768
-5.932643950449656 1.2191893245360428
-6.025548811057171 0.6127384249719148
-6.056623386992917 7.417224444521877e-16
-6.025548811057171 -0.6127384249719107
-5.932643950449656 -1.2191893245360412
-5.778862134760566 -1.813129691803678
-5.565781373518921 -2.3884648948769143
-5.295588163679395 -2.9392912160193045
-4.971055053204777 -3.4599564317888176
-4.595512190971999 -3.9451178124990496
-4.172813154938261 -4.389796945855668
-3.707295409216452 -4.789430822203424
-3.203735795823845 -5.139918657179947
-2.6673015178188706 -5.437663971312562
-2.103497116805429 -5.679611494764479
-1.518107988887168 -5.863278518537774
-0.9171410186745812 -5.986780370427339
-0.3067629405203054 -6.048849754308077
0.3067629405203032 -6.048849754308077
0.917141018674579 -5.986780370427339
1.5181079888871607 -5.863278518537776
2.1034971168054266 -5.67961149476448
2.6673015178188684 -5.437663971312563
3.2037357958238433 -5.1399186571799484
3.7072954092164507 -4.789430822203426
4.172813154938259 -4.389796945855669
4.595512190971999 -3.945117812499049
4.9710550532047755 -3.45995643178882
5.295588163679393 -2.9392912160193085
5.56578137351892 -2.3884648948769165
5.778862134760566 -1.8131296918036799
5.932643950449655 -1.2191893245360486
6.025548811057171 -0.6127384249719101
6.247806353044082 0.0
6.215750879136549 0.632080084839888
6.119913389954231 1.257674172668302
5.961277307824981 1.8703628215800623
5.741470453620363 2.463859016937123
5.462748343110715 3.032072684646449
5.1279710423211435 3.5691731835613965
4.74057381938382 4.069649135749996
4.304531894038282 4.528364980690623
3.824319646497578 4.940613673072469
3.304864704252471 5.302164983450083
2.751497377945247 5.609308906121896
2.169895965169449 5.8588937288091625
1.5660284834526208 6.048358373488882
0.94609143032044 6.1757586765200125
0.31644619884691333 6.239787338393299
-0.31644619884691116 6.239787338393299
-0.9460914303204405 6.1757586765200125
-1.5660284834526201 6.048358373488882
-2.1698959651694487 5.858893728809163
-2.7514973779452463 5.609308906121896
-3.3048647042524717 5.302164983450083
-3.824319646497576 4.940613673072471
-4.304531894038281 4.5283649806906245
-4.74057381938382 4.069649135749996
-5.1279710423211435 3.5691731835613965
-5.462748343110715 3.032072684646449
-5.741470453620363 2.4638590169371235
-5.961277307824981 1.8703628215800632
-6.119913389954231 1.2576741726683027
-6.215750879136549 0.6320800848398914
-6.247806353044082 7.651356051947933e-16
-6.215750879136549 -0.6320800848398872
-6.119913389954231 -1.2576741726683012
-5.961277307824981 -1.870362821580064
-5.741470453620364 -2.463859016937122
-5.462748343110715 -3.032072684646448
-5.127971042321144 -3.569173183561395
-4.740573819383821 -4.069649135749995
-4.304531894038283 -4.528364980690622
-3.824319646497577 -4.940613673072469
-3.304864704252473 -5.302164983450082
-2.7514973779452454 -5.609308906121896
-2.1698959651694514 -5.858893728809162
-1.5660284834526257 -6.04835837348888
-0.9460914303204421 -6.1757586765200125
-0.3164461988469169 -6.239787338393299
0.31644619884691455 -6.239787338393299
0.9460914303204399 -6.1757586765200125
1.566028483452618 -6.048358373488883
2.169895965169449 -5.8588937288091625
2.751497377945243 -5.609308906121898
3.304864704252471 -5.3021649834500835
3.8243196464975755 -4.940613673072471
4.304531894038282 -4.528364980690624
4.740573819383821 -4.069649135749994
5.1279710423211435 -3.569173183561397
5.4627483431107136 -3.0320726846464523
5.741470453620363 -2.463859016937124
5.9612773078249806 -1.8703628215800663
6.11991338995423 -1.2576741726683087
6.215750879136549 -0.6320800848398866
6.4181839583308635 0.0
6.385254332029342 0.6493169012709887
6.286803355651533 1.2919709324687811
6.123841269440532 1.9213675935834356
5.8980402849238 2.5310484231621513
5.61171742576003 3.1147572708634703
5.267810751940978 3.6665044940257014
4.869849211320111 4.180628419505914
4.42191642783221 4.651853440107852
3.9286087979857616 5.075344149450804
3.394988325614871 5.446754959782417
2.8265306788699407 5.762274693589561
2.22906900245267 6.018665691436955
1.6087340616579293 6.213297034734233
0.9718913324255694 6.344171542520874
0.32507568294341915 6.409946265245481
-0.32507568294341693 6.409946265245481
-0.9718913324255699 6.344171542520874
-1.6087340616579286 6.213297034734233
-2.229069002452669 6.018665691436956
-2.8265306788699402 5.762274693589561
-3.394988325614872 5.446754959782417
-3.9286087979857593 5.075344149450806
-4.421916427832208 4.651853440107854
-4.869849211320111 4.180628419505914
-5.267810751940978 3.6665044940257014
-5.61171742576003 3.1147572708634703
-5.8980402849238 2.5310484231621517
-6.123841269440532 1.9213675935834362
-6.286803355651533 1.2919709324687818
-6.385254332029341 0.6493169012709923
-6.4181839583308635 7.860008440908781e-16
-6.385254332029342 -0.649316901270988
-6.286803355651533 -1.2919709324687803
-6.123841269440532 -1.9213675935834373
-5.8980402849238 -2.5310484231621504
-5.61171742576003 -3.1147572708634685
-5.267810751940979 -3.6665044940256997
-4.869849211320113 -4.180628419505913
-4.421916427832211 -4.6518534401078515
-3.9286087979857602 -5.075344149450804
-3.3949883256148734 -5.4467549597824165
-2.826530678869939 -5.7622746935895615
-2.2290690024526723 -6.018665691436955
-1.6087340616579344 -6.213297034734231
-0.9718913324255715 -6.344171542520874
-0.32507568294342276 -6.409946265245481
0.32507568294342043 -6.409946265245481
0.9718913324255692 -6.344171542520874
1.6087340616579264 -6.213297034734234
2.22906900245267 -6.018665691436955
2.826530678869937 -5.762274693589562
3.394988325614871 -5.446754959782417
3.928608797985759 -5.075344149450806
4.421916427832209 -4.651853440107852
4.869849211320113 -4.180628419505912
5.267810751940978 -3.666504494025702
5.611717425760029 -3.1147572708634734
5.8980402849238 -2.5310484231621526
6.123841269440532 -1.9213675935834393
6.286803355651532 -1.291970932468788
6.385254332029342 -0.6493169012709874
6.572487820826746 0.0
6.538766511307376 0.6649275641158766
6.437948609017158 1.3230320716331663
6.2710686420620085 1.9675604797470545
6.039839024727565 2.591899054804003
5.746632485791344 3.189641238158848
5.394457721114672 3.7546533861359563
4.986928520351734 4.281137709513485
4.528226684577477 4.7636917666864615
4.023059115349703 5.197363900028319
3.4766095155296335 5.577704046598807
2.894485197475881 5.900809401811664
2.282659544431735 6.163364467490999
1.6474107155298237 6.362675073369173
0.9952572233836926 6.496696022919534
0.3328910453274387 6.564052079840372
-0.33289104532743635 6.564052079840372
-0.9952572233836932 6.496696022919534
-1.647410715529823 6.362675073369173
-2.282659544431734 6.163364467491
-2.89448519747588 5.900809401811664
-3.476609515529634 5.577704046598807
-4.023059115349701 5.1973639000283205
-4.528226684577475 4.763691766686463
-4.986928520351734 4.2811377095134855
-5.394457721114672 3.7546533861359563
-5.746632485791344 3.189641238158848
-6.039839024727565 2.5918990548040033
-6.2710686420620085 1.9675604797470552
-6.437948609017158 1.323032071633167
-6.538766511307375 0.6649275641158803
-6.572487820826746 8.048976172210437e-16
-6.538766511307376 -0.6649275641158758
-6.437948609017158 -1.3230320716331654
-6.2710686420620085 -1.9675604797470563
-6.0398390247275655 -2.591899054804002
-5.746632485791344 -3.1896412381588464
-5.394457721114674 -3.7546533861359546
-4.986928520351735 -4.281137709513485
-4.5282266845774775 -4.763691766686461
-4.023059115349701 -5.197363900028319
-3.4766095155296357 -5.577704046598806
-2.894485197475879 -5.900809401811664
-2.282659544431737 -6.163364467490998
-1.6474107155298288 -6.362675073369172
-0.9952572233836948 -6.496696022919534
-0.33289104532744235 -6.564052079840372
0.33289104532743996 -6.564052079840372
0.9952572233836925 -6.496696022919534
1.6474107155298208 -6.362675073369174
2.282659544431735 -6.163364467490999
2.894485197475877 -5.9008094018116655
3.4766095155296335 -5.577704046598808
4.0230591153497 -5.1973639000283205
4.528226684577476 -4.763691766686462
4.986928520351735 -4.281137709513484
5.394457721114672 -3.754653386135957
5.746632485791342 -3.1896412381588513
6.039839024727565 -2.591899054804004
6.271068642062008 -1.9675604797470585
6.437948609017156 -1.3230320716331734
6.538766511307376 -0.6649275641158753
6.965077447424563 0.0
6.929341887491423 0.7046451978684504
6.822501902894857 1.4020597824694665
6.6456538164544225 2.0850873364123212
6.400612328850698 2.746719072709604
6.08989189734061 3.380165754416113
5.716680934023376 3.9789273613872225
5.284809088417758 4.536859789281495
4.798707950075649 5.048237896385533
4.2633655744763805 5.5078142513153034
3.6842752988275795 5.910872978763053
3.067379372991755 6.253278150759566
2.4190079839615435 6.531516226891928
1.745814299575072 6.742732107982747
1.0547061980107517 6.884758433271277
0.3527753836093188 6.956137820467732
-0.3527753836093164 6.956137820467732
-1.0547061980107524 6.884758433271277
-1.7458142995750714 6.742732107982747
-2.4190079839615426 6.531516226891929
-3.0673793729917542 6.253278150759566
-3.6842752988275804 5.910872978763053
-4.263365574476378 5.507814251315305
-4.798707950075647 5.048237896385535
-5.284809088417758 4.536859789281496
-5.716680934023376 3.9789273613872225
-6.08989189734061 3.380165754416113
-6.400612328850698 2.7467190727096042
-6.6456538164544225 2.085087336412322
-6.822501902894857 1.4020597824694674
-6.9293418874914225 0.7046451978684543
-6.965077447424563 8.529759801801909e-16
-6.929341887491423 -0.7046451978684495
-6.822501902894857 -1.4020597824694656
-6.6456538164544225 -2.0850873364123235
-6.400612328850699 -2.7467190727096025
-6.089891897340611 -3.3801657544161112
-5.716680934023378 -3.9789273613872207
-5.2848090884177585 -4.536859789281495
-4.7987079500756495 -5.048237896385532
-4.263365574476379 -5.507814251315304
-3.6842752988275818 -5.910872978763052
-3.0673793729917533 -6.2532781507595665
-2.4190079839615457 -6.531516226891927
-1.7458142995750776 -6.742732107982746
-1.0547061980107542 -6.884758433271277
-0.3527753836093227 -6.956137820467732
0.35277538360932015 -6.956137820467732
1.0547061980107515 -6.884758433271277
1.745814299575069 -6.742732107982748
2.4190079839615435 -6.531516226891928
3.0673793729917507 -6.253278150759568
3.6842752988275795 -5.910872978763054
4.263365574476377 -5.507814251315305
4.798707950075649 -5.048237896385533
5.2848090884177585 -4.536859789281494
5.716680934023376 -3.978927361387223
6.089891897340609 -3.3801657544161166
6.400612328850698 -2.7467190727096047
6.645653816454422 -2.0850873364123257
6.822501902894855 -1.402059782469474
6.929341887491423 -0.7046451978684489
6.7053677788993005 0.0
6.6709647052873615 0.6783708064998373
6.568108506541601 1.3497806105426147
6.397854626447826 2.007339838976223
6.1619501002061075 2.6443010442971273
5.862815627485515 3.2541281425925064
5.503520732769781 3.8305634826059354
5.087752267882362 4.36769205770723
4.619776579897631 4.860002201864757
4.104395732646596 5.302442146797393
3.5468982310437704 5.690471859953224
2.9530047538702577 6.0201096313871725
2.3288094518681324 6.287972931493152
1.680717413507142 6.491313120335114
1.015378940109521 6.628043652412302
0.3396213047591366 6.6967614874396295
-0.33962130475913427 6.6967614874396295
-1.0153789401095215 6.628043652412302
-1.6807174135071414 6.491313120335114
-2.328809451868132 6.287972931493153
-2.953004753870257 6.0201096313871725
-3.5468982310437713 5.690471859953224
-4.104395732646594 5.302442146797396
-4.6197765798976285 4.860002201864759
-5.087752267882362 4.36769205770723
-5.503520732769781 3.8305634826059354
-5.862815627485515 3.2541281425925064
-6.1619501002061075 2.6443010442971278
-6.397854626447826 2.007339838976224
-6.568108506541601 1.3497806105426156
-6.6709647052873615 0.678370806499841
-6.7053677788993005 8.211707187534826e-16
-6.6709647052873615 -0.6783708064998365
-6.568108506541601 -1.3497806105426138
-6.397854626447826 -2.007339838976225
-6.161950100206108 -2.644301044297126
-5.862815627485516 -3.254128142592505
-5.503520732769783 -3.830563482605934
-5.0877522678823635 -4.367692057707229
-4.619776579897632 -4.860002201864756
-4.104395732646595 -5.302442146797394
-3.5468982310437727 -5.690471859953223
-2.9530047538702555 -6.020109631387173
-2.3288094518681346 -6.287972931493151
-1.6807174135071474 -6.491313120335112
-1.0153789401095232 -6.628043652412302
-0.3396213047591404 -6.6967614874396295
0.3396213047591379 -6.6967614874396295
1.0153789401095208 -6.628043652412302
1.6807174135071392 -6.491313120335115
2.3288094518681324 -6.287972931493152
2.9530047538702533 -6.020109631387175
3.5468982310437704 -5.690471859953225
4.104395732646593 -5.302442146797396
4.61977657989763 -4.8600022018647575
5.0877522678823635 -4.367692057707228
5.503520732769781 -3.8305634826059363
5.8628156274855145 -3.25412814259251
6.1619501002061075 -2.644301044297128
6.397854626447825 -2.007339838976227
6.568108506541599 -1.349780610542622
6.6709647052873615 -0.6783708064998359
6.821092646309198 0.0
6.786095825827064 0.6900784971479148
6.681464479117071 1.3730758550896836
6.508272265385299 2.041983596689728
6.268296371111148 2.689937823342433
5.96399927370914 3.310289647860179
5.5985034731783845 3.896673421053269
5.175559451027168 4.443072051904715
4.69950718525747 4.943878751066497
4.17523161631773 5.3939545641054725
3.608112521003466 5.788681104129975
3.0039693086673593 6.124007942689001
2.3690013062043604 6.396494172649222
1.7097241445687377 6.603343716558462
1.0329028995834135 6.742434018184056
0.34548267310741815 6.812337822812076
-0.3454826731074158 6.812337822812076
-1.0329028995834142 6.742434018184056
-1.709724144568737 6.603343716558462
-2.3690013062043596 6.396494172649223
-3.0039693086673585 6.124007942689001
-3.608112521003467 5.788681104129975
-4.175231616317728 5.393954564105475
-4.699507185257469 4.943878751066499
-5.175559451027168 4.443072051904716
-5.5985034731783845 3.896673421053269
-5.96399927370914 3.310289647860179
-6.268296371111148 2.6899378233424334
-6.508272265385299 2.041983596689729
-6.681464479117071 1.3730758550896842
-6.786095825827063 0.6900784971479186
-6.821092646309198 8.353429275990109e-16
-6.786095825827064 -0.6900784971479139
-6.681464479117071 -1.3730758550896827
-6.508272265385299 -2.0419835966897297
-6.268296371111149 -2.6899378233424316
-5.963999273709141 -3.3102896478601775
-5.598503473178386 -3.8966734210532676
-5.17555945102717 -4.443072051904714
-4.699507185257471 -4.943878751066496
-4.1752316163177285 -5.393954564105473
-3.608112521003468 -5.788681104129974
-3.0039693086673576 -6.124007942689002
-2.3690013062043627 -6.396494172649221
-1.709724144568743 -6.60334371655846
-1.0329028995834157 -6.742434018184056
-0.345482673107422 -6.812337822812076
0.3454826731074195 -6.812337822812076
1.0329028995834133 -6.742434018184056
1.7097241445687348 -6.603343716558462
2.3690013062043604 -6.396494172649222
3.0039693086673553 -6.124007942689003
3.608112521003466 -5.788681104129976
4.175231616317727 -5.393954564105475
4.6995071852574695 -4.943878751066498
5.17555945102717 -4.443072051904713
5.5985034731783845 -3.89667342105327
5.963999273709139 -3.3102896478601824
6.268296371111148 -2.689937823342434
6.508272265385299 -2.0419835966897324
6.68146447911707 -1.3730758550896909
6.786095825827064 -0.6900784971479134
1.0 0.5 0.4 0.32000000000000006 0.25600000000000006 0.20480000000000007 0.16384000000000007 0.13107200000000005 0.10485760000000005 0.08388608000000004 0.06710886400000003 0.05368709120000003 0.042949672960000025 0.03435973836800002 0.027487790694400018 0.021990232555520017 