0.0 0.0
1.3904200839448395 0.0
1.3430426684733348 0.3598671984179701
1.204139114628323 0.6952100419724196
0.9831754700553648 0.9831754700553645
0.6952100419724199 1.2041391146283227
0.3598671984179701 1.3430426684733348
8.51386752636621e-17 1.3904200839448395
-0.35986719841796994 1.3430426684733348
-0.6952100419724194 1.204139114628323
-0.9831754700553645 0.9831754700553648
-1.204139114628323 0.6952100419724196
-1.3430426684733348 0.3598671984179705
-1.3904200839448395 1.702773505273242e-16
-1.3430426684733348 -0.35986719841797016
-1.204139114628323 -0.6952100419724194
-0.9831754700553652 -0.9831754700553641
-0.6952100419724204 -1.2041391146283222
-0.35986719841796994 -1.3430426684733348
-2.554160257909863e-16 -1.3904200839448395
0.3598671984179695 -1.343042668473335
0.6952100419724199 -1.2041391146283227
0.9831754700553644 -0.9831754700553649
1.2041391146283222 -0.6952100419724204
1.3430426684733345 -0.35986719841797127
2.2181345317277725 0.0
2.1425534303794644 0.5740954614107091
1.9209608534877511 1.109067265863886
1.5684579689687552 1.568457968968755
1.1090672658638865 1.920960853487751
0.5740954614107091 2.1425534303794644
1.358215677179315e-16 2.2181345317277725
-0.5740954614107089 2.1425534303794644
-1.1090672658638858 1.9209608534877511
-1.568457968968755 1.5684579689687552
-1.9209608534877511 1.109067265863886
-2.142553430379464 0.5740954614107097
-2.2181345317277725 2.71643135435863e-16
-2.1425534303794644 -0.5740954614107092
-1.9209608534877514 -1.1090672658638856
-1.568457968968756 -1.5684579689687543
-1.1090672658638872 -1.9209608534877503
-0.5740954614107089 -2.1425534303794644
-4.074647031537944e-16 -2.2181345317277725
0.5740954614107081 -2.1425534303794644
1.1090672658638865 -1.920960853487751
1.5684579689687548 -1.5684579689687554
1.9209608534877503 -1.1090672658638872
2.142553430379464 -0.5740954614107109
2.760169230095196 0.0
2.6661187442773637 0.7143843644545985
2.3903766720065756 1.3800846150475978
1.9517343798227653 1.951734379822765
1.3800846150475983 2.390376672006575
0.7143843644545985 2.6661187442773637
1.6901162063705482e-16 2.760169230095196
-0.7143843644545982 2.6661187442773637
-1.3800846150475974 2.3903766720065756
-1.951734379822765 1.9517343798227653
-2.3903766720065756 1.3800846150475978
-2.6661187442773637 0.7143843644545993
-2.760169230095196 3.3802324127410964e-16
-2.6661187442773637 -0.7143843644545986
-2.390376672006576 -1.3800846150475974
-1.9517343798227662 -1.951734379822764
-1.3800846150475994 -2.3903766720065747
-0.7143843644545982 -2.6661187442773637
-5.070348619111644e-16 -2.760169230095196
0.7143843644545973 -2.666118744277364
1.3800846150475983 -2.390376672006575
1.9517343798227647 -1.9517343798227655
2.3903766720065747 -1.3800846150475994
2.6661187442773633 -0.7143843644546009
3.17093684885759 0.0
3.062889795843222 0.8206988473017176
2.74611186490685 1.5854684244287949
2.242190948541505 2.2421909485415044
1.5854684244287955 2.74611186490685
0.8206988473017176 3.062889795843222
1.9416388311259213e-16 3.17093684885759
-0.8206988473017173 3.062889795843222
-1.5854684244287944 2.74611186490685
-2.2421909485415044 2.242190948541505
-2.74611186490685 1.5854684244287949
-3.062889795843222 0.8206988473017185
-3.17093684885759 3.8832776622518426e-16
-3.062889795843222 -0.8206988473017178
-2.7461118649068506 -1.5854684244287942
-2.2421909485415057 -2.2421909485415035
-1.5854684244287964 -2.746111864906849
-0.8206988473017173 -3.062889795843222
-5.824916493377763e-16 -3.17093684885759
0.8206988473017163 -3.0628897958432226
1.5854684244287955 -2.74611186490685
2.242190948541504 -2.2421909485415052
2.746111864906849 -1.5854684244287964
3.0628897958432217 -0.8206988473017203
3.5034696022190945 0.0
3.3840917704021125 0.9067646569920542
3.0340936769082982 1.751734801109547
2.477327113410058 2.4773271134100576
1.7517348011095477 3.034093676908298
0.9067646569920542 3.3840917704021125
2.1452564171338323e-16 3.5034696022190945
-0.9067646569920539 3.3840917704021125
-1.7517348011095464 3.0340936769082982
-2.4773271134100576 2.477327113410058
-3.0340936769082982 1.751734801109547
-3.384091770402112 0.9067646569920552
-3.5034696022190945 4.2905128342676647e-16
-3.3840917704021125 -0.9067646569920544
-3.0340936769082987 -1.7517348011095464
-2.4773271134100594 -2.4773271134100567
-1.7517348011095488 -3.034093676908297
-0.9067646569920539 -3.3840917704021125
-6.435769251401497e-16 -3.5034696022190945
0.9067646569920527 -3.384091770402113
1.7517348011095477 -3.034093676908298
2.477327113410057 -2.4773271134100585
3.034093676908297 -1.7517348011095488
3.3840917704021116 -0.9067646569920571
3.781493391020637 0.0
3.6526421283282597 0.9787225085254543
3.2748693408668337 1.8907466955103183
2.6739196198028052 2.673919619802805
1.890746695510319 3.2748693408668332
0.9787225085254543 3.6526421283282597
2.3154968886551467e-16 3.781493391020637
-0.978722508525454 3.6526421283282597
-1.8907466955103176 3.2748693408668337
-2.673919619802805 2.6739196198028052
-3.2748693408668337 1.8907466955103183
-3.6526421283282593 0.9787225085254554
-3.781493391020637 4.630993777310293e-16
-3.6526421283282597 -0.9787225085254545
-3.274869340866834 -1.8907466955103174
-2.6739196198028066 -2.6739196198028035
-1.8907466955103203 -3.2748693408668323
-0.978722508525454 -3.6526421283282597
-6.94649066596544e-16 -3.781493391020637
0.9787225085254526 -3.65264212832826
1.890746695510319 -3.2748693408668332
2.6739196198028043 -2.6739196198028057
3.2748693408668323 -1.8907466955103203
3.652642128328259 -0.9787225085254575
4.018440301860435 0.0
3.881515268967834 1.040048881729003
3.4800713850023453 2.009220150930217
2.841466387238831 2.8414663872388304
2.009220150930218 3.480071385002345
1.040048881729003 3.881515268967834
2.460585026619053e-16 4.018440301860435
-1.0400488817290026 3.881515268967834
-2.0092201509302168 3.4800713850023453
-2.8414663872388304 2.841466387238831
-3.4800713850023453 2.009220150930217
-3.8815152689678336 1.0400488817290041
-4.018440301860435 4.921170053238106e-16
-3.881515268967834 -1.0400488817290032
-3.4800713850023457 -2.0092201509302163
-2.841466387238832 -2.841466387238829
-2.0092201509302194 -3.480071385002344
-1.0400488817290026 -3.881515268967834
-7.381755079857159e-16 -4.018440301860435
1.0400488817290012 -3.8815152689678345
2.009220150930218 -3.480071385002345
2.84146638723883 -2.8414663872388313
3.480071385002344 -2.0092201509302194
3.881515268967833 -1.0400488817290063
4.2217428752043835 0.0
4.077890475111781 1.0926674596287689
3.6561365781729536 2.1108714376021913
2.985223015483012 2.9852230154830117
2.110871437602192 3.656136578172953
1.0926674596287689 4.077890475111781
2.585071949471096e-16 4.2217428752043835
-1.0926674596287684 4.077890475111781
-2.110871437602191 3.6561365781729536
-2.9852230154830117 2.985223015483012
-3.6561365781729536 2.1108714376021913
-4.077890475111781 1.09266745962877
-4.2217428752043835 5.170143898942192e-16
-4.077890475111781 -1.092667459628769
-3.656136578172954 -2.1108714376021904
-2.9852230154830135 -2.9852230154830104
-2.1108714376021935 -3.6561365781729522
-1.0926674596287684 -4.077890475111781
-7.755215848413288e-16 -4.2217428752043835
1.092667459628767 -4.077890475111782
2.110871437602192 -3.656136578172953
2.9852230154830113 -2.9852230154830126
3.6561365781729522 -2.1108714376021935
4.07789047511178 -1.0926674596287724
4.524113518507437 0.0
4.36995808858984 1.1709267407955002
3.917997236632041 2.262056759253718
3.19903134779434 3.1990313477943393
2.262056759253719 3.9179972366320404
1.1709267407955002 4.36995808858984
2.7702205697097014e-16 4.524113518507437
-1.1709267407954995 4.36995808858984
-2.2620567592537175 3.917997236632041
-3.1990313477943393 3.19903134779434
-3.917997236632041 2.262056759253718
-4.36995808858984 1.1709267407955013
-4.524113518507437 5.540441139419403e-16
-4.36995808858984 -1.1709267407955004
-3.9179972366320412 -2.262056759253717
-3.1990313477943415 -3.199031347794338
-2.2620567592537206 -3.917997236632039
-1.1709267407954995 -4.36995808858984
-8.310661709129103e-16 -4.524113518507437
1.170926740795498 -4.369958088589841
2.262056759253719 -3.9179972366320404
3.199031347794339 -3.1990313477943406
3.917997236632039 -2.2620567592537206
4.369958088589839 -1.170926740795504
4.836430023585323 0.0
4.671632666820911 1.2517602004095152
4.188471264050662 2.418215011792661
3.419872466411396 3.4198724664113955
2.418215011792662 4.188471264050661
1.2517602004095152 4.671632666820911
2.961459273841962e-16 4.836430023585323
-1.2517602004095145 4.671632666820911
-2.4182150117926606 4.188471264050662
-3.4198724664113955 3.419872466411396
-4.188471264050662 2.418215011792661
-4.671632666820911 1.2517602004095165
-4.836430023585323 5.922918547683924e-16
-4.671632666820911 -1.2517602004095154
-4.188471264050662 -2.41821501179266
-3.4198724664113977 -3.419872466411394
-2.4182150117926637 -4.18847126405066
-1.2517602004095145 -4.671632666820911
-8.884377821525885e-16 -4.836430023585323
1.251760200409513 -4.671632666820912
2.418215011792662 -4.188471264050661
3.419872466411395 -3.419872466411397
4.18847126405066 -2.4182150117926637
4.67163266682091 -1.2517602004095192
5.1564111767716065 0.0
4.980710726609301 1.3345774169279925
4.465583071442223 2.578205588385803
3.6461333096813084 3.646133309681308
2.5782055883858037 4.465583071442222
1.3345774169279925 4.980710726609301
3.1573912213604925e-16 5.1564111767716065
-1.3345774169279918 4.980710726609301
-2.578205588385802 4.465583071442223
-3.646133309681308 3.6461333096813084
-4.465583071442223 2.578205588385803
-4.980710726609301 1.3345774169279938
-5.1564111767716065 6.314782442720985e-16
-4.980710726609301 -1.3345774169279927
-4.465583071442224 -2.578205588385802
-3.64613330968131 -3.6461333096813062
-2.5782055883858055 -4.4655830714422216
-1.3345774169279918 -4.980710726609301
-9.472173664081476e-16 -5.1564111767716065
1.3345774169279903 -4.980710726609302
2.5782055883858037 -4.465583071442222
3.6461333096813076 -3.6461333096813093
4.4655830714422216 -2.5782055883858055
4.9807107266093 -1.3345774169279967
4.991263915503953 0.0
4.821190721809966 1.2918341604654018
4.3225613478190095 2.495631957751976
3.529356561344564 3.5293565613445637
2.4956319577519768 4.322561347819009
1.2918341604654018 4.821190721809966
3.0562676889108e-16 4.991263915503953
-1.2918341604654013 4.821190721809966
-2.4956319577519754 4.3225613478190095
-3.5293565613445637 3.529356561344564
-4.3225613478190095 2.495631957751976
-4.821190721809965 1.2918341604654031
-4.991263915503953 6.1125353778216e-16
-4.821190721809966 -1.291834160465402
-4.3225613478190095 -2.495631957751975
-3.529356561344566 -3.529356561344562
-2.4956319577519785 -4.322561347819008
-1.2918341604654013 -4.821190721809966
-9.1688030667324e-16 -4.991263915503953
1.2918341604653996 -4.821190721809966
2.4956319577519768 -4.322561347819009
3.529356561344563 -3.5293565613445645
4.322561347819008 -2.4956319577519785
4.821190721809965 -1.291834160465406
4.4001267291600215 0.0
4.250196046640509 1.1388365983712747
3.810621527323509 2.2000633645800103
3.1113594482692344 3.111359448269234
2.200063364580011 3.8106215273235087
1.1388365983712747 4.250196046640509
2.6943005573542663e-16 4.4001267291600215
-1.1388365983712743 4.250196046640509
-2.20006336458001 3.810621527323509
-3.111359448269234 3.1113594482692344
-3.810621527323509 2.2000633645800103
-4.250196046640509 1.1388365983712758
-4.4001267291600215 5.388601114708533e-16
-4.250196046640509 -1.138836598371275
-3.8106215273235096 -2.2000633645800094
-3.111359448269236 -3.1113594482692326
-2.2000633645800125 -3.810621527323508
-1.1388365983712743 -4.250196046640509
-8.082901672062799e-16 -4.4001267291600215
1.1388365983712727 -4.25019604664051
2.200063364580011 -3.8106215273235087
3.1113594482692335 -3.1113594482692353
3.810621527323508 -2.2000633645800125
4.250196046640508 -1.1388365983712783
4.646162983856898 0.0
4.487848819255657 1.2025154668725206
4.023695174142983 2.3230814919284484
3.285333352383136 3.2853333523831356
2.3230814919284493 4.023695174142982
1.2025154668725206 4.487848819255657
2.8449543132486327e-16 4.646162983856898
-1.2025154668725202 4.487848819255657
-2.323081491928448 4.023695174142983
-3.2853333523831356 3.285333352383136
-4.023695174142983 2.3230814919284484
-4.487848819255657 1.202515466872522
-4.646162983856898 5.689908626497265e-16
-4.487848819255657 -1.202515466872521
-4.023695174142983 -2.3230814919284475
-3.285333352383138 -3.2853333523831343
-2.323081491928451 -4.023695174142981
-1.2025154668725202 -4.487848819255657
-8.534862939745898e-16 -4.646162983856898
1.2025154668725186 -4.487848819255658
2.3230814919284493 -4.023695174142982
3.285333352383135 -3.285333352383137
4.023695174142981 -2.323081491928451
4.487848819255656 -1.2025154668725246
4.724328308689711 0.0
4.563350725231945 1.2227461416058778
4.0913883311432615 2.362164154344855
3.340604583626068 3.3406045836260674
2.362164154344856 4.091388331143261
1.2227461416058778 4.563350725231945
2.892816770679042e-16 4.724328308689711
-1.2227461416058774 4.563350725231945
-2.3621641543448546 4.0913883311432615
-3.3406045836260674 3.340604583626068
-4.0913883311432615 2.362164154344855
-4.563350725231945 1.2227461416058791
-4.724328308689711 5.785633541358084e-16
-4.563350725231945 -1.222746141605878
-4.0913883311432615 -2.362164154344854
-3.3406045836260696 -3.3406045836260656
-2.3621641543448577 -4.09138833114326
-1.2227461416058774 -4.563350725231945
-8.678450312037124e-16 -4.724328308689711
1.2227461416058758 -4.563350725231946
2.362164154344856 -4.091388331143261
3.340604583626067 -3.3406045836260683
4.09138833114326 -2.3621641543448577
4.5633507252319445 -1.2227461416058818
5.334698294745864 0.0
5.152922858355282 1.38072151855617
4.619984244775443 2.6673491473729314
3.772201339799112 3.7722013397991114
2.6673491473729323 4.619984244775442
1.38072151855617 5.152922858355282
3.266560595538683e-16 5.334698294745864
-1.3807215185561696 5.152922858355282
-2.6673491473729305 4.619984244775443
-3.7722013397991114 3.772201339799112
-4.619984244775443 2.6673491473729314
-5.152922858355281 1.3807215185561716
-5.334698294745864 6.533121191077366e-16
-5.152922858355282 -1.3807215185561705
-4.619984244775444 -2.6673491473729305
-3.7722013397991137 -3.7722013397991097
-2.667349147372934 -4.619984244775441
-1.3807215185561696 -5.152922858355282
-9.799681786616047e-16 -5.334698294745864
1.3807215185561679 -5.152922858355283
2.6673491473729323 -4.619984244775442
3.7722013397991105 -3.7722013397991123
4.619984244775441 -2.667349147372934
5.152922858355281 -1.3807215185561745
4.330369468221909 0.0
4.182815706729201 1.120782090706305
3.750209967252684 2.1651847341109542
3.0620336160228963 3.0620336160228954
2.165184734110955 3.7502099672526836
1.120782090706305 4.182815706729201
2.651586554191694e-16 4.330369468221909
-1.1207820907063046 4.182815706729201
-2.165184734110954 3.750209967252684
-3.0620336160228954 3.0620336160228963
-3.750209967252684 2.1651847341109542
-4.182815706729201 1.1207820907063064
-4.330369468221909 5.303173108383388e-16
-4.182815706729201 -1.1207820907063053
-3.7502099672526845 -2.1651847341109534
-3.0620336160228976 -3.062033616022894
-2.1651847341109565 -3.7502099672526827
-1.1207820907063046 -4.182815706729201
-7.954759662575081e-16 -4.330369468221909
1.120782090706303 -4.182815706729202
2.165184734110955 -3.7502099672526836
3.062033616022895 -3.0620336160228967
3.7502099672526827 -2.1651847341109565
4.1828157067292 -1.1207820907063086
1.0 0.5 0.4 0.32000000000000006 0.25600000000000006 0.20480000000000007 0.16384000000000007 0.13107200000000005 0.10485760000000005 0.08388608000000004 0.06710886400000003 0.05368709120000003 0.042949672960000025 0.03435973836800002 0.027487790694400018 0.021990232555520017 0.017592186044416015 0.014073748835532814 