0.0 0.0
1.3858189054592818 0.0
1.3385982713427689 0.3586763257959918
1.2001543771724834 0.6929094527296408
0.9799219455467773 0.979921945546777
0.692909452729641 1.2001543771724832
0.3586763257959918 1.3385982713427689
8.48569343384299e-17 1.3858189054592818
-0.3586763257959916 1.3385982713427689
-0.6929094527296406 1.2001543771724834
-0.979921945546777 0.9799219455467773
-1.2001543771724834 0.6929094527296408
-1.3385982713427689 0.3586763257959922
-1.3858189054592818 1.697138686768598e-16
-1.3385982713427689 -0.35867632579599185
-1.2001543771724836 -0.6929094527296406
-0.9799219455467777 -0.9799219455467766
-0.6929094527296416 -1.200154377172483
-0.3586763257959916 -1.3385982713427689
-2.545708030152897e-16 -1.3858189054592818
0.3586763257959912 -1.338598271342769
0.692909452729641 -1.2001543771724832
0.9799219455467769 -0.9799219455467774
1.200154377172483 -0.6929094527296416
1.3385982713427687 -0.3586763257959929
2.209140350795326 0.0
2.1338657187304975 0.5717675960902939
1.9131716643140186 1.1045701753976627
1.5620981226402033 1.562098122640203
1.1045701753976631 1.9131716643140184
0.5717675960902939 2.1338657187304975
1.3527083297343783e-16 2.209140350795326
-0.5717675960902937 2.1338657187304975
-1.1045701753976624 1.9131716643140186
-1.562098122640203 1.5620981226402033
-1.9131716643140186 1.1045701753976627
-2.133865718730497 0.5717675960902945
-2.209140350795326 2.7054166594687566e-16
-2.1338657187304975 -0.571767596090294
-1.9131716643140189 -1.1045701753976622
-1.5620981226402042 -1.5620981226402024
-1.1045701753976638 -1.9131716643140178
-0.5717675960902937 -2.1338657187304975
-4.0581249892031347e-16 -2.209140350795326
0.5717675960902929 -2.1338657187304975
1.1045701753976631 -1.9131716643140184
1.5620981226402029 -1.5620981226402035
1.9131716643140178 -1.1045701753976638
2.1338657187304966 -0.5717675960902957
2.7442055540058745 0.0
2.650699017260175 0.7102526610528344
2.376551722975437 1.372102777002937
1.9404463562073404 1.9404463562073402
1.3721027770029375 2.3765517229754365
0.7102526610528344 2.650699017260175
1.6803412739578416e-16 2.7442055540058745
-0.710252661052834 2.650699017260175
-1.3721027770029366 2.376551722975437
-1.9404463562073402 1.9404463562073404
-2.376551722975437 1.372102777002937
-2.6506990172601745 0.7102526610528351
-2.7442055540058745 3.3606825479156833e-16
-2.650699017260175 -0.7102526610528345
-2.376551722975437 -1.3721027770029366
-1.9404463562073413 -1.9404463562073393
-1.3721027770029384 -2.376551722975436
-0.710252661052834 -2.650699017260175
-5.041023821873524e-16 -2.7442055540058745
0.7102526610528331 -2.650699017260175
1.3721027770029375 -2.3765517229754365
1.94044635620734 -1.9404463562073409
2.376551722975436 -1.3721027770029384
2.650699017260174 -0.7102526610528367
3.4063529611648957 0.0
3.2902842986454166 0.8816290206908423
2.9499881986251473 1.7031764805824476
2.4086552779545745 2.408655277954574
1.7031764805824483 2.949988198625147
0.8816290206908423 3.2902842986454166
2.085789625328349e-16 3.4063529611648957
-0.8816290206908418 3.2902842986454166
-1.7031764805824472 2.9499881986251473
-2.408655277954574 2.4086552779545745
-2.9499881986251473 1.7031764805824476
-3.290284298645416 0.8816290206908431
-3.4063529611648957 4.171579250656698e-16
-3.2902842986454166 -0.8816290206908424
-2.9499881986251477 -1.703176480582447
-2.4086552779545753 -2.4086552779545727
-1.7031764805824494 -2.949988198625146
-0.8816290206908418 -3.2902842986454166
-6.257368875985046e-16 -3.4063529611648957
0.8816290206908407 -3.290284298645417
1.7031764805824483 -2.949988198625147
2.4086552779545736 -2.4086552779545745
2.949988198625146 -1.7031764805824494
3.2902842986454157 -0.881629020690845
3.729063131030338 0.0
3.6019983861245795 0.9651525587002883
3.2294634037882117 1.8645315655151689
2.6368458274242914 2.636845827424291
1.8645315655151695 3.2294634037882113
0.9651525587002883 3.6019983861245795
2.2833926136173555e-16 3.729063131030338
-0.9651525587002879 3.6019983861245795
-1.8645315655151682 3.2294634037882117
-2.636845827424291 2.6368458274242914
-3.2294634037882117 1.8645315655151689
-3.601998386124579 0.9651525587002894
-3.729063131030338 4.566785227234711e-16
-3.6019983861245795 -0.9651525587002885
-3.229463403788212 -1.864531565515168
-2.6368458274242927 -2.6368458274242896
-1.8645315655151706 -3.229463403788211
-0.9651525587002879 -3.6019983861245795
-6.850177840852066e-16 -3.729063131030338
0.9651525587002866 -3.60199838612458
1.8645315655151695 -3.2294634037882113
2.6368458274242905 -2.636845827424292
3.229463403788211 -1.8645315655151706
3.6019983861245786 -0.9651525587002914
3.096063544576562 0.0
2.9905677375385773 0.8013202101840314
2.681269681334198 1.5480317722882808
2.1892475273545458 2.1892475273545458
1.5480317722882815 2.6812696813341974
0.8013202101840314 2.9905677375385773
1.8957921549112477e-16 3.096063544576562
-0.8013202101840311 2.9905677375385773
-1.5480317722882804 2.681269681334198
-2.1892475273545458 2.1892475273545458
-2.681269681334198 1.5480317722882808
-2.990567737538577 0.8013202101840323
-3.096063544576562 3.7915843098224953e-16
-2.9905677375385773 -0.8013202101840317
-2.681269681334198 -1.5480317722882802
-2.189247527354547 -2.1892475273545444
-1.5480317722882824 -2.6812696813341965
-0.8013202101840311 -2.9905677375385773
-5.687376464733743e-16 -3.096063544576562
0.8013202101840301 -2.9905677375385777
1.5480317722882815 -2.6812696813341974
2.1892475273545453 -2.189247527354546
2.6812696813341965 -1.5480317722882824
2.990567737538577 -0.801320210184034
3.983948305967484 0.0
3.848198559334576 1.0311216962883094
3.450200440331821 1.9919741529837418
2.8170768630462666 2.817076863046266
1.9919741529837425 3.4502004403318205
1.0311216962883094 3.848198559334576
2.4394647704357996e-16 3.983948305967484
-1.031121696288309 3.848198559334576
-1.9919741529837411 3.450200440331821
-2.817076863046266 2.8170768630462666
-3.450200440331821 1.9919741529837418
-3.8481985593345756 1.0311216962883105
-3.983948305967484 4.878929540871599e-16
-3.848198559334576 -1.0311216962883096
-3.4502004403318214 -1.991974152983741
-2.817076863046268 -2.817076863046265
-1.9919741529837438 -3.4502004403318196
-1.031121696288309 -3.848198559334576
-7.318394311307399e-16 -3.983948305967484
1.0311216962883076 -3.8481985593345764
1.9919741529837425 -3.4502004403318205
2.8170768630462657 -2.817076863046267
3.4502004403318196 -1.9919741529837438
3.848198559334575 -1.0311216962883127
4.606394155593501 0.0
4.449435080954787 1.1922225367165422
3.98925435858814 2.30319707779675
3.257212544238245 3.2572125442382447
2.3031970777967508 3.9892543585881395
1.1922225367165422 4.449435080954787
2.820602929129328e-16 4.606394155593501
-1.1922225367165418 4.449435080954787
-2.3031970777967494 3.98925435858814
-3.2572125442382447 3.257212544238245
-3.98925435858814 2.30319707779675
-4.449435080954787 1.1922225367165435
-4.606394155593501 5.641205858258656e-16
-4.449435080954787 -1.1922225367165424
-3.9892543585881404 -2.303197077796749
-3.2572125442382465 -3.257212544238243
-2.3031970777967525 -3.9892543585881386
-1.1922225367165418 -4.449435080954787
-8.461808787387983e-16 -4.606394155593501
1.1922225367165402 -4.449435080954788
2.3031970777967508 -3.9892543585881395
3.257212544238244 -3.2572125442382456
3.9892543585881386 -2.3031970777967525
4.449435080954786 -1.192222536716546
4.170692398180205 0.0
4.028579500909751 1.079454623913343
3.6119255681947013 2.085346199090102
2.949124876996408 2.9491248769964074
2.085346199090103 3.611925568194701
1.079454623913343 4.028579500909751
2.5538125478297933e-16 4.170692398180205
-1.0794546239133425 4.028579500909751
-2.0853461990901017 3.6119255681947013
-2.9491248769964074 2.949124876996408
-3.6119255681947013 2.085346199090102
-4.02857950090975 1.079454623913344
-4.170692398180205 5.107625095659587e-16
-4.028579500909751 -1.0794546239133431
-3.611925568194702 -2.085346199090101
-2.949124876996409 -2.9491248769964056
-2.0853461990901043 -3.6119255681946996
-1.0794546239133425 -4.028579500909751
-7.661437643489379e-16 -4.170692398180205
1.0794546239133411 -4.028579500909751
2.085346199090103 -3.611925568194701
2.949124876996407 -2.9491248769964082
3.6119255681946996 -2.0853461990901043
4.02857950090975 -1.0794546239133465
4.318828414224384 0.0
4.171667904610394 1.117795046131189
3.740215121304379 2.1594142071121913
3.0538728584792056 3.0538728584792048
2.1594142071121922 3.7402151213043786
1.117795046131189 4.171667904610394
2.6445196967732653e-16 4.318828414224384
-1.1177950461311883 4.171667904610394
-2.159414207112191 3.740215121304379
-3.0538728584792048 3.0538728584792056
-3.740215121304379 2.1594142071121913
-4.171667904610394 1.11779504613119
-4.318828414224384 5.289039393546531e-16
-4.171667904610394 -1.1177950461311892
-3.7402151213043795 -2.1594142071121905
-3.053872858479207 -3.0538728584792034
-2.1594142071121936 -3.7402151213043773
-1.1177950461311883 -4.171667904610394
-7.933559090319795e-16 -4.318828414224384
1.117795046131187 -4.171667904610395
2.1594142071121922 -3.7402151213043786
3.0538728584792043 -3.053872858479206
3.7402151213043773 -2.1594142071121936
4.171667904610393 -1.1177950461311925
4.448803457838801 0.0
4.297214156010608 1.151435062806631
3.852776810932455 2.2244017289194002
3.1457790932039775 3.145779093203977
2.224401728919401 3.8527768109324545
1.151435062806631 4.297214156010608
2.7241064573389826e-16 4.448803457838801
-1.1514350628066305 4.297214156010608
-2.2244017289194 3.852776810932455
-3.145779093203977 3.1457790932039775
-3.852776810932455 2.2244017289194002
-4.297214156010608 1.151435062806632
-4.448803457838801 5.448212914677965e-16
-4.297214156010608 -1.1514350628066312
-3.8527768109324554 -2.2244017289193994
-3.145779093203979 -3.1457790932039758
-2.2244017289194025 -3.8527768109324536
-1.1514350628066305 -4.297214156010608
-8.172319372016947e-16 -4.448803457838801
1.151435062806629 -4.297214156010609
2.224401728919401 -3.8527768109324545
3.1457790932039766 -3.145779093203978
3.8527768109324536 -2.2244017289194025
4.297214156010607 -1.1514350628066348
4.87560882224406 0.0
4.709476480288365 1.2619004196666335
4.222401098978883 2.4378044111220296
3.4475760606217314 3.447576060621731
2.4378044111220305 4.222401098978883
1.2619004196666335 4.709476480288365
2.985449369027892e-16 4.87560882224406
-1.2619004196666328 4.709476480288365
-2.437804411122029 4.222401098978883
-3.447576060621731 3.4475760606217314
-4.222401098978883 2.4378044111220296
-4.709476480288364 1.2619004196666348
-4.87560882224406 5.970898738055784e-16
-4.709476480288365 -1.2619004196666337
-4.222401098978884 -2.4378044111220287
-3.447576060621733 -3.447576060621729
-2.4378044111220323 -4.2224010989788825
-1.2619004196666328 -4.709476480288365
-8.956348107083677e-16 -4.87560882224406
1.2619004196666312 -4.709476480288365
2.4378044111220305 -4.222401098978883
3.4475760606217305 -3.4475760606217323
4.2224010989788825 -2.4378044111220323
4.709476480288364 -1.2619004196666375
4.9892071640130435 0.0
4.819204052426638 1.2913018340085114
4.32078014877861 2.4946035820065213
3.527902218418127 3.5279022184181263
2.494603582006522 4.32078014877861
1.2913018340085114 4.819204052426638
3.055008291845809e-16 4.9892071640130435
-1.291301834008511 4.819204052426638
-2.494603582006521 4.32078014877861
-3.5279022184181263 3.527902218418127
-4.32078014877861 2.4946035820065213
-4.819204052426637 1.291301834008513
-4.9892071640130435 6.110016583691618e-16
-4.819204052426638 -1.2913018340085118
-4.320780148778611 -2.4946035820065204
-3.5279022184181286 -3.5279022184181246
-2.494603582006524 -4.320780148778609
-1.291301834008511 -4.819204052426638
-9.165024875537425e-16 -4.9892071640130435
1.2913018340085094 -4.819204052426639
2.494603582006522 -4.32078014877861
3.5279022184181255 -3.5279022184181272
4.320780148778609 -2.494603582006524
4.819204052426637 -1.2913018340085156
4.744594892203723 0.0
4.582926741658774 1.2279915193984647
4.108939707314314 2.372297446101861
3.354935222260309 3.3549352222603086
2.3722974461018618 4.108939707314314
1.2279915193984647 4.582926741658774
2.905226473994085e-16 4.744594892203723
-1.2279915193984643 4.582926741658774
-2.3722974461018604 4.108939707314314
-3.3549352222603086 3.354935222260309
-4.108939707314314 2.372297446101861
-4.582926741658773 1.227991519398466
-4.744594892203723 5.81045294798817e-16
-4.582926741658774 -1.2279915193984652
-4.108939707314315 -2.37229744610186
-3.3549352222603104 -3.354935222260307
-2.3722974461018635 -4.108939707314312
-1.2279915193984643 -4.582926741658774
-8.715679421982255e-16 -4.744594892203723
1.2279915193984627 -4.582926741658774
2.3722974461018618 -4.108939707314314
3.3549352222603077 -3.3549352222603095
4.108939707314312 -2.3722974461018635
4.582926741658773 -1.2279915193984687
5.184064536272113 0.0
5.007421820734496 1.3417346330277904
4.489531583269645 2.592032268136056
3.6656871877067063 3.665687187706706
2.592032268136057 4.489531583269645
1.3417346330277904 5.007421820734496
3.1743240204594756e-16 5.184064536272113
-1.3417346330277897 5.007421820734496
-2.5920322681360553 4.489531583269645
-3.665687187706706 3.6656871877067063
-4.489531583269645 2.592032268136056
-5.007421820734496 1.3417346330277917
-5.184064536272113 6.348648040918951e-16
-5.007421820734496 -1.3417346330277906
-4.489531583269646 -2.5920322681360553
-3.665687187706708 -3.665687187706704
-2.592032268136059 -4.4895315832696445
-1.3417346330277897 -5.007421820734496
-9.522972061378425e-16 -5.184064536272113
1.341734633027788 -5.007421820734497
2.592032268136057 -4.489531583269645
3.665687187706705 -3.6656871877067068
4.4895315832696445 -2.592032268136059
5.007421820734495 -1.3417346330277946
5.314221903946816 0.0
5.133144183653294 1.3754218386424146
4.60225117016565 2.6571109519734075
3.757722345010879 3.7577223450108788
2.6571109519734084 4.602251170165649
1.3754218386424146 5.133144183653294
3.2540224223136107e-16 5.314221903946816
-1.375421838642414 5.133144183653294
-2.6571109519734066 4.60225117016565
-3.7577223450108788 3.757722345010879
-4.60225117016565 2.6571109519734075
-5.133144183653293 1.375421838642416
-5.314221903946816 6.508044844627221e-16
-5.133144183653294 -1.3754218386424149
-4.60225117016565 -2.6571109519734066
-3.757722345010881 -3.757722345010877
-2.65711095197341 -4.6022511701656486
-1.375421838642414 -5.133144183653294
-9.76206726694083e-16 -5.314221903946816
1.3754218386424122 -5.133144183653295
2.6571109519734084 -4.602251170165649
3.7577223450108783 -3.75772234501088
4.6022511701656486 -2.65711095197341
5.133144183653293 -1.375421838642419
5.413424270247265 0.0
5.228966311291885 1.4010973003602072
4.688162939497368 2.706712135123632
3.8278690109316784 3.827869010931678
2.7067121351236327 4.688162939497367
1.4010973003602072 5.228966311291885
3.3147663524924546e-16 5.413424270247265
-1.4010973003602065 5.228966311291885
-2.706712135123631 4.688162939497368
-3.827869010931678 3.8278690109316784
-4.688162939497368 2.706712135123632
-5.228966311291885 1.4010973003602087
-5.413424270247265 6.629532704984909e-16
-5.228966311291885 -1.4010973003602074
-4.688162939497368 -2.706712135123631
-3.82786901093168 -3.827869010931676
-2.7067121351236345 -4.688162939497366
-1.4010973003602065 -5.228966311291885
-9.944299057477363e-16 -5.413424270247265
1.4010973003602047 -5.228966311291886
2.7067121351236327 -4.688162939497367
3.827869010931677 -3.8278690109316793
4.688162939497366 -2.7067121351236345
5.2289663112918845 -1.4010973003602116
5.113717663680607 0.0
4.939471959699694 1.323527522637708
4.428609404528614 2.556858831840303
3.615944437061986 3.6159444370619855
2.556858831840304 4.428609404528613
1.323527522637708 4.939471959699694
3.131248984284868e-16 5.113717663680607
-1.3235275226377075 4.939471959699694
-2.556858831840302 4.428609404528614
-3.6159444370619855 3.615944437061986
-4.428609404528614 2.556858831840303
-4.939471959699693 1.3235275226377095
-5.113717663680607 6.262497968569736e-16
-4.939471959699694 -1.3235275226377081
-4.428609404528615 -2.556858831840302
-3.6159444370619878 -3.6159444370619838
-2.5568588318403056 -4.428609404528612
-1.3235275226377075 -4.939471959699694
-9.393746952854604e-16 -5.113717663680607
1.3235275226377057 -4.939471959699695
2.556858831840304 -4.428609404528613
3.615944437061985 -3.6159444370619864
4.428609404528612 -2.5568588318403056
4.939471959699693 -1.3235275226377121
5.063634123710348 0.0
4.89109497497044 1.3105649486472517
4.385235786602917 2.5318170618551736
3.5805300263231885 3.580530026323188
2.5318170618551745 4.385235786602916
1.3105649486472517 4.89109497497044
3.1005816608275955e-16 5.063634123710348
-1.310564948647251 4.89109497497044
-2.5318170618551727 4.385235786602917
-3.580530026323188 3.5805300263231885
-4.385235786602917 2.5318170618551736
-4.89109497497044 1.310564948647253
-5.063634123710348 6.201163321655191e-16
-4.89109497497044 -1.310564948647252
-4.385235786602918 -2.5318170618551727
-3.5805300263231903 -3.5805300263231863
-2.5318170618551763 -4.385235786602915
-1.310564948647251 -4.89109497497044
-9.301744982482786e-16 -5.063634123710348
1.3105649486472495 -4.891094974970441
2.5318170618551745 -4.385235786602916
3.5805300263231876 -3.5805300263231894
4.385235786602915 -2.5318170618551763
4.891094974970439 -1.310564948647256
4.804132856072554 0.0
4.640435998604343 1.243401078354344
4.160501096514323 2.4020664280362767
3.3970349202499994 3.397034920249999
2.4020664280362776 4.160501096514322
1.243401078354344 4.640435998604343
2.941682962433943e-16 4.804132856072554
-1.2434010783543437 4.640435998604343
-2.4020664280362762 4.160501096514323
-3.397034920249999 3.3970349202499994
-4.160501096514323 2.4020664280362767
-4.640435998604343 1.2434010783543454
-4.804132856072554 5.883365924867886e-16
-4.640435998604343 -1.2434010783543445
-4.160501096514323 -2.402066428036276
-3.397034920250001 -3.397034920249997
-2.4020664280362793 -4.160501096514321
-1.2434010783543437 -4.640435998604343
-8.825048887301828e-16 -4.804132856072554
1.243401078354342 -4.640435998604344
2.4020664280362776 -4.160501096514322
3.3970349202499985 -3.39703492025
4.160501096514321 -2.4020664280362793
4.640435998604342 -1.243401078354348
5.250009320541675 0.0
5.071119590969528 1.3588023991219302
4.546641441694171 2.6250046602708372
3.712317191847598 3.712317191847597
2.625004660270838 4.54664144169417
1.3588023991219302 5.071119590969528
3.2147035549475666e-16 5.250009320541675
-1.3588023991219296 5.071119590969528
-2.6250046602708363 4.546641441694171
-3.712317191847597 3.712317191847598
-4.546641441694171 2.6250046602708372
-5.071119590969527 1.3588023991219316
-5.250009320541675 6.429407109895133e-16
-5.071119590969528 -1.3588023991219305
-4.546641441694172 -2.6250046602708363
-3.7123171918475997 -3.7123171918475952
-2.62500466027084 -4.546641441694169
-1.3588023991219296 -5.071119590969528
-9.6441106648427e-16 -5.250009320541675
1.3588023991219278 -5.071119590969529
2.625004660270838 -4.54664144169417
3.7123171918475966 -3.7123171918475983
4.546641441694169 -2.62500466027084
5.071119590969527 -1.3588023991219345
5.507566456659061 0.0
5.31990068049036 1.4254630911511719
4.769692464497794 2.7537832283295303
3.894437589339188 3.8944375893391876
2.753783228329531 4.769692464497793
1.4254630911511719 5.31990068049036
3.3724118161194247e-16 5.507566456659061
-1.4254630911511714 5.31990068049036
-2.7537832283295294 4.769692464497794
-3.8944375893391876 3.894437589339188
-4.769692464497794 2.7537832283295303
-5.31990068049036 1.4254630911511734
-5.507566456659061 6.744823632238849e-16
-5.31990068049036 -1.4254630911511723
-4.769692464497795 -2.7537832283295294
-3.89443758933919 -3.894437589339186
-2.7537832283295334 -4.769692464497792
-1.4254630911511714 -5.31990068049036
-1.0117235448358273e-15 -5.507566456659061
1.4254630911511694 -5.319900680490361
2.753783228329531 -4.769692464497793
3.8944375893391867 -3.8944375893391885
4.769692464497792 -2.7537832283295334
5.319900680490359 -1.4254630911511765
1.0 0.5 0.4 0.32000000000000006 0.25600000000000006 0.20480000000000007 0.16384000000000007 0.13107200000000005 0.10485760000000005 0.08388608000000004 0.06710886400000003 0.05368709120000003 0.042949672960000025 0.03435973836800002 0.027487790694400018 0.021990232555520017 0.017592186044416015 0.014073748835532814 0.011258999068426251 0.009007199254741001 0.007205759403792801 0.0057646075230342415 0.0046116860184273935 