0.0 0.0
1.6650029550567484 0.0
1.6330103901475403 0.32482596265982616
1.5382621517477397 0.6371690457391338
1.3843993615236267 0.9250260797192039
1.1773348802162673 1.177334880216267
0.9250260797192041 1.3843993615236267
0.6371690457391339 1.5382621517477397
0.32482596265982633 1.6330103901475403
1.0195202697405656e-16 1.6650029550567484
-0.32482596265982605 1.6330103901475403
-0.6371690457391337 1.5382621517477397
-0.9250260797192036 1.3843993615236272
-1.177334880216267 1.1773348802162673
-1.384399361523627 0.9250260797192039
-1.5382621517477397 0.637169045739134
-1.6330103901475403 0.3248259626598268
-1.6650029550567484 2.0390405394811313e-16
-1.6330103901475403 -0.32482596265982633
-1.53826215174774 -0.6371690457391336
-1.3843993615236272 -0.9250260797192036
-1.1773348802162675 -1.177334880216267
-0.9250260797192039 -1.3843993615236267
-0.6371690457391347 -1.5382621517477393
-0.3248259626598269 -1.6330103901475401
-3.058560809221697e-16 -1.6650029550567484
0.3248259626598263 -1.6330103901475403
0.6371690457391341 -1.5382621517477395
0.9250260797192034 -1.3843993615236272
1.1773348802162669 -1.1773348802162675
1.3843993615236267 -0.9250260797192039
1.5382621517477393 -0.6371690457391348
1.6330103901475401 -0.32482596265982694
2.6373395567957316 0.0
2.586663816730433 0.5145194234011522
2.436584036805965 1.0092661539068153
2.1928676987991134 1.465227352120819
1.8648806849017858 1.8648806849017854
1.4652273521208192 2.1928676987991134
1.0092661539068153 2.436584036805965
0.5145194234011524 2.586663816730433
1.614904723247296e-16 2.6373395567957316
-0.5145194234011521 2.586663816730433
-1.009266153906815 2.436584036805965
-1.4652273521208183 2.1928676987991143
-1.8648806849017854 1.8648806849017858
-2.192867698799114 1.465227352120819
-2.436584036805965 1.0092661539068155
-2.586663816730433 0.5145194234011532
-2.6373395567957316 3.229809446494592e-16
-2.586663816730433 -0.5145194234011525
-2.436584036805965 -1.0092661539068148
-2.1928676987991143 -1.4652273521208183
-1.864880684901786 -1.8648806849017854
-1.465227352120819 -2.1928676987991134
-1.0092661539068166 -2.436584036805964
-0.5145194234011533 -2.5866638167304328
-4.844714169741887e-16 -2.6373395567957316
0.5145194234011524 -2.586663816730433
1.0092661539068157 -2.4365840368059644
1.4652273521208181 -2.1928676987991143
1.8648806849017852 -1.864880684901786
2.1928676987991134 -1.465227352120819
2.436584036805964 -1.0092661539068168
2.5866638167304328 -0.5145194234011535
3.3062712153616722 0.0
3.242742141047627 0.6450215160775643
3.054596304803866 1.2652552170245017
2.7490640456038347 1.8368658695444875
2.337886796824127 2.3378867968241264
1.836865869544488 2.7490640456038347
1.265255217024502 3.054596304803866
0.6450215160775646 3.242742141047627
2.0245072305028507e-16 3.3062712153616722
-0.6450215160775642 3.242742141047627
-1.2652552170245015 3.054596304803866
-1.8368658695444868 2.7490640456038355
-2.3378867968241264 2.337886796824127
-2.749064045603835 1.8368658695444875
-3.054596304803866 1.2652552170245022
-3.242742141047627 0.6450215160775655
-3.3062712153616722 4.0490144610057014e-16
-3.242742141047627 -0.6450215160775647
-3.054596304803866 -1.2652552170245013
-2.7490640456038355 -1.8368658695444868
-2.3378867968241273 -2.3378867968241264
-1.8368658695444875 -2.7490640456038347
-1.2652552170245035 -3.054596304803865
-0.6450215160775657 -3.2427421410476267
-6.073521691508551e-16 -3.3062712153616722
0.6450215160775645 -3.242742141047627
1.2652552170245024 -3.0545963048038653
1.8368658695444864 -2.7490640456038355
2.337886796824126 -2.3378867968241273
2.7490640456038347 -1.8368658695444875
3.054596304803865 -1.2652552170245037
3.2427421410476267 -0.6450215160775659
3.833310556557652 0.0
3.75965456908606 0.7478417908666561
3.541517164963064 1.466944441104815
3.187281242296245 2.129673239143236
2.7105598889358946 2.710559888935894
2.1296732391432363 3.187281242296245
1.4669444411048151 3.541517164963064
0.7478417908666565 3.75965456908606
2.347225751613044e-16 3.833310556557652
-0.7478417908666559 3.75965456908606
-1.4669444411048147 3.541517164963064
-2.129673239143235 3.1872812422962458
-2.710559888935894 2.7105598889358946
-3.1872812422962453 2.129673239143236
-3.541517164963064 1.4669444411048154
-3.75965456908606 0.7478417908666575
-3.833310556557652 4.694451503226088e-16
-3.75965456908606 -0.7478417908666566
-3.5415171649630643 -1.4669444411048145
-3.1872812422962458 -2.129673239143235
-2.710559888935895 -2.710559888935894
-2.129673239143236 -3.187281242296245
-1.466944441104817 -3.541517164963063
-0.7478417908666577 -3.7596545690860594
-7.041677254839131e-16 -3.833310556557652
0.7478417908666564 -3.75965456908606
1.4669444411048158 -3.5415171649630635
2.1296732391432345 -3.1872812422962458
2.7105598889358937 -2.710559888935895
3.187281242296245 -2.129673239143236
3.541517164963063 -1.4669444411048171
3.7596545690860594 -0.7478417908666579
4.291805811485187 0.0
4.2093399662537125 0.8372897777933357
3.9651115467441578 1.6424029789835908
3.568506114153399 2.384399554761708
3.034764992837009 3.0347649928370086
2.3843995547617083 3.568506114153399
1.642402978983591 3.9651115467441578
0.837289777793336 4.2093399662537125
2.6279731247986713e-16 4.291805811485187
-0.8372897777933355 4.2093399662537125
-1.6424029789835906 3.9651115467441578
-2.384399554761707 3.5685061141534
-3.0347649928370086 3.034764992837009
-3.5685061141533994 2.384399554761708
-3.9651115467441578 1.6424029789835912
-4.2093399662537125 0.8372897777933372
-4.291805811485187 5.255946249597343e-16
-4.2093399662537125 -0.8372897777933361
-3.965111546744158 -1.6424029789835903
-3.5685061141534 -2.384399554761707
-3.0347649928370095 -3.0347649928370086
-2.384399554761708 -3.568506114153399
-1.642402978983593 -3.965111546744157
-0.8372897777933375 -4.2093399662537125
-7.883919374396014e-16 -4.291805811485187
0.8372897777933359 -4.2093399662537125
1.6424029789835917 -3.9651115467441573
2.3843995547617065 -3.5685061141534
3.034764992837008 -3.0347649928370095
3.568506114153399 -2.384399554761708
3.965111546744157 -1.6424029789835932
4.2093399662537125 -0.8372897777933377
4.737212685292972 0.0
4.646188471874808 0.9241843482326936
4.376613841095009 1.8128528102513584
3.938848394835247 2.631854355431632
3.349715213693595 3.3497152136935946
2.6318543554316323 3.938848394835247
1.8128528102513588 4.376613841095009
0.9241843482326939 4.646188471874808
2.900706175962138e-16 4.737212685292972
-0.9241843482326932 4.646188471874808
-1.8128528102513581 4.376613841095009
-2.631854355431631 3.9388483948352477
-3.3497152136935946 3.349715213693595
-3.9388483948352473 2.631854355431632
-4.376613841095009 1.812852810251359
-4.646188471874808 0.9241843482326952
-4.737212685292972 5.801412351924276e-16
-4.646188471874808 -0.924184348232694
-4.376613841095009 -1.812852810251358
-3.9388483948352477 -2.631854355431631
-3.3497152136935955 -3.3497152136935946
-2.631854355431632 -3.938848394835247
-1.812852810251361 -4.376613841095008
-0.9241843482326955 -4.646188471874807
-8.702118527886414e-16 -4.737212685292972
0.9241843482326938 -4.646188471874808
1.8128528102513595 -4.376613841095008
2.6318543554316305 -3.9388483948352477
3.349715213693594 -3.3497152136935955
3.938848394835247 -2.631854355431632
4.376613841095008 -1.8128528102513612
4.646188471874807 -0.9241843482326958
1.0 0.5 0.4 0.32000000000000006 0.25600000000000006 0.20480000000000007 0.16384000000000007 