0.0 0.0
0.6477646066853056 0.0
0.32388230334265283 0.5609806050619098
-0.3238823033426526 0.5609806050619098
-0.6477646066853056 7.932828521781036e-17
-0.32388230334265306 -0.5609806050619096
0.32388230334265283 -0.5609806050619098
1.1628333027859812 0.0
0.5814166513929907 1.0070431805792217
-0.5814166513929904 1.007043180579222
-1.1628333027859812 1.424060082198797e-16
-0.5814166513929911 -1.0070431805792215
0.5814166513929907 -1.0070431805792217
1.590240834817919 0.0
0.7951204174089597 1.3771889610876908
-0.7951204174089591 1.377188961087691
-1.590240834817919 1.9474833482331792e-16
-0.7951204174089601 -1.3771889610876906
0.7951204174089597 -1.3771889610876908
1.9131920408197132 0.0
0.9565960204098568 1.6568729096680663
-0.9565960204098561 1.6568729096680663
-1.9131920408197132 2.342984508944054e-16
-0.9565960204098575 -1.6568729096680659
0.9565960204098568 -1.6568729096680663
2.191187319017624 0.0
1.0955936595088123 1.8976238827195793
-1.0955936595088116 1.8976238827195797
-2.191187319017624 2.683430536567204e-16
-1.095593659508813 -1.8976238827195788
1.0955936595088123 -1.8976238827195793
2.4338604176521828 0.0
1.2169302088260916 2.107784950952194
-1.216930208826091 2.107784950952194
-2.4338604176521828 2.980619370049186e-16
-1.2169302088260925 -2.1077849509521935
1.2169302088260916 -2.107784950952194
2.6480859495787983 0.0
1.3240429747893994 2.2933097037398773
-1.3240429747893985 2.2933097037398777
-2.6480859495787983 3.2429699820187544e-16
-1.3240429747894003 -2.293309703739877
1.3240429747893994 -2.2933097037398773
2.8389303022916352 0.0
1.4194651511458178 2.4585857613579916
-1.419465151145817 2.458585761357992
-2.8389303022916352 3.476686907703879e-16
-1.419465151145819 -2.458585761357991
1.4194651511458178 -2.4585857613579916
3.010362071916123 0.0
1.505181035958062 2.6070500288685197
-1.5051810359580609 2.60705002886852
-3.010362071916123 3.686630275646674e-16
-1.5051810359580629 -2.6070500288685188
1.505181035958062 -2.6070500288685197
3.165657031799291 0.0
1.582828515899646 2.7415394092070287
-1.582828515899645 2.7415394092070287
-3.165657031799291 3.8768117511913127e-16
-1.582828515899647 -2.7415394092070278
1.582828515899646 -2.7415394092070287
3.3076306960157384 0.0
1.6538153480078697 2.8644922090868334
-1.6538153480078686 2.864492209086834
-3.3076306960157384 4.050679344637206e-16
-1.6538153480078708 -2.864492209086833
1.6538153480078697 -2.8644922090868334
3.4384912199352375 0.0
1.7192456099676192 2.977820747153661
-1.719245609967618 2.9778207471536615
-3.4384912199352375 4.2109372663899666e-16
-1.7192456099676203 -2.97782074715366
1.7192456099676192 -2.977820747153661
3.6240273701739616 0.0
1.8120136850869812 3.1384997665807624
-1.81201368508698 3.138499766580763
-3.6240273701739616 4.4381535189059423e-16
-1.8120136850869824 -3.1384997665807615
1.8120136850869812 -3.1384997665807624
3.753359469389487 0.0
1.876679734694744 3.2505046500261767
-1.8766797346947426 3.250504650026177
-3.753359469389487 4.596539660237243e-16
-1.8766797346947452 -3.250504650026176
1.876679734694744 -3.2505046500261767
1.3883387564530558 0.0
0.694169378226528 1.202336632146843
-0.6941693782265276 1.2023366321468432
-1.3883387564530558 1.7002246142224517e-16
-0.6941693782265286 -1.2023366321468427
0.694169378226528 -1.202336632146843
3.8886364130420388 0.0
1.9443182065210198 3.3676579197756027
-1.9443182065210185 3.367657919775603
-3.8886364130420388 4.762206136279778e-16
-1.9443182065210212 -3.367657919775602
1.9443182065210198 -3.3676579197756027
3.532777686238797 0.0
1.766388843119399 3.059475222205609
-1.7663888431193977 3.0594752222056094
-3.532777686238797 4.3264048855515355e-16
-1.7663888431194001 -3.059475222205608
1.766388843119399 -3.059475222205609
1.0 0.5 0.4 0.32000000000000006 0.25600000000000006 0.20480000000000007 0.16384000000000007 0.13107200000000005 0.10485760000000005 0.08388608000000004 0.06710886400000003 0.05368709120000003 0.042949672960000025 0.03435973836800002 0.027487790694400018 0.021990232555520017 0.017592186044416015 0.014073748835532814 