0.0 0.0
1.603191192565063 0.0
1.5629958421957448 0.3567436014801153
1.4444253537964742 0.6955985891504667
1.2534253467628318 0.9995733589940577
0.999573358994058 1.2534253467628318
0.6955985891504668 1.4444253537964742
0.3567436014801154 1.5629958421957448
9.816714811980162e-17 1.603191192565063
-0.3567436014801152 1.5629958421957448
-0.6955985891504666 1.4444253537964742
-0.9995733589940577 1.253425346762832
-1.2534253467628313 0.9995733589940585
-1.444425353796474 0.6955985891504669
-1.562995842195745 0.3567436014801148
-1.603191192565063 1.9633429623960325e-16
-1.562995842195745 -0.3567436014801144
-1.4444253537964742 -0.6955985891504665
-1.2534253467628316 -0.9995733589940583
-0.9995733589940582 -1.2534253467628318
-0.695598589150467 -1.444425353796474
-0.35674360148011564 -1.5629958421957448
-2.9450144435940485e-16 -1.603191192565063
0.35674360148011364 -1.5629958421957453
0.6955985891504665 -1.4444253537964742
0.9995733589940576 -1.253425346762832
1.2534253467628318 -0.9995733589940582
1.4444253537964744 -0.6955985891504657
1.5629958421957446 -0.3567436014801157
2.4391974470300646 0.0
2.378041674432255 0.5427724940169877
2.1976409624411484 1.0583281087634064
1.907041356043749 1.5208147329431034
1.5208147329431039 1.907041356043749
1.0583281087634064 2.1976409624411484
0.5427724940169878 2.378041674432255
1.493577672996882e-16 2.4391974470300646
-0.5427724940169876 2.378041674432255
-1.0583281087634062 2.1976409624411484
-1.5208147329431034 1.9070413560437494
-1.9070413560437482 1.5208147329431045
-2.197640962441148 1.0583281087634067
-2.3780416744322554 0.5427724940169869
-2.4391974470300646 2.987155345993764e-16
-2.3780416744322554 -0.5427724940169864
-2.1976409624411484 -1.058328108763406
-1.9070413560437485 -1.5208147329431043
-1.520814732943104 -1.9070413560437487
-1.0583281087634067 -2.197640962441148
-0.5427724940169881 -2.378041674432255
-4.480733018990646e-16 -2.4391974470300646
0.5427724940169851 -2.378041674432256
1.058328108763406 -2.1976409624411484
1.5208147329431032 -1.9070413560437494
1.9070413560437487 -1.520814732943104
2.197640962441149 -1.0583281087634049
2.378041674432255 -0.5427724940169882
3.0222609362701878 0.0
2.946486544666578 0.6725163261985273
2.7229630142570564 1.3113098756178412
2.3628987482093367 1.8843488723204898
1.88434887232049 2.3628987482093367
1.3113098756178412 2.7229630142570564
0.6725163261985275 2.946486544666578
1.850601090895684e-16 3.0222609362701878
-0.6725163261985272 2.946486544666578
-1.311309875617841 2.7229630142570564
-1.8843488723204898 2.362898748209337
-2.3628987482093358 1.884348872320491
-2.722963014257056 1.3113098756178414
-2.946486544666578 0.6725163261985264
-3.0222609362701878 3.701202181791368e-16
-2.946486544666578 -0.6725163261985256
-2.7229630142570564 -1.3113098756178407
-2.3628987482093358 -1.8843488723204906
-1.8843488723204904 -2.362898748209336
-1.3113098756178416 -2.722963014257056
-0.672516326198528 -2.946486544666578
-5.551803272687052e-16 -3.0222609362701878
0.6725163261985242 -2.9464865446665782
1.3113098756178405 -2.722963014257057
1.8843488723204893 -2.362898748209337
2.362898748209336 -1.8843488723204904
2.722963014257057 -1.3113098756178392
2.9464865446665773 -0.6725163261985281
3.444267215278486 0.0
3.357912245187758 0.7664215575388829
3.1031775337028753 1.494411537885049
2.6928365429372114 2.147465483602515
2.1474654836025153 2.6928365429372114
1.4944115378850493 3.1031775337028753
0.7664215575388831 3.357912245187758
2.109005410299483e-16 3.444267215278486
-0.7664215575388827 3.357912245187758
-1.4944115378850489 3.1031775337028753
-2.147465483602515 2.692836542937212
-2.6928365429372105 2.1474654836025167
-3.103177533702875 1.4944115378850495
-3.3579122451877583 0.7664215575388819
-3.444267215278486 4.218010820598966e-16
-3.3579122451877583 -0.766421557538881
-3.1031775337028753 -1.4944115378850487
-2.692836542937211 -2.147465483602516
-2.1474654836025158 -2.692836542937211
-1.4944115378850495 -3.103177533702875
-0.7664215575388835 -3.357912245187758
-6.327016230898448e-16 -3.444267215278486
0.7664215575388793 -3.3579122451877588
1.4944115378850484 -3.1031775337028757
2.147465483602515 -2.692836542937212
2.692836542937211 -2.1474654836025158
3.103177533702876 -1.4944115378850469
3.357912245187758 -0.7664215575388837
3.786873085346232 0.0
3.6919282707941425 0.8426585357252734
3.4118547565945354 1.6430626538336668
2.9606965982345264 2.361076749646693
2.3610767496466933 2.9606965982345264
1.643062653833667 3.4118547565945354
0.8426585357252736 3.6919282707941425
2.3187910013732624e-16 3.786873085346232
-0.8426585357252732 3.6919282707941425
-1.6430626538336666 3.4118547565945354
-2.361076749646693 2.960696598234527
-2.960696598234525 2.3610767496466947
-3.411854756594535 1.6430626538336672
-3.691928270794143 0.8426585357252722
-3.786873085346232 4.637582002746525e-16
-3.691928270794143 -0.8426585357252713
-3.4118547565945354 -1.6430626538336663
-2.9606965982345255 -2.3610767496466942
-2.361076749646694 -2.960696598234526
-1.6430626538336675 -3.411854756594535
-0.842658535725274 -3.6919282707941425
-6.956373004119787e-16 -3.786873085346232
0.8426585357252694 -3.6919282707941434
1.6430626538336661 -3.411854756594536
2.3610767496466925 -2.960696598234527
2.960696598234526 -2.361076749646694
3.4118547565945363 -1.6430626538336646
3.691928270794142 -0.8426585357252743
4.073492001586391 0.0
3.971361052395978 0.9064372446565803
3.6700894770788506 1.7674219409137695
3.1847842904219505 2.5397807209422347
2.539780720942235 3.1847842904219505
1.7674219409137697 3.6700894770788506
0.9064372446565805 3.971361052395978
2.4942944705475595e-16 4.073492001586391
-0.90643724465658 3.971361052395978
-1.7674219409137693 3.6700894770788506
-2.5397807209422347 3.184784290421951
-3.184784290421949 2.5397807209422365
-3.67008947707885 1.76742194091377
-3.9713610523959786 0.906437244656579
-4.073492001586391 4.988588941095119e-16
-3.9713610523959786 -0.906437244656578
-3.6700894770788506 -1.767421940913769
-3.1847842904219497 -2.539780720942236
-2.5397807209422356 -3.18478429042195
-1.7674219409137701 -3.67008947707885
-0.9064372446565812 -3.971361052395978
-7.482883411642679e-16 -4.073492001586391
0.906437244656576 -3.971361052395979
1.7674219409137688 -3.670089477078851
2.5397807209422343 -3.184784290421951
3.18478429042195 -2.5397807209422356
3.6700894770788515 -1.767421940913767
3.9713610523959777 -0.9064372446565814
4.317882831428435 0.0
4.209624493890265 0.9608193203633907
3.8902780063673696 1.8734591479716785
3.3758567352189477 2.6921559110165423
2.6921559110165427 3.3758567352189477
1.8734591479716787 3.8902780063673696
0.9608193203633909 4.209624493890265
2.643940694301072e-16 4.317882831428435
-0.9608193203633905 4.209624493890265
-1.8734591479716782 3.8902780063673696
-2.6921559110165423 3.375856735218948
-3.3758567352189464 2.692155911016544
-3.890278006367369 1.873459147971679
-4.209624493890266 0.9608193203633894
-4.317882831428435 5.287881388602144e-16
-4.209624493890266 -0.9608193203633882
-3.8902780063673696 -1.873459147971678
-3.375856735218947 -2.6921559110165436
-2.692155911016543 -3.3758567352189472
-1.8734591479716791 -3.890278006367369
-0.9608193203633915 -4.209624493890265
-7.931822082903216e-16 -4.317882831428435
0.9608193203633861 -4.209624493890266
1.8734591479716778 -3.89027800636737
2.692155911016542 -3.375856735218948
3.3758567352189472 -2.692155911016543
3.8902780063673705 -1.8734591479716758
4.209624493890265 -0.9608193203633918
4.527385758619066 0.0
4.413874745292207 1.0074381073884315
4.079033621500555 1.9643590613772228
3.5396527193657903 2.822778849579453
2.822778849579454 3.5396527193657903
1.964359061377223 4.079033621500555
1.0074381073884318 4.413874745292207
2.7722242388990754e-16 4.527385758619066
-1.0074381073884313 4.413874745292207
-1.9643590613772226 4.079033621500555
-2.822778849579453 3.5396527193657907
-3.5396527193657885 2.8227788495794552
-4.079033621500554 1.9643590613772233
-4.413874745292208 1.0074381073884302
-4.527385758619066 5.544448477798151e-16
-4.413874745292208 -1.007438107388429
-4.079033621500555 -1.9643590613772224
-3.539652719365789 -2.822778849579455
-2.8227788495794544 -3.5396527193657894
-1.9643590613772235 -4.079033621500554
-1.0074381073884324 -4.413874745292207
-8.316672716697226e-16 -4.527385758619066
1.0074381073884267 -4.413874745292209
1.964359061377222 -4.079033621500556
2.8227788495794526 -3.5396527193657907
3.5396527193657894 -2.8227788495794544
4.079033621500556 -1.96435906137722
4.413874745292207 -1.0074381073884326
5.096969500541972 0.0
4.969177833617817 1.134182413607449
4.592210840636459 2.2114921850633036
3.984971220703063 3.177908503972922
3.1779085039729225 3.984971220703063
2.2114921850633036 4.592210840636459
1.1341824136074492 4.969177833617817
3.120993692095205e-16 5.096969500541972
-1.1341824136074485 4.969177833617817
-2.211492185063303 4.592210840636459
-3.177908503972922 3.984971220703064
-3.984971220703062 3.1779085039729242
-4.592210840636459 2.211492185063304
-4.969177833617818 1.1341824136074474
-5.096969500541972 6.24198738419041e-16
-4.969177833617818 -1.134182413607446
-4.592210840636459 -2.2114921850633027
-3.9849712207030623 -3.1779085039729233
-3.177908503972923 -3.9849712207030628
-2.2114921850633045 -4.592210840636459
-1.1341824136074499 -4.969177833617817
-9.362981076285614e-16 -5.096969500541972
1.1341824136074434 -4.9691778336178185
2.2114921850633027 -4.59221084063646
3.177908503972921 -3.984971220703064
3.9849712207030628 -3.177908503972923
4.592210840636461 -2.2114921850633005
4.969177833617817 -1.13418241360745
5.301635140014945 0.0
5.16871207820456 1.179724802851741
4.776608210130948 2.300293277986723
4.144985261022485 3.3055154429752167
3.305515442975217 4.144985261022485
2.3002932779867233 4.776608210130948
1.1797248028517413 5.16871207820456
3.2463152522332158e-16 5.301635140014945
-1.1797248028517409 5.16871207820456
-2.3002932779867225 4.776608210130948
-3.3055154429752167 4.1449852610224855
-4.144985261022483 3.305515442975219
-4.776608210130948 2.3002932779867233
-5.16871207820456 1.1797248028517395
-5.301635140014945 6.4926305044664315e-16
-5.16871207820456 -1.1797248028517382
-4.776608210130948 -2.3002932779867225
-4.144985261022484 -3.3055154429752185
-3.3055154429752176 -4.144985261022485
-2.300293277986724 -4.776608210130948
-1.1797248028517422 -5.16871207820456
-9.738945756699647e-16 -5.301635140014945
1.1797248028517355 -5.168712078204561
2.300293277986722 -4.776608210130949
3.305515442975216 -4.1449852610224855
4.144985261022485 -3.3055154429752176
4.7766082101309495 -2.30029327798672
5.1687120782045595 -1.1797248028517424
0.5985672750942647 0.0
0.5835599438080147 0.13319374908966194
0.5392904802051155 0.2597086074313076
0.46797874004379797 0.3732005917476451
0.37320059174764514 0.46797874004379797
0.2597086074313076 0.5392904802051155
0.13319374908966197 0.5835599438080147
3.6651674875927225e-17 0.5985672750942647
-0.1331937490896619 0.5835599438080147
-0.2597086074313075 0.5392904802051155
-0.3732005917476451 0.467978740043798
-0.46797874004379775 0.37320059174764536
-0.5392904802051155 0.25970860743130764
-0.5835599438080148 0.13319374908966175
-0.5985672750942647 7.330334975185445e-17
-0.5835599438080148 -0.1331937490896616
-0.5392904802051155 -0.2597086074313075
-0.4679787400437978 -0.3732005917476453
-0.37320059174764525 -0.4679787400437979
-0.2597086074313077 -0.5392904802051155
-0.13319374908966206 -0.5835599438080147
-1.0995502462778166e-16 -0.5985672750942647
0.1331937490896613 -0.5835599438080149
0.25970860743130747 -0.5392904802051156
0.373200591747645 -0.467978740043798
0.4679787400437979 -0.37320059174764525
0.5392904802051156 -0.2597086074313072
0.5835599438080147 -0.13319374908966208
4.91624636066959 0.0
4.792985800179093 1.093967731735529
4.429384917901869 2.133079353390409
3.843676180340362 3.0652294693026025
3.065229469302603 3.843676180340362
2.1330793533904093 4.429384917901869
1.0939677317355292 4.792985800179093
3.010332684706919e-16 4.91624636066959
-1.0939677317355285 4.792985800179093
-2.133079353390409 4.429384917901869
-3.0652294693026025 3.8436761803403625
-3.8436761803403603 3.0652294693026048
-4.429384917901868 2.1330793533904098
-4.792985800179093 1.0939677317355274
-4.91624636066959 6.020665369413838e-16
-4.792985800179093 -1.093967731735526
-4.429384917901869 -2.1330793533904084
-3.843676180340361 -3.065229469302604
-3.0652294693026034 -3.8436761803403616
-2.1330793533904098 -4.429384917901868
-1.0939677317355299 -4.792985800179093
-9.030998054120756e-16 -4.91624636066959
1.0939677317355236 -4.7929858001790935
2.1330793533904084 -4.42938491790187
3.065229469302602 -3.8436761803403625
3.8436761803403616 -3.0652294693026034
4.42938491790187 -2.133079353390406
4.792985800179092 -1.09396773173553
4.687841045756149 0.0
4.570307083379299 1.0431427677404037
4.22359883990141 2.033978001321442
3.665101714378009 2.922821084763739
2.92282108476374 3.665101714378009
2.033978001321442 4.22359883990141
1.0431427677404042 4.570307083379299
2.8704747657984243e-16 4.687841045756149
-1.0431427677404035 4.570307083379299
-2.0339780013214415 4.22359883990141
-2.922821084763739 3.6651017143780096
-3.6651017143780074 2.9228210847637413
-4.22359883990141 2.0339780013214424
-4.5703070833793 1.0431427677404024
-4.687841045756149 5.740949531596849e-16
-4.5703070833793 -1.0431427677404013
-4.22359883990141 -2.033978001321441
-3.665101714378008 -2.922821084763741
-2.9228210847637404 -3.6651017143780082
-2.0339780013214424 -4.22359883990141
-1.0431427677404046 -4.570307083379299
-8.611424297395272e-16 -4.687841045756149
1.0431427677403988 -4.5703070833793
2.033978001321441 -4.223598839901411
2.9228210847637386 -3.6651017143780096
3.6651017143780082 -2.9228210847637404
4.2235988399014115 -2.033978001321439
4.570307083379299 -1.043142767740405
4.769559724129045 0.0
4.649976903871645 1.0613268843736163
4.29722482504152 2.069434407049619
3.7289919498356183 2.973771847350614
2.9737718473506143 3.7289919498356183
2.069434407049619 4.29722482504152
1.0613268843736166 4.649976903871645
2.920513024748384e-16 4.769559724129045
-1.061326884373616 4.649976903871645
-2.0694344070496187 4.29722482504152
-2.973771847350614 3.7289919498356188
-3.728991949835617 2.9737718473506156
-4.2972248250415195 2.0694344070496196
-4.649976903871645 1.0613268843736148
-4.769559724129045 5.841026049496768e-16
-4.649976903871645 -1.0613268843736137
-4.29722482504152 -2.0694344070496182
-3.7289919498356174 -2.973771847350615
-2.9737718473506147 -3.728991949835618
-2.0694344070496196 -4.2972248250415195
-1.0613268843736172 -4.649976903871645
-8.761539074245151e-16 -4.769559724129045
1.0613268843736112 -4.649976903871646
2.0694344070496182 -4.29722482504152
2.973771847350613 -3.7289919498356188
3.728991949835618 -2.9737718473506147
4.297224825041521 -2.069434407049616
4.649976903871644 -1.0613268843736174
5.47619051392563 0.0
5.338890984451422 1.2185670276814404
4.933877167749542 2.3760300163021544
4.281458147779837 3.414348938468167
3.4143489384681676 4.281458147779837
2.376030016302155 4.933877167749542
1.2185670276814409 5.338890984451422
3.353199592200061e-16 5.47619051392563
-1.2185670276814402 5.338890984451422
-2.3760300163021544 4.933877167749542
-3.414348938468167 4.281458147779838
-4.281458147779835 3.4143489384681693
-4.933877167749541 2.3760300163021553
-5.338890984451423 1.2185670276814389
-5.47619051392563 6.706399184400122e-16
-5.338890984451423 -1.2185670276814375
-4.933877167749542 -2.376030016302154
-4.281458147779836 -3.414348938468169
-3.414348938468168 -4.281458147779837
-2.3760300163021553 -4.933877167749541
-1.2185670276814415 -5.338890984451422
-1.0059598776600182e-15 -5.47619051392563
1.2185670276814347 -5.338890984451424
2.3760300163021535 -4.933877167749542
3.4143489384681662 -4.281458147779838
4.281458147779837 -3.414348938468168
4.933877167749543 -2.3760300163021513
5.338890984451422 -1.2185670276814418
4.835975799927503 0.0
4.714727789985145 1.0761058515900026
4.357063641664179 2.0982512623545695
3.780918128836836 3.0151815932904293
3.01518159329043 3.780918128836836
2.0982512623545695 4.357063641664179
1.0761058515900028 4.714727789985145
2.961181142067639e-16 4.835975799927503
-1.0761058515900024 4.714727789985145
-2.098251262354569 4.357063641664179
-3.0151815932904293 3.7809181288368365
-3.7809181288368348 3.015181593290431
-4.357063641664178 2.09825126235457
-4.714727789985146 1.076105851590001
-4.835975799927503 5.922362284135278e-16
-4.714727789985146 -1.07610585159
-4.357063641664179 -2.0982512623545686
-3.780918128836835 -3.0151815932904307
-3.0151815932904302 -3.7809181288368356
-2.09825126235457 -4.357063641664178
-1.0761058515900035 -4.714727789985145
-8.883543426202916e-16 -4.835975799927503
1.0761058515899975 -4.7147277899851465
2.0982512623545686 -4.357063641664179
3.0151815932904285 -3.7809181288368365
3.7809181288368356 -3.0151815932904302
4.35706364166418 -2.0982512623545664
4.714727789985145 -1.076105851590004
5.605344381550524 0.0
5.4648066949651675 1.247306466929402
5.050240781648761 2.432067779308738
4.382434707571488 3.494875057802901
3.494875057802902 4.382434707571488
2.432067779308738 5.050240781648761
1.2473064669294025 5.4648066949651675
3.4322835274922247e-16 5.605344381550524
-1.2473064669294018 5.4648066949651675
-2.4320677793087375 5.050240781648761
-3.494875057802901 4.3824347075714885
-4.382434707571486 3.4948750578029038
-5.050240781648761 2.4320677793087384
-5.464806694965168 1.2473064669294005
-5.605344381550524 6.864567054984449e-16
-5.464806694965168 -1.247306466929399
-5.050240781648761 -2.432067779308737
-4.382434707571487 -3.4948750578029033
-3.4948750578029024 -4.382434707571488
-2.432067779308739 -5.050240781648761
-1.2473064669294032 -5.4648066949651675
-1.0296850582476675e-15 -5.605344381550524
1.2473064669293963 -5.464806694965169
2.432067779308737 -5.050240781648762
3.4948750578029006 -4.3824347075714885
4.382434707571488 -3.4948750578029024
5.050240781648763 -2.4320677793087344
5.4648066949651675 -1.2473064669294036
2.7511985506337697 0.0
2.6822202589670403 0.6121992709862849
2.4787442435392837 1.1937003142037865
2.150973641405895 1.7153442392086837
1.7153442392086842 2.150973641405895
1.1937003142037867 2.4787442435392837
0.6121992709862851 2.6822202589670403
1.6846232494262418e-16 2.7511985506337697
-0.6121992709862848 2.6822202589670403
-1.1937003142037863 2.4787442435392837
-1.7153442392086837 2.1509736414058955
-2.150973641405894 1.715344239208685
-2.4787442435392837 1.193700314203787
-2.6822202589670407 0.6121992709862841
-2.7511985506337697 3.3692464988524836e-16
-2.6822202589670407 -0.6121992709862835
-2.4787442435392837 -1.1937003142037863
-2.1509736414058946 -1.7153442392086848
-1.7153442392086844 -2.1509736414058946
-1.193700314203787 -2.4787442435392837
-0.6121992709862855 -2.6822202589670403
-5.053869748278725e-16 -2.7511985506337697
0.612199270986282 -2.6822202589670407
1.193700314203786 -2.478744243539284
1.7153442392086835 -2.1509736414058955
2.1509736414058946 -1.7153442392086844
2.4787442435392846 -1.193700314203785
2.68222025896704 -0.6121992709862857
4.992451728873193 0.0
4.867280540698878 1.1109250214406794
4.4980435822203555 2.1661436234874185
3.903255936335007 3.1127427392244384
3.112742739224439 3.903255936335007
2.1661436234874185 4.4980435822203555
1.1109250214406796 4.867280540698878
3.0569950148311127e-16 4.992451728873193
-1.1109250214406792 4.867280540698878
-2.166143623487418 4.4980435822203555
-3.1127427392244384 3.9032559363350074
-3.9032559363350052 3.1127427392244407
-4.4980435822203555 2.166143623487419
-4.867280540698879 1.1109250214406778
-4.992451728873193 6.113990029662225e-16
-4.867280540698879 -1.1109250214406765
-4.4980435822203555 -2.166143623487418
-3.9032559363350057 -3.1127427392244402
-3.1127427392244393 -3.903255936335006
-2.1661436234874194 -4.4980435822203555
-1.1109250214406803 -4.867280540698878
-9.170985044493338e-16 -4.992451728873193
1.110925021440674 -4.867280540698879
2.1661436234874176 -4.498043582220356
3.112742739224438 -3.9032559363350074
3.903255936335006 -3.1127427392244393
4.498043582220357 -2.1661436234874154
4.867280540698877 -1.1109250214406805
4.626372944967152 0.0
4.5103801162113 1.0294648285443153
4.168217994721435 2.0073079919146566
3.617044018013653 2.884496350782175
2.8844963507821753 3.617044018013653
2.007307991914657 4.168217994721435
1.0294648285443155 4.5103801162113
2.8328364093579682e-16 4.626372944967152
-1.029464828544315 4.5103801162113
-2.0073079919146566 4.168217994721435
-2.884496350782175 3.6170440180136536
-3.6170440180136514 2.8844963507821766
-4.168217994721435 2.007307991914657
-4.510380116211301 1.0294648285443138
-4.626372944967152 5.6656728187159365e-16
-4.510380116211301 -1.0294648285443126
-4.168217994721435 -2.007307991914656
-3.617044018013652 -2.884496350782176
-2.8844963507821757 -3.6170440180136523
-2.0073079919146575 -4.168217994721435
-1.0294648285443162 -4.5103801162113
-8.498509228073903e-16 -4.626372944967152
1.0294648285443104 -4.510380116211301
2.0073079919146557 -4.168217994721436
2.884496350782174 -3.6170440180136536
3.6170440180136523 -2.8844963507821757
4.168217994721436 -2.007307991914654
4.5103801162113 -1.0294648285443164
1.0 0.5 0.4 0.32000000000000006 0.25600000000000006 0.20480000000000007 0.16384000000000007 0.13107200000000005 0.10485760000000005 0.08388608000000004 0.06710886400000003 0.05368709120000003 0.042949672960000025 0.03435973836800002 0.027487790694400018 0.021990232555520017 0.017592186044416015 0.014073748835532814 0.011258999068426251 0.009007199254741001 0.007205759403792801 