0.0 0.0
1.6092850729231458 0.0
1.6045631105671505 0.12318956993319223
1.5904249338518757 0.24565621448583747
1.566953511220085 0.36668125069098034
1.534286582312783 0.48555445551267934
1.492615849658231 0.6015782337171883
1.4421858536852838 0.7140717116391766
1.383292537662918 0.8223747328191326
1.3162815109874493 0.9258517320639695
1.2415460210091736 1.0238954651962981
1.1595246453005439 1.1159305726047222
1.0706987179085852 1.2014169556828167
0.9755895046953101 1.2798529463425141
0.8747551443423709 1.3507782510019224
0.7687873729713391 1.4137766517710928
0.6583080516008518 1.468478448984099
0.5439655168188814 1.5145626307436817
0.4264307760858394 1.5517587567467062
0.30639356999598205 1.5798485453353976
0.18455832460534113 1.5986671544609041
0.0616400175795246 1.6081041490419863
-0.06164001757952441 1.6081041490419863
-0.18455832460534058 1.5986671544609043
-0.30639356999598183 1.5798485453353976
-0.42643077608583924 1.5517587567467062
-0.5439655168188815 1.5145626307436817
-0.6583080516008516 1.468478448984099
-0.7687873729713387 1.4137766517710932
-0.8747551443423707 1.3507782510019224
-0.9755895046953101 1.2798529463425141
-1.0706987179085847 1.201416955682817
-1.1595246453005437 1.1159305726047222
-1.2415460210091736 1.023895465196298
-1.3162815109874493 0.9258517320639696
-1.383292537662918 0.8223747328191326
-1.4421858536852838 0.714071711639177
-1.492615849658231 0.6015782337171885
-1.534286582312783 0.4855544555126791
-1.566953511220085 0.36668125069098073
-1.5904249338518757 0.2456562144858375
-1.6045631105671505 0.1231895699331927
-1.6092850729231458 9.117467178050348e-16
-1.6045631105671505 -0.1231895699331923
-1.5904249338518757 -0.2456562144858371
-1.5669535112200852 -0.3666812506909796
-1.534286582312783 -0.4855544555126794
-1.492615849658231 -0.6015782337171882
-1.4421858536852838 -0.7140717116391766
-1.3832925376629182 -0.8223747328191323
-1.3162815109874497 -0.9258517320639688
-1.2415460210091733 -1.0238954651962984
-1.1595246453005439 -1.115930572604722
-1.070698717908585 -1.2014169556828167
-0.97558950469531 -1.2798529463425141
-0.8747551443423716 -1.350778251001922
-0.7687873729713383 -1.4137766517710932
-0.6583080516008519 -1.4684784489840987
-0.5439655168188815 -1.5145626307436817
-0.42643077608583924 -1.5517587567467062
-0.30639356999598294 -1.5798485453353974
-0.1845583246053417 -1.5986671544609041
-0.0616400175795248 -1.6081041490419863
0.06164001757952421 -1.6081041490419863
0.18455832460534113 -1.5986671544609041
0.30639356999598233 -1.5798485453353976
0.4264307760858387 -1.5517587567467064
0.5439655168188811 -1.5145626307436817
0.6583080516008515 -1.4684784489840992
0.7687873729713391 -1.4137766517710928
0.8747551443423712 -1.3507782510019224
0.9755895046953095 -1.2798529463425146
1.0706987179085845 -1.2014169556828171
1.1595246453005437 -1.1159305726047222
1.2415460210091724 -1.0238954651962993
1.3162815109874495 -0.9258517320639691
1.3832925376629173 -0.8223747328191335
1.4421858536852838 -0.7140717116391772
1.492615849658231 -0.6015782337171888
1.534286582312783 -0.48555445551267934
1.566953511220085 -0.3666812506909802
1.5904249338518754 -0.2456562144858384
1.6045631105671505 -0.1231895699331929
3.1700740554656703 0.0
3.160772427924668 0.24266680038225674
3.1329221309507007 0.48390953548765925
3.0866866011605962 0.7223124970206525
3.0223371670279118 0.9564766416061911
2.940251456619567 1.1850278009325677
2.8409111815241848 1.4066247459174825
2.724899309976949 1.6199670575736125
2.592896645770192 1.8238027583843188
2.4456778330260307 2.01693565940554
2.2841068102766346 2.1982323799781636
2.109131740529391 2.3666289988563953
1.921779447069353 2.521137297720688
1.7231493876519097 2.6608505604357813
1.5144072024474935 2.7849488940215252
1.2967778736015647 2.8927040401109076
1.0715385365522885 2.9834836486597247
0.8400109852919567 3.056754988828087
0.6035539155542475 3.11208807525682
0.36355495144740224 3.149158191392525
0.12142250232419237 3.167747795053434
-0.121422502324192 3.167747795053434
-0.36355495144740113 3.1491581913925253
-0.6035539155542471 3.11208807525682
-0.8400109852919563 3.056754988828087
-1.071538536552289 2.9834836486597243
-1.2967778736015643 2.8927040401109076
-1.5144072024474926 2.784948894021526
-1.7231493876519093 2.6608505604357813
-1.921779447069353 2.521137297720688
-2.10913174052939 2.366628998856396
-2.284106810276634 2.1982323799781636
-2.4456778330260307 2.01693565940554
-2.592896645770192 1.8238027583843193
-2.724899309976949 1.6199670575736125
-2.8409111815241843 1.4066247459174832
-2.9402514566195666 1.1850278009325679
-3.0223371670279118 0.9564766416061907
-3.086686601160596 0.7223124970206531
-3.1329221309507007 0.4839095354876593
-3.160772427924668 0.24266680038225766
-3.1700740554656703 1.7960177869665434e-15
-3.160772427924668 -0.24266680038225685
-3.1329221309507007 -0.4839095354876585
-3.0866866011605962 -0.7223124970206509
-3.0223371670279118 -0.9564766416061912
-2.940251456619567 -1.1850278009325672
-2.8409111815241848 -1.4066247459174825
-2.7248993099769496 -1.6199670575736118
-2.592896645770193 -1.8238027583843175
-2.4456778330260303 -2.0169356594055405
-2.284106810276635 -2.198232379978163
-2.1091317405293903 -2.3666289988563953
-1.9217794470693526 -2.5211372977206885
-1.723149387651911 -2.66085056043578
-1.514407202447492 -2.7849488940215266
-1.296777873601565 -2.892704040110907
-1.071538536552289 -2.9834836486597243
-0.8400109852919563 -3.056754988828087
-0.6035539155542493 -3.1120880752568194
-0.3635549514474033 -3.149158191392525
-0.12142250232419277 -3.167747795053434
0.1214225023241916 -3.167747795053434
0.3635549514474022 -3.149158191392525
0.6035539155542482 -3.11208807525682
0.8400109852919553 -3.056754988828087
1.0715385365522878 -2.9834836486597247
1.296777873601564 -2.8927040401109076
1.5144072024474935 -2.7849488940215252
1.7231493876519104 -2.660850560435781
1.9217794470693517 -2.5211372977206894
2.10913174052939 -2.3666289988563967
2.284106810276634 -2.1982323799781636
2.4456778330260285 -2.0169356594055423
2.592896645770192 -1.8238027583843182
2.7248993099769483 -1.6199670575736143
2.8409111815241843 -1.4066247459174837
2.9402514566195666 -1.1850278009325685
3.0223371670279118 -0.9564766416061911
3.0866866011605962 -0.7223124970206521
3.1329221309507003 -0.4839095354876611
3.160772427924668 -0.24266680038225805
4.207987246652618 0.0
4.195640175454654 0.3221182796767604
4.1586714193841505 0.6423462412036746
4.097297925801709 0.9588046595694515
4.011879858771767 1.2696364309409631
3.9029184854766577 1.5730174708869802
3.771053234581462 1.8671674188309335
3.6170579438123456 2.1503600859147025
3.4418363187690755 2.4209335849612263
3.246416629621224 2.677300083089277
3.031945676809932 2.9179551197481843
2.799682061166923 3.141486435490564
2.550988797944355 3.3465822596723203
2.287325318099348 3.5320390084443853
2.0102389037728057 3.6967683478613296
1.7213556082225656 3.8398035806577138
1.422370713496308 3.960305319212028
1.1150387818424048 4.057566411407025
0.801163359240971 4.131016090479532
0.4825863914789063 4.1802233245067715
0.1611774148796009 4.204899345873074
-0.1611774148796004 4.204899345873074
-0.48258639147890486 4.1802233245067715
-0.8011633592409705 4.131016090479532
-1.1150387818424043 4.057566411407025
-1.4223707134963084 3.9603053192120274
-1.7213556082225652 3.8398035806577138
-2.0102389037728043 3.6967683478613305
-2.287325318099347 3.5320390084443853
-2.550988797944355 3.3465822596723203
-2.799682061166922 3.141486435490565
-3.0319456768099315 2.9179551197481843
-3.246416629621224 2.6773000830892766
-3.4418363187690755 2.420933584961227
-3.6170579438123456 2.1503600859147025
-3.7710532345814616 1.8671674188309344
-3.902918485476657 1.5730174708869806
-4.011879858771767 1.2696364309409627
-4.097297925801708 0.9588046595694524
-4.1586714193841505 0.6423462412036747
-4.195640175454654 0.32211827967676165
-4.207987246652618 2.384051542671703e-15
-4.195640175454654 -0.3221182796767606
-4.1586714193841505 -0.6423462412036737
-4.097297925801709 -0.9588046595694495
-4.011879858771767 -1.2696364309409633
-3.9029184854766577 -1.5730174708869797
-3.771053234581462 -1.8671674188309335
-3.617057943812346 -2.1503600859147016
-3.4418363187690773 -2.4209335849612246
-3.2464166296212236 -2.6773000830892775
-3.0319456768099324 -2.917955119748184
-2.7996820611669224 -3.141486435490564
-2.5509887979443544 -3.3465822596723207
-2.2873253180993496 -3.532039008444384
-2.0102389037728035 -3.696768347861331
-1.721355608222566 -3.8398035806577133
-1.4223707134963084 -3.9603053192120274
-1.1150387818424043 -4.057566411407025
-0.8011633592409734 -4.131016090479532
-0.48258639147890775 -4.1802233245067715
-0.16117741487960144 -4.204899345873074
0.16117741487959988 -4.204899345873074
0.48258639147890625 -4.1802233245067715
0.8011633592409718 -4.131016090479532
1.115038781842403 -4.057566411407025
1.422370713496307 -3.960305319212028
1.7213556082225647 -3.839803580657714
2.0102389037728057 -3.6967683478613296
2.2873253180993487 -3.532039008444385
2.550988797944353 -3.3465822596723216
2.7996820611669215 -3.1414864354905654
3.0319456768099315 -2.917955119748185
3.2464166296212214 -2.67730008308928
3.441836318769076 -2.4209335849612255
3.617057943812344 -2.1503600859147047
3.7710532345814616 -1.8671674188309348
3.902918485476657 -1.5730174708869813
4.011879858771767 -1.2696364309409631
4.097297925801709 -0.9588046595694509
4.1586714193841505 -0.642346241203677
4.195640175454654 -0.32211827967676215
5.02953461432539 0.0
5.0147769598137 0.38500711684190086
4.970590600063428 0.7677548588308237
4.897234838203523 1.1459971100238286
4.795140155013213 1.5175141944894965
4.664905682689628 1.8801259022489072
4.507295688901821 2.2317042836147234
4.323235091764199 2.570186136846092
4.113804032049246 2.89358511583686
3.8802315344919673 3.200003386784358
3.6238882953840497 3.4876427654327977
3.3462786387829873 3.7548152695334993
3.049031688540341 3.9999530245959245
2.733891807955189 4.221617464798624
2.4027083631566697 4.418507775065496
2.0574248702881683 4.589468524765908
1.7000675901817808 4.7334964482410635
1.332733637454049 4.8497463323658225
0.9575786738035037 4.937535976595408
0.576804257730659 4.996350196389463
0.19264492491732077 5.02584384651979
-0.1926449249173202 5.02584384651979
-0.5768042577306572 4.996350196389463
-0.957578673803503 4.937535976595408
-1.3327336374540486 4.8497463323658225
-1.7000675901817812 4.733496448241063
-2.057424870288168 4.589468524765908
-2.4027083631566684 4.418507775065497
-2.7338918079551884 4.221617464798624
-3.049031688540341 3.9999530245959245
-3.346278638782986 3.7548152695335006
-3.623888295384049 3.4876427654327977
-3.8802315344919673 3.200003386784357
-4.113804032049246 2.893585115836861
-4.323235091764199 2.570186136846092
-4.50729568890182 2.2317042836147247
-4.664905682689627 1.8801259022489079
-4.795140155013213 1.5175141944894959
-4.897234838203522 1.1459971100238298
-4.970590600063428 0.7677548588308238
-5.0147769598137 0.38500711684190236
-5.02953461432539 2.8495023994527426e-15
-5.0147769598137 -0.3850071168419011
-4.970590600063428 -0.7677548588308226
-4.897234838203523 -1.1459971100238262
-4.795140155013213 -1.5175141944894968
-4.664905682689628 -1.8801259022489067
-4.507295688901821 -2.2317042836147234
-4.3232350917642 -2.570186136846091
-4.113804032049248 -2.8935851158368577
-3.8802315344919664 -3.2000033867843585
-3.62388829538405 -3.4876427654327973
-3.3462786387829864 -3.7548152695334993
-3.04903168854034 -3.999953024595925
-2.733891807955191 -4.221617464798622
-2.402708363156667 -4.418507775065498
-2.057424870288169 -4.589468524765907
-1.7000675901817812 -4.733496448241063
-1.3327336374540486 -4.8497463323658225
-0.9575786738035065 -4.937535976595408
-0.5768042577306607 -4.996350196389463
-0.1926449249173214 -5.02584384651979
0.19264492491731955 -5.02584384651979
0.5768042577306589 -4.996350196389463
0.9575786738035047 -4.937535976595408
1.3327336374540468 -4.8497463323658225
1.7000675901817797 -4.7334964482410635
2.057424870288167 -4.589468524765909
2.4027083631566697 -4.418507775065496
2.7338918079551897 -4.221617464798623
3.049031688540339 -3.9999530245959263
3.3462786387829855 -3.754815269533501
3.623888295384049 -3.4876427654327986
3.880231534491964 -3.200003386784361
4.113804032049246 -2.893585115836859
4.323235091764198 -2.5701861368460945
4.50729568890182 -2.231704283614725
4.664905682689627 -1.8801259022489085
4.795140155013213 -1.5175141944894965
4.897234838203523 -1.145997110023828
4.970590600063427 -0.7677548588308266
5.0147769598137 -0.385007116841903
6.232606759113857 0.0
6.214319051739054 0.47710139063385837
6.159563249153307 0.9514029605964494
6.068660680178878 1.4201213196775044
5.942144797236325 1.8805058421682745
5.780758045833585 2.3298548086269255
5.5854475076005095 2.7655312606425175
5.357359342437271 3.1849784755554973
5.09783206239232 3.5857349703229033
4.808388676741448 3.9654489464796248
4.4907277543637525 4.3218920914269505
4.146713455864063 4.652972655056943
3.778364593937244 4.956747724973824
3.38784278617257 5.231434628276474
2.9774397698221753 5.475421392991867
2.549563952975588 5.687276207767584
2.1067262810634007 5.865755824310155
1.6515255016310568 6.009812853260409
1.1866329138548966 6.118601910690707
0.7147766922964008 6.191484579153981
0.23872587688905325 6.228033154171169
-0.2387258768890525 6.228033154171169
-0.7147766922963987 6.191484579153982
-1.1866329138548957 6.118601910690707
-1.6515255016310562 6.009812853260409
-2.106726281063401 5.865755824310154
-2.549563952975587 5.687276207767584
-2.9774397698221735 5.475421392991869
-3.3878427861725697 5.231434628276474
-3.778364593937244 4.956747724973824
-4.146713455864061 4.652972655056945
-4.4907277543637525 4.3218920914269505
-4.808388676741448 3.965448946479624
-5.09783206239232 3.5857349703229042
-5.357359342437271 3.1849784755554973
-5.585447507600509 2.765531260642519
-5.7807580458335845 2.329854808626926
-5.942144797236325 1.8805058421682739
-6.068660680178877 1.4201213196775058
-6.159563249153307 0.9514029605964496
-6.214319051739054 0.47710139063386015
-6.232606759113857 3.531107602750327e-15
-6.214319051739054 -0.4771013906338586
-6.159563249153307 -0.951402960596448
-6.068660680178878 -1.4201213196775015
-5.942144797236325 -1.880505842168275
-5.780758045833585 -2.3298548086269246
-5.5854475076005095 -2.7655312606425175
-5.357359342437272 -3.1849784755554955
-5.097832062392323 -3.5857349703229007
-4.808388676741447 -3.9654489464796256
-4.490727754363753 -4.32189209142695
-4.146713455864062 -4.652972655056943
-3.778364593937243 -4.956747724973824
-3.387842786172573 -5.231434628276472
-2.977439769822172 -5.47542139299187
-2.5495639529755882 -5.687276207767583
-2.106726281063401 -5.865755824310154
-1.6515255016310562 -6.009812853260409
-1.1866329138549 -6.118601910690706
-0.7147766922964031 -6.191484579153981
-0.23872587688905403 -6.228033154171169
0.23872587688905172 -6.228033154171169
0.7147766922964008 -6.191484579153981
1.1866329138548977 -6.118601910690707
1.651525501631054 -6.00981285326041
2.1067262810633993 -5.865755824310155
2.549563952975586 -5.687276207767584
2.9774397698221753 -5.475421392991867
3.3878427861725715 -5.231434628276474
3.7783645939372414 -4.956747724973826
4.14671345586406 -4.652972655056945
4.4907277543637525 -4.321892091426951
4.808388676741443 -3.9654489464796288
5.097832062392321 -3.585734970322902
5.357359342437269 -3.1849784755555004
5.585447507600509 -2.7655312606425198
5.7807580458335845 -2.3298548086269273
5.942144797236325 -1.8805058421682745
6.068660680178878 -1.4201213196775038
6.159563249153306 -0.951402960596453
6.214319051739054 -0.4771013906338609
-1.036984989791448 -0.0
-1.0339422696619232 -0.07938042617119642
-1.0248319651649527 -0.15829501643738142
-1.0097075391898784 -0.2362806686038657
-0.9886577478822856 -0.3128797318541051
-0.9618061197876487 -0.38764269242666854
-0.9293102309367076 -0.46013081154073215
-0.8913607801266619 -0.529918700089701
-0.8481804698248003 -0.5965968149936359
-0.8000226992618702 -0.6597738625608935
-0.74717007738463 -0.7190790947551011
-0.689932764394177 -0.7741644848920537
-0.6286466516025556 -0.8247067699986855
-0.5636713902889787 -0.8704093478487346
-0.49538828112311145 -0.9110040175425456
-0.4241980365411236 -0.9462525534165946
-0.3505184292057783 -0.9759481030464087
-0.27478184035032777 -0.9999164011388435
-0.19743272239350615 -1.0180167921901182
-0.11892499071600866 -1.0301430559082398
-0.03971935990454601 -1.0362240305559134
0.039719359904545885 -1.0362240305559134
0.1189249907160083 -1.0301430559082398
0.197432722393506 -1.0180167921901182
0.27478184035032766 -0.9999164011388435
0.3505184292057784 -0.9759481030464086
0.4241980365411235 -0.9462525534165946
0.4953882811231111 -0.9110040175425458
0.5636713902889786 -0.8704093478487346
0.6286466516025556 -0.8247067699986855
0.6899327643941767 -0.7741644848920539
0.7471700773846299 -0.7190790947551011
0.8000226992618702 -0.6597738625608934
0.8481804698248003 -0.596596814993636
0.8913607801266619 -0.529918700089701
0.9293102309367075 -0.4601308115407324
0.9618061197876486 -0.38764269242666866
0.9886577478822856 -0.312879731854105
1.0097075391898782 -0.23628066860386593
1.0248319651649527 -0.15829501643738145
1.0339422696619232 -0.07938042617119671
1.036984989791448 -5.875078795940542e-16
1.0339422696619232 0.07938042617119646
1.0248319651649527 0.1582950164373812
1.0097075391898784 0.2362806686038652
0.9886577478822856 0.31287973185410517
0.9618061197876487 0.38764269242666843
0.9293102309367076 0.46013081154073215
0.891360780126662 0.5299187000897008
0.8481804698248007 0.5965968149936355
0.8000226992618701 0.6597738625608937
0.7471700773846301 0.7190790947551009
0.6899327643941768 0.7741644848920537
0.6286466516025555 0.8247067699986856
0.5636713902889792 0.8704093478487342
0.4953882811231109 0.9110040175425459
0.4241980365411237 0.9462525534165945
0.3505184292057784 0.9759481030464086
0.27478184035032766 0.9999164011388435
0.19743272239350673 1.0180167921901182
0.11892499071600902 1.0301430559082398
0.039719359904546135 1.0362240305559134
-0.039719359904545753 1.0362240305559134
-0.11892499071600865 1.0301430559082398
-0.19743272239350634 1.0180167921901182
-0.2747818403503273 0.9999164011388436
-0.3505184292057781 0.9759481030464087
-0.42419803654112337 0.9462525534165948
-0.49538828112311145 0.9110040175425456
-0.563671390288979 0.8704093478487345
-0.6286466516025551 0.8247067699986859
-0.6899327643941766 0.774164484892054
-0.7471700773846299 0.7190790947551012
-0.8000226992618695 0.6597738625608943
-0.8481804698248004 0.5965968149936357
-0.8913607801266615 0.5299187000897015
-0.9293102309367075 0.4601308115407325
-0.9618061197876486 0.3876426924266689
-0.9886577478822856 0.3128797318541051
-1.0097075391898784 0.2362806686038656
-1.0248319651649525 0.15829501643738203
-1.0339422696619232 0.07938042617119685
7.091696616270878 0.0
7.070888168454144 0.5428640773186401
7.0085849372498465 1.0825424123711638
6.905152542792484 1.6158679580938269
6.761197967500814 2.139710948116749
6.57756599406367 2.6509972634774672
6.355334247919225 3.1467264727733806
6.095806873320423 3.6239894398862846
5.800506880097934 4.079985395949887
5.4711672060328675 4.512038375375183
5.109720547288802 4.917612919480593
4.718288016582193 5.294328955571678
4.29916669564953 5.639975764154109
3.854816155058311 5.952524952314713
3.387844020468953 6.230142357137642
2.9009906700505312 6.471198809301688
2.397113152852023 6.674279693693669
1.8791684225024397 6.838193250932406
1.3501959846311382 6.961977571086664
0.8133000598401906 7.0449062385451064
0.2716313669035493 7.0864925949119515
-0.2716313669035484 7.0864925949119515
-0.8133000598401882 7.044906238545107
-1.3501959846311373 6.961977571086664
-1.879168422502439 6.838193250932406
-2.397113152852024 6.674279693693668
-2.9009906700505304 6.471198809301688
-3.3878440204689513 6.230142357137644
-3.85481615505831 5.952524952314713
-4.29916669564953 5.639975764154109
-4.718288016582192 5.29432895557168
-5.109720547288801 4.917612919480593
-5.4711672060328675 4.512038375375182
-5.800506880097934 4.079985395949888
-6.095806873320423 3.6239894398862846
-6.355334247919224 3.146726472773382
-6.5775659940636695 2.650997263477468
-6.761197967500814 2.1397109481167487
-6.905152542792483 1.6158679580938284
-7.0085849372498465 1.082542412371164
-7.070888168454144 0.5428640773186422
-7.091696616270878 4.017828302980121e-15
-7.070888168454144 -0.5428640773186404
-7.0085849372498465 -1.0825424123711622
-6.905152542792485 -1.6158679580938236
-6.761197967500814 -2.1397109481167496
-6.57756599406367 -2.6509972634774663
-6.355334247919225 -3.1467264727733806
-6.095806873320424 -3.623989439886283
-5.800506880097935 -4.079985395949884
-5.471167206032867 -4.512038375375184
-5.109720547288803 -4.917612919480592
-4.718288016582193 -5.294328955571678
-4.299166695649529 -5.6399757641541095
-3.854816155058314 -5.952524952314711
-3.3878440204689495 -6.230142357137645
-2.900990670050532 -6.471198809301687
-2.397113152852024 -6.674279693693668
-1.879168422502439 -6.838193250932406
-1.3501959846311422 -6.961977571086663
-0.8133000598401932 -7.0449062385451064
-0.2716313669035501 -7.0864925949119515
0.27163136690354756 -7.0864925949119515
0.8133000598401905 -7.0449062385451064
1.3501959846311398 -6.961977571086664
1.8791684225024365 -6.838193250932407
2.3971131528520218 -6.674279693693669
2.90099067005053 -6.471198809301689
3.387844020468953 -6.230142357137642
3.854816155058313 -5.952524952314712
4.299166695649526 -5.639975764154111
4.718288016582191 -5.29432895557168
5.109720547288801 -4.917612919480594
5.471167206032863 -4.512038375375188
5.8005068800979345 -4.079985395949885
6.095806873320421 -3.6239894398862886
6.355334247919224 -3.146726472773383
6.5775659940636695 -2.650997263477469
6.761197967500814 -2.139710948116749
6.905152542792484 -1.615867958093826
7.008584937249846 -1.082542412371168
7.070888168454144 -0.5428640773186431
5.472320550443922 0.0
5.456263673962617 0.41890204941828285
5.408187272654629 0.8353458150415021
5.328373477959576 1.246887439261397
5.2172906689612875 1.6511118321847127
5.075590723753102 2.045646844341011
4.904105193958008 2.4281771873990086
4.703840424853067 2.796458021199137
4.47597164973517 3.148328127368222
4.221836093184745 3.481722592208265
3.942925123700191 3.7946849244311056
3.640875501754515 4.085378536627259
3.3174597746340457 4.352097523091124
2.9745758744261366 4.59327667075399
2.6142359801989974 4.807500644476697
2.2385547097348124 4.993512292799024
1.849736710111754 5.150220025404334
1.450063719958293 5.276704219005609
1.0418811793036271 5.372222614060568
0.6275844656029697 5.436214670645808
0.209604836710162 5.468304857927965
-0.20960483671016134 5.468304857927965
-0.6275844656029678 5.436214670645808
-1.0418811793036264 5.372222614060568
-1.4500637199582924 5.276704219005609
-1.8497367101117543 5.150220025404334
-2.238554709734812 4.993512292799024
-2.614235980198996 4.807500644476698
-2.974575874426136 4.59327667075399
-3.3174597746340457 4.352097523091124
-3.640875501754514 4.0853785366272595
-3.9429251237001903 3.7946849244311056
-4.221836093184745 3.4817225922082646
-4.47597164973517 3.148328127368223
-4.703840424853067 2.796458021199137
-4.904105193958007 2.42817718739901
-5.075590723753102 2.0456468443410114
-5.2172906689612875 1.651111832184712
-5.328373477959576 1.246887439261398
-5.408187272654629 0.8353458150415022
-5.456263673962617 0.41890204941828446
-5.472320550443922 3.1003644938938444e-15
-5.456263673962617 -0.4189020494182831
-5.408187272654629 -0.8353458150415008
-5.328373477959577 -1.2468874392613942
-5.2172906689612875 -1.651111832184713
-5.075590723753102 -2.04564684434101
-4.904105193958008 -2.4281771873990086
-4.703840424853067 -2.7964580211991357
-4.475971649735172 -3.1483281273682198
-4.221836093184745 -3.481722592208266
-3.9429251237001917 -3.794684924431105
-3.6408755017545147 -4.085378536627259
-3.3174597746340453 -4.352097523091125
-2.9745758744261392 -4.593276670753988
-2.6142359801989947 -4.807500644476699
-2.2385547097348133 -4.993512292799023
-1.8497367101117543 -5.150220025404334
-1.4500637199582924 -5.276704219005609
-1.0418811793036302 -5.372222614060567
-0.6275844656029715 -5.436214670645808
-0.20960483671016267 -5.468304857927965
0.20960483671016067 -5.468304857927965
0.6275844656029695 -5.436214670645808
1.0418811793036282 -5.372222614060568
1.4500637199582906 -5.276704219005609
1.8497367101117526 -5.150220025404334
2.238554709734811 -4.993512292799024
2.6142359801989974 -4.807500644476697
2.974575874426138 -4.59327667075399
3.3174597746340435 -4.352097523091126
3.6408755017545134 -4.08537853662726
3.9429251237001903 -3.7946849244311065
4.221836093184741 -3.4817225922082686
4.47597164973517 -3.148328127368221
4.703840424853065 -2.79645802119914
4.904105193958007 -2.4281771873990103
5.075590723753102 -2.0456468443410123
5.2172906689612875 -1.6511118321847127
5.328373477959576 -1.2468874392613962
5.408187272654629 -0.8353458150415052
5.456263673962617 -0.4189020494182851
5.863344106608376 0.0
5.846139889271443 0.44883461048414125
5.794628198448935 0.8950352810027248
5.7091113252253205 1.3359835285972508
5.590091116616966 1.7690916936154726
5.43826603053429 2.1918181251271713
5.254527036953018 2.6016820963424623
5.039952389348084 2.996278362503009
4.79580129707349 3.373291275814676
4.523506535821119 3.730508374589554
4.2246660395232505 4.065833366850899
3.90103352304086 4.377298432207998
3.554508190667478 4.663075769808699
3.1871235908432136 4.921488324601597
2.8010356824839002 5.151019628961932
2.3985101829568967 5.3503227019266095
1.9819092719506544 5.518227953814087
1.5536777292650306 5.653750049841701
1.1163285878712905 5.7560936924619694
0.6724283864353731 5.8246582884848355
0.2245821078484597 5.859041473597325
-0.224582107848459 5.859041473597325
-0.6724283864353711 5.824658288484836
-1.1163285878712896 5.7560936924619694
-1.55367772926503 5.653750049841701
-1.981909271950655 5.518227953814086
-2.3985101829568958 5.3503227019266095
-2.8010356824838984 5.151019628961934
-3.187123590843213 4.921488324601597
-3.554508190667478 4.663075769808699
-3.9010335230408586 4.377298432207999
-4.22466603952325 4.065833366850899
-4.523506535821119 3.7305083745895535
-4.79580129707349 3.373291275814677
-5.039952389348084 2.996278362503009
-5.254527036953018 2.6016820963424636
-5.43826603053429 2.191818125127172
-5.590091116616966 1.769091693615472
-5.70911132522532 1.335983528597252
-5.794628198448935 0.8950352810027249
-5.846139889271443 0.44883461048414297
-5.863344106608376 3.3219004106284797e-15
-5.846139889271443 -0.4488346104841415
-5.794628198448935 -0.8950352810027234
-5.709111325225321 -1.335983528597248
-5.590091116616966 -1.7690916936154728
-5.43826603053429 -2.1918181251271704
-5.254527036953018 -2.6016820963424623
-5.039952389348085 -2.996278362503008
-4.795801297073492 -3.3732912758146734
-4.523506535821118 -3.7305083745895544
-4.2246660395232505 -4.065833366850898
-3.901033523040859 -4.377298432207998
-3.5545081906674776 -4.6630757698086995
-3.1871235908432163 -4.9214883246015955
-2.801035682483897 -5.151019628961935
-2.398510182956897 -5.350322701926609
-1.981909271950655 -5.518227953814086
-1.55367772926503 -5.653750049841701
-1.1163285878712939 -5.756093692461969
-0.6724283864353751 -5.8246582884848355
-0.22458210784846044 -5.859041473597325
0.22458210784845828 -5.859041473597325
0.672428386435373 -5.8246582884848355
1.1163285878712916 -5.7560936924619694
1.5536777292650281 -5.653750049841701
1.981909271950653 -5.518227953814087
2.3985101829568953 -5.3503227019266095
2.8010356824839002 -5.151019628961932
3.187123590843215 -4.921488324601596
3.5545081906674754 -4.6630757698087
3.9010335230408577 -4.377298432208
4.22466603952325 -4.0658333668508995
4.523506535821115 -3.730508374589558
4.795801297073491 -3.3732912758146747
5.039952389348082 -2.9962783625030123
5.254527036953018 -2.601682096342464
5.43826603053429 -2.191818125127173
5.590091116616966 -1.7690916936154726
5.7091113252253205 -1.3359835285972501
5.794628198448934 -0.8950352810027282
5.846139889271443 -0.4488346104841437
6.768715149400709 0.0
6.748854393421739 0.5181400873496933
6.689388676298198 1.0332395226374704
6.590666966503668 1.5422754975567765
6.453268602286186 2.0422607865975286
6.277999891881039 2.5302612772732247
6.065889381773421 3.0034131886597164
5.818181820778682 3.4589398772004003
5.536330855361319 3.8941681311546965
5.221990499059514 4.306543858067492
4.877005426075988 4.693647073199266
4.503400145996297 5.053206100958796
4.103367123161553 5.383110905998829
3.679253910415893 5.681425475742511
3.2335493727329117 5.946399181675012
2.768869081566351 6.176477052727758
2.28793996563677 6.370308900466969
1.793584308229501 6.526757242536263
1.2887031849140953 6.644903977855431
0.7762594388793197 6.724055774402635
0.25926029379120413 6.763748137962409
-0.25926029379120336 6.763748137962409
-0.7762594388793174 6.724055774402636
-1.2887031849140944 6.644903977855431
-1.7935843082295002 6.526757242536263
-2.2879399656367703 6.370308900466968
-2.76886908156635 6.176477052727758
-3.23354937273291 5.946399181675013
-3.679253910415892 5.681425475742511
-4.103367123161553 5.383110905998829
-4.503400145996295 5.053206100958797
-4.877005426075987 4.693647073199266
-5.221990499059514 4.306543858067491
-5.536330855361319 3.8941681311546974
-5.818181820778682 3.4589398772004003
-6.06588938177342 3.0034131886597177
-6.277999891881038 2.530261277273225
-6.453268602286186 2.0422607865975277
-6.590666966503667 1.5422754975567778
-6.689388676298198 1.0332395226374707
-6.748854393421739 0.5181400873496953
-6.768715149400709 3.8348418966028875e-15
-6.748854393421739 -0.5181400873496935
-6.689388676298198 -1.0332395226374689
-6.590666966503669 -1.5422754975567732
-6.453268602286186 -2.042260786597529
-6.277999891881039 -2.530261277273224
-6.065889381773421 -3.0034131886597164
-5.818181820778683 -3.458939877200399
-5.536330855361322 -3.894168131154694
-5.221990499059513 -4.306543858067493
-4.877005426075989 -4.693647073199265
-4.503400145996296 -5.053206100958796
-4.103367123161553 -5.38311090599883
-3.679253910415896 -5.681425475742509
-3.233549372732908 -5.946399181675014
-2.768869081566352 -6.1764770527277575
-2.2879399656367703 -6.370308900466968
-1.7935843082295002 -6.526757242536263
-1.288703184914099 -6.64490397785543
-0.776259438879322 -6.724055774402635
-0.259260293791205 -6.763748137962409
0.2592602937912025 -6.763748137962409
0.7762594388793196 -6.724055774402635
1.2887031849140966 -6.644903977855431
1.793584308229498 -6.526757242536264
2.287939965636768 -6.370308900466969
2.7688690815663497 -6.176477052727759
3.2335493727329117 -5.946399181675012
3.6792539104158943 -5.681425475742511
4.103367123161551 -5.383110905998832
4.503400145996294 -5.053206100958798
4.877005426075987 -4.6936470731992666
5.221990499059508 -4.306543858067497
5.53633085536132 -3.894168131154695
5.81818182077868 -3.4589398772004043
6.06588938177342 -3.0034131886597186
6.277999891881038 -2.5302612772732265
6.453268602286186 -2.0422607865975286
6.590666966503668 -1.5422754975567756
6.689388676298197 -1.0332395226374744
6.748854393421739 -0.5181400873496961
4.694720356101892 0.0
4.680945113190348 0.35937733553588663
4.639700223058607 0.7166457019667334
4.571227727122269 1.0697085064568035
4.475929449214383 1.4164938360800974
4.354364637523404 1.7549666166292603
4.207246682702458 2.083140555240247
4.035438931409317 2.3990897967486564
3.8399496198449174 2.7009602253736262
3.621925957022429 2.9869803454064843
3.38264739248859 3.255471677051979
3.1235181080050243 3.504858606415128
2.846058777251311 3.733677631830077
2.551897641907166 3.940585952269805
2.2427609564828224 4.124369347436494
1.9204628579711491 4.283949303289053
1.5868947197704157 4.418389341192359
1.2440140523531258 4.5269005135462645
0.8938330158161863 4.608846033643825
0.5384066117253637 4.6637450125889055
0.17982062354895936 4.691275281343437
-0.1798206235489588 4.691275281343437
-0.5384066117253621 4.663745012588906
-0.8938330158161857 4.608846033643825
-1.2440140523531253 4.5269005135462645
-1.5868947197704164 4.418389341192359
-1.9204628579711487 4.283949303289053
-2.242760956482821 4.124369347436495
-2.5518976419071655 3.940585952269805
-2.846058777251311 3.733677631830077
-3.1235181080050234 3.504858606415129
-3.382647392488589 3.255471677051979
-3.621925957022429 2.986980345406484
-3.8399496198449174 2.7009602253736267
-4.035438931409317 2.3990897967486564
-4.207246682702457 2.0831405552402478
-4.354364637523403 1.754966616629261
-4.475929449214383 1.416493836080097
-4.571227727122269 1.0697085064568046
-4.639700223058607 0.7166457019667336
-4.680945113190348 0.359377335535888
-4.694720356101892 2.6598120791075046e-15
-4.680945113190348 -0.35937733553588685
-4.639700223058607 -0.7166457019667324
-4.57122772712227 -1.0697085064568013
-4.475929449214383 -1.4164938360800978
-4.354364637523404 -1.75496661662926
-4.207246682702458 -2.083140555240247
-4.035438931409317 -2.3990897967486555
-3.8399496198449192 -2.700960225373624
-3.6219259570224285 -2.986980345406485
-3.3826473924885905 -3.255471677051978
-3.123518108005024 -3.504858606415128
-2.8460587772513106 -3.7336776318300773
-2.551897641907168 -3.940585952269803
-2.24276095648282 -4.124369347436495
-1.9204628579711496 -4.283949303289052
-1.5868947197704164 -4.418389341192359
-1.2440140523531253 -4.5269005135462645
-0.893833015816189 -4.608846033643824
-0.5384066117253653 -4.6637450125889055
-0.17982062354895995 -4.691275281343437
0.17982062354895822 -4.691275281343437
0.5384066117253636 -4.6637450125889055
0.8938330158161872 -4.608846033643825
1.2440140523531238 -4.5269005135462645
1.5868947197704146 -4.418389341192359
1.920462857971148 -4.283949303289054
2.2427609564828224 -4.124369347436494
2.5518976419071673 -3.9405859522698043
2.846058777251309 -3.733677631830078
3.1235181080050225 -3.5048586064151293
3.382647392488589 -3.2554716770519794
3.621925957022426 -2.9869803454064874
3.8399496198449183 -2.7009602253736253
4.035438931409315 -2.399089796748659
4.207246682702457 -2.083140555240248
4.354364637523403 -1.7549666166292617
4.475929449214383 -1.4164938360800974
4.571227727122269 -1.069708506456803
4.639700223058607 -0.7166457019667362
4.680945113190348 -0.3593773355358886
6.5613680044745815 0.0
6.5421156462428085 0.5022678183278176
6.484471552040959 1.0015881293796698
6.388774000334975 1.495030723024311
6.255584582410726 1.9796998819134135
6.085684906733034 2.452751374702396
5.880072012156413 2.911409147130918
5.6399525169046125 3.3529816130131223
5.366735537655088 3.7748774495356407
5.062024420282033 4.174620804170254
4.727607330785242 4.54986582396101
4.36544676162099 4.8984104219221525
3.977668015015953 5.218209199760182
3.56654673084865 5.50738545108435
3.1344955322897663 5.764242174666002
2.6840498675700517 5.98727203311658
2.2178531309619247 6.175166198542768
1.7386411502907868 6.326822033269016
1.2492261320094826 6.441349560553858
0.7524801580526128 6.518076687327318
0.2513183313177095 6.5565531483002895
-0.25131833131770875 6.5565531483002895
-0.7524801580526105 6.518076687327318
-1.2492261320094817 6.441349560553858
-1.7386411502907861 6.326822033269016
-2.217853130961925 6.175166198542767
-2.6840498675700513 5.98727203311658
-3.1344955322897645 5.764242174666004
-3.566546730848649 5.50738545108435
-3.977668015015953 5.218209199760182
-4.365446761620989 4.898410421922154
-4.727607330785241 4.54986582396101
-5.062024420282033 4.174620804170253
-5.366735537655088 3.7748774495356416
-5.6399525169046125 3.3529816130131223
-5.880072012156412 2.9114091471309194
-6.085684906733033 2.452751374702397
-6.255584582410726 1.9796998819134126
-6.3887740003349744 1.4950307230243123
-6.484471552040959 1.00158812937967
-6.5421156462428085 0.5022678183278195
-6.5613680044745815 3.717368565113364e-15
-6.5421156462428085 -0.502267818327818
-6.484471552040959 -1.0015881293796682
-6.388774000334975 -1.4950307230243078
-6.255584582410726 -1.9796998819134137
-6.085684906733034 -2.4527513747023955
-5.880072012156413 -2.911409147130918
-5.639952516904613 -3.3529816130131205
-5.3667355376550905 -3.774877449535638
-5.062024420282033 -4.174620804170254
-4.727607330785242 -4.549865823961009
-4.365446761620989 -4.8984104219221525
-3.9776680150159525 -5.2182091997601825
-3.5665467308486525 -5.507385451084347
-3.1344955322897627 -5.764242174666005
-2.6840498675700526 -5.987272033116579
-2.217853130961925 -6.175166198542767
-1.7386411502907861 -6.326822033269016
-1.2492261320094862 -6.441349560553857
-0.752480158052615 -6.518076687327318
-0.2513183313177103 -6.5565531483002895
0.2513183313177079 -6.5565531483002895
0.7524801580526127 -6.518076687327318
1.249226132009484 -6.441349560553858
1.738641150290784 -6.326822033269016
2.217853130961923 -6.175166198542768
2.6840498675700504 -5.9872720331165805
3.1344955322897663 -5.764242174666002
3.566546730848651 -5.507385451084349
3.9776680150159502 -5.218209199760184
4.365446761620988 -4.898410421922155
4.727607330785241 -4.54986582396101
5.062024420282029 -4.174620804170258
5.366735537655089 -3.7748774495356394
5.639952516904611 -3.352981613013126
5.880072012156412 -2.9114091471309202
6.085684906733033 -2.4527513747023977
6.255584582410726 -1.9796998819134135
6.388774000334975 -1.49503072302431
6.484471552040959 -1.0015881293796736
6.5421156462428085 -0.5022678183278204
3.816379336903145 0.0
3.8051813211704064 0.29214098678057643
3.7716529883812053 0.5825675740859679
3.7159910961243052 0.8695754232188109
3.6385222905164465 1.15148025799674
3.5397011893130537 1.4266277487547483
3.420107714030471 1.6934032206094785
3.2804436867359117 1.9502411290134836
3.121528711476499 2.195634246993145
2.944295364516818 2.428142510155874
2.749783721610569 2.646401467560585
2.5391352544224812 2.8491302888583685
2.3135861319186946 3.035139280714277
2.0744599660357275 3.2033368684008767
1.823160044199321 3.3527360015927914
1.5611610942758318 3.4824599467704975
1.2900006302827125 3.5917474322412333
1.0112699296448948 3.679957115583998
0.7266046949461116 3.746571347301898
0.4376754549757291 3.791199208595227
0.1461777614015554 3.813578805428428
-0.14617776140155495 3.813578805428428
-0.43767545497572774 3.7911992085952275
-0.726604694946111 3.746571347301898
-1.0112699296448944 3.679957115583998
-1.290000630282713 3.591747432241233
-1.5611610942758314 3.4824599467704975
-1.8231600441993199 3.3527360015927923
-2.074459966035727 3.2033368684008767
-2.3135861319186946 3.035139280714277
-2.5391352544224803 2.8491302888583694
-2.7497837216105685 2.646401467560585
-2.944295364516818 2.4281425101558733
-3.121528711476499 2.1956342469931456
-3.2804436867359117 1.9502411290134836
-3.4201077140304705 1.6934032206094793
-3.539701189313053 1.4266277487547487
-3.6385222905164465 1.1514802579967396
-3.715991096124305 0.8695754232188118
-3.7716529883812053 0.582567574085968
-3.8051813211704064 0.29214098678057754
-3.816379336903145 2.1621845581404773e-15
-3.8051813211704064 -0.2921409867805766
-3.7716529883812053 -0.5825675740859672
-3.7159910961243057 -0.8695754232188091
-3.6385222905164465 -1.1514802579967403
-3.5397011893130537 -1.4266277487547478
-3.420107714030471 -1.6934032206094785
-3.280443686735912 -1.950241129013483
-3.1215287114765005 -2.1956342469931434
-2.9442953645168175 -2.4281425101558742
-2.7497837216105694 -2.6464014675605845
-2.539135254422481 -2.8491302888583685
-2.313586131918694 -3.0351392807142776
-2.0744599660357292 -3.203336868400876
-1.823160044199319 -3.3527360015927927
-1.5611610942758323 -3.482459946770497
-1.290000630282713 -3.591747432241233
-1.0112699296448944 -3.679957115583998
-0.7266046949461137 -3.7465713473018973
-0.4376754549757304 -3.791199208595227
-0.1461777614015559 -3.813578805428428
0.14617776140155447 -3.813578805428428
0.437675454975729 -3.791199208595227
0.7266046949461122 -3.746571347301898
1.0112699296448933 -3.6799571155839983
1.2900006302827116 -3.5917474322412333
1.561161094275831 -3.482459946770498
1.823160044199321 -3.3527360015927914
2.0744599660357284 -3.2033368684008763
2.3135861319186932 -3.0351392807142785
2.53913525442248 -2.84913028885837
2.7497837216105685 -2.6464014675605854
2.9442953645168153 -2.4281425101558765
3.1215287114764996 -2.1956342469931442
3.2804436867359104 -1.9502411290134858
3.4201077140304705 -1.6934032206094798
3.539701189313053 -1.4266277487547494
3.6385222905164465 -1.15148025799674
3.7159910961243052 -0.8695754232188104
3.7716529883812053 -0.5825675740859702
3.8051813211704064 -0.29214098678057804
5.714326354623749 0.0
5.697559384998291 0.43742741291034387
5.647356871366773 0.8722878278263657
5.564013422041335 1.3020293109186958
5.448018129522685 1.7241299682853608
5.300051700310825 2.136112745427984
5.12098246024863 2.5355599635925445
4.911861258840542 2.920127507669648
4.673915302449811 3.2875585823940896
4.408540952563589 3.635696956116841
4.117295531388479 3.9624996144297606
3.801888182864589 4.266048749386502
3.464169842729273 4.544563013962133
3.1061223764902404 4.796407975705796
2.7298469490506987 5.020105708240229
2.337551694238208 5.2143434643214315
1.931538756597358 5.377981379561469
1.5141907814901745 5.510059161605954
1.087956932785712 5.609801725511432
0.6553385201926067 5.676623742252018
0.21887432057910478 5.71013307366287
-0.21887432057910408 5.71013307366287
-0.6553385201926047 5.676623742252018
-1.087956932785711 5.609801725511432
-1.5141907814901738 5.510059161605954
-1.9315387565973587 5.377981379561468
-2.3375516942382077 5.2143434643214315
-2.729846949050697 5.02010570824023
-3.10612237649024 4.796407975705796
-3.464169842729273 4.544563013962133
-3.801888182864588 4.266048749386503
-4.117295531388479 3.9624996144297606
-4.408540952563589 3.6356969561168406
-4.673915302449811 3.2875585823940905
-4.911861258840542 2.920127507669648
-5.12098246024863 2.535559963592546
-5.300051700310824 2.1361127454279845
-5.448018129522685 1.7241299682853601
-5.564013422041334 1.3020293109186971
-5.647356871366773 0.8722878278263658
-5.697559384998291 0.43742741291034554
-5.714326354623749 3.237473823597583e-15
-5.697559384998291 -0.4374274129103441
-5.647356871366773 -0.8722878278263644
-5.564013422041336 -1.3020293109186931
-5.448018129522685 -1.7241299682853612
-5.300051700310825 -2.1361127454279836
-5.12098246024863 -2.5355599635925445
-4.911861258840543 -2.9201275076696467
-4.673915302449813 -3.2875585823940874
-4.408540952563588 -3.635696956116842
-4.11729553138848 -3.9624996144297597
-3.8018881828645883 -4.266048749386502
-3.464169842729272 -4.544563013962134
-3.106122376490243 -4.796407975705793
-2.7298469490506956 -5.020105708240231
-2.337551694238209 -5.214343464321431
-1.9315387565973587 -5.377981379561468
-1.5141907814901738 -5.510059161605954
-1.087956932785715 -5.609801725511432
-0.6553385201926087 -5.676623742252018
-0.21887432057910547 -5.71013307366287
0.2188743205791034 -5.71013307366287
0.6553385201926066 -5.676623742252018
1.087956932785713 -5.609801725511432
1.514190781490172 -5.510059161605955
1.931538756597357 -5.377981379561469
2.337551694238207 -5.2143434643214315
2.7298469490506987 -5.020105708240229
3.1061223764902417 -4.796407975705795
3.4641698427292704 -4.544563013962135
3.801888182864587 -4.266048749386504
4.117295531388479 -3.962499614429761
4.408540952563586 -3.635696956116845
4.673915302449811 -3.2875585823940887
4.91186125884054 -2.920127507669651
5.12098246024863 -2.5355599635925463
5.300051700310824 -2.136112745427986
5.448018129522685 -1.7241299682853608
5.564013422041335 -1.3020293109186953
5.647356871366772 -0.872287827826369
5.697559384998291 -0.4374274129103462
6.0141646569317455 0.0
5.9965179021145865 0.4603798109237843
5.9436811958373 0.9180579300550838
5.855964604901914 1.3703485202031327
5.7338828851430055 1.8145973603394958
5.578152460635782 2.2481974216224665
5.389687219434734 2.6686041664789535
5.169593150515136 3.073350480962744
4.919161853389968 3.460061152760152
4.639862958490389 3.8264668098803303
4.333335502789992 4.170417238232495
4.001378311284111 4.489893999937198
3.645939440769477 4.7830222783224094
3.2691047478723236 5.0480818800932274
2.8730856484123 5.283517330110143
2.4602061399351087 5.487946999535668
2.032889163570812 5.660171213781727
1.5936423852518442 5.799179292677176
1.1450434797321825 5.904155481540926
0.6897250037669289 5.974483738354775
0.23035894722248032 6.00975134894294
-0.2303589472224796 6.00975134894294
-0.6897250037669268 5.974483738354776
-1.1450434797321818 5.904155481540926
-1.5936423852518435 5.799179292677176
-2.032889163570813 5.660171213781726
-2.4602061399351083 5.487946999535668
-2.873085648412298 5.283517330110144
-3.2691047478723227 5.0480818800932274
-3.645939440769477 4.7830222783224094
-4.00137831128411 4.4898939999372
-4.333335502789991 4.170417238232495
-4.639862958490389 3.82646680988033
-4.919161853389968 3.460061152760153
-5.169593150515136 3.073350480962744
-5.389687219434733 2.668604166478955
-5.578152460635782 2.2481974216224674
-5.7338828851430055 1.8145973603394951
-5.855964604901913 1.370348520203134
-5.9436811958373 0.9180579300550841
-5.9965179021145865 0.46037981092378605
-6.0141646569317455 3.4073483800706523e-15
-5.9965179021145865 -0.46037981092378455
-5.9436811958373 -0.9180579300550825
-5.8559646049019145 -1.3703485202031298
-5.7338828851430055 -1.8145973603394963
-5.578152460635782 -2.248197421622466
-5.389687219434734 -2.6686041664789535
-5.169593150515137 -3.0733504809627425
-4.91916185338997 -3.4600611527601495
-4.639862958490389 -3.826466809880331
-4.333335502789993 -4.170417238232494
-4.00137831128411 -4.489893999937198
-3.6459394407694767 -4.78302227832241
-3.2691047478723263 -5.048081880093226
-2.873085648412297 -5.283517330110145
-2.4602061399351096 -5.487946999535667
-2.032889163570813 -5.660171213781726
-1.5936423852518435 -5.799179292677176
-1.145043479732186 -5.904155481540925
-0.689725003766931 -5.974483738354775
-0.23035894722248107 -6.00975134894294
0.23035894722247885 -6.00975134894294
0.6897250037669288 -5.974483738354775
1.1450434797321838 -5.904155481540926
1.5936423852518415 -5.799179292677176
2.0328891635708106 -5.660171213781727
2.4602061399351074 -5.487946999535668
2.8730856484123 -5.283517330110143
3.269104747872325 -5.048081880093227
3.6459394407694745 -4.783022278322411
4.0013783112841095 -4.4898939999372
4.333335502789991 -4.1704172382324955
4.639862958490386 -3.8264668098803343
4.919161853389969 -3.460061152760151
5.1695931505151345 -3.0733504809627474
5.389687219434733 -2.6686041664789553
5.578152460635782 -2.2481974216224683
5.7338828851430055 -1.8145973603394958
5.855964604901914 -1.370348520203132
5.943681195837299 -0.9180579300550874
5.9965179021145865 -0.4603798109237868
5.625397812904454 0.0
5.608891777300841 0.43061999948589275
5.55947053447026 0.8587129495862871
5.477424107917134 1.2817666306463156
5.363233978696804 1.6972983954456178
5.217570259893244 2.102869738359408
5.041287764129025 2.496100605479114
4.835420987184943 2.874683361715097
4.601178037167432 3.2363963329169496
4.339933544849809 3.579116843540818
4.0532205967923 3.900833673353543
3.7427217385804967 4.1996588600727085
3.4102591009788297 4.473838778680037
3.0577837069427023 4.7217644323902865
2.687364022239997 4.941980894884185
2.301173816871462 5.133195848394589
1.901479408523982 5.294287167541019
1.4906263629172374 5.424309504407574
1.071025729091379 5.522499836220414
0.6451398904125535 5.5882819430687904
0.2154681143281874 5.621269789392613
-0.21546811432818677 5.621269789392613
-0.6451398904125515 5.588281943068791
-1.0710257290913783 5.522499836220414
-1.4906263629172367 5.424309504407574
-1.9014794085239826 5.294287167541019
-2.301173816871461 5.133195848394589
-2.6873640222399953 4.9419808948841855
-3.0577837069427014 4.7217644323902865
-3.4102591009788297 4.473838778680037
-3.7427217385804954 4.19965886007271
-4.053220596792299 3.900833673353543
-4.339933544849809 3.579116843540817
-4.601178037167432 3.23639633291695
-4.835420987184943 2.874683361715097
-5.041287764129024 2.4961006054791155
-5.217570259893244 2.1028697383594084
-5.363233978696804 1.6972983954456171
-5.477424107917133 1.281766630646317
-5.55947053447026 0.8587129495862872
-5.608891777300841 0.43061999948589436
-5.625397812904454 3.187091012375406e-15
-5.608891777300841 -0.43061999948589297
-5.55947053447026 -0.8587129495862857
-5.477424107917135 -1.281766630646313
-5.363233978696804 -1.6972983954456182
-5.217570259893244 -2.102869738359407
-5.041287764129025 -2.496100605479114
-4.835420987184944 -2.8746833617150958
-4.601178037167434 -3.236396332916947
-4.339933544849809 -3.5791168435408185
-4.0532205967923005 -3.9008336733535423
-3.7427217385804963 -4.1996588600727085
-3.4102591009788292 -4.4738387786800375
-3.0577837069427045 -4.721764432390285
-2.6873640222399944 -4.941980894884186
-2.3011738168714624 -5.133195848394589
-1.9014794085239826 -5.294287167541019
-1.4906263629172367 -5.424309504407574
-1.071025729091382 -5.522499836220414
-0.6451398904125555 -5.5882819430687904
-0.21546811432818813 -5.621269789392613
0.21546811432818605 -5.621269789392613
0.6451398904125534 -5.5882819430687904
1.07102572909138 -5.522499836220414
1.490626362917235 -5.424309504407575
1.9014794085239808 -5.294287167541019
2.3011738168714606 -5.13319584839459
2.687364022239997 -4.941980894884185
3.057783706942703 -4.7217644323902865
3.4102591009788275 -4.473838778680038
3.742721738580495 -4.19965886007271
4.053220596792299 -3.9008336733535436
4.3399335448498055 -3.5791168435408216
4.601178037167433 -3.2363963329169483
4.835420987184941 -2.8746833617151
5.041287764129024 -2.496100605479116
5.217570259893244 -2.1028697383594093
5.363233978696804 -1.6972983954456178
5.477424107917134 -1.281766630646315
5.559470534470259 -0.8587129495862903
5.608891777300841 -0.4306199994858951
1.0 0.5 0.4 0.32000000000000006 0.25600000000000006 0.20480000000000007 0.16384000000000007 0.13107200000000005 0.10485760000000005 0.08388608000000004 0.06710886400000003 0.05368709120000003 0.042949672960000025 0.03435973836800002 0.027487790694400018 0.021990232555520017 0.017592186044416015 