0.0 0.0
1.6006879826515865 0.0
1.5699312119030175 0.3122787339828447
1.4788428651085823 0.6125567713466604
1.330923416352658 0.8892945955134188
1.1318573270967516 1.1318573270967516
0.889294595513419 1.330923416352658
0.6125567713466605 1.4788428651085823
0.31227873398284484 1.5699312119030175
9.801387071939497e-17 1.6006879826515865
-0.3122787339828446 1.5699312119030175
-0.6125567713466603 1.4788428651085823
-0.8892945955134185 1.3309234163526582
-1.1318573270967516 1.1318573270967516
-1.330923416352658 0.8892945955134188
-1.4788428651085823 0.6125567713466606
-1.5699312119030175 0.3122787339828453
-1.6006879826515865 1.9602774143878994e-16
-1.5699312119030175 -0.3122787339828449
-1.4788428651085825 -0.6125567713466602
-1.3309234163526582 -0.8892945955134185
-1.1318573270967518 -1.1318573270967516
-0.8892945955134188 -1.330923416352658
-0.6125567713466613 -1.478842865108582
-0.3122787339828454 -1.5699312119030173
-2.940416121581849e-16 -1.6006879826515865
0.31227873398284484 -1.5699312119030175
0.6125567713466608 -1.4788428651085823
0.8892945955134183 -1.3309234163526582
1.1318573270967514 -1.1318573270967518
1.330923416352658 -0.8892945955134188
1.478842865108582 -0.6125567713466614
1.5699312119030173 -0.3122787339828455
2.5196137404639996 0.0
2.471200068948816 0.49155225598338304
2.3278195646488946 0.9642144344350059
2.0949822599357675 1.3998223929089757
1.781635961852896 1.7816359618528956
1.399822392908976 2.0949822599357675
0.964214434435006 2.3278195646488946
0.49155225598338326 2.471200068948816
1.5428184511734634e-16 2.5196137404639996
-0.4915522559833829 2.471200068948816
-0.9642144344350058 2.3278195646488946
-1.399822392908975 2.094982259935768
-1.7816359618528956 1.781635961852896
-2.094982259935768 1.3998223929089757
-2.3278195646488946 0.9642144344350061
-2.471200068948816 0.491552255983384
-2.5196137404639996 3.085636902346927e-16
-2.471200068948816 -0.4915522559833833
-2.3278195646488946 -0.9642144344350055
-2.094982259935768 -1.399822392908975
-1.7816359618528963 -1.7816359618528956
-1.3998223929089757 -2.0949822599357675
-0.9642144344350072 -2.3278195646488937
-0.4915522559833841 -2.4712000689488156
-4.62845535352039e-16 -2.5196137404639996
0.4915522559833832 -2.471200068948816
0.9642144344350064 -2.327819564648894
1.3998223929089748 -2.094982259935768
1.7816359618528954 -1.7816359618528963
2.0949822599357675 -1.3998223929089757
2.3278195646488937 -0.9642144344350074
2.4712000689488156 -0.49155225598338426
3.1320908044567433 0.0
3.0719085578974865 0.6110406036252202
2.893674588204396 1.1985992595286417
2.6042383268780154 1.740096418070586
2.2147226471233923 2.214722647123392
1.7400964180705865 2.6042383268780154
1.1985992595286419 2.893674588204396
0.6110406036252205 3.0719085578974865
1.9178524891584045e-16 3.1320908044567433
-0.6110406036252201 3.0719085578974865
-1.1985992595286417 2.893674588204396
-1.7400964180705853 2.604238326878016
-2.214722647123392 2.2147226471233923
-2.604238326878016 1.740096418070586
-2.893674588204396 1.198599259528642
-3.0719085578974865 0.6110406036252214
-3.1320908044567433 3.835704978316809e-16
-3.0719085578974865 -0.6110406036252206
-2.893674588204396 -1.1985992595286414
-2.604238326878016 -1.7400964180705853
-2.2147226471233923 -2.214722647123392
-1.740096418070586 -2.6042383268780154
-1.1985992595286434 -2.8936745882043953
-0.6110406036252215 -3.071908557897486
-5.753557467475214e-16 -3.1320908044567433
0.6110406036252204 -3.0719085578974865
1.1985992595286425 -2.8936745882043957
1.7400964180705851 -2.604238326878016
2.2147226471233914 -2.2147226471233923
2.6042383268780154 -1.740096418070586
2.8936745882043953 -1.1985992595286437
3.071908557897486 -0.6110406036252217
3.5893866342557463 0.0
3.5204175765541295 0.7002545943173403
3.3161608456584597 1.3735987972823662
2.984465913188563 1.9941563687909105
2.5380796293825965 2.538079629382596
1.994156368790911 2.984465913188563
1.3735987972823664 3.3161608456584597
0.7002545943173406 3.5204175765541295
2.1978654262717956e-16 3.5893866342557463
-0.70025459431734 3.5204175765541295
-1.373598797282366 3.3161608456584597
-1.9941563687909099 2.984465913188564
-2.538079629382596 2.5380796293825965
-2.9844659131885636 1.9941563687909105
-3.3161608456584597 1.3735987972823664
-3.5204175765541295 0.7002545943173416
-3.5893866342557463 4.3957308525435913e-16
-3.5204175765541295 -0.7002545943173407
-3.31616084565846 -1.3735987972823658
-2.984465913188564 -1.9941563687909099
-2.538079629382597 -2.538079629382596
-1.9941563687909105 -2.984465913188563
-1.3735987972823682 -3.3161608456584593
-0.7002545943173418 -3.5204175765541295
-6.593596278815386e-16 -3.5893866342557463
0.7002545943173405 -3.5204175765541295
1.373598797282367 -3.3161608456584597
1.9941563687909094 -2.984465913188564
2.5380796293825956 -2.538079629382597
2.984465913188563 -1.9941563687909105
3.3161608456584593 -1.3735987972823684
3.5204175765541295 -0.700254594317342
4.130156535123717 0.0
4.050796735410549 0.8057535684143025
3.8157670888685358 1.5805424790662506
3.4340996530081407 2.2945920286261163
2.920461693347916 2.9204616933479155
2.2945920286261168 3.4340996530081407
1.5805424790662508 3.8157670888685358
0.8057535684143029 4.050796735410549
2.5289914903583915e-16 4.130156535123717
-0.8057535684143022 4.050796735410549
-1.5805424790662503 3.8157670888685358
-2.2945920286261154 3.4340996530081416
-2.9204616933479155 2.920461693347916
-3.434099653008141 2.2945920286261163
-3.8157670888685358 1.580542479066251
-4.050796735410549 0.805753568414304
-4.130156535123717 5.057982980716783e-16
-4.050796735410549 -0.805753568414303
-3.815767088868536 -1.5805424790662501
-3.4340996530081416 -2.2945920286261154
-2.9204616933479164 -2.9204616933479155
-2.2945920286261163 -3.4340996530081407
-1.580542479066253 -3.815767088868535
-0.8057535684143042 -4.050796735410549
-7.586974471075174e-16 -4.130156535123717
0.8057535684143027 -4.050796735410549
1.5805424790662514 -3.8157670888685353
2.294592028626115 -3.4340996530081416
2.920461693347915 -2.9204616933479164
3.4340996530081407 -2.2945920286261163
3.815767088868535 -1.5805424790662532
4.050796735410549 -0.8057535684143045
4.445590438604057 0.0
4.3601696648842 0.8672916702190864
4.107190016154163 1.7012538079344255
3.6963733584420173 2.4698377158849714
3.143507145515007 3.1435071455150068
2.469837715884972 3.6963733584420173
1.7012538079344257 4.107190016154163
0.8672916702190867 4.3601696648842
2.7221390504782684e-16 4.445590438604057
-0.867291670219086 4.3601696648842
-1.7012538079344253 4.107190016154163
-2.4698377158849705 3.6963733584420186
-3.1435071455150068 3.143507145515007
-3.696373358442018 2.4698377158849714
-4.107190016154163 1.7012538079344262
-4.3601696648842 0.8672916702190879
-4.445590438604057 5.444278100956537e-16
-4.3601696648842 -0.8672916702190868
-4.1071900161541635 -1.701253807934425
-3.6963733584420186 -2.4698377158849705
-3.1435071455150077 -3.1435071455150068
-2.4698377158849714 -3.6963733584420173
-1.701253807934428 -4.107190016154162
-0.8672916702190882 -4.3601696648842
-8.166417151434805e-16 -4.445590438604057
0.8672916702190866 -4.3601696648842
1.7012538079344266 -4.107190016154162
2.46983771588497 -3.6963733584420186
3.1435071455150063 -3.1435071455150077
3.6963733584420173 -2.4698377158849714
4.107190016154162 -1.7012538079344284
4.3601696648842 -0.8672916702190885
4.9675538145947415 0.0
4.872103660965441 0.9691216733217344
4.589421295952449 1.9010005442274105
4.1303700443131195 2.759825030311814
3.512590988209044 3.512590988209043
2.7598250303118146 4.1303700443131195
1.9010005442274107 4.589421295952449
0.9691216733217348 4.872103660965441
3.0417494393178374e-16 4.9675538145947415
-0.969121673321734 4.872103660965441
-1.9010005442274103 4.589421295952449
-2.7598250303118133 4.13037004431312
-3.512590988209043 3.512590988209044
-4.13037004431312 2.759825030311814
-4.589421295952449 1.9010005442274112
-4.872103660965441 0.9691216733217362
-4.9675538145947415 6.083498878635675e-16
-4.872103660965441 -0.9691216733217349
-4.58942129595245 -1.90100054422741
-4.13037004431312 -2.7598250303118133
-3.5125909882090443 -3.512590988209043
-2.759825030311814 -4.1303700443131195
-1.9010005442274134 -4.589421295952448
-0.9691216733217365 -4.87210366096544
-9.125248317953512e-16 -4.9675538145947415
0.9691216733217346 -4.872103660965441
1.9010005442274116 -4.589421295952448
2.7598250303118124 -4.13037004431312
3.5125909882090425 -3.5125909882090443
4.1303700443131195 -2.759825030311814
4.589421295952448 -1.9010005442274136
4.87210366096544 -0.9691216733217367
4.709316072120248 0.0
4.618827884301897 0.9187419889856674
4.3508407311583435 1.802177238571059
3.9156532086959674 2.616355827550804
3.3299893293470237 3.3299893293470233
2.6163558275508043 3.9156532086959674
1.8021772385710595 4.3508407311583435
0.9187419889856678 4.618827884301897
2.883624426947624e-16 4.709316072120248
-0.9187419889856672 4.618827884301897
-1.8021772385710588 4.3508407311583435
-2.6163558275508025 3.915653208695969
-3.3299893293470233 3.3299893293470237
-3.9156532086959683 2.616355827550804
-4.3508407311583435 1.8021772385710597
-4.618827884301897 0.9187419889856691
-4.709316072120248 5.767248853895248e-16
-4.618827884301897 -0.918741988985668
-4.350840731158344 -1.8021772385710586
-3.915653208695969 -2.6163558275508025
-3.329989329347024 -3.3299893293470233
-2.616355827550804 -3.9156532086959674
-1.8021772385710617 -4.350840731158343
-0.9187419889856694 -4.618827884301896
-8.650873280842871e-16 -4.709316072120248
0.9187419889856676 -4.618827884301897
1.8021772385710602 -4.3508407311583435
2.616355827550802 -3.915653208695969
3.329989329347023 -3.329989329347024
3.9156532086959674 -2.616355827550804
4.350840731158343 -1.802177238571062
4.618827884301896 -0.9187419889856696
3.8731907640066425 0.0
3.798768489531457 0.7556220333799497
3.5783616723774903 1.4822059357748265
3.220440422922402 2.1518294952885415
2.738759454058202 2.7387594540582016
2.151829495288542 3.220440422922402
1.4822059357748265 3.5783616723774903
0.75562203337995 3.798768489531457
2.371645335813913e-16 3.8731907640066425
-0.7556220333799495 3.798768489531457
-1.4822059357748263 3.5783616723774903
-2.1518294952885406 3.220440422922403
-2.7387594540582016 2.738759454058202
-3.2204404229224024 2.1518294952885415
-3.5783616723774903 1.4822059357748267
-3.798768489531457 0.755622033379951
-3.8731907640066425 4.743290671627826e-16
-3.798768489531457 -0.7556220333799502
-3.5783616723774907 -1.482205935774826
-3.220440422922403 -2.1518294952885406
-2.7387594540582025 -2.7387594540582016
-2.1518294952885415 -3.220440422922402
-1.4822059357748285 -3.5783616723774894
-0.7556220333799513 -3.7987684895314566
-7.114936007441739e-16 -3.8731907640066425
0.7556220333799499 -3.798768489531457
1.4822059357748272 -3.57836167237749
2.15182949528854 -3.220440422922403
2.738759454058201 -2.7387594540582025
3.220440422922402 -2.1518294952885415
3.5783616723774894 -1.4822059357748287
3.7987684895314566 -0.7556220333799515
5.2259658112728475 0.0
5.125550343586935 1.0195353529664968
4.8281628506387255 1.9998905340805042
4.345231767005391 2.90339104352133
3.6953158634000878 3.6953158634000873
2.903391043521331 4.345231767005391
1.9998905340805047 4.8281628506387255
1.0195353529664972 5.125550343586935
3.1999811516143966e-16 5.2259658112728475
-1.0195353529664963 5.125550343586935
-1.999890534080504 4.8281628506387255
-2.9033910435213293 4.345231767005392
-3.6953158634000873 3.6953158634000878
-4.345231767005392 2.90339104352133
-4.8281628506387255 1.9998905340805049
-5.125550343586935 1.0195353529664986
-5.2259658112728475 6.399962303228793e-16
-5.125550343586935 -1.0195353529664972
-4.828162850638726 -1.9998905340805038
-4.345231767005392 -2.9033910435213293
-3.6953158634000887 -3.6953158634000873
-2.90339104352133 -4.345231767005391
-1.999890534080507 -4.828162850638725
-1.019535352966499 -5.1255503435869345
-9.59994345484319e-16 -5.2259658112728475
1.019535352966497 -5.125550343586935
1.9998905340805055 -4.8281628506387255
2.9033910435213284 -4.345231767005392
3.695315863400087 -3.6953158634000887
4.345231767005391 -2.90339104352133
4.828162850638725 -1.9998905340805075
5.1255503435869345 -1.0195353529664992
5.4565809505110385 0.0
5.351734277589895 1.0645261347422696
5.0412234576681305 2.0881431271195283
4.536981247418867 3.03151395016574
3.858385392199693 3.858385392199692
3.0315139501657407 4.536981247418867
2.0881431271195288 5.0412234576681305
1.06452613474227 5.351734277589895
3.3411921976658827e-16 5.4565809505110385
-1.0645261347422694 5.351734277589895
-2.088143127119528 5.0412234576681305
-3.031513950165739 4.536981247418868
-3.858385392199692 3.858385392199693
-4.5369812474188675 3.03151395016574
-5.0412234576681305 2.0881431271195288
-5.351734277589895 1.0645261347422716
-5.4565809505110385 6.682384395331765e-16
-5.351734277589895 -1.0645261347422703
-5.041223457668131 -2.088143127119528
-4.536981247418868 -3.031513950165739
-3.8583853921996933 -3.858385392199692
-3.03151395016574 -4.536981247418867
-2.0881431271195314 -5.04122345766813
-1.0645261347422719 -5.351734277589894
-1.0023576592997647e-15 -5.4565809505110385
1.0645261347422699 -5.351734277589895
2.0881431271195297 -5.0412234576681305
3.031513950165738 -4.536981247418868
3.8583853921996916 -3.8583853921996933
4.536981247418867 -3.03151395016574
5.04122345766813 -2.088143127119532
5.351734277589894 -1.0645261347422723
1.0 0.5 0.4 0.32000000000000006 0.25600000000000006 0.20480000000000007 0.16384000000000007 0.13107200000000005 0.10485760000000005 0.08388608000000004 0.06710886400000003 0.05368709120000003 