0.0 0.0
1.7857560374623422 0.0
1.7658106179603994 0.26615312666117297
1.7064199071674309 0.5263608322775378
1.6089105954223564 0.7748105066859152
1.4754608796202735 1.0059521947107504
1.3090518058931835 1.2146225729917097
1.113400677965433 1.3961602900954175
0.8928780187311713 1.546510093403824
0.6524099399949665 1.6623134167565905
0.39736810127424765 1.7409834052692477
0.13344971580208323 1.7807627013966654
-0.1334497158020826 1.7807627013966654
-0.39736810127424743 1.7409834052692477
-0.6524099399949668 1.6623134167565905
-0.8928780187311707 1.5465100934038243
-1.1134006779654329 1.3961602900954178
-1.3090518058931835 1.2146225729917097
-1.4754608796202737 1.00595219471075
-1.6089105954223564 0.7748105066859154
-1.7064199071674306 0.5263608322775386
-1.7658106179603994 0.26615312666117347
-1.7857560374623422 2.1869204153363184e-16
-1.7658106179603996 -0.2661531266611722
-1.706419907167431 -0.5263608322775374
-1.6089105954223564 -0.774810506685915
-1.4754608796202735 -1.0059521947107504
-1.3090518058931833 -1.21462257299171
-1.1134006779654333 -1.3961602900954173
-0.8928780187311719 -1.5465100934038236
-0.6524099399949663 -1.6623134167565907
-0.3973681012742479 -1.7409834052692477
-0.1334497158020838 -1.7807627013966654
0.13344971580208317 -1.7807627013966654
0.39736810127424727 -1.7409834052692477
0.6524099399949672 -1.6623134167565903
0.8928780187311699 -1.5465100934038247
1.1134006779654326 -1.3961602900954178
1.309051805893184 -1.2146225729917093
1.4754608796202728 -1.0059521947107515
1.6089105954223564 -0.7748105066859157
1.7064199071674306 -0.5263608322775387
1.7658106179603992 -0.26615312666117447
2.768811541210173 0.0
2.737886203956527 0.4126699467167104
2.6458010131272536 0.8161215287403291
2.494612999719282 1.2013423044121188
2.287699454121474 1.5597270781617416
2.029682483028144 1.883270126356642
1.7263257592133057 2.16474403193894
1.3844057706050867 2.397861132979554
1.0115604447432214 2.5774139786556503
0.6161185300991101 2.699391655096971
0.2069135455978082 2.76106938257386
-0.20691354559780722 2.76106938257386
-0.6161185300991098 2.699391655096971
-1.0115604447432218 2.5774139786556503
-1.3844057706050859 2.3978611329795543
-1.7263257592133052 2.16474403193894
-2.029682483028144 1.883270126356642
-2.2876994541214746 1.559727078161741
-2.4946129997192816 1.201342304412119
-2.645801013127253 0.8161215287403301
-2.737886203956527 0.41266994671671114
-2.768811541210173 3.390816191385288e-16
-2.7378862039565273 -0.41266994671670926
-2.645801013127254 -0.8161215287403283
-2.494612999719282 -1.2013423044121185
-2.287699454121474 -1.5597270781617416
-2.0296824830281435 -1.8832701263566425
-1.7263257592133059 -2.1647440319389397
-1.3844057706050878 -2.3978611329795534
-1.0115604447432212 -2.5774139786556507
-0.6161185300991106 -2.699391655096971
-0.2069135455978091 -2.76106938257386
0.2069135455978081 -2.76106938257386
0.6161185300991096 -2.699391655096971
1.0115604447432225 -2.5774139786556503
1.3844057706050847 -2.397861132979555
1.726325759213305 -2.16474403193894
2.0296824830281444 -1.8832701263566414
2.287699454121473 -1.5597270781617434
2.4946129997192816 -1.2013423044121194
2.645801013127253 -0.8161215287403304
2.7378862039565264 -0.4126699467167127
3.4297973703835045 0.0
3.391489367541094 0.5111847726070414
3.2774210964952926 1.0109505221014505
3.09014065392912 1.4881333074775633
2.8338315754578893 1.932073653830894
2.5142193823566443 2.332854667413248
2.1384436828760167 2.681523562651886
1.7148986851917527 2.97029165258518
1.2530456846650773 3.192708335258927
0.7632017141386488 3.3438051895146987
0.2563090784712316 3.420206961308457
-0.2563090784712304 3.420206961308457
-0.7632017141386483 3.3438051895146987
-1.2530456846650777 3.192708335258927
-1.7148986851917516 2.9702916525851806
-2.1384436828760163 2.681523562651886
-2.5142193823566443 2.332854667413248
-2.8338315754578898 1.9320736538308934
-3.09014065392912 1.4881333074775638
-3.277421096495292 1.0109505221014519
-3.391489367541094 0.5111847726070424
-3.4297973703835045 4.200290371364168e-16
-3.3914893675410944 -0.51118477260704
-3.277421096495293 -1.0109505221014496
-3.09014065392912 -1.488133307477563
-2.8338315754578893 -1.932073653830894
-2.514219382356644 -2.3328546674132484
-2.138443682876017 -2.6815235626518854
-1.7148986851917538 -2.9702916525851792
-1.253045684665077 -3.1927083352589274
-0.7632017141386492 -3.3438051895146987
-0.25630907847123274 -3.420206961308457
0.25630907847123147 -3.420206961308457
0.763201714138648 -3.3438051895146987
1.2530456846650786 -3.1927083352589265
1.71489868519175 -2.970291652585182
2.138443682876016 -2.681523562651886
2.5142193823566448 -2.3328546674132475
2.8338315754578876 -1.9320736538308962
3.09014065392912 -1.488133307477564
3.277421096495292 -1.0109505221014523
3.3914893675410935 -0.5111847726070443
3.9216758016672846 0.0
3.877873923149754 0.5844954486887577
3.74744674918282 1.1559342349034631
3.5333078073084856 1.7015513604342487
3.240240607634274 2.2091586403019163
2.874791787121938 2.667416966670002
2.4451248685357254 3.0660896057765323
1.9608379008336427 3.396270869650572
1.432749054614029 3.65058505446529
0.8726549620608823 3.823351201573465
0.2930671996742121 3.910710000736165
-0.29306719967421074 3.910710000736165
-0.8726549620608819 3.823351201573465
-1.4327490546140293 3.65058505446529
-1.9608379008336414 3.3962708696505723
-2.445124868535725 3.066089605776533
-2.874791787121938 2.667416966670002
-3.2402406076342745 2.2091586403019154
-3.533307807308485 1.7015513604342491
-3.7474467491828194 1.1559342349034645
-3.877873923149754 0.5844954486887588
-3.9216758016672846 4.80266771780547e-16
-3.8778739231497545 -0.5844954486887561
-3.7474467491828203 -1.155934234903462
-3.5333078073084856 -1.7015513604342483
-3.240240607634274 -2.2091586403019163
-2.8747917871219375 -2.6674169666700025
-2.445124868535726 -3.066089605776532
-1.960837900833644 -3.396270869650571
-1.4327490546140285 -3.6505850544652905
-0.8726549620608829 -3.823351201573465
-0.2930671996742134 -3.910710000736165
0.29306719967421196 -3.910710000736165
0.8726549620608814 -3.823351201573465
1.4327490546140305 -3.6505850544652896
1.9608379008336396 -3.3962708696505737
2.4451248685357245 -3.066089605776533
2.874791787121939 -2.667416966670001
3.2402406076342722 -2.209158640301919
3.533307807308485 -1.7015513604342496
3.7474467491828194 -1.155934234903465
3.8778739231497537 -0.584495448688761
4.311248698047523 0.0
4.263095612152342 0.6425582760060844
4.119712014835118 1.2707628619217812
3.884300858725655 1.8705807053745636
3.562120840046214 2.4286128669108455
3.1603689280276384 2.932393830162295
2.688019596509373 3.370669960882858
2.155624349023762 3.733650894541741
1.5750760156429686 4.013228236888943
0.9593430868074795 4.203156692084077
0.3221800186794417 4.299193572285409
-0.3221800186794402 4.299193572285409
-0.959343086807479 4.203156692084077
-1.5750760156429693 4.013228236888943
-2.1556243490237605 3.7336508945417415
-2.6880195965093727 3.3706699608828585
-3.1603689280276384 2.932393830162295
-3.5621208400462145 2.4286128669108447
-3.8843008587256547 1.870580705374564
-4.119712014835117 1.270762861921783
-4.263095612152342 0.6425582760060856
-4.311248698047523 5.279756918392093e-16
-4.263095612152342 -0.6425582760060826
-4.119712014835118 -1.2707628619217801
-3.884300858725655 -1.8705807053745631
-3.562120840046214 -2.4286128669108455
-3.160368928027638 -2.9323938301622956
-2.6880195965093736 -3.3706699608828576
-2.155624349023763 -3.73365089454174
-1.5750760156429682 -4.013228236888943
-0.95934308680748 -4.203156692084077
-0.3221800186794431 -4.299193572285409
0.32218001867944157 -4.299193572285409
0.9593430868074785 -4.203156692084077
1.5750760156429704 -4.013228236888942
2.1556243490237588 -3.7336508945417433
2.6880195965093723 -3.3706699608828585
3.1603689280276392 -2.9323938301622943
3.5621208400462123 -2.4286128669108487
3.8843008587256547 -1.8705807053745644
4.119712014835117 -1.2707628619217834
4.263095612152341 -0.6425582760060881
4.632445145329002 0.0
4.580704560498263 0.6904301223966522
4.42663860517242 1.3654371767603963
4.173688858207129 2.0099426209123274
3.8275057989627155 2.6095492682432773
3.3958225849324166 3.1508628970720314
2.888282305782632 3.6217914554244013
2.3162225726645014 4.011815177492811
1.6924222547156311 4.312221577821053
1.0308160202400043 4.516300073832428
0.34618305924441367 4.619491889155604
-0.34618305924441206 4.619491889155604
-1.0308160202400038 4.516300073832428
-1.6924222547156316 4.312221577821053
-2.3162225726645 4.011815177492812
-2.888282305782631 3.6217914554244017
-3.3958225849324166 3.1508628970720314
-3.827505798962716 2.6095492682432764
-4.173688858207128 2.009942620912328
-4.42663860517242 1.3654371767603983
-4.580704560498263 0.6904301223966535
-4.632445145329002 5.673109119452858e-16
-4.580704560498263 -0.6904301223966502
-4.426638605172421 -1.3654371767603952
-4.173688858207129 -2.0099426209123266
-3.8275057989627155 -2.6095492682432773
-3.395822584932416 -3.1508628970720323
-2.8882823057826323 -3.621791455424401
-2.316222572664503 -4.01181517749281
-1.6924222547156305 -4.312221577821054
-1.030816020240005 -4.516300073832428
-0.3461830592444152 -4.619491889155604
0.3461830592444135 -4.619491889155604
1.0308160202400032 -4.516300073832428
1.692422254715633 -4.312221577821053
2.316222572664498 -4.011815177492813
2.8882823057826306 -3.6217914554244017
3.395822584932418 -3.1508628970720305
3.8275057989627133 -2.6095492682432804
4.173688858207128 -2.0099426209123283
4.42663860517242 -1.3654371767603988
4.580704560498262 -0.690430122396656
4.904155166876144 0.0
4.849379805598371 0.7309263997508155
4.686277312822436 1.4455251115507148
4.418491128718199 2.1278331810169138
4.052003154135199 2.7626089733576817
3.595000124822472 3.335672646307547
3.0576907332800918 3.834222904372024
2.4520775834380726 4.247122958615454
1.7916890723182792 4.56514930412284
1.0912771879999648 4.781197757858262
0.366487974583001 4.890442154374595
-0.3664879745829993 4.890442154374595
-1.0912771879999643 4.781197757858262
-1.79168907231828 4.56514930412284
-2.4520775834380713 4.247122958615455
-3.0576907332800913 3.8342229043720244
-3.595000124822472 3.335672646307547
-4.0520031541352 2.762608973357681
-4.418491128718198 2.127833181016914
-4.686277312822436 1.4455251115507168
-4.849379805598371 0.7309263997508169
-4.904155166876144 6.005857927636824e-16
-4.849379805598371 -0.7309263997508134
-4.686277312822437 -1.4455251115507135
-4.418491128718199 -2.1278331810169133
-4.052003154135199 -2.7626089733576817
-3.595000124822471 -3.3356726463075477
-3.057690733280092 -3.8342229043720235
-2.4520775834380744 -4.247122958615453
-1.7916890723182788 -4.56514930412284
-1.0912771879999654 -4.781197757858262
-0.36648797458300264 -4.890442154374595
0.36648797458300086 -4.890442154374595
1.0912771879999636 -4.781197757858262
1.7916890723182812 -4.565149304122839
2.452077583438069 -4.2471229586154555
3.057690733280091 -3.8342229043720244
3.595000124822473 -3.335672646307546
4.052003154135197 -2.762608973357685
4.418491128718198 -2.1278331810169147
4.686277312822436 -1.4455251115507173
4.84937980559837 -0.7309263997508195
5.138320808348546 0.0
5.080930010329062 0.7658269776164598
4.91003963186293 1.5145466460439538
4.629467081617232 2.2294338451118207
4.245479886732275 2.89451917610842
3.7666556866220477 3.4949457317597137
3.2036906226838426 4.017300974987469
2.5691604041742733 4.449916352824032
1.8772393876452205 4.7831279526039285
1.143383945240883 5.009492377803668
0.38398719488495864 5.123953021220241
-0.38398719488495686 5.123953021220241
-1.1433839452408825 5.009492377803668
-1.877239387645221 4.7831279526039285
-2.5691604041742715 4.449916352824033
-3.203690622683842 4.017300974987469
-3.7666556866220477 3.4949457317597137
-4.245479886732275 2.8945191761084192
-4.629467081617232 2.229433845111821
-4.910039631862929 1.5145466460439558
-5.080930010329062 0.7658269776164612
-5.138320808348546 6.292628130936287e-16
-5.080930010329063 -0.7658269776164577
-4.910039631862931 -1.5145466460439525
-4.629467081617232 -2.2294338451118203
-4.245479886732275 -2.89451917610842
-3.7666556866220473 -3.494945731759714
-3.203690622683843 -4.017300974987468
-2.569160404174275 -4.449916352824031
-1.8772393876452198 -4.783127952603929
-1.1433839452408836 -5.009492377803668
-0.38398719488496036 -5.123953021220241
0.3839871948849585 -5.123953021220241
1.1433839452408818 -5.009492377803668
1.8772393876452225 -4.783127952603928
2.5691604041742693 -4.449916352824035
3.2036906226838413 -4.017300974987469
3.766655686622049 -3.494945731759713
4.245479886732272 -2.8945191761084237
4.629467081617232 -2.229433845111822
4.910039631862929 -1.5145466460439565
5.080930010329062 -0.765826977616464
5.342533103373317 0.0
5.282861422743737 0.7962632408479893
5.1051793475957785 1.5747392766808315
4.813456001877456 2.3180382392509467
4.4142080030737985 3.00955605799908
3.9163538917406213 3.6338453675531954
3.331014906045955 4.176960576344885
2.671266551686659 4.626769388080607
1.951846516697783 4.973223817192874
1.1888254558551576 5.208584644234027
0.39924799880365835 5.327594297250027
-0.3992479988036565 5.327594297250027
-1.188825455855157 5.208584644234027
-1.9518465166977836 4.973223817192874
-2.6712665516866574 4.626769388080608
-3.331014906045954 4.176960576344885
-3.9163538917406213 3.6338453675531954
-4.414208003073799 3.0095560579990788
-4.813456001877455 2.318038239250947
-5.105179347595778 1.5747392766808337
-5.282861422743737 0.7962632408479907
-5.342533103373317 6.542716064384909e-16
-5.282861422743738 -0.796263240847987
-5.105179347595779 -1.57473927668083
-4.813456001877456 -2.318038239250946
-4.4142080030737985 -3.00955605799908
-3.916353891740621 -3.633845367553196
-3.3310149060459553 -4.176960576344884
-2.671266551686661 -4.626769388080606
-1.9518465166977823 -4.973223817192874
-1.1888254558551583 -5.208584644234027
-0.39924799880366013 -5.327594297250027
0.3992479988036582 -5.327594297250027
1.1888254558551565 -5.208584644234027
1.951846516697785 -4.973223817192873
2.671266551686655 -4.62676938808061
3.3310149060459535 -4.176960576344885
3.9163538917406227 -3.633845367553194
4.414208003073796 -3.0095560579990837
4.813456001877455 -2.318038239250948
5.105179347595778 -1.5747392766808341
5.2828614227437365 -0.7962632408479937
5.771210241885749 0.0
5.706750591802809 0.8601542530297999
5.514811563620476 1.7010940814090305
5.1996807580586495 2.5040342789829357
4.7683976765755975 3.2510384885564503
4.2305964705378125 3.9254198704749994
3.5982907301984395 4.5121138590482115
2.885605120942875 4.998014680053993
2.1084598616043695 5.372268112078012
1.2842150930826641 5.62651395188403
0.43128308148305294 5.755072767539386
-0.43128308148305095 5.755072767539386
-1.2842150930826637 5.62651395188403
-2.1084598616043704 5.372268112078012
-2.885605120942873 4.998014680053994
-3.5982907301984386 4.512113859048212
-4.2305964705378125 3.9254198704749994
-4.768397676575598 3.251038488556449
-5.199680758058649 2.504034278982936
-5.5148115636204755 1.7010940814090327
-5.706750591802809 0.8601542530298014
-5.771210241885749 7.067694149931804e-16
-5.706750591802809 -0.8601542530297974
-5.514811563620477 -1.701094081409029
-5.1996807580586495 -2.504034278982935
-4.7683976765755975 -3.2510384885564503
-4.2305964705378125 -3.925419870475
-3.59829073019844 -4.5121138590482115
-2.885605120942877 -4.998014680053992
-2.108459861604369 -5.372268112078013
-1.284215093082665 -5.62651395188403
-0.4312830814830549 -5.755072767539386
0.4312830814830528 -5.755072767539386
1.284215093082663 -5.62651395188403
2.1084598616043717 -5.372268112078011
2.8856051209428704 -4.998014680053996
3.598290730198438 -4.512113859048212
4.230596470537814 -3.925419870474998
4.768397676575595 -3.2510384885564543
5.199680758058649 -2.504034278982937
5.5148115636204755 -1.7010940814090334
5.706750591802808 -0.8601542530298046
5.60117303211042 0.0
5.538612557171655 0.8348115219506114
5.3523286299874195 1.65097473398536
5.046482525666086 2.4302578986164995
4.627906340782719 3.155253117672836
4.105950375631288 3.8097651959791863
3.492274263967008 4.379173415254839
2.8005865160552106 4.850758136799935
2.0463382932046477 5.213984937205451
1.2463782543561324 5.4607399299645465
0.4185761848833682 5.5855110162893356
-0.41857618488336623 5.5855110162893356
-1.2463782543561317 5.4607399299645465
-2.046338293204648 5.213984937205451
-2.800586516055209 4.850758136799936
-3.4922742639670075 4.37917341525484
-4.105950375631288 3.8097651959791863
-4.627906340782719 3.1552531176728347
-5.046482525666085 2.4302578986165
-5.352328629987419 1.6509747339853622
-5.538612557171655 0.8348115219506129
-5.60117303211042 6.859458625244501e-16
-5.538612557171656 -0.834811521950609
-5.3523286299874195 -1.6509747339853584
-5.046482525666086 -2.430257898616499
-4.627906340782719 -3.155253117672836
-4.105950375631287 -3.8097651959791867
-3.492274263967009 -4.379173415254839
-2.800586516055213 -4.850758136799934
-2.0463382932046468 -5.213984937205451
-1.2463782543561333 -5.4607399299645465
-0.41857618488337006 -5.5855110162893356
0.418576184883368 -5.5855110162893356
1.246378254356131 -5.4607399299645465
2.04633829320465 -5.21398493720545
2.8005865160552066 -4.8507581367999375
3.4922742639670066 -4.37917341525484
4.105950375631289 -3.809765195979185
4.627906340782716 -3.1552531176728396
5.046482525666085 -2.430257898616501
5.352328629987419 -1.6509747339853629
5.538612557171654 -0.834811521950616
5.9552947743802305 0.0
5.888779052164594 0.887590628920759
5.690717736838058 1.7553539498907913
5.365535190898549 2.5839055642553492
4.920495455074371 3.3547369980898565
4.365539981657811 4.050629150923051
3.7130655588886814 4.656036941987806
2.9776473871901157 5.157436561637996
2.1757134932759126 5.543627570908566
1.3251777551802477 5.805983100813842
0.4450397358241788 5.938642562345205
-0.4450397358241767 5.938642562345205
-1.325177755180247 5.805983100813842
-2.175713493275913 5.543627570908566
-2.977647387190114 5.157436561637997
-3.713065558888681 4.656036941987807
-4.365539981657811 4.050629150923051
-4.920495455074372 3.354736998089855
-5.365535190898548 2.5839055642553497
-5.6907177368380575 1.7553539498907935
-5.888779052164594 0.8875906289207607
-5.9552947743802305 7.293132683423708e-16
-5.888779052164594 -0.8875906289207566
-5.690717736838059 -1.7553539498907895
-5.365535190898549 -2.5839055642553483
-4.920495455074371 -3.3547369980898565
-4.36553998165781 -4.050629150923052
-3.7130655588886823 -4.656036941987806
-2.977647387190118 -5.157436561637995
-2.1757134932759117 -5.5436275709085665
-1.3251777551802486 -5.805983100813842
-0.44503973582418077 -5.938642562345205
0.4450397358241786 -5.938642562345205
1.3251777551802464 -5.805983100813842
2.175713493275915 -5.543627570908565
2.9776473871901112 -5.157436561637999
3.71306555888868 -4.656036941987807
4.365539981657813 -4.05062915092305
4.920495455074368 -3.3547369980898605
5.365535190898548 -2.5839055642553506
5.6907177368380575 -1.7553539498907942
5.888779052164593 -0.887590628920764
6.136028947364007 0.0
6.067494573763257 0.9145276596377379
5.863422397617604 1.808626282570635
5.528371054123022 2.66232318301587
5.069825036637502 3.456548182909158
4.498027505467184 4.173559608170189
3.8257514725914388 4.797340608384347
3.0680144736820045 5.313956946773918
2.241743101171819 5.7118682680220845
1.36539489215042 5.9821858907408245
0.45854601748552143 6.118871365925028
-0.45854601748551926 6.118871365925028
-1.3653948921504193 5.9821858907408245
-2.2417431011718194 5.7118682680220845
-3.0680144736820023 5.313956946773919
-3.825751472591438 4.797340608384347
-4.498027505467184 4.173559608170189
-5.069825036637503 3.456548182909157
-5.5283710541230215 2.6623231830158702
-5.863422397617603 1.8086262825706374
-6.067494573763257 0.9145276596377395
-6.136028947364007 7.514468209864835e-16
-6.067494573763257 -0.9145276596377353
-5.8634223976176045 -1.8086262825706332
-5.528371054123022 -2.662323183015869
-5.069825036637502 -3.456548182909158
-4.498027505467184 -4.17355960817019
-3.825751472591439 -4.797340608384346
-3.0680144736820063 -5.313956946773917
-2.241743101171818 -5.7118682680220845
-1.3653948921504209 -5.9821858907408245
-0.4585460174855235 -6.118871365925028
0.45854601748552126 -6.118871365925028
1.3653948921504186 -5.9821858907408245
2.241743101171821 -5.711868268022084
3.0680144736819996 -5.313956946773921
3.825751472591437 -4.797340608384347
4.498027505467186 -4.173559608170188
5.069825036637499 -3.4565481829091627
5.5283710541230215 -2.662323183015871
5.863422397617603 -1.808626282570638
6.067494573763256 -0.914527659637743
5.481307287987321 0.0
5.4200856143743215 0.8169464598096112
5.237788184558066 1.6156436856704632
4.938487221883216 2.378250101364261
4.528868615275974 3.0877303397335725
4.0180825675335745 3.7282357846340295
3.4175391949140472 4.2854586028299435
2.740653643993661 4.7469513573458055
2.0025464194602742 5.102405062639555
1.2197056170244918 5.3438794703044925
0.4096186066072426 5.465980441097833
-0.4096186066072407 5.465980441097833
-1.219705617024491 5.3438794703044925
-2.002546419460275 5.102405062639555
-2.7406536439936593 4.746951357345806
-3.417539194914047 4.285458602829944
-4.0180825675335745 3.7282357846340295
-4.528868615275975 3.0877303397335716
-4.938487221883215 2.3782501013642614
-5.237788184558066 1.6156436856704655
-5.4200856143743215 0.8169464598096127
-5.481307287987321 6.712665425376732e-16
-5.420085614374322 -0.8169464598096089
-5.237788184558067 -1.6156436856704617
-4.938487221883216 -2.3782501013642605
-4.528868615275974 -3.0877303397335725
-4.0180825675335745 -3.72823578463403
-3.417539194914048 -4.285458602829943
-2.740653643993663 -4.746951357345805
-2.002546419460274 -5.102405062639555
-1.2197056170244924 -5.3438794703044925
-0.4096186066072444 -5.465980441097833
0.4096186066072424 -5.465980441097833
1.2197056170244907 -5.3438794703044925
2.0025464194602765 -5.102405062639554
2.740653643993657 -4.746951357345808
3.417539194914046 -4.285458602829944
4.018082567533576 -3.728235784634028
4.528868615275972 -3.0877303397335765
4.938487221883215 -2.3782501013642623
5.237788184558066 -1.615643685670466
5.420085614374321 -0.8169464598096158
1.0 0.5 0.4 0.32000000000000006 0.25600000000000006 0.20480000000000007 0.16384000000000007 0.13107200000000005 0.10485760000000005 0.08388608000000004 0.06710886400000003 0.05368709120000003 0.042949672960000025 0.03435973836800002 0.027487790694400018 