0.0 0.0
2.114346132128869 0.0
2.100049679973707 0.24546060394824948
2.0573536584982866 0.48760177431180957
1.9868354581487255 0.723148967150789
1.8894487166119156 0.9489168107594544
1.7665104225017563 1.1618521823540962
1.6196831053474245 1.3590754963210954
1.4509523527335368 1.5379196456724658
1.2625999586343084 1.695966070092486
1.0571730660644347 1.8310774628169697
0.8374497213393988 1.9414266740407355
0.6064013057647497 2.0255214199842757
0.367152352801301 2.0822244634718845
0.1229382941101591 2.1107689931135507
-0.12293829411015929 2.1107689931135507
-0.36715235280130026 2.082224463471885
-0.6064013057647495 2.0255214199842757
-0.8374497213393985 1.9414266740407355
-1.057173066064434 1.83107746281697
-1.262599958634308 1.6959660700924863
-1.4509523527335366 1.5379196456724662
-1.619683105347425 1.3590754963210951
-1.7665104225017558 1.1618521823540966
-1.8894487166119154 0.9489168107594548
-1.9868354581487253 0.7231489671507894
-2.0573536584982866 0.4876017743118099
-2.100049679973707 0.2454606039482488
-2.114346132128869 2.589327223001206e-16
-2.100049679973707 -0.24546060394824926
-2.0573536584982866 -0.4876017743118094
-1.9868354581487258 -0.723148967150788
-1.8894487166119156 -0.9489168107594543
-1.7665104225017563 -1.1618521823540962
-1.6196831053474245 -1.3590754963210954
-1.4509523527335368 -1.5379196456724658
-1.2625999586343084 -1.695966070092486
-1.0571730660644354 -1.8310774628169693
-0.8374497213393987 -1.9414266740407355
-0.6064013057647505 -2.0255214199842753
-0.3671523528013008 -2.0822244634718845
-0.12293829411016027 -2.1107689931135507
0.12293829411015762 -2.1107689931135507
0.3671523528013019 -2.0822244634718845
0.6064013057647497 -2.0255214199842757
0.837449721339398 -1.9414266740407358
1.0571730660644347 -1.8310774628169697
1.2625999586343077 -1.6959660700924863
1.450952352733537 -1.5379196456724658
1.619683105347424 -1.359075496321096
1.7665104225017552 -1.1618521823540977
1.8894487166119154 -0.9489168107594551
1.9868354581487249 -0.7231489671507906
2.057353658498287 -0.48760177431180834
2.100049679973707 -0.2454606039482491
3.2687519990218528 0.0
3.2466498673741584 0.3794789451191186
3.180642365845759 0.7538260884955165
3.071622132660022 1.1179790272015202
2.92106347944833 1.4670132174396295
2.731002453714429 1.7962085705494026
2.5040093047847414 2.1011132841093536
2.2431537255954535 2.377604044927707
1.9519633403615566 2.6219417897798403
1.6343759995109268 2.830822269824091
1.2946865270126018 3.001420734898959
0.9374886402503061 3.131430133423224
0.5676128278752807 3.219092311310874
0.190061025733901 3.263221787989032
-0.1900610257339013 3.263221787989032
-0.5676128278752796 3.2190923113108743
-0.9374886402503058 3.131430133423224
-1.2946865270126016 3.001420734898959
-1.6343759995109257 2.830822269824091
-1.951963340361556 2.6219417897798407
-2.243153725595453 2.377604044927708
-2.5040093047847423 2.101113284109353
-2.731002453714428 1.7962085705494033
-2.9210634794483297 1.46701321743963
-3.0716221326600217 1.1179790272015206
-3.180642365845759 0.753826088495517
-3.2466498673741584 0.37947894511911756
-3.2687519990218528 4.0030666728086243e-16
-3.2466498673741584 -0.3794789451191182
-3.180642365845759 -0.7538260884955162
-3.071622132660022 -1.1179790272015186
-2.92106347944833 -1.4670132174396293
-2.731002453714429 -1.7962085705494026
-2.5040093047847414 -2.1011132841093536
-2.2431537255954535 -2.377604044927707
-1.9519633403615566 -2.6219417897798403
-1.634375999510928 -2.83082226982409
-1.2946865270126018 -3.001420734898959
-0.9374886402503072 -3.131430133423224
-0.5676128278752803 -3.219092311310874
-0.19006102573390282 -3.263221787989032
0.19006102573389871 -3.2632217879890324
0.567612827875282 -3.219092311310874
0.9374886402503061 -3.131430133423224
1.2946865270126007 -3.001420734898959
1.6343759995109268 -2.830822269824091
1.9519633403615557 -2.6219417897798407
2.243153725595454 -2.377604044927707
2.5040093047847405 -2.1011132841093545
2.7310024537144275 -1.7962085705494049
2.9210634794483297 -1.4670132174396304
3.071622132660021 -1.1179790272015226
3.1806423658457597 -0.7538260884955146
3.2466498673741584 -0.379478945119118
4.087959685366659 0.0
4.06031836440885 0.47458315270067475
3.977768202983138 0.9427483824008238
3.8414255504093333 1.3981645574986603
3.6531342071698734 1.8346729554850958
3.4154404906713065 2.2463705491004866
3.1315588006695347 2.627689834651772
2.805328150027369 2.9734741229489607
2.441160248651319 3.2790472746802086
2.04397984268333 3.5402769371741676
1.6191581157575319 3.7536304273808834
1.1724400529557695 3.916222505349785
0.7098667497397986 4.025854392150433
0.23769371649856638 4.081043504585582
-0.23769371649856677 4.081043504585582
-0.7098667497397972 4.025854392150433
-1.172440052955769 3.916222505349785
-1.6191581157575314 3.7536304273808834
-2.0439798426833287 3.540276937174168
-2.441160248651318 3.2790472746802095
-2.8053281500273686 2.9734741229489616
-3.131558800669536 2.6276898346517714
-3.4154404906713056 2.2463705491004875
-3.653134207169873 1.8346729554850965
-3.841425550409333 1.398164557498661
-3.977768202983138 0.9427483824008245
-4.06031836440885 0.47458315270067347
-4.087959685366659 5.0063067437277e-16
-4.06031836440885 -0.4745831527006743
-3.977768202983138 -0.9427483824008235
-3.8414255504093338 -1.3981645574986583
-3.6531342071698734 -1.8346729554850956
-3.4154404906713065 -2.2463705491004866
-3.1315588006695347 -2.627689834651772
-2.805328150027369 -2.9734741229489607
-2.441160248651319 -3.2790472746802086
-2.0439798426833313 -3.5402769371741667
-1.6191581157575317 -3.7536304273808834
-1.1724400529557708 -3.9162225053497846
-0.7098667497397982 -4.025854392150433
-0.23769371649856866 -4.081043504585582
0.23769371649856352 -4.081043504585582
0.7098667497398002 -4.025854392150433
1.1724400529557695 -3.916222505349785
1.61915811575753 -3.753630427380884
2.04397984268333 -3.5402769371741676
2.4411602486513178 -3.2790472746802095
2.8053281500273695 -2.9734741229489607
3.131558800669534 -2.627689834651773
3.4154404906713047 -2.2463705491004893
3.653134207169873 -1.834672955485097
3.841425550409332 -1.3981645574986632
3.977768202983139 -0.9427483824008215
4.06031836440885 -0.47458315270067397
4.74881447765367 0.0
4.716704693005894 0.5513037113508975
4.620809568816108 1.0951519857584073
4.462425922132442 1.6241902082741189
4.243695620071695 2.131264044495053
3.9675766147409317 2.6095161906633164
3.637802942009546 3.052479106935834
3.258834225079809 3.4541624797657646
2.8357953657334676 3.809134230616937
2.3744072388268354 4.112593975507408
1.8809093272724267 4.3604379419678345
1.3619753437363002 4.549314465524172
0.8246229801228958 4.676669315209953
0.27611900533076256 4.740780235158369
-0.276119005330763 4.740780235158369
-0.8246229801228943 4.676669315209954
-1.3619753437362998 4.549314465524172
-1.880909327272426 4.3604379419678345
-2.374407238826834 4.112593975507408
-2.8357953657334667 3.809134230616938
-3.2588342250798084 3.4541624797657655
-3.637802942009547 3.0524791069358335
-3.967576614740931 2.6095161906633177
-4.243695620071694 2.1312640444950537
-4.462425922132441 1.6241902082741195
-4.620809568816108 1.095151985758408
-4.716704693005894 0.5513037113508961
-4.74881447765367 5.815620449803177e-16
-4.716704693005894 -0.5513037113508971
-4.620809568816108 -1.0951519857584069
-4.462425922132442 -1.6241902082741164
-4.243695620071695 -2.131264044495053
-3.9675766147409317 -2.6095161906633164
-3.637802942009546 -3.052479106935834
-3.258834225079809 -3.4541624797657646
-2.8357953657334676 -3.809134230616937
-2.374407238826837 -4.112593975507406
-1.8809093272724264 -4.3604379419678345
-1.3619753437363018 -4.549314465524172
-0.8246229801228954 -4.676669315209953
-0.2761190053307652 -4.740780235158369
0.2761190053307593 -4.74078023515837
0.8246229801228978 -4.676669315209953
1.3619753437363002 -4.549314465524172
1.8809093272724249 -4.360437941967835
2.3744072388268354 -4.112593975507408
2.8357953657334662 -3.809134230616938
3.2588342250798097 -3.4541624797657646
3.637802942009545 -3.0524791069358357
3.9675766147409295 -2.6095161906633195
4.243695620071694 -2.131264044495054
4.46242592213244 -1.6241902082741222
4.62080956881611 -1.0951519857584044
4.716704693005894 -0.5513037113508966
5.35006837162612 0.0
5.313893123241039 0.6211050280313015
5.205856586262147 1.2338106760541467
5.027419769517147 1.8298311512656926
4.7809957248470285 2.4011062992022243
4.46991691471948 2.9399106035012106
4.098390146390789 3.4389576602571093
3.6714396820544173 3.8914987141344817
3.1948392943138724 4.291413923706521
2.6750341858130606 4.633295121811865
2.119053828927167 4.912518951737823
1.5344169042077302 5.125309390188629
0.9290296231263576 5.2687888115228025
0.31107881012754796 5.341016902703435
-0.3110788101275485 5.341016902703435
-0.9290296231263558 5.2687888115228025
-1.5344169042077296 5.125309390188629
-2.119053828927166 4.912518951737823
-2.675034185813059 4.633295121811865
-3.1948392943138715 4.291413923706522
-3.671439682054417 3.8914987141344826
-4.09839014639079 3.438957660257109
-4.469916914719479 2.939910603501212
-4.7809957248470285 2.401106299202225
-5.027419769517146 1.8298311512656935
-5.205856586262147 1.2338106760541476
-5.313893123241039 0.6211050280312999
-5.35006837162612 6.55194410653142e-16
-5.313893123241039 -0.621105028031301
-5.205856586262147 -1.2338106760541463
-5.027419769517147 -1.82983115126569
-4.7809957248470285 -2.4011062992022243
-4.46991691471948 -2.9399106035012106
-4.098390146390789 -3.4389576602571093
-3.6714396820544173 -3.8914987141344817
-3.1948392943138724 -4.291413923706521
-2.6750341858130624 -4.633295121811863
-2.1190538289271665 -4.912518951737823
-1.534416904207732 -5.125309390188629
-0.9290296231263572 -5.2687888115228025
-0.31107881012755095 -5.341016902703435
0.31107881012754424 -5.341016902703435
0.9290296231263598 -5.2687888115228025
1.5344169042077302 -5.125309390188629
2.1190538289271648 -4.912518951737824
2.6750341858130606 -4.633295121811865
3.1948392943138706 -4.291413923706522
3.6714396820544177 -3.8914987141344817
4.098390146390788 -3.438957660257111
4.4699169147194775 -2.939910603501214
4.7809957248470285 -2.401106299202226
5.027419769517144 -1.8298311512656966
5.205856586262148 -1.2338106760541436
5.313893123241039 -0.6211050280313005
1.0 0.5 0.4 0.32000000000000006 0.25600000000000006 0.20480000000000007 