0.0 0.0
1.214328504961144 0.0
1.1410955353219714 0.4153248093112555
0.9302296033464608 0.7805553170782026
0.6071642524805722 1.0516393338359284
0.21086593197551073 1.1958801263894583
-0.2108659319755106 1.1958801263894583
-0.6071642524805718 1.0516393338359287
-0.9302296033464607 0.7805553170782029
-1.1410955353219714 0.4153248093112557
-1.214328504961144 1.487123516714056e-16
-1.1410955353219714 -0.4153248093112554
-0.9302296033464612 -0.7805553170782022
-0.6071642524805726 -1.0516393338359282
-0.21086593197551065 -1.1958801263894583
0.2108659319755102 -1.1958801263894583
0.6071642524805713 -1.051639333835929
0.9302296033464604 -0.780555317078203
1.1410955353219714 -0.41532480931125537
1.964684092495076 0.0
1.846199143893082 0.6719615349048272
1.505035331540105 1.2628745916040773
0.9823420462475382 1.7014663345119114
0.3411638123529769 1.9348361265089047
-0.34116381235297666 1.9348361265089047
-0.9823420462475375 1.7014663345119116
-1.5050353315401048 1.2628745916040778
-1.8461991438930818 0.6719615349048276
-1.964684092495076 2.406044085209817e-16
-1.846199143893082 -0.6719615349048271
-1.5050353315401057 -1.262874591604077
-0.9823420462475388 -1.701466334511911
-0.3411638123529767 -1.9348361265089047
0.341163812352976 -1.934836126508905
0.9823420462475366 -1.7014663345119123
1.5050353315401046 -1.262874591604078
1.846199143893082 -0.671961534904827
2.4567042144499514 0.0
2.308546821772261 0.8402423275349468
1.8819446118663594 1.5791390297131314
1.228352107224976 2.1275682592979512
0.42660220990590186 2.4193813572480782
-0.4266022099059016 2.4193813572480782
-1.2283521072249752 2.1275682592979512
-1.881944611866359 1.5791390297131318
-2.308546821772261 0.8402423275349471
-2.4567042144499514 3.008594952677946e-16
-2.308546821772261 -0.8402423275349465
-1.88194461186636 -1.5791390297131305
-1.2283521072249768 -2.127568259297951
-0.42660220990590164 -2.4193813572480782
0.42660220990590075 -2.4193813572480787
1.2283521072249741 -2.127568259297952
1.8819446118663588 -1.5791390297131322
2.308546821772261 -0.8402423275349464
2.8361740895519874 0.0
2.6651318632161947 0.9700286686051187
2.1726354010193267 1.8230575636780186
1.418087044775994 2.4561988111072224
0.4924964621968681 2.7930862322831373
-0.4924964621968678 2.7930862322831373
-1.418087044775993 2.456198811107223
-2.1726354010193263 1.8230575636780193
-2.665131863216194 0.9700286686051192
-2.8361740895519874 3.4733115205945e-16
-2.6651318632161947 -0.9700286686051185
-2.1726354010193276 -1.8230575636780177
-1.418087044775995 -2.456198811107222
-0.4924964621968679 -2.7930862322831373
0.4924964621968669 -2.793086232283138
1.4180870447759917 -2.4561988111072237
2.172635401019326 -1.8230575636780195
2.6651318632161947 -0.9700286686051184
3.5952068812978855 0.0
3.3783893765543422 1.2296331728269332
2.754088253281356 2.310954437558065
1.7976034406489432 3.1135404910645934
0.624301123272986 3.5405876103849985
-0.6243011232729856 3.5405876103849985
-1.7976034406489418 3.113540491064594
-2.7540882532813558 2.310954437558066
-3.378389376554342 1.2296331728269339
-3.5952068812978855 4.4028585994539934e-16
-3.3783893765543422 -1.229633172826933
-2.7540882532813575 -2.310954437558064
-1.7976034406489443 -3.1135404910645925
-0.6243011232729857 -3.5405876103849985
0.6243011232729844 -3.540587610384999
1.7976034406489403 -3.113540491064595
2.7540882532813558 -2.3109544375580664
3.3783893765543422 -1.2296331728269327
3.124361873787187 0.0
2.9359397974626535 1.0685946958739485
2.3934000517074723 2.0083011006474227
1.562180936893594 2.705776753315254
0.542539745755181 3.0768957965213715
-0.5425397457551807 3.0768957965213715
-1.5621809368935928 2.7057767533152544
-2.393400051707472 2.0083011006474236
-2.935939797462653 1.0685946958739492
-3.124361873787187 3.8262397681115055e-16
-2.9359397974626535 -1.0685946958739483
-2.393400051707473 -2.008301100647422
-1.5621809368935948 -2.705776753315253
-0.5425397457551808 -3.0768957965213715
0.5425397457551797 -3.076895796521372
1.5621809368935915 -2.7057767533152552
2.393400051707472 -2.0083011006474236
2.9359397974626535 -1.0685946958739483
3.350034631497728 0.0
3.1480028225956547 1.1457793248108066
2.5662754137149677 2.1533607531475507
1.6750173157488644 2.9012150944346726
0.5817274088806872 3.2991400779583575
-0.5817274088806869 3.2991400779583575
-1.6750173157488633 2.901215094434673
-2.5662754137149673 2.1533607531475516
-3.1480028225956547 1.1457793248108072
-3.350034631497728 4.1026091884964755e-16
-3.1480028225956547 -1.1457793248108064
-2.5662754137149686 -2.15336075314755
-1.6750173157488655 -2.901215094434672
-0.581727408880687 -3.2991400779583575
0.5817274088806857 -3.299140077958358
1.6750173157488617 -2.9012150944346744
2.566275413714967 -2.153360753147552
3.1480028225956547 -1.1457793248108064
3.82957428711476 0.0
3.598622698353196 1.3097915465552858
2.9336241021555836 2.461602902131529
1.9147871435573804 3.3165086183210635
0.6649985961976123 3.771394448686815
-0.6649985961976118 3.771394448686815
-1.9147871435573791 3.316508618321064
-2.933624102155583 2.46160290213153
-3.5986226983531955 1.3097915465552865
-3.82957428711476 4.689875892812098e-16
-3.598622698353196 -1.3097915465552856
-2.933624102155585 -2.4616029021315278
-1.9147871435573818 -3.3165086183210626
-0.6649985961976119 -3.771394448686815
0.6649985961976105 -3.7713944486868156
1.9147871435573776 -3.3165086183210652
2.9336241021555827 -2.4616029021315304
3.598622698353196 -1.3097915465552854
4.145978213702303 0.0
3.8959451333551964 1.4180080628755618
3.1760035718989963 2.6649834257981713
2.072989106851152 3.5905224566030225
0.7199415614562004 4.082991488673733
-0.7199415614561999 4.082991488673733
-2.072989106851151 3.5905224566030234
-3.176003571898996 2.664983425798172
-3.895945133355196 1.4180080628755625
-4.145978213702303 5.0773589487451865e-16
-3.8959451333551964 -1.4180080628755616
-3.1760035718989976 -2.66498342579817
-2.0729891068511535 -3.5905224566030216
-0.7199415614562 -4.082991488673733
0.7199415614561985 -4.082991488673734
2.072989106851149 -3.5905224566030247
3.1760035718989954 -2.6649834257981726
3.8959451333551964 -1.4180080628755614
3.9925833559623958 0.0
3.7518011174705013 1.365543931645938
3.0584962935243136 2.5663831118533293
1.9962916779811983 3.457678612990363
0.6933048239461874 3.9319270434992677
-0.693304823946187 3.9319270434992677
-1.996291677981197 3.4576786129903634
-3.058496293524313 2.5663831118533302
-3.751801117470501 1.3655439316459386
-3.9925833559623958 4.889504427208345e-16
-3.7518011174705013 -1.3655439316459377
-3.058496293524315 -2.566383111853328
-1.9962916779811997 -3.457678612990362
-0.6933048239461871 -3.9319270434992677
0.6933048239461856 -3.931927043499268
1.9962916779811952 -3.4576786129903647
3.0584962935243127 -2.5663831118533307
3.7518011174705013 -1.3655439316459375
4.294962176486403 0.0
4.035944263798857 1.4689635791802056
3.2901319087036005 2.7607484711177914
2.147481088243202 3.7195463531305286
0.7458123550952571 4.229712050297997
-0.7458123550952566 4.229712050297997
-2.1474810882432007 3.719546353130529
-3.2901319087036 2.7607484711177923
-4.035944263798857 1.4689635791802065
-4.294962176486403 5.259811681893023e-16
-4.035944263798857 -1.4689635791802054
-3.290131908703602 -2.7607484711177896
-2.1474810882432034 -3.7195463531305277
-0.7458123550952568 -4.229712050297997
0.7458123550952552 -4.229712050297998
2.147481088243199 -3.7195463531305304
3.2901319087035996 -2.7607484711177928
4.035944263798857 -1.4689635791802051
4.418551195954167 0.0
4.152079953402881 1.511233513332049
3.3848065902974036 2.840189961524978
2.2092755979770837 3.826577583618421
0.767273363105477 4.351423474857027
-0.7672733631054764 4.351423474857027
-2.2092755979770824 3.8265775836184215
-3.384806590297403 2.840189961524979
-4.152079953402881 1.5112335133320496
-4.418551195954167 5.41116457899398e-16
-4.152079953402881 -1.5112335133320487
-3.3848065902974054 -2.8401899615249766
-2.209275597977085 -3.82657758361842
-0.7672733631054766 -4.351423474857027
0.767273363105475 -4.351423474857028
2.20927559797708 -3.8265775836184233
3.3848065902974027 -2.8401899615249797
4.152079953402881 -1.5112335133320485
4.529915304099778 0.0
4.256727984047716 1.5493222815613463
3.4701164465052505 2.911773430404769
2.2649576520498895 3.9230217303423185
0.7866115375424654 4.461095711966116
-0.7866115375424649 4.461095711966116
-2.264957652049888 3.923021730342319
-3.47011644650525 2.9117734304047698
-4.256727984047715 1.549322281561347
-4.529915304099778 5.547546277574403e-16
-4.256727984047716 -1.549322281561346
-3.470116446505252 -2.9117734304047675
-2.2649576520498913 -3.923021730342317
-0.786611537542465 -4.461095711966116
0.7866115375424634 -4.461095711966116
2.264957652049886 -3.9230217303423203
3.4701164465052496 -2.9117734304047707
4.256727984047716 -1.5493222815613459
4.631372221304472 0.0
4.352066300472654 1.5840225909250762
3.5478369541458887 2.9769886797009395
2.3156861106522366 4.010885998031238
0.8042293463267651 4.561011270626016
-0.8042293463267647 4.561011270626016
-2.3156861106522353 4.010885998031238
-3.5478369541458883 2.9769886797009404
-4.352066300472654 1.5840225909250771
-4.631372221304472 5.671795166480489e-16
-4.352066300472654 -1.584022590925076
-3.54783695414589 -2.9769886797009377
-2.3156861106522384 -4.010885998031237
-0.8042293463267648 -4.561011270626016
0.8042293463267631 -4.561011270626016
2.315686110652233 -4.01088599803124
3.547836954145888 -2.976988679700941
4.352066300472654 -1.5840225909250758
4.724850888345507 0.0
4.439907514092018 1.6159941780243436
3.619445767582843 3.03707560864493
2.362425444172754 4.091840898400681
0.8204617465091747 4.653069786669274
-0.8204617465091741 4.653069786669274
-2.362425444172753 4.091840898400682
-3.6194457675828424 3.037075608644931
-4.439907514092017 1.6159941780243443
-4.724850888345507 5.786273516860853e-16
-4.439907514092018 -1.6159941780243434
-3.619445767582844 -3.037075608644929
-2.362425444172756 -4.09184089840068
-0.8204617465091743 -4.653069786669274
0.8204617465091726 -4.653069786669275
2.3624254441727506 -4.091840898400683
3.6194457675828415 -3.037075608644932
4.439907514092018 -1.615994178024343
4.8122486732543015 0.0
4.522034567643845 1.6458859809451953
3.686396355053132 3.0932538218983523
2.406124336627151 4.167529600366185
0.8356382125907131 4.739139802843548
-0.8356382125907126 4.739139802843548
-2.40612433662715 4.167529600366186
-3.6863963550531316 3.093253821898353
-4.5220345676438445 1.645885980945196
-4.8122486732543015 5.893304934401977e-16
-4.522034567643845 -1.6458859809451951
-3.686396355053134 -3.0932538218983505
-2.406124336627153 -4.167529600366184
-0.8356382125907127 -4.739139802843548
0.835638212590711 -4.739139802843549
2.4061243366271476 -4.167529600366188
3.686396355053131 -3.093253821898354
4.522034567643845 -1.6458859809451947
4.895672429418959 0.0
4.600427255710017 1.6744185859853973
3.750302659887181 3.1468775787145056
2.44783621470948 4.239776692483898
0.8501245958228363 4.821296164699903
-0.8501245958228357 4.821296164699903
-2.4478362147094788 4.239776692483899
-3.7503026598871805 3.1468775787145065
-4.6004272557100165 1.674418585985398
-4.895672429418959 5.995469570361875e-16
-4.600427255710017 -1.6744185859853968
-3.7503026598871827 -3.146877578714504
-2.447836214709482 -4.239776692483897
-0.8501245958228358 -4.821296164699903
0.8501245958228342 -4.821296164699904
2.4478362147094765 -4.2397766924838995
3.7503026598871796 -3.146877578714507
4.600427255710017 -1.6744185859853966
5.057738338236524 0.0
4.752719394306844 1.7298483913473854
3.874452348755903 3.2510515368550243
2.5288691691182623 4.380129886607321
0.8782670455509413 4.98089992820241
-0.8782670455509407 4.98089992820241
-2.5288691691182605 4.380129886607322
-3.8744523487559026 3.2510515368550252
-4.752719394306844 1.729848391347386
-5.057738338236524 6.193943066846212e-16
-4.752719394306844 -1.729848391347385
-3.874452348755905 -3.2510515368550226
-2.528869169118264 -4.38012988660732
-0.8782670455509408 -4.98089992820241
0.878267045550939 -4.980899928202411
2.5288691691182583 -4.380129886607323
3.874452348755902 -3.251051536855026
4.752719394306844 -1.7298483913473848
4.972651792317569 0.0
4.672764194978641 1.7007470787170984
3.8092722730705 3.1963589593872954
2.486325896158785 4.3064427763212345
0.8634919219081412 4.897106038104394
-0.8634919219081406 4.897106038104394
-2.4863258961587835 4.306442776321235
-3.8092722730704995 3.1963589593872963
-4.67276419497864 1.700747078717099
-4.972651792317569 6.08974210073606e-16
-4.672764194978641 -1.700747078717098
-3.8092722730705018 -3.1963589593872936
-2.4863258961587866 -4.306442776321234
-0.8634919219081407 -4.897106038104394
0.863491921908139 -4.897106038104394
2.4863258961587813 -4.306442776321237
3.8092722730704986 -3.1963589593872967
4.672764194978641 -1.7007470787170977
1.0 0.5 0.4 0.32000000000000006 0.25600000000000006 0.20480000000000007 0.16384000000000007 0.13107200000000005 0.10485760000000005 0.08388608000000004 0.06710886400000003 0.05368709120000003 0.042949672960000025 0.03435973836800002 0.027487790694400018 0.021990232555520017 0.017592186044416015 0.014073748835532814 0.011258999068426251 0.009007199254741001 