0.0 0.0
2.440466112116797 0.0
2.434521259325078 0.1702383102733029
2.4167156636751495 0.33964723661124935
2.387136072239204 0.5074014357536466
2.3459265938133878 0.6726836261048661
2.2932879968342297 0.8346885694476244
2.2294767312549983 0.9926269939826353
2.15480367914731 1.1457294395814797
2.0696326401149245 1.2932500065190031
1.9743785588986447 1.4344699894218025
1.869505503807249 1.5687013787285577
1.755524405823341 1.6952902126034586
1.6329905693989577 1.8136197629725317
1.5025009670681007 1.9231135401608241
1.3646913310565567 2.02323810149215
1.2202330560583987 2.113505650168188
1.0698299282685215 2.1934764117654524
0.9142146966070483 2.2627607767720734
0.7541455028402462 2.3210211987261786
0.5904021879900472 2.367973838708325
0.42378249302698046 2.4033899481761822
0.2550981723563537 2.427096983404438
0.08517103903238579 2.438979446100483
-0.08517103903238495 2.438979446100483
-0.25509817235635335 2.427096983404438
-0.42378249302698023 2.4033899481761822
-0.5904021879900468 2.367973838708325
-0.7541455028402458 2.3210211987261786
-0.9142146966070487 2.2627607767720734
-1.0698299282685217 2.1934764117654524
-1.220233056058398 2.1135056501681886
-1.3646913310565565 2.02323810149215
-1.5025009670681007 1.9231135401608241
-1.6329905693989577 1.813619762972532
-1.755524405823341 1.6952902126034584
-1.8695055038072488 1.5687013787285582
-1.9743785588986444 1.434469989421803
-2.0696326401149245 1.2932500065190031
-2.1548036791473097 1.1457294395814803
-2.229476731254998 0.992626993982636
-2.2932879968342292 0.8346885694476248
-2.3459265938133873 0.6726836261048673
-2.387136072239204 0.5074014357536466
-2.416715663675149 0.3396472366112501
-2.434521259325078 0.17023831027330344
-2.440466112116797 2.9887090126314213e-16
-2.4345212593250785 -0.17023831027330175
-2.416715663675149 -0.33964723661124957
-2.387136072239204 -0.507401435753646
-2.3459265938133878 -0.6726836261048658
-2.2932879968342297 -0.8346885694476243
-2.229476731254999 -0.9926269939826345
-2.1548036791473097 -1.1457294395814799
-2.0696326401149245 -1.293250006519003
-1.9743785588986449 -1.4344699894218023
-1.869505503807249 -1.5687013787285577
-1.7555244058233408 -1.695290212603459
-1.6329905693989581 -1.8136197629725315
-1.5025009670681 -1.9231135401608244
-1.3646913310565578 -2.023238101492149
-1.2202330560583996 -2.1135056501681877
-1.0698299282685222 -2.193476411765452
-0.9142146966070492 -2.262760776772073
-0.7541455028402464 -2.3210211987261786
-0.5904021879900468 -2.367973838708325
-0.4237824930269803 -2.4033899481761822
-0.2550981723563534 -2.427096983404438
-0.08517103903238718 -2.4389794461004826
0.08517103903238628 -2.438979446100483
0.2550981723563525 -2.427096983404438
0.4237824930269794 -2.4033899481761822
0.5904021879900461 -2.367973838708325
0.7541455028402456 -2.3210211987261786
0.9142146966070483 -2.2627607767720734
1.0698299282685215 -2.1934764117654524
1.2202330560583987 -2.113505650168188
1.3646913310565554 -2.0232381014921503
1.502500967068101 -1.9231135401608235
1.6329905693989566 -1.8136197629725328
1.7555244058233404 -1.6952902126034595
1.8695055038072486 -1.5687013787285584
1.9743785588986444 -1.4344699894218031
2.069632640114923 -1.2932500065190053
2.1548036791473097 -1.1457294395814797
2.2294767312549983 -0.9926269939826353
2.2932879968342297 -0.8346885694476242
2.3459265938133873 -0.6726836261048676
2.3871360722392034 -0.5074014357536479
2.416715663675149 -0.33964723661125046
2.4345212593250785 -0.17023831027330158
3.6508449083331396 0.0
3.6419516336272633 0.2546700669920142
3.6153151366500538 0.5080994070169889
3.5710651877372914 0.7590533378049505
3.50941736819209 1.0063092370309012
3.4306720199944576 1.2486624988078883
3.3352127825653572 1.4849324024057986
3.2235047237140155 1.7139678646040712
3.0960920738743005 1.9346530476534398
2.953595574668757 2.1459127955252852
2.796709454717816 2.3467178719637314
2.6261980474277418 2.536089974821226
2.4428920672351038 2.713106502248264
2.2476845624495483 2.8769050475168614
2.0415265644122007 3.02668760057944
1.8254224541665702 3.1617244358935688
1.6004250692150628 3.281357667571454
1.3676305742005048 3.38500445453385
1.1281731205021874 3.472159840053215
0.883219320764349 3.5423992118521275
0.6339625652766413 3.5953803707716196
0.38161720789660025 3.630845197931084
0.12741264983971526 3.648620912257511
-0.127412649839714 3.648620912257511
-0.38161720789659975 3.6308451979310843
-0.6339625652766409 3.5953803707716196
-0.8832193207643485 3.5423992118521275
-1.128173120502187 3.4721598400532154
-1.3676305742005053 3.38500445453385
-1.600425069215063 3.2813576675714535
-1.825422454166569 3.161724435893569
-2.0415265644122003 3.02668760057944
-2.2476845624495483 2.8769050475168614
-2.4428920672351038 2.7131065022482646
-2.6261980474277418 2.5360899748212256
-2.7967094547178157 2.3467178719637323
-2.9535955746687566 2.1459127955252857
-3.0960920738743005 1.9346530476534398
-3.2235047237140146 1.7139678646040724
-3.335212782565357 1.4849324024057995
-3.430672019994457 1.248662498807889
-3.5094173681920893 1.006309237030903
-3.5710651877372914 0.7590533378049505
-3.6153151366500533 0.50809940701699
-3.6419516336272633 0.254670066992015
-3.6508449083331396 4.470995531173592e-16
-3.6419516336272637 -0.2546700669920125
-3.6153151366500533 -0.5080994070169892
-3.5710651877372914 -0.7590533378049497
-3.50941736819209 -1.0063092370309006
-3.4306720199944576 -1.248662498807888
-3.335212782565358 -1.4849324024057973
-3.223504723714015 -1.7139678646040715
-3.096092073874301 -1.9346530476534394
-2.9535955746687574 -2.145912795525285
-2.796709454717816 -2.3467178719637314
-2.6261980474277413 -2.5360899748212264
-2.4428920672351047 -2.7131065022482637
-2.2476845624495474 -2.876905047516862
-2.0415265644122025 -3.0266876005794385
-1.8254224541665713 -3.161724435893568
-1.600425069215064 -3.281357667571453
-1.367630574200506 -3.3850044545338496
-1.1281731205021877 -3.472159840053215
-0.8832193207643485 -3.5423992118521275
-0.633962565276641 -3.5953803707716196
-0.38161720789659986 -3.6308451979310843
-0.12741264983971734 -3.6486209122575106
0.127412649839716 -3.648620912257511
0.38161720789659853 -3.6308451979310843
0.6339625652766396 -3.59538037077162
0.8832193207643473 -3.542399211852128
1.1281731205021865 -3.4721598400532154
1.3676305742005048 -3.38500445453385
1.6004250692150626 -3.281357667571454
1.8254224541665702 -3.1617244358935688
2.041526564412199 -3.026687600579441
2.247684562449549 -2.8769050475168605
2.4428920672351024 -2.7131065022482654
2.626198047427741 -2.5360899748212273
2.7967094547178153 -2.3467178719637327
2.9535955746687566 -2.145912795525286
3.0960920738742983 -1.934653047653443
3.223504723714015 -1.7139678646040712
3.3352127825653577 -1.4849324024057986
3.4306720199944576 -1.2486624988078878
3.5094173681920893 -1.0063092370309035
3.571065187737291 -0.7590533378049525
3.6153151366500533 -0.5080994070169905
3.6419516336272637 -0.2546700669920122
4.478684284382015 0.0
4.467774434563145 0.3124172226917207
4.4350980367982 0.6233123800785566
4.38081428721247 0.9311708222047912
4.305187650777352 1.2344926936862077
4.208586572863597 1.5318002408547569
4.091481684212493 1.821645011225883
3.9544435080702063 2.1026149102134335
3.798139680655873 2.3733410807125352
3.62333169850505 2.632504572033817
3.430871208535139 2.878842765698584
3.2216958589072138 3.111155526789131
2.996824730898427 3.3283110508854206
2.7573533740404716 3.529251378102454
2.5044484687123827 3.71299754736448
2.239342142191008 3.878654365804954
1.9633259658507627 4.025414770056201
1.6777446627577282 4.152563758181011
1.3839895563140427 4.259481873090212
1.0834917918701392 4.345648220475339
0.7777153643284572 4.410643006553341
0.46814998570744226 4.4541495832597
0.15630382741433355 4.47595599092597
-0.156303827414332 4.47595599092597
-0.4681499857074417 4.454149583259701
-0.7777153643284568 4.410643006553341
-1.0834917918701388 4.345648220475339
-1.3839895563140423 4.259481873090213
-1.6777446627577286 4.152563758181011
-1.963325965850763 4.025414770056201
-2.2393421421910067 3.8786543658049544
-2.5044484687123822 3.71299754736448
-2.7573533740404716 3.529251378102454
-2.996824730898427 3.328311050885421
-3.2216958589072138 3.11115552678913
-3.4308712085351387 2.878842765698585
-3.6233316985050497 2.6325045720338176
-3.798139680655873 2.3733410807125352
-3.9544435080702054 2.102614910213435
-4.091481684212492 1.8216450112258844
-4.208586572863596 1.5318002408547575
-4.305187650777351 1.23449269368621
-4.38081428721247 0.9311708222047912
-4.4350980367982 0.6233123800785579
-4.467774434563145 0.3124172226917217
-4.478684284382015 5.48480637325999e-16
-4.467774434563146 -0.31241722269171857
-4.4350980367982 -0.623312380078557
-4.38081428721247 -0.9311708222047901
-4.305187650777352 -1.234492693686207
-4.208586572863597 -1.5318002408547566
-4.091481684212494 -1.8216450112258817
-3.954443508070206 -2.102614910213434
-3.7981396806558734 -2.373341080712535
-3.623331698505051 -2.6325045720338167
-3.430871208535139 -2.878842765698584
-3.2216958589072133 -3.1111555267891315
-2.9968247308984277 -3.32831105088542
-2.7573533740404708 -3.5292513781024546
-2.504448468712385 -3.7129975473644787
-2.2393421421910094 -3.878654365804953
-1.963325965850764 -4.0254147700562
-1.6777446627577297 -4.15256375818101
-1.3839895563140432 -4.259481873090212
-1.0834917918701388 -4.345648220475339
-0.7777153643284569 -4.410643006553341
-0.4681499857074418 -4.454149583259701
-0.1563038274143361 -4.475955990925969
0.15630382741433446 -4.47595599092597
0.46814998570744015 -4.454149583259701
0.7777153643284552 -4.410643006553341
1.0834917918701372 -4.345648220475339
1.3839895563140416 -4.259481873090213
1.6777446627577282 -4.152563758181011
1.9633259658507625 -4.025414770056201
2.239342142191008 -3.878654365804954
2.5044484687123805 -3.7129975473644814
2.7573533740404725 -3.5292513781024533
2.996824730898425 -3.3283110508854223
3.221695858907212 -3.1111555267891324
3.4308712085351383 -2.8788427656985855
3.6233316985050497 -2.6325045720338185
3.7981396806558703 -2.3733410807125392
3.954443508070206 -2.1026149102134335
4.091481684212493 -1.821645011225883
4.208586572863597 -1.5318002408547564
4.305187650777351 -1.2344926936862106
4.380814287212469 -0.9311708222047936
4.4350980367982 -0.6233123800785586
4.467774434563146 -0.31241722269171823
5.099919677670467 0.0
5.087496529656728 0.35575241309256794
5.050287609943865 0.7097716361886564
4.988474196648491 1.060332923219229
4.902357438506718 1.4057283748321703
4.792356887707786 1.7442752591062514
4.659008455877973 2.074324209651903
4.502961803173013 2.3942672611584705
4.324977173199133 2.7025456832395776
4.125921689182612 2.997657574410884
3.906765129432591 3.278165179203145
3.6685752026786322 3.542701892762341
3.4125123463011127 3.7899789188111477
3.1398240727969555 4.018791548534856
2.8518388920241438 4.228025029801615
2.549959838835234 4.41665999812277
2.235657637632585 4.583777442894183
1.9104635371469094 4.7285631847235114
1.5759618503473787 4.850311842030377
1.2337822358280868 4.948430267594512
0.8855917582751958 5.022440438309397
0.5330867666953605 5.071981784062786
0.17798462997388084 5.0968129443980486
-0.17798462997387907 5.0968129443980486
-0.5330867666953598 5.071981784062787
-0.8855917582751952 5.022440438309397
-1.233782235828086 4.948430267594512
-1.575961850347378 4.8503118420303775
-1.91046353714691 4.7285631847235114
-2.235657637632585 4.583777442894182
-2.5499598388352323 4.416659998122771
-2.851838892024143 4.228025029801615
-3.1398240727969555 4.018791548534856
-3.4125123463011127 3.789978918811148
-3.6685752026786322 3.5427018927623406
-3.9067651294325905 3.2781651792031465
-4.125921689182611 2.9976575744108844
-4.324977173199133 2.7025456832395776
-4.5029618031730125 2.3942672611584723
-4.659008455877972 2.074324209651904
-4.792356887707786 1.7442752591062523
-4.902357438506717 1.4057283748321727
-4.988474196648491 1.060332923219229
-5.050287609943865 0.7097716361886579
-5.087496529656728 0.35575241309256905
-5.099919677670467 6.245600309167738e-16
-5.087496529656729 -0.3557524130925655
-5.050287609943865 -0.7097716361886567
-4.988474196648491 -1.0603329232192276
-4.902357438506718 -1.4057283748321694
-4.792356887707786 -1.7442752591062511
-4.659008455877974 -2.074324209651901
-4.502961803173013 -2.394267261158471
-4.324977173199134 -2.702545683239577
-4.125921689182613 -2.997657574410883
-3.906765129432591 -3.278165179203145
-3.668575202678632 -3.542701892762342
-3.4125123463011136 -3.789978918811147
-3.139824072796954 -4.018791548534856
-2.851838892024146 -4.228025029801613
-2.549959838835236 -4.416659998122769
-2.2356576376325865 -4.583777442894182
-1.9104635371469112 -4.7285631847235114
-1.5759618503473791 -4.850311842030377
-1.233782235828086 -4.948430267594512
-0.8855917582751953 -5.022440438309397
-0.53308676669536 -5.071981784062787
-0.17798462997388373 -5.096812944398048
0.17798462997388187 -5.0968129443980486
0.533086766695358 -5.071981784062787
0.8855917582751935 -5.022440438309397
1.2337822358280846 -4.948430267594512
1.5759618503473773 -4.8503118420303775
1.9104635371469094 -4.7285631847235114
2.2356576376325847 -4.583777442894183
2.549959838835234 -4.41665999812277
2.8518388920241406 -4.228025029801617
3.139824072796957 -4.018791548534854
3.4125123463011104 -3.78997891881115
3.6685752026786305 -3.542701892762343
3.9067651294325896 -3.278165179203147
4.125921689182611 -2.997657574410885
4.32497717319913 -2.702545683239582
4.502961803173013 -2.3942672611584705
4.659008455877973 -2.074324209651903
4.792356887707786 -1.7442752591062507
4.902357438506717 -1.4057283748321734
4.9884741966484905 -1.0603329232192318
5.050287609943865 -0.7097716361886586
5.087496529656729 -0.35575241309256517
5.586464979005967 0.0
5.572856631091857 0.3896920976305053
5.532097885852656 0.7774856545330673
5.464387315798117 1.161491379479329
5.370054800019301 1.5398384351774725
5.249559917050813 1.9106835528034498
5.103489705850369 2.2722200122214073
4.932555805804015 2.6226864441425803
4.737590989690559 2.9603754113394087
4.519545106496311 3.283641727108088
4.2794804538463 3.5909104704528083
4.01856660259702 3.8806846589425414
3.7380746988047893 4.151552541858964
3.4393712708299367 4.402194478104053
3.1239115717479913 4.631389365358859
2.793232489502984 4.838020589171268
2.4489450593438655 5.021081462989365
2.0927266150227197 5.17968013263712
1.7263126169933278 5.313043921338293
1.3514881974222825 5.420523094120014
0.9700794632045129 5.501594023256258
0.5839445993540577 5.555861739329496
0.19496481611345653 5.583061855481989
-0.1949648161134546 5.583061855481989
-0.583944599354057 5.5558617393294965
-0.9700794632045123 5.501594023256258
-1.3514881974222819 5.420523094120014
-1.7263126169933274 5.313043921338294
-2.09272661502272 5.17968013263712
-2.4489450593438655 5.021081462989364
-2.7932324895029823 4.838020589171268
-3.123911571747991 4.631389365358859
-3.4393712708299367 4.402194478104053
-3.7380746988047893 4.1515525418589645
-4.01856660259702 3.880684658942541
-4.279480453846299 3.5909104704528096
-4.519545106496311 3.2836417271080887
-4.737590989690559 2.9603754113394087
-4.9325558058040135 2.6226864441425817
-5.103489705850368 2.272220012221409
-5.249559917050812 1.9106835528034507
-5.3700548000193 1.5398384351774754
-5.464387315798117 1.161491379479329
-5.532097885852656 0.7774856545330691
-5.572856631091857 0.3896920976305065
-5.586464979005967 6.841446455088443e-16
-5.572856631091857 -0.3896920976305026
-5.532097885852656 -0.7774856545330678
-5.464387315798117 -1.1614913794793276
-5.370054800019301 -1.5398384351774717
-5.249559917050813 -1.9106835528034494
-5.10348970585037 -2.2722200122214056
-4.932555805804014 -2.6226864441425803
-4.73759098969056 -2.960375411339408
-4.519545106496312 -3.2836417271080873
-4.2794804538463 -3.5909104704528083
-4.018566602597019 -3.8806846589425423
-3.7380746988047906 -4.151552541858964
-3.4393712708299353 -4.402194478104053
-3.123911571747994 -4.631389365358857
-2.7932324895029863 -4.838020589171267
-2.448945059343867 -5.021081462989363
-2.0927266150227215 -5.179680132637119
-1.7263126169933285 -5.313043921338293
-1.3514881974222819 -5.420523094120014
-0.9700794632045124 -5.501594023256258
-0.5839445993540572 -5.5558617393294965
-0.1949648161134597 -5.583061855481988
0.19496481611345765 -5.583061855481989
0.5839445993540551 -5.5558617393294965
0.9700794632045104 -5.501594023256259
1.35148819742228 -5.420523094120015
1.7263126169933267 -5.313043921338294
2.0927266150227197 -5.17968013263712
2.448945059343865 -5.021081462989365
2.793232489502984 -4.838020589171268
3.123911571747988 -4.631389365358861
3.4393712708299375 -4.402194478104051
3.7380746988047866 -4.151552541858966
4.0185666025970175 -3.880684658942543
4.279480453846298 -3.59091047045281
4.519545106496311 -3.2836417271080895
4.737590989690555 -2.9603754113394136
4.932555805804014 -2.6226864441425803
5.10348970585037 -2.2722200122214073
5.249559917050813 -1.9106835528034491
5.3700548000193 -1.5398384351774759
5.464387315798117 -1.161491379479332
5.532097885852656 -0.7774856545330698
5.572856631091857 -0.3896920976305022
5.97753596463382 0.0
5.9629749874538795 0.4169718305715438
5.9193629955312135 0.8319122162984048
5.846912462106606 1.2427996093309837
5.745976358896201 1.6476322075926817
5.617046436448778 2.044437707358399
5.460750828386509 2.431282912120025
5.277850991201096 2.806283150925507
5.0692379945142765 3.167611460306275
4.8359281798762055 3.513507485059622
4.579058209251578 3.842286054522295
4.299879527316799 4.15234539255258
3.9997522645473107 4.442174921222647
3.68013861079864 4.710362620202381
3.342595691664397 4.955601905980482
2.9887679823169107 5.176697997408008
2.620379295789482 5.3725737365520265
2.2392243847325726 5.542274836500786
1.8471601975592953 5.684974530553632
1.4460968315794032 5.799977600145262
1.0379882271971999 5.8867237618806945
0.6248226485103038 5.944790397179647
0.20861299668681962 5.973894611231782
-0.20861299668681754 5.973894611231782
-0.624822648510303 5.944790397179648
-1.0379882271971992 5.8867237618806945
-1.4460968315794025 5.799977600145262
-1.8471601975592946 5.684974530553632
-2.2392243847325735 5.542274836500786
-2.6203792957894825 5.372573736552026
-2.988767982316909 5.1766979974080085
-3.3425956916643966 4.955601905980482
-3.68013861079864 4.710362620202381
-3.9997522645473107 4.442174921222648
-4.299879527316799 4.152345392552579
-4.579058209251578 3.8422860545222965
-4.835928179876205 3.5135074850596224
-5.0692379945142765 3.167611460306275
-5.2778509912010945 2.8062831509255086
-5.460750828386509 2.4312829121200266
-5.617046436448777 2.0444377073583997
-5.7459763588962 1.6476322075926846
-5.846912462106606 1.2427996093309837
-5.919362995531213 0.8319122162984066
-5.9629749874538795 0.41697183057154513
-5.97753596463382 7.320370285876995e-16
-5.9629749874538795 -0.41697183057154097
-5.919362995531213 -0.8319122162984053
-5.846912462106606 -1.242799609330982
-5.745976358896201 -1.6476322075926806
-5.617046436448778 -2.0444377073583984
-5.4607508283865105 -2.431282912120023
-5.277850991201095 -2.8062831509255073
-5.069237994514277 -3.1676114603062744
-4.835928179876206 -3.513507485059621
-4.579058209251578 -3.842286054522295
-4.299879527316799 -4.15234539255258
-3.999752264547312 -4.442174921222646
-3.6801386107986387 -4.710362620202382
-3.3425956916643997 -4.955601905980481
-2.988767982316913 -5.176697997408007
-2.620379295789484 -5.372573736552025
-2.239224384732575 -5.542274836500785
-1.847160197559296 -5.684974530553632
-1.4460968315794025 -5.799977600145262
-1.0379882271971994 -5.8867237618806945
-0.6248226485103032 -5.944790397179648
-0.20861299668682304 -5.973894611231781
0.20861299668682085 -5.973894611231782
0.624822648510301 -5.944790397179648
1.0379882271971972 -5.8867237618806945
1.4460968315794005 -5.7999776001452625
1.847160197559294 -5.684974530553632
2.2392243847325726 -5.542274836500786
2.620379295789482 -5.3725737365520265
2.9887679823169107 -5.176697997408008
3.342595691664394 -4.955601905980484
3.6801386107986414 -4.710362620202379
3.999752264547308 -4.44217492122265
4.299879527316797 -4.152345392552582
4.579058209251577 -3.842286054522297
4.835928179876205 -3.5135074850596233
5.069237994514273 -3.16761146030628
5.277850991201095 -2.806283150925507
5.46075082838651 -2.431282912120025
5.617046436448778 -2.044437707358398
5.7459763588962 -1.6476322075926852
5.846912462106606 -1.2427996093309868
5.919362995531213 -0.8319122162984075
5.9629749874538795 -0.4169718305715406
6.298396568599277 0.0
6.283053991114474 0.4393539348675844
6.23710100615534 0.8765673815281969
6.160761492045418 1.3095102800182492
6.054407367223829 1.7360733760555656
5.918556778296027 2.154178497114225
5.753871575675614 2.5617886770722085
5.561154089115657 2.956918080105595
5.341343218838783 3.3376416754810716
5.09550986130967 3.702104616112173
4.824851691935115 4.04853127518783
4.53068733010985 4.375233896847714
4.214449915035386 4.680620818759128
3.877680123609895 4.963204226535908
3.5220186644052185 5.221607402220549
3.1491982842996395 5.454571431515712
2.7610353267092558 5.660961337088134
2.3594208825454444 5.839771608064106
1.9463115770100312 5.990131098777377
1.523720037113981 6.11130727290328
1.0937050863609121 6.202709772302056
0.6583617143659442 6.263893293184382
0.2198108702768746 6.294559755586667
-0.2198108702768724 6.294559755586667
-0.6583617143659434 6.263893293184383
-1.0937050863609115 6.202709772302056
-1.5237200371139803 6.11130727290328
-1.9463115770100305 5.990131098777378
-2.3594208825454452 5.839771608064106
-2.7610353267092558 5.660961337088133
-3.1491982842996373 5.4545714315157126
-3.5220186644052176 5.221607402220549
-3.877680123609895 4.963204226535908
-4.214449915035386 4.680620818759128
-4.53068733010985 4.375233896847713
-4.824851691935114 4.048531275187832
-5.095509861309669 3.702104616112174
-5.341343218838783 3.3376416754810716
-5.561154089115656 2.9569180801055968
-5.753871575675613 2.5617886770722103
-5.918556778296026 2.1541784971142257
-6.0544073672238286 1.7360733760555687
-6.160761492045418 1.3095102800182492
-6.237101006155339 0.8765673815281989
-6.283053991114474 0.4393539348675858
-6.298396568599277 7.713311197495778e-16
-6.283053991114475 -0.4393539348675814
-6.237101006155339 -0.8765673815281975
-6.160761492045418 -1.3095102800182477
-6.054407367223829 -1.7360733760555644
-5.918556778296027 -2.1541784971142244
-5.753871575675615 -2.5617886770722067
-5.561154089115657 -2.956918080105595
-5.341343218838784 -3.3376416754810707
-5.0955098613096705 -3.7021046161121727
-4.824851691935115 -4.04853127518783
-4.530687330109849 -4.375233896847715
-4.214449915035388 -4.680620818759127
-3.8776801236098932 -4.963204226535909
-3.522018664405221 -5.221607402220547
-3.1491982842996413 -5.45457143151571
-2.761035326709257 -5.660961337088132
-2.3594208825454466 -5.839771608064105
-1.9463115770100319 -5.990131098777377
-1.5237200371139803 -6.11130727290328
-1.0937050863609117 -6.202709772302056
-0.6583617143659435 -6.263893293184383
-0.21981087027687818 -6.294559755586666
0.21981087027687587 -6.294559755586667
0.6583617143659412 -6.263893293184383
1.0937050863609095 -6.202709772302057
1.523720037113978 -6.1113072729032805
1.9463115770100299 -5.990131098777378
2.3594208825454444 -5.839771608064106
2.7610353267092553 -5.660961337088134
3.1491982842996395 -5.454571431515712
3.522018664405215 -5.221607402220552
3.8776801236098963 -4.9632042265359075
4.214449915035384 -4.680620818759131
4.530687330109848 -4.375233896847716
4.824851691935114 -4.048531275187832
5.095509861309669 -3.702104616112175
5.34134321883878 -3.337641675481077
5.561154089115657 -2.956918080105595
5.753871575675614 -2.5617886770722085
5.918556778296027 -2.154178497114224
6.0544073672238286 -1.7360733760555693
6.160761492045417 -1.3095102800182525
6.237101006155339 -0.8765673815281997
6.283053991114475 -0.43935393486758095
6.56596439218808 0.0
6.549970032932927 0.4580185227285295
6.502064878078009 0.9138056252541864
6.4224823167223715 1.3651407586290252
6.3116100671053275 1.8098250634512925
6.1699882876821714 2.2456920824874045
5.9983069455264815 2.6706183154338166
5.797402454879893 3.0825335643970497
5.568253602225986 3.47943101968973
5.31197677774093 3.859377036805666
5.029820536352757 4.220520556941507
4.723159514907267 4.561102125169172
4.393487735075483 4.879462462323395
4.042411324630253 5.174050548843032
3.67164069255319 5.443431181182446
3.282982196094041 5.686291963978928
2.8783293403797368 5.901449703910975
2.459653553447756 6.087856174097218
2.0289945816468893 6.2446032209524205
1.5884505521980616 6.370927188620465
1.1401677513294146 6.466212639428911
0.6863301677855523 6.5299953522394825
0.22914885265390741 6.56196458408678
-0.22914885265390514 6.56196458408678
-0.6863301677855514 6.529995352239483
-1.1401677513294137 6.466212639428911
-1.588450552198061 6.370927188620465
-2.0289945816468884 6.244603220952421
-2.4596535534477564 6.087856174097218
-2.878329340379737 5.901449703910975
-3.282982196094039 5.686291963978929
-3.671640692553189 5.443431181182446
-4.042411324630253 5.174050548843032
-4.393487735075483 4.879462462323396
-4.723159514907267 4.561102125169172
-5.029820536352756 4.2205205569415085
-5.311976777740929 3.859377036805667
-5.568253602225986 3.47943101968973
-5.797402454879892 3.0825335643970515
-5.998306945526481 2.6706183154338183
-6.169988287682171 2.245692082487406
-6.311610067105326 1.8098250634512958
-6.4224823167223715 1.3651407586290252
-6.502064878078008 0.9138056252541884
-6.549970032932927 0.45801852272853094
-6.56596439218808 8.040987276208629e-16
-6.549970032932927 -0.4580185227285264
-6.502064878078008 -0.913805625254187
-6.4224823167223715 -1.3651407586290234
-6.3116100671053275 -1.8098250634512913
-6.1699882876821714 -2.245692082487404
-5.998306945526483 -2.6706183154338143
-5.797402454879893 -3.08253356439705
-5.568253602225987 -3.4794310196897293
-5.31197677774093 -3.859377036805665
-5.029820536352757 -4.220520556941507
-4.723159514907266 -4.561102125169173
-4.3934877350754835 -4.879462462323395
-4.042411324630251 -5.174050548843033
-3.6716406925531926 -5.443431181182444
-3.2829821960940433 -5.686291963978927
-2.8783293403797385 -5.901449703910974
-2.4596535534477577 -6.087856174097217
-2.02899458164689 -6.2446032209524205
-1.588450552198061 -6.370927188620465
-1.140167751329414 -6.466212639428911
-0.6863301677855517 -6.529995352239483
-0.22914885265391116 -6.5619645840867795
0.22914885265390875 -6.56196458408678
0.6863301677855492 -6.529995352239483
1.1401677513294117 -6.466212639428912
1.5884505521980588 -6.370927188620466
2.028994581646888 -6.244603220952421
2.459653553447756 -6.087856174097218
2.8783293403797363 -5.901449703910975
3.282982196094041 -5.686291963978928
3.6716406925531864 -5.443431181182448
4.042411324630255 -5.17405054884303
4.393487735075479 -4.879462462323398
4.723159514907265 -4.561102125169175
5.029820536352756 -4.2205205569415085
5.311976777740929 -3.8593770368056672
5.568253602225982 -3.479431019689736
5.797402454879893 -3.0825335643970497
5.998306945526482 -2.6706183154338166
6.1699882876821714 -2.2456920824874036
6.311610067105326 -1.8098250634512965
6.422482316722371 -1.3651407586290287
6.502064878078008 -0.9138056252541893
6.549970032932927 -0.45801852272852595
6.79093483777041 0.0
6.7743924618167926 0.4737116677089975
6.7248459267487535 0.9451154597902469
6.642536618304743 1.411914744354072
6.527865539161797 1.8718353222085782
6.381391355290805 2.3226365065295127
6.203827674192051 2.7621220392612402
5.996039568271212 3.1881507910652243
5.759039360293544 3.5986471926869346
5.493981691449139 3.991611346920626
5.202157896057101 4.3651287719074885
4.884989710314557 4.717379728298829
4.544022345740809 5.046648084843247
4.180916961062141 5.3513296792056035
3.7974425692134806 5.629940133284647
3.395467418885206 5.8811220849539305
2.9769498926033124 6.103651800993645
2.543928965686612 6.296445138995851
2.0985142725639334 6.45856282919732
1.642875828847241 6.5892150505074065
1.1792334592337035 6.687765278437001
0.7098459827429126 6.7537333861818665
0.23700020797766816 6.78679798375216
-0.2370002079776658 6.78679798375216
-0.7098459827429117 6.7537333861818665
-1.1792334592337028 6.687765278437001
-1.64287582884724 6.5892150505074065
-2.098514272563933 6.458562829197321
-2.543928965686613 6.296445138995851
-2.976949892603313 6.103651800993644
-3.395467418885204 5.881122084953931
-3.7974425692134797 5.629940133284647
-4.180916961062141 5.3513296792056035
-4.544022345740809 5.046648084843248
-4.884989710314557 4.717379728298828
-5.2021578960571 4.36512877190749
-5.493981691449138 3.9916113469206267
-5.759039360293544 3.5986471926869346
-5.99603956827121 3.1881507910652265
-6.20382767419205 2.762122039261242
-6.381391355290804 2.3226365065295136
-6.5278655391617955 1.8718353222085815
-6.642536618304743 1.411914744354072
-6.724845926748753 0.945115459790249
-6.7743924618167926 0.473711667708999
-6.79093483777041 8.316496612293784e-16
-6.774392461816793 -0.47371166770899426
-6.724845926748753 -0.9451154597902475
-6.642536618304743 -1.4119147443540703
-6.527865539161797 -1.871835322208577
-6.381391355290805 -2.3226365065295123
-6.203827674192053 -2.762122039261238
-5.996039568271211 -3.1881507910652247
-5.759039360293545 -3.5986471926869337
-5.4939816914491395 -3.991611346920625
-5.202157896057101 -4.3651287719074885
-4.8849897103145565 -4.717379728298829
-4.544022345740811 -5.0466480848432465
-4.180916961062139 -5.351329679205604
-3.7974425692134837 -5.629940133284645
-3.3954674188852083 -5.881122084953929
-2.976949892603314 -6.103651800993643
-2.5439289656866144 -6.29644513899585
-2.0985142725639343 -6.45856282919732
-1.64287582884724 -6.5892150505074065
-1.179233459233703 -6.687765278437001
-0.7098459827429119 -6.7537333861818665
-0.23700020797767202 -6.786797983752159
0.23700020797766952 -6.78679798375216
0.7098459827429093 -6.7537333861818665
1.1792334592337004 -6.687765278437002
1.6428758288472378 -6.589215050507407
2.098514272563932 -6.458562829197321
2.543928965686612 -6.296445138995851
2.976949892603312 -6.103651800993645
3.395467418885206 -5.8811220849539305
3.797442569213477 -5.6299401332846495
4.180916961062143 -5.351329679205602
4.544022345740807 -5.046648084843251
4.884989710314556 -4.71737972829883
5.2021578960571 -4.36512877190749
5.493981691449138 -3.991611346920627
5.75903936029354 -3.5986471926869408
5.996039568271211 -3.1881507910652243
6.203827674192052 -2.7621220392612402
6.381391355290805 -2.322636506529512
6.5278655391617955 -1.8718353222085822
6.642536618304742 -1.4119147443540758
6.724845926748753 -0.9451154597902499
6.774392461816793 -0.47371166770899376
7.034947332856332 0.0
7.01781055472871 0.49073311891569704
6.966483709006301 0.9790754354043574
6.881216854922107 1.462647794788046
6.762425404018231 1.93909428114037
6.610688096302603 2.4060936950720535
6.426744180685832 2.861370862381038
6.211489813434826 3.3027077184724964
5.9659736921895385 3.7279541145465744
5.691391946813482 4.13503829290722
5.389082311969268 4.521976980357416
5.0605176098098 4.886885050506848
4.7072985745367895 5.227984707918178
4.331146053784634 5.543614149347717
3.9338926248237183 5.832235659883779
3.5174736664281667 6.092443104539164
3.083917929904992 6.322968778799475
2.635337655221666 6.522689584752074
2.1739182803853168 6.690632502706225
1.7019077942084315 6.825979331647218
1.2216057843333346 6.92807067542947
0.7353522338723497 6.996409155288258
0.24551612124528832 7.030661833019071
-0.24551612124528588 7.030661833019071
-0.7353522338723488 6.996409155288259
-1.2216057843333337 6.92807067542947
-1.7019077942084309 6.825979331647218
-2.173918280385316 6.690632502706226
-2.635337655221667 6.522689584752074
-3.083917929904992 6.322968778799475
-3.517473666428164 6.092443104539165
-3.9338926248237174 5.832235659883779
-4.331146053784634 5.543614149347717
-4.7072985745367895 5.2279847079181785
-5.0605176098098 4.886885050506848
-5.3890823119692675 4.521976980357418
-5.691391946813481 4.135038292907221
-5.9659736921895385 3.7279541145465744
-6.2114898134348255 3.302707718472498
-6.426744180685831 2.86137086238104
-6.610688096302602 2.4060936950720544
-6.762425404018229 1.9390942811403735
-6.881216854922107 1.462647794788046
-6.9664837090063 0.9790754354043595
-7.01781055472871 0.4907331189156986
-7.034947332856332 8.615325733352716e-16
-7.017810554728711 -0.4907331189156937
-6.9664837090063 -0.9790754354043579
-6.881216854922107 -1.4626477947880443
-6.762425404018231 -1.9390942811403689
-6.610688096302603 -2.406093695072053
-6.426744180685834 -2.861370862381036
-6.2114898134348255 -3.302707718472497
-5.965973692189539 -3.7279541145465735
-5.691391946813483 -4.135038292907219
-5.389082311969268 -4.521976980357416
-5.0605176098098 -4.886885050506849
-4.707298574536791 -5.227984707918177
-4.331146053784632 -5.543614149347718
-3.9338926248237214 -5.832235659883776
-3.517473666428169 -6.0924431045391625
-3.083917929904994 -6.322968778799474
-2.6353376552216683 -6.522689584752073
-2.173918280385317 -6.690632502706225
-1.7019077942084309 -6.825979331647218
-1.2216057843333339 -6.92807067542947
-0.735352233872349 -6.996409155288259
-0.24551612124529232 -7.030661833019071
0.24551612124528974 -7.030661833019071
0.7353522338723464 -6.996409155288259
1.2216057843333314 -6.9280706754294705
1.7019077942084284 -6.825979331647219
2.173918280385315 -6.690632502706226
2.635337655221666 -6.522689584752074
3.0839179299049917 -6.322968778799475
3.5174736664281667 -6.092443104539164
3.9338926248237143 -5.83223565988378
4.331146053784636 -5.543614149347715
4.707298574536787 -5.227984707918181
5.060517609809798 -4.886885050506851
5.389082311969267 -4.521976980357419
5.691391946813481 -4.135038292907222
5.965973692189535 -3.7279541145465807
6.2114898134348255 -3.3027077184724964
6.426744180685833 -2.861370862381038
6.610688096302603 -2.4060936950720526
6.762425404018229 -1.9390942811403742
6.881216854922106 -1.46264779478805
6.9664837090063 -0.9790754354043605
7.017810554728711 -0.4907331189156932
7.201556181470167 0.0
7.184013552561053 0.502355164689567
7.1314711317583805 1.002262905513331
7.044184900454751 1.4972877222085488
6.922580108395096 1.9850179036280022
6.76724920190266 2.463077277354282
6.578948937540065 2.9291367861729536
6.35859669526741 3.3809258350051916
6.107266009059316 3.8162433530187596
5.826181336755318 4.232968517023862
5.5167120946243475 4.62907108391053
5.180365985706329 5.002621281788985
4.818781654434517 5.3517992116442965
4.433720703324537 5.674903713701454
4.027059110624007 5.970360655304783
3.6007780907350844 6.236730599934021
3.1569544419370468 6.47271581999435
2.6977504284338423 6.677166619214784
2.2254032460202344 6.8490869338528455
1.7422141226887686 6.987639185416987
1.2505371072783125 7.092148361264812
0.752767600784747 7.162105303196815
0.25133068620809434 7.197169188023952
-0.25133068620809185 7.197169188023952
-0.7527676007847461 7.162105303196816
-1.2505371072783118 7.092148361264812
-1.742214122688768 6.987639185416987
-2.225403246020234 6.849086933852846
-2.697750428433843 6.677166619214784
-3.156954441937047 6.472715819994349
-3.6007780907350817 6.236730599934022
-4.027059110624006 5.970360655304783
-4.433720703324537 5.674903713701454
-4.818781654434517 5.3517992116442965
-5.180365985706329 5.002621281788984
-5.516712094624347 4.629071083910532
-5.826181336755317 4.2329685170238625
-6.107266009059316 3.8162433530187596
-6.3585966952674084 3.3809258350051934
-6.578948937540064 2.9291367861729554
-6.7672492019026596 2.4630772773542833
-6.922580108395095 1.9850179036280058
-7.044184900454751 1.4972877222085488
-7.13147113175838 1.0022629055133332
-7.184013552561053 0.5023551646895685
-7.201556181470167 8.819362726517275e-16
-7.184013552561054 -0.5023551646895635
-7.13147113175838 -1.0022629055133314
-7.044184900454751 -1.497287722208547
-6.922580108395096 -1.985017903628001
-6.76724920190266 -2.4630772773542815
-6.5789489375400665 -2.9291367861729514
-6.358596695267409 -3.380925835005192
-6.107266009059317 -3.8162433530187587
-5.826181336755319 -4.232968517023861
-5.5167120946243475 -4.62907108391053
-5.180365985706328 -5.0026212817889855
-4.818781654434519 -5.351799211644296
-4.433720703324536 -5.674903713701454
-4.02705911062401 -5.9703606553047806
-3.6007780907350866 -6.2367305999340195
-3.1569544419370485 -6.472715819994348
-2.697750428433845 -6.677166619214783
-2.2254032460202353 -6.8490869338528455
-1.742214122688768 -6.987639185416987
-1.250537107278312 -7.092148361264812
-0.7527676007847464 -7.162105303196816
-0.25133068620809845 -7.197169188023951
0.2513306862080958 -7.197169188023952
0.7527676007847437 -7.162105303196816
1.2505371072783094 -7.092148361264813
1.7422141226887655 -6.987639185416988
2.225403246020233 -6.849086933852846
2.6977504284338423 -6.677166619214784
3.1569544419370463 -6.47271581999435
3.6007780907350844 -6.236730599934021
4.027059110624003 -5.970360655304785
4.433720703324539 -5.674903713701452
4.818781654434513 -5.351799211644299
5.1803659857063264 -5.002621281788987
5.516712094624347 -4.6290710839105325
5.826181336755317 -4.232968517023863
6.107266009059312 -3.816243353018766
6.358596695267409 -3.3809258350051916
6.578948937540066 -2.9291367861729536
6.76724920190266 -2.463077277354281
6.922580108395095 -1.9850179036280067
7.04418490045475 -1.4972877222085528
7.13147113175838 -1.002262905513334
7.184013552561054 -0.5023551646895631
7.43419600862985 0.0
7.416086680794212 0.5185832986846692
7.3618469241121725 1.0346401116659576
7.271740989226122 1.5456562620248697
7.1462078631934105 2.0491421304440207
6.985859130785523 2.5426447843826954
6.791475994908553 3.023759928517617
6.564005470661169 3.490143618228087
6.304555771572245 3.9395236790585586
6.014390910495952 4.369710776524193
5.694924541468183 4.7786090823283915
5.347713072526194 5.1642264850275925
4.974448083045095 5.52468429539797
4.576948082533174 5.858226399220492
4.157149651036363 6.16322781289287
3.7170980043149258 6.438202600186328
3.2589370297578495 6.68181111157754
2.7848988415789977 6.89286651088645
2.297292906181027 7.07034055742284
1.7984947906672182 7.213368615471614
1.2909345893173412 7.321253866711087
0.7770850844126012 7.3934707050418105
0.2594496990889241 7.429667297286646
-0.25944969908892157 7.429667297286646
-0.7770850844126003 7.393470705041811
-1.2909345893173403 7.321253866711087
-1.7984947906672175 7.213368615471614
-2.2972929061810263 7.070340557422841
-2.7848988415789986 6.89286651088645
-3.25893702975785 6.681811111577539
-3.717098004314923 6.438202600186329
-4.157149651036362 6.16322781289287
-4.576948082533174 5.858226399220492
-4.974448083045095 5.524684295397971
-5.347713072526194 5.1642264850275925
-5.694924541468182 4.778609082328393
-6.014390910495951 4.369710776524194
-6.304555771572245 3.9395236790585586
-6.564005470661167 3.4901436182280894
-6.791475994908552 3.0237599285176193
-6.9858591307855225 2.5426447843826967
-7.146207863193409 2.0491421304440247
-7.271740989226122 1.5456562620248697
-7.361846924112172 1.0346401116659598
-7.416086680794212 0.5185832986846709
-7.43419600862985 9.104264346202575e-16
-7.416086680794213 -0.5185832986846657
-7.361846924112172 -1.0346401116659583
-7.271740989226122 -1.5456562620248677
-7.1462078631934105 -2.04914213044402
-6.985859130785523 -2.542644784382695
-6.791475994908555 -3.023759928517615
-6.564005470661168 -3.4901436182280876
-6.304555771572246 -3.9395236790585577
-6.014390910495953 -4.369710776524192
-5.694924541468183 -4.7786090823283915
-5.347713072526193 -5.164226485027593
-4.974448083045097 -5.524684295397969
-4.576948082533172 -5.858226399220493
-4.157149651036366 -6.163227812892869
-3.717098004314928 -6.438202600186326
-3.2589370297578517 -6.681811111577538
-2.784898841579 -6.892866510886449
-2.297292906181028 -7.07034055742284
-1.7984947906672175 -7.213368615471614
-1.2909345893173405 -7.321253866711087
-0.7770850844126005 -7.393470705041811
-0.25944969908892834 -7.429667297286645
0.2594496990889256 -7.429667297286646
0.7770850844125977 -7.393470705041811
1.2909345893173378 -7.321253866711088
1.798494790667215 -7.213368615471615
2.2972929061810254 -7.070340557422841
2.7848988415789977 -6.89286651088645
3.258937029757849 -6.68181111157754
3.7170980043149258 -6.438202600186328
4.157149651036359 -6.163227812892873
4.576948082533176 -5.8582263992204915
4.9744480830450915 -5.524684295397973
5.347713072526191 -5.164226485027595
5.694924541468181 -4.778609082328394
6.014390910495951 -4.369710776524195
6.3045557715722405 -3.9395236790585653
6.564005470661168 -3.490143618228087
6.791475994908554 -3.023759928517617
6.985859130785523 -2.5426447843826945
7.146207863193409 -2.0491421304440256
7.271740989226121 -1.5456562620248737
7.361846924112172 -1.034640111665961
7.416086680794213 -0.5185832986846652
7.773509187137088 0.0
7.754573309452427 0.5422525895122451
7.697857930091098 1.0818633789154262
7.603639360680338 1.6162034386850577
7.4723766246195 2.1426695177616173
7.304709220764186 2.6586967263280292
7.101454007852113 3.161771031695031
6.863601224849446 3.6494415064157284
6.592309666606094 4.119332268957744
6.288901038323687 4.5691540587592305
5.95485351634069 4.9967153892762015
5.591794546605864 5.399933224684694
5.201492915925194 5.776843128221911
4.785850134610378 6.125608832724674
4.346891172511713 6.444531186738447
3.886754593568545 6.732056432612439
3.4076821369407146 6.986783776250692
2.9120077954807195 7.207472211640099
2.402146444755144 7.393046566906969
1.8805820780136377 7.542602742446312
1.349855704423497 7.655412115604231
0.8125529695284258 7.730925090454262
0.27129155824335266 7.768773775373473
-0.27129155824334994 7.768773775373473
-0.8125529695284248 7.730925090454263
-1.349855704423496 7.655412115604231
-1.8805820780136369 7.542602742446312
-2.402146444755143 7.39304656690697
-2.91200779548072 7.207472211640099
-3.407682136940715 6.986783776250691
-3.886754593568542 6.73205643261244
-4.346891172511712 6.444531186738447
-4.785850134610378 6.125608832724674
-5.201492915925194 5.776843128221912
-5.591794546605864 5.399933224684693
-5.954853516340689 4.996715389276203
-6.2889010383236865 4.569154058759231
-6.592309666606094 4.119332268957744
-6.863601224849444 3.6494415064157306
-7.101454007852112 3.161771031695033
-7.3047092207641855 2.6586967263280306
-7.472376624619498 2.1426695177616213
-7.603639360680338 1.6162034386850577
-7.697857930091097 1.0818633789154286
-7.754573309452427 0.5422525895122469
-7.773509187137088 9.519803144169978e-16
-7.754573309452428 -0.5422525895122414
-7.697857930091097 -1.0818633789154268
-7.603639360680338 -1.616203438685056
-7.4723766246195 -2.142669517761616
-7.304709220764186 -2.658696726328029
-7.101454007852115 -3.1617710316950283
-6.863601224849445 -3.649441506415729
-6.592309666606094 -4.119332268957743
-6.288901038323688 -4.56915405875923
-5.95485351634069 -4.9967153892762015
-5.591794546605863 -5.399933224684695
-5.201492915925196 -5.77684312822191
-4.785850134610376 -6.125608832724675
-4.346891172511716 -6.444531186738445
-3.8867545935685475 -6.7320564326124375
-3.407682136940717 -6.98678377625069
-2.9120077954807218 -7.207472211640098
-2.402146444755145 -7.393046566906969
-1.8805820780136369 -7.542602742446312
-1.3498557044234962 -7.655412115604231
-0.812552969528425 -7.730925090454263
-0.27129155824335704 -7.7687737753734725
0.2712915582433542 -7.768773775373473
0.8125529695284222 -7.730925090454263
1.3498557044234933 -7.655412115604232
1.8805820780136344 -7.542602742446313
2.402146444755142 -7.39304656690697
2.9120077954807195 -7.207472211640099
3.407682136940714 -6.986783776250692
3.886754593568545 -6.732056432612439
4.346891172511708 -6.444531186738449
4.78585013461038 -6.125608832724672
5.201492915925192 -5.776843128221914
5.591794546605861 -5.3999332246846965
5.954853516340688 -4.996715389276204
6.2889010383236865 -4.569154058759232
6.59230966660609 -4.119332268957751
6.863601224849445 -3.6494415064157284
7.101454007852114 -3.161771031695031
7.304709220764186 -2.6586967263280283
7.472376624619498 -2.142669517761622
7.603639360680337 -1.616203438685062
7.697857930091097 -1.0818633789154295
7.754573309452428 -0.5422525895122409
7.559944466979423 0.0
7.541528822219341 0.5273550677178954
7.486371607109234 1.0521409145554153
7.394741542056732 1.571800836618056
7.26708503952815 2.083803103001561
7.104024029171821 2.5856532901303986
6.906352927839365 3.0749064343386796
6.675034769266645 3.549178943487378
6.411196512270206 4.006160209585624
6.116123550317207 4.443623865840586
5.791253449217651 4.859438633292681
5.438168943448269 5.251578704192439
5.058590225229237 5.6181336115322145
4.654366563920599 5.957317536649423
4.227467296567831 6.26747800955554
3.7799722334897123 6.547103959603787
3.3140615256515105 6.794833077273435
2.832005043188634 7.009458451204838
2.3361513168274954 7.189934448150272
1.828916096079883 7.3353818071940005
1.3127705799541705 7.44509192342308
0.7902293775221586 7.5185303001792665
0.26383825699643965 7.555339153073002
-0.26383825699643704 7.555339153073002
-0.7902293775221576 7.518530300179267
-1.3127705799541696 7.44509192342308
-1.828916096079882 7.3353818071940005
-2.3361513168274946 7.1899344481502725
-2.8320050431886346 7.009458451204838
-3.314061525651511 6.794833077273434
-3.7799722334897097 6.547103959603788
-4.22746729656783 6.26747800955554
-4.654366563920599 5.957317536649423
-5.058590225229237 5.618133611532215
-5.438168943448269 5.251578704192438
-5.79125344921765 4.859438633292683
-6.116123550317206 4.443623865840587
-6.411196512270206 4.006160209585624
-6.675034769266643 3.54917894348738
-6.9063529278393645 3.074906434338682
-7.10402402917182 2.5856532901303995
-7.2670850395281485 2.083803103001565
-7.394741542056732 1.571800836618056
-7.486371607109233 1.0521409145554177
-7.541528822219341 0.5273550677178972
-7.559944466979423 9.258261793218094e-16
-7.541528822219342 -0.5273550677178919
-7.486371607109233 -1.052140914555416
-7.394741542056732 -1.571800836618054
-7.26708503952815 -2.08380310300156
-7.104024029171821 -2.585653290130398
-6.906352927839367 -3.0749064343386774
-6.675034769266644 -3.5491789434873784
-6.411196512270207 -4.006160209585623
-6.116123550317208 -4.4436238658405856
-5.791253449217651 -4.859438633292681
-5.438168943448268 -5.25157870419244
-5.0585902252292385 -5.618133611532214
-4.654366563920597 -5.957317536649424
-4.227467296567834 -6.267478009555537
-3.779972233489715 -6.547103959603786
-3.3140615256515127 -6.7948330772734336
-2.8320050431886363 -7.0094584512048375
-2.3361513168274963 -7.189934448150272
-1.828916096079882 -7.3353818071940005
-1.3127705799541698 -7.44509192342308
-0.7902293775221578 -7.518530300179267
-0.263838256996444 -7.555339153073001
0.2638382569964412 -7.555339153073002
0.790229377522155 -7.518530300179267
1.3127705799541671 -7.445091923423081
1.8289160960798796 -7.335381807194001
2.3361513168274937 -7.1899344481502725
2.832005043188634 -7.009458451204838
3.31406152565151 -6.794833077273435
3.7799722334897123 -6.547103959603787
4.227467296567826 -6.267478009555542
4.6543665639206 -5.9573175366494215
5.058590225229233 -5.618133611532218
5.438168943448266 -5.251578704192441
5.791253449217649 -4.859438633292684
6.116123550317206 -4.443623865840588
6.411196512270202 -4.006160209585631
6.675034769266644 -3.549178943487378
6.906352927839366 -3.0749064343386796
7.104024029171821 -2.5856532901303977
7.2670850395281485 -2.083803103001566
7.394741542056731 -1.5718008366180602
7.486371607109233 -1.0521409145554186
7.541528822219342 -0.5273550677178914
7.32172988036214 0.0
7.303894514362434 0.5107380581610593
7.250475308473665 1.018987851841968
7.161732515697241 1.522273239137003
7.038098481999175 2.018142264229334
6.880175539963995 2.5041791030732905
6.688733074290936 2.9780158330462765
6.464703773429031 3.4373439692297674
6.209179085612729 3.8799257111157766
5.923403901435822 4.303604844945999
5.608770488869597 4.7063172485684905
5.266811710273238 5.086100947633313
4.89919355444249 5.441105674134344
4.507707020079711 5.769601880729025
4.0942593902282285 6.069989166919145
3.660864940181071 6.340804076041212
3.209635124134206 6.580727225080204
2.742768288393954 6.788589732570992
2.262538961254752 6.963378913271348
1.7712867717259386 7.104243211862648
1.2714050510943982 7.2104963516417815
0.7653291728551147 7.281620677992277
0.2555246878163021 7.317269680345544
-0.2555246878162996 7.317269680345544
-0.7653291728551138 7.281620677992277
-1.2714050510943973 7.2104963516417815
-1.7712867717259377 7.104243211862648
-2.262538961254751 6.963378913271349
-2.742768288393955 6.788589732570992
-3.2096351241342065 6.580727225080203
-3.6608649401810682 6.340804076041213
-4.094259390228228 6.069989166919145
-4.507707020079711 5.769601880729025
-4.89919355444249 5.441105674134345
-5.266811710273238 5.086100947633312
-5.608770488869596 4.706317248568492
-5.9234039014358215 4.303604844946
-6.209179085612729 3.8799257111157766
-6.464703773429029 3.437343969229769
-6.688733074290936 2.9780158330462787
-6.880175539963994 2.5041791030732914
-7.038098481999174 2.0181422642293376
-7.161732515697241 1.522273239137003
-7.250475308473664 1.0189878518419702
-7.303894514362434 0.5107380581610609
-7.32172988036214 8.966533062207028e-16
-7.303894514362435 -0.5107380581610559
-7.250475308473664 -1.0189878518419686
-7.161732515697241 -1.5222732391370013
-7.038098481999175 -2.0181422642293327
-6.880175539963995 -2.50417910307329
-6.688733074290938 -2.9780158330462743
-6.46470377342903 -3.437343969229768
-6.20917908561273 -3.8799257111157757
-5.923403901435823 -4.3036048449459985
-5.608770488869597 -4.7063172485684905
-5.266811710273237 -5.086100947633314
-4.899193554442491 -5.441105674134343
-4.507707020079709 -5.7696018807290255
-4.094259390228232 -6.069989166919142
-3.660864940181073 -6.34080407604121
-3.2096351241342083 -6.580727225080202
-2.742768288393956 -6.788589732570991
-2.262538961254753 -6.963378913271348
-1.7712867717259377 -7.104243211862648
-1.2714050510943975 -7.2104963516417815
-0.7653291728551139 -7.281620677992277
-0.2555246878163063 -7.317269680345543
0.2555246878163036 -7.317269680345544
0.7653291728551113 -7.281620677992277
1.2714050510943948 -7.210496351641782
1.7712867717259353 -7.104243211862649
2.2625389612547506 -6.963378913271349
2.742768288393954 -6.788589732570992
3.2096351241342056 -6.580727225080204
3.660864940181071 -6.340804076041212
4.094259390228225 -6.0699891669191475
4.507707020079712 -5.769601880729023
4.899193554442486 -5.441105674134348
5.2668117102732355 -5.086100947633316
5.608770488869595 -4.706317248568493
5.9234039014358215 -4.303604844946001
6.209179085612726 -3.879925711115783
6.46470377342903 -3.4373439692297674
6.688733074290937 -2.9780158330462765
6.880175539963995 -2.5041791030732896
7.038098481999174 -2.0181422642293385
7.16173251569724 -1.5222732391370073
7.250475308473664 -1.0189878518419713
7.303894514362435 -0.5107380581610553
7.659036035800283 0.0
7.640379008958878 0.534267346136612
7.584498823594039 1.065931795467212
7.491667722351806 1.5924031322373855
7.362337969026079 2.1111164410151013
7.197139645174883 2.6195446027008744
6.996877580426341 3.115210606397991
6.762527431429638 3.595699617160613
6.49523092855389 4.058670740826888
6.1962903134925575 4.501868428620012
5.867161994872813 4.923133465955131
5.50944945277911 5.320413491915763
5.124895426759389 5.691772998149874
4.715373425373183 6.035402758472022
4.2828785986462385 6.349628643231457
3.8295180179001425 6.632919775503506
3.35750041031264 6.883895989368068
2.869125398220855 7.101334553939234
2.366772295592416 7.28417613038726
1.8528885162469704 7.431529932930864
1.32997765030207 7.542678068656006
0.800587266933784 7.617079035018004
0.2672965028757489 7.654370357987502
-0.26729650287574624 7.654370357987502
-0.8005872669337831 7.617079035018005
-1.329977650302069 7.542678068656006
-1.8528885162469695 7.431529932930864
-2.366772295592415 7.2841761303872605
-2.8691253982208558 7.101334553939234
-3.3575004103126402 6.883895989368067
-3.82951801790014 6.632919775503507
-4.282878598646238 6.349628643231457
-4.715373425373183 6.035402758472022
-5.124895426759389 5.691772998149875
-5.50944945277911 5.320413491915762
-5.867161994872812 4.923133465955133
-6.196290313492557 4.501868428620013
-6.49523092855389 4.058670740826888
-6.762527431429636 3.595699617160615
-6.99687758042634 3.1152106063979934
-7.197139645174882 2.6195446027008757
-7.362337969026077 2.1111164410151053
-7.491667722351806 1.5924031322373855
-7.584498823594038 1.0659317954672145
-7.640379008958878 0.5342673461366136
-7.659036035800283 9.37961396579705e-16
-7.640379008958879 -0.5342673461366084
-7.584498823594038 -1.0659317954672127
-7.491667722351806 -1.5924031322373835
-7.362337969026079 -2.1111164410151
-7.197139645174883 -2.619544602700874
-6.996877580426343 -3.1152106063979885
-6.762527431429637 -3.5956996171606135
-6.495230928553891 -4.058670740826887
-6.196290313492558 -4.5018684286200115
-5.867161994872813 -4.923133465955131
-5.509449452779109 -5.3204134919157635
-5.124895426759391 -5.691772998149873
-4.715373425373182 -6.0354027584720225
-4.282878598646242 -6.349628643231454
-3.829518017900145 -6.632919775503504
-3.357500410312642 -6.8838959893680665
-2.8691253982208575 -7.101334553939233
-2.366772295592417 -7.28417613038726
-1.8528885162469695 -7.431529932930864
-1.3299776503020693 -7.542678068656006
-0.8005872669337833 -7.617079035018005
-0.2672965028757533 -7.654370357987501
0.26729650287575046 -7.654370357987502
0.8005872669337805 -7.617079035018005
1.3299776503020666 -7.542678068656007
1.852888516246967 -7.431529932930865
2.366772295592414 -7.2841761303872605
2.869125398220855 -7.101334553939234
3.3575004103126393 -6.883895989368068
3.8295180179001425 -6.632919775503506
4.282878598646235 -6.349628643231459
4.715373425373185 -6.03540275847202
5.124895426759386 -5.691772998149878
5.509449452779108 -5.320413491915765
5.867161994872811 -4.923133465955134
6.196290313492557 -4.501868428620014
6.495230928553886 -4.058670740826895
6.762527431429637 -3.595699617160613
6.996877580426342 -3.115210606397991
7.197139645174883 -2.6195446027008735
7.362337969026077 -2.111116441015106
7.491667722351805 -1.5924031322373897
7.584498823594038 -1.0659317954672156
7.640379008958879 -0.5342673461366079
6.918547948684649 0.0
6.901694713606657 0.4826135083298927
6.851217115639901 0.9628757721593423
6.767361076567683 1.4384470020147657
6.650535134583183 1.9070102626685603
6.501308453932449 2.366282761014635
6.320408052003395 2.8140269676069574
6.108715257370179 3.2480615176781016
5.867261416048963 3.666271838529118
5.597222866883813 4.066620451515179
5.29991521054208 4.447156898436715
4.9767869000402 4.806027243975716
4.629412184026195 5.1414831078822365
4.259483437198498 5.451890182907231
3.8688029152265484 5.7357361969831855
3.4592739743423255 5.991638280861623
3.032891798380109 6.218349705313078
2.5917336784414022 6.414765955066573
2.1379488925414885 6.5799301098970036
1.6737482345429842 6.713037506644278
1.201393243390369 6.81343965945135
0.7231851851195825 6.880647419122137
0.24145384132121553 6.91433335620722
-0.24145384132121314 6.91433335620722
-0.7231851851195816 6.880647419122138
-1.2013932433903682 6.81343965945135
-1.6737482345429835 6.713037506644278
-2.1379488925414876 6.5799301098970036
-2.591733678441403 6.414765955066573
-3.0328917983801094 6.218349705313077
-3.4592739743423233 5.991638280861624
-3.8688029152265475 5.7357361969831855
-4.259483437198498 5.451890182907231
-4.629412184026195 5.141483107882237
-4.9767869000402 4.8060272439757155
-5.299915210542079 4.447156898436717
-5.597222866883812 4.06662045151518
-5.867261416048963 3.666271838529118
-6.108715257370177 3.2480615176781034
-6.320408052003395 2.8140269676069596
-6.501308453932448 2.366282761014636
-6.650535134583182 1.9070102626685639
-6.767361076567683 1.4384470020147657
-6.8512171156399 0.9628757721593444
-6.901694713606657 0.48261350832989425
-6.918547948684649 8.472777600104142e-16
-6.901694713606658 -0.4826135083298894
-6.8512171156399 -0.962875772159343
-6.767361076567683 -1.438447002014764
-6.650535134583183 -1.9070102626685592
-6.501308453932449 -2.3662827610146344
-6.320408052003397 -2.814026967606955
-6.108715257370178 -3.2480615176781016
-5.867261416048963 -3.6662718385291178
-5.597222866883814 -4.0666204515151785
-5.29991521054208 -4.447156898436715
-4.976786900040199 -4.806027243975717
-4.6294121840261955 -5.1414831078822365
-4.259483437198496 -5.451890182907232
-3.8688029152265515 -5.735736196983183
-3.4592739743423278 -5.991638280861621
-3.032891798380111 -6.218349705313076
-2.5917336784414045 -6.4147659550665725
-2.1379488925414893 -6.5799301098970036
-1.6737482345429835 -6.713037506644278
-1.2013932433903685 -6.81343965945135
-0.7231851851195819 -6.880647419122138
-0.24145384132121947 -6.914333356207219
0.24145384132121692 -6.91433335620722
0.7231851851195793 -6.880647419122138
1.2013932433903658 -6.813439659451351
1.673748234542981 -6.7130375066442785
2.137948892541487 -6.5799301098970036
2.5917336784414022 -6.414765955066573
3.032891798380109 -6.218349705313078
3.4592739743423255 -5.991638280861623
3.8688029152265444 -5.735736196983187
4.259483437198499 -5.4518901829072295
4.629412184026191 -5.14148310788224
4.9767869000401985 -4.806027243975719
5.299915210542078 -4.447156898436718
5.597222866883812 -4.06662045151518
5.867261416048959 -3.6662718385291244
6.108715257370178 -3.2480615176781016
6.320408052003396 -2.8140269676069574
6.501308453932449 -2.3662827610146344
6.650535134583182 -1.9070102626685645
6.767361076567682 -1.4384470020147695
6.8512171156399 -0.9628757721593454
6.901694713606658 -0.482613508329889
7.892708388429899 0.0
7.87348214748182 0.5505675054675477
7.815897092950868 1.0984527013913097
7.720233773434288 1.6409863461699725
7.586958251008721 2.175525270421466
7.416719830622616 2.699465254238502
7.210347896747787 3.2102537146861856
6.96884787270164 3.7054021417294942
6.693396322325828 4.182498222004017
6.385335217885492 4.639217591364187
6.046165402115268 5.073335158951752
5.677539276264361 5.4827359476147715
5.281252749763745 5.865425397863702
4.859236490735951 6.219539085164741
4.413546519974034 6.543351803228739
3.9463541942149503 6.835285969042829
3.459935627507786 7.093919308696287
2.956660602214917 7.317991786556051
2.4389810236705425 7.506411744033675
1.909418974744361 7.658261218036238
1.370554428507347 7.772800413190254
0.825012678862295 7.849471306050373
0.27545155037581187 7.887900363733511
-0.27545155037580915 7.887900363733511
-0.825012678862294 7.849471306050374
-1.370554428507346 7.772800413190254
-1.9094189747443602 7.658261218036238
-2.4389810236705416 7.5064117440336755
-2.9566606022149178 7.317991786556051
-3.4599356275077864 7.093919308696286
-3.9463541942149476 6.83528596904283
-4.413546519974033 6.543351803228739
-4.859236490735951 6.219539085164741
-5.281252749763745 5.865425397863703
-5.677539276264361 5.482735947614771
-6.0461654021152675 5.073335158951754
-6.385335217885491 4.639217591364188
-6.693396322325828 4.182498222004017
-6.968847872701638 3.7054021417294964
-7.210347896747786 3.210253714686188
-7.416719830622615 2.699465254238503
-7.586958251008719 2.17552527042147
-7.720233773434288 1.6409863461699725
-7.815897092950867 1.0984527013913121
-7.87348214748182 0.5505675054675495
-7.892708388429899 9.66578006449414e-16
-7.873482147481821 -0.5505675054675441
-7.815897092950867 -1.0984527013913103
-7.720233773434288 -1.6409863461699705
-7.586958251008721 -2.1755252704214647
-7.416719830622616 -2.6994652542385014
-7.2103478967477885 -3.210253714686183
-6.968847872701639 -3.7054021417294947
-6.693396322325829 -4.182498222004016
-6.385335217885493 -4.639217591364186
-6.046165402115268 -5.073335158951752
-5.67753927626436 -5.482735947614772
-5.2812527497637465 -5.865425397863701
-4.859236490735949 -6.219539085164742
-4.413546519974037 -6.543351803228736
-3.946354194214953 -6.835285969042827
-3.459935627507788 -7.093919308696285
-2.9566606022149196 -7.31799178655605
-2.4389810236705434 -7.506411744033675
-1.9094189747443602 -7.658261218036238
-1.3705544285073463 -7.772800413190254
-0.8250126788622942 -7.849471306050374
-0.27545155037581637 -7.88790036373351
0.2754515503758135 -7.887900363733511
0.8250126788622912 -7.849471306050374
1.3705544285073437 -7.772800413190255
1.9094189747443575 -7.658261218036239
2.4389810236705407 -7.5064117440336755
2.956660602214917 -7.317991786556051
3.4599356275077855 -7.093919308696287
3.9463541942149503 -6.835285969042829
4.413546519974029 -6.543351803228742
4.859236490735952 -6.219539085164739
5.281252749763741 -5.865425397863706
5.677539276264358 -5.482735947614774
6.046165402115267 -5.073335158951755
6.385335217885491 -4.639217591364189
6.693396322325824 -4.182498222004023
6.968847872701639 -3.7054021417294942
7.210347896747788 -3.2102537146861856
7.416719830622616 -2.699465254238501
7.586958251008719 -2.175525270421471
7.720233773434287 -1.640986346169977
7.815897092950867 -1.0984527013913132
7.873482147481821 -0.5505675054675435
7.976777522601287 0.0
7.957346493467666 0.5564318718180655
7.899148072087544 1.1101528634889695
7.802465795319799 1.6584653020011308
7.667770689498375 2.198697864270292
7.495718975639329 2.7282185915570647
7.287148872398005 3.244447712105345
7.043076512352001 3.7448702095309927
6.764690991505393 4.227048075728841
6.453348576132533 4.688632188603126
6.110566095185084 5.127373756754196
5.73801355045385 5.541135275364167
5.33750598048791 5.927900939905534
4.910994617909258 6.285786466938201
4.4605573832036045 6.613048274148991
3.9883887613006443 6.908091974909413
3.4967891102640625 7.169480145967056
2.9881534541782857 7.39593933042717
2.464959814831889 7.586366241906665
1.929757139044526 7.7398331396344595
1.3851528804542452 7.85559234831126
0.8338002962654724 7.933079900708472
0.27838552084660834 7.971918285259834
-0.27838552084660556 7.971918285259834
-0.8338002962654714 7.9330799007084725
-1.3851528804542443 7.85559234831126
-1.9297571390445252 7.7398331396344595
-2.464959814831888 7.586366241906666
-2.9881534541782866 7.39593933042717
-3.496789110264063 7.169480145967055
-3.9883887613006417 6.908091974909414
-4.460557383203604 6.613048274148991
-4.910994617909258 6.285786466938201
-5.33750598048791 5.927900939905535
-5.73801355045385 5.541135275364166
-6.110566095185083 5.1273737567541975
-6.453348576132532 4.688632188603127
-6.764690991505393 4.227048075728841
-7.043076512351999 3.744870209530995
-7.287148872398004 3.244447712105347
-7.4957189756393285 2.728218591557066
-7.667770689498373 2.198697864270296
-7.802465795319799 1.6584653020011308
-7.899148072087543 1.110152863488972
-7.957346493467666 0.5564318718180673
-7.976777522601287 9.76873506056422e-16
-7.957346493467667 -0.5564318718180618
-7.899148072087543 -1.1101528634889701
-7.802465795319799 -1.6584653020011288
-7.667770689498375 -2.1986978642702906
-7.495718975639329 -2.7282185915570643
-7.2871488723980065 -3.2444477121053423
-7.043076512352 -3.744870209530993
-6.764690991505394 -4.22704807572884
-6.453348576132534 -4.688632188603125
-6.110566095185084 -5.127373756754196
-5.738013550453849 -5.541135275364168
-5.3375059804879115 -5.927900939905533
-4.910994617909256 -6.285786466938202
-4.460557383203608 -6.613048274148988
-3.988388761300647 -6.908091974909412
-3.4967891102640647 -7.1694801459670545
-2.9881534541782884 -7.3959393304271694
-2.46495981483189 -7.586366241906665
-1.9297571390445252 -7.7398331396344595
-1.3851528804542446 -7.85559234831126
-0.8338002962654716 -7.9330799007084725
-0.2783855208466129 -7.971918285259833
0.27838552084660995 -7.971918285259834
0.8338002962654686 -7.9330799007084725
1.3851528804542417 -7.855592348311261
1.9297571390445225 -7.73983313963446
2.464959814831887 -7.586366241906666
2.9881534541782857 -7.39593933042717
3.496789110264062 -7.169480145967056
3.9883887613006443 -6.908091974909413
4.4605573832036 -6.613048274148993
4.910994617909259 -6.285786466938199
5.337505980487907 -5.927900939905538
5.738013550453847 -5.541135275364169
6.110566095185082 -5.127373756754198
6.453348576132532 -4.688632188603128
6.764690991505389 -4.227048075728848
7.043076512352 -3.7448702095309927
7.287148872398006 -3.244447712105345
7.495718975639329 -2.728218591557064
7.667770689498373 -2.198697864270297
7.802465795319798 -1.6584653020011353
7.899148072087543 -1.110152863488973
7.957346493467667 -0.5564318718180612
8.064709522973928 0.0
8.045064295906846 0.5625656980933281
7.986224324277143 1.1223906326544517
7.888476270512022 1.6767473928755945
7.752296353303828 2.222935208344706
7.578348027520444 2.7582931069274284
7.367478751919858 3.280212878755853
7.120715860416295 3.7861517831648257
6.839261557012637 4.273644936668865
6.524487058783383 4.7403173216267405
6.177925915442882 5.183895357088681
5.801266538045284 5.602217975454225
5.396343973215603 5.993247150976338
4.965130962987014 6.3550778288179925
4.509728333799972 6.685947206287834
4.032354761486965 6.984243321037703
3.5353359621068745 7.248512904381162
3.0210933612901276 7.477468461472444
2.4921322972964193 7.669994543851933
1.9510298152585461 7.825153183798933
1.4004221120775622 7.94218846401611
0.8429916931364753 8.020530200382593
0.2814543034036577 8.059796719833692
-0.28145430340365485 8.059796719833692
-0.8429916931364743 8.020530200382595
-1.4004221120775613 7.94218846401611
-1.9510298152585452 7.825153183798933
-2.4921322972964184 7.669994543851934
-3.0210933612901285 7.477468461472444
-3.535335962106875 7.248512904381161
-4.032354761486962 6.984243321037704
-4.509728333799971 6.685947206287834
-4.965130962987014 6.3550778288179925
-5.396343973215603 5.993247150976339
-5.801266538045284 5.6022179754542245
-6.177925915442881 5.183895357088683
-6.524487058783382 4.740317321626741
-6.839261557012637 4.273644936668865
-7.1207158604162935 3.786151783164828
-7.367478751919857 3.2802128787558553
-7.578348027520443 2.7582931069274297
-7.7522963533038265 2.22293520834471
-7.888476270512022 1.6767473928755945
-7.986224324277142 1.1223906326544542
-8.045064295906846 0.5625656980933299
-8.064709522973928 9.876420703363198e-16
-8.045064295906847 -0.5625656980933242
-7.986224324277142 -1.1223906326544524
-7.888476270512022 -1.6767473928755925
-7.752296353303828 -2.2229352083447047
-7.578348027520444 -2.758293106927428
-7.36747875191986 -3.2802128787558504
-7.120715860416294 -3.786151783164826
-6.839261557012638 -4.273644936668864
-6.524487058783384 -4.74031732162674
-6.177925915442882 -5.183895357088681
-5.801266538045283 -5.602217975454226
-5.396343973215605 -5.993247150976337
-4.965130962987012 -6.355077828817993
-4.509728333799976 -6.685947206287831
-4.0323547614869675 -6.9842433210377015
-3.5353359621068767 -7.24851290438116
-3.0210933612901303 -7.477468461472443
-2.49213229729642 -7.669994543851933
-1.9510298152585452 -7.825153183798933
-1.4004221120775615 -7.94218846401611
-0.8429916931364745 -8.020530200382595
-0.28145430340366223 -8.05979671983369
0.2814543034036593 -8.059796719833692
0.8429916931364715 -8.020530200382595
1.4004221120775586 -7.942188464016111
1.9510298152585426 -7.825153183798934
2.4921322972964175 -7.669994543851934
3.0210933612901276 -7.477468461472444
3.535335962106874 -7.248512904381162
4.032354761486965 -6.984243321037703
4.509728333799967 -6.685947206287836
4.965130962987016 -6.355077828817991
5.3963439732155996 -5.993247150976342
5.801266538045281 -5.602217975454228
6.17792591544288 -5.183895357088684
6.524487058783382 -4.740317321626742
6.839261557012633 -4.273644936668872
7.120715860416294 -3.7861517831648257
7.367478751919859 -3.280212878755853
7.578348027520444 -2.7582931069274275
7.7522963533038265 -2.222935208344711
7.8884762705120215 -1.676747392875599
7.986224324277142 -1.1223906326544553
8.045064295906847 -0.5625656980933237
1.0 0.5 0.4 0.32000000000000006 0.25600000000000006 0.20480000000000007 0.16384000000000007 0.13107200000000005 0.10485760000000005 0.08388608000000004 0.06710886400000003 0.05368709120000003 0.042949672960000025 0.03435973836800002 0.027487790694400018 0.021990232555520017 0.017592186044416015 0.014073748835532814 0.011258999068426251 0.009007199254741001 0.007205759403792801 