0.0 0.0
2.3975477667849177 0.0
2.3908437369611786 0.17916896898975937
2.3707691391441417 0.3573359524272503
2.3374362386278134 0.5335045682698557
2.2910314465129593 0.7066896101571623
2.2318142772206166 0.8759225570845645
2.1601158971821803 1.0402569897655913
2.0763372728223874 1.1987738833924586
1.9809469281924212 1.3505867471955872
1.8744783247933663 1.4948465820595773
1.757526878243104 1.630746628470651
1.6307466284706513 1.7575268782431035
1.4948465820595775 1.8744783247933663
1.350586747195587 1.9809469281924212
1.198773883392459 2.0763372728223874
1.0402569897655913 2.1601158971821803
0.8759225570845645 2.2318142772206166
0.706689610157162 2.2910314465129598
0.5335045682698558 2.3374362386278134
0.35733595242725075 2.3707691391441417
0.1791689689897597 2.3908437369611786
1.4680745991980172e-16 2.3975477667849177
-0.17916896898975887 2.3908437369611786
-0.35733595242724997 2.3707691391441417
-0.5335045682698556 2.3374362386278134
-0.7066896101571623 2.2910314465129593
-0.8759225570845648 2.2318142772206166
-1.0402569897655911 2.1601158971821803
-1.1987738833924584 2.0763372728223874
-1.3505867471955872 1.9809469281924208
-1.4948465820595773 1.8744783247933665
-1.6307466284706509 1.7575268782431042
-1.757526878243104 1.630746628470651
-1.8744783247933663 1.4948465820595775
-1.9809469281924215 1.3505867471955868
-2.076337272822387 1.1987738833924597
-2.1601158971821803 1.0402569897655916
-2.231814277220617 0.8759225570845641
-2.2910314465129593 0.7066896101571633
-2.3374362386278134 0.533504568269856
-2.3707691391441417 0.35733595242725097
-2.3908437369611786 0.17916896898976037
-2.3975477667849177 2.9361491983960343e-16
-2.3908437369611786 -0.1791689689897587
-2.370769139144142 -0.3573359524272493
-2.3374362386278134 -0.5335045682698555
-2.2910314465129598 -0.7066896101571616
-2.2318142772206166 -0.8759225570845646
-2.1601158971821803 -1.0402569897655911
-2.076337272822388 -1.1987738833924582
-1.9809469281924212 -1.3505867471955872
-1.8744783247933665 -1.494846582059577
-1.7575268782431035 -1.6307466284706513
-1.630746628470651 -1.757526878243104
-1.4948465820595778 -1.874478324793366
-1.350586747195587 -1.9809469281924212
-1.19877388339246 -2.076337272822387
-1.0402569897655918 -2.1601158971821803
-0.8759225570845642 -2.231814277220617
-0.7066896101571634 -2.2910314465129593
-0.5335045682698561 -2.3374362386278134
-0.35733595242725 -2.3707691391441417
-0.1791689689897605 -2.3908437369611786
-4.404223797594051e-16 -2.3975477667849177
0.17916896898975965 -2.3908437369611786
0.3573359524272492 -2.370769139144142
0.5335045682698554 -2.3374362386278134
0.7066896101571626 -2.2910314465129593
0.8759225570845655 -2.231814277220616
1.040256989765591 -2.1601158971821808
1.1987738833924573 -2.0763372728223883
1.3505867471955881 -1.9809469281924206
1.494846582059577 -1.8744783247933665
1.6307466284706498 -1.7575268782431053
1.7575268782431044 -1.6307466284706507
1.874478324793366 -1.4948465820595778
1.9809469281924201 -1.3505867471955888
2.076337272822387 -1.19877388339246
2.1601158971821803 -1.0402569897655918
2.2318142772206166 -0.8759225570845643
2.2910314465129593 -0.7066896101571635
2.3374362386278134 -0.5335045682698564
2.3707691391441417 -0.3573359524272523
2.3908437369611786 -0.17916896898975854
3.601459500909169 0.0
3.5913890897008613 0.26913740555065896
3.5612341739003526 0.5367696855572167
3.511163392028769 0.8014001317481502
3.4414567602089283 1.0615488233242902
3.352504106201603 1.3157609032762414
3.2448028893305456 1.562614714534925
3.118955418488166 1.8007297504545843
2.9756654837798866 2.0287743751659364
2.8157344206443864 2.245473270624111
2.6400566284607785 2.449614568704478
2.4496145687044786 2.640056628460778
2.245473270624111 2.8157344206443864
2.028774375165936 2.9756654837798866
1.800729750454585 3.1189554184881656
1.5626147145349252 3.2448028893305456
1.3157609032762414 3.352504106201603
1.0615488233242898 3.4414567602089288
0.8014001317481504 3.511163392028769
0.5367696855572174 3.5612341739003526
0.26913740555065946 3.5913890897008613
2.205257925023619e-16 3.601459500909169
-0.26913740555065824 3.5913890897008613
-0.5367696855572163 3.5612341739003526
-0.80140013174815 3.511163392028769
-1.0615488233242902 3.4414567602089283
-1.3157609032762418 3.352504106201603
-1.5626147145349247 3.2448028893305456
-1.8007297504545836 3.118955418488166
-2.0287743751659364 2.975665483779886
-2.245473270624111 2.815734420644387
-2.4496145687044777 2.640056628460779
-2.6400566284607785 2.449614568704478
-2.8157344206443864 2.245473270624111
-2.975665483779887 2.0287743751659355
-3.1189554184881656 1.8007297504545856
-3.244802889330545 1.5626147145349254
-3.3525041062016037 1.3157609032762407
-3.441456760208928 1.0615488233242916
-3.511163392028769 0.8014001317481506
-3.5612341739003526 0.5367696855572177
-3.5913890897008613 0.26913740555066046
-3.601459500909169 4.410515850047238e-16
-3.5913890897008613 -0.26913740555065796
-3.561234173900353 -0.5367696855572153
-3.511163392028769 -0.8014001317481498
-3.4414567602089288 -1.0615488233242891
-3.352504106201603 -1.3157609032762416
-3.2448028893305456 -1.5626147145349245
-3.1189554184881665 -1.8007297504545834
-2.9756654837798866 -2.0287743751659364
-2.815734420644387 -2.2454732706241107
-2.640056628460778 -2.4496145687044786
-2.449614568704478 -2.6400566284607785
-2.2454732706241116 -2.815734420644386
-2.028774375165936 -2.9756654837798866
-1.800729750454586 -3.118955418488165
-1.5626147145349256 -3.244802889330545
-1.315760903276241 -3.3525041062016037
-1.0615488233242918 -3.441456760208928
-0.8014001317481508 -3.511163392028769
-0.5367696855572164 -3.5612341739003526
-0.2691374055506607 -3.5913890897008613
-6.615773775070856e-16 -3.601459500909169
0.2691374055506594 -3.5913890897008613
0.536769685557215 -3.561234173900353
0.8014001317481496 -3.511163392028769
1.0615488233242905 -3.4414567602089283
1.3157609032762427 -3.3525041062016028
1.5626147145349243 -3.244802889330546
1.800729750454582 -3.1189554184881674
2.0287743751659377 -2.9756654837798857
2.2454732706241107 -2.815734420644387
2.4496145687044764 -2.6400566284607807
2.6400566284607794 -2.4496145687044777
2.815734420644386 -2.2454732706241116
2.975665483779885 -2.0287743751659386
3.118955418488165 -1.800729750454586
3.244802889330545 -1.5626147145349258
3.352504106201603 -1.3157609032762412
3.441456760208928 -1.061548823324292
3.5111633920287684 -0.8014001317481511
3.561234173900352 -0.5367696855572197
3.5913890897008613 -0.26913740555065774
4.42801406676706 0.0
4.415632441351792 0.33090590561150546
4.3785568081777635 0.6599612511709408
4.316994509224957 0.9853258257087042
4.231289825841099 1.3051800585438622
4.121922053380721 1.6177351950614844
3.9895028207911056 1.9212433001540368
3.834772670135118 2.2140070333835298
3.6585969151796 2.4943891411977557
3.4619608022097803 2.760821613116279
3.2459640001323953 3.011814450681094
3.0118144506810944 3.245964000132395
2.7608216131162795 3.4619608022097803
2.4943891411977552 3.6585969151796
2.2140070333835307 3.8347726701351177
1.921243300154037 3.9895028207911056
1.6177351950614844 4.121922053380721
1.3051800585438615 4.2312898258411
0.9853258257087044 4.316994509224957
0.6599612511709417 4.3785568081777635
0.33090590561150607 4.415632441351792
2.7113766267228676e-16 4.42801406676706
-0.33090590561150457 4.415632441351792
-0.6599612511709403 4.3785568081777635
-0.985325825708704 4.316994509224957
-1.3051800585438622 4.231289825841099
-1.6177351950614849 4.121922053380721
-1.9212433001540365 3.9895028207911056
-2.2140070333835293 3.834772670135118
-2.4943891411977557 3.6585969151795994
-2.760821613116279 3.4619608022097808
-3.0118144506810935 3.2459640001323957
-3.2459640001323953 3.011814450681094
-3.4619608022097803 2.7608216131162795
-3.6585969151796007 2.494389141197755
-3.8347726701351172 2.2140070333835316
-3.989502820791105 1.9212433001540374
-4.121922053380722 1.6177351950614836
-4.231289825841099 1.3051800585438638
-4.316994509224957 0.9853258257087046
-4.3785568081777635 0.6599612511709422
-4.415632441351792 0.33090590561150734
-4.42801406676706 5.422753253445735e-16
-4.415632441351792 -0.33090590561150424
-4.378556808177764 -0.6599612511709391
-4.316994509224957 -0.9853258257087036
-4.2312898258411 -1.3051800585438609
-4.121922053380721 -1.6177351950614847
-3.9895028207911056 -1.9212433001540363
-3.8347726701351186 -2.214007033383529
-3.6585969151796 -2.4943891411977557
-3.4619608022097808 -2.7608216131162786
-3.245964000132395 -3.0118144506810944
-3.011814450681094 -3.2459640001323953
-2.76082161311628 -3.46196080220978
-2.4943891411977552 -3.6585969151796
-2.214007033383532 -3.834772670135117
-1.9212433001540377 -3.989502820791105
-1.6177351950614838 -4.121922053380722
-1.3051800585438642 -4.231289825841099
-0.985325825708705 -4.316994509224957
-0.6599612511709404 -4.3785568081777635
-0.33090590561150757 -4.415632441351792
-8.134129880168602e-16 -4.42801406676706
0.33090590561150596 -4.415632441351792
0.6599612511709388 -4.378556808177764
0.9853258257087034 -4.316994509224957
1.3051800585438627 -4.231289825841099
1.617735195061486 -4.121922053380721
1.921243300154036 -3.989502820791106
2.214007033383527 -3.8347726701351195
2.4943891411977575 -3.658596915179599
2.7608216131162786 -3.4619608022097808
3.0118144506810913 -3.245964000132398
3.245964000132396 -3.011814450681093
3.46196080220978 -2.76082161311628
3.658596915179598 -2.494389141197759
3.834772670135117 -2.214007033383532
3.989502820791105 -1.9212433001540379
4.121922053380721 -1.6177351950614842
4.231289825841099 -1.3051800585438644
4.316994509224956 -0.9853258257087053
4.3785568081777635 -0.6599612511709446
4.415632441351792 -0.33090590561150396
5.051219303068439 0.0
5.037095069414722 0.3774780912438572
4.994801356897483 0.7528451718821567
4.92457468911304 1.1240020369369526
4.826807802074223 1.4888730266636638
4.702047447871283 1.8454176344823314
4.550991337012419 2.1916419183181204
4.374484236543596 2.5256096515342192
4.173513245768562 2.845453151096602
3.9492022759891263 3.149383722415151
3.7028057651372706 3.4357016624493757
3.435701662449376 3.7028057651372697
3.1493837224151515 3.9492022759891263
2.8454531510966015 4.173513245768562
2.52560965153422 4.374484236543596
2.191641918318121 4.550991337012419
1.8454176344823314 4.702047447871283
1.4888730266636634 4.8268078020742236
1.124002036936953 4.92457468911304
0.7528451718821577 4.994801356897483
0.3774780912438579 5.037095069414722
3.0929797756470443e-16 5.051219303068439
-0.3774780912438561 5.037095069414722
-0.752845171882156 4.994801356897483
-1.1240020369369523 4.92457468911304
-1.4888730266636638 4.826807802074223
-1.8454176344823319 4.702047447871283
-2.1916419183181204 4.550991337012419
-2.5256096515342183 4.374484236543596
-2.845453151096602 4.173513245768561
-3.149383722415151 3.9492022759891268
-3.4357016624493752 3.702805765137271
-3.7028057651372706 3.4357016624493757
-3.9492022759891263 3.1493837224151515
-4.173513245768562 2.8454531510966006
-4.374484236543595 2.5256096515342215
-4.550991337012418 2.191641918318121
-4.7020474478712835 1.8454176344823305
-4.826807802074222 1.4888730266636658
-4.92457468911304 1.1240020369369532
-4.994801356897483 0.752845171882158
-5.037095069414722 0.3774780912438593
-5.051219303068439 6.185959551294089e-16
-5.037095069414722 -0.3774780912438558
-4.994801356897483 -0.7528451718821546
-4.92457468911304 -1.124002036936952
-4.8268078020742236 -1.4888730266636625
-4.702047447871283 -1.8454176344823316
-4.550991337012419 -2.19164191831812
-4.374484236543597 -2.5256096515342183
-4.173513245768562 -2.845453151096602
-3.9492022759891268 -3.1493837224151506
-3.7028057651372697 -3.435701662449376
-3.4357016624493757 -3.7028057651372706
-3.1493837224151524 -3.949202275989126
-2.8454531510966015 -4.173513245768562
-2.525609651534222 -4.374484236543594
-2.1916419183181213 -4.550991337012418
-1.8454176344823308 -4.7020474478712835
-1.488873026663666 -4.826807802074222
-1.1240020369369537 -4.92457468911304
-0.7528451718821562 -4.994801356897483
-0.37747809124385956 -5.037095069414722
-9.278939326941133e-16 -5.051219303068439
0.3774780912438577 -5.037095069414722
0.7528451718821543 -4.994801356897483
1.1240020369369517 -4.92457468911304
1.4888730266636645 -4.826807802074223
1.8454176344823334 -4.702047447871283
2.1916419183181195 -4.550991337012419
2.525609651534216 -4.374484236543598
2.8454531510966037 -4.17351324576856
3.1493837224151506 -3.9492022759891268
3.435701662449373 -3.702805765137273
3.7028057651372714 -3.4357016624493744
3.949202275989126 -3.1493837224151524
4.173513245768559 -2.845453151096605
4.374484236543594 -2.525609651534222
4.550991337012418 -2.1916419183181217
4.702047447871283 -1.8454176344823312
4.826807802074222 -1.4888730266636663
4.924574689113039 -1.1240020369369539
4.994801356897482 -0.7528451718821609
5.037095069414722 -0.3774780912438554
5.90957668706525 0.0
5.893052312074846 0.4416232188805372
5.843571598111489 0.8807767015820942
5.761411261398902 1.3150045236922219
5.647030775867307 1.7418783070905313
5.501069803588827 2.1590108004241855
5.324344617527707 2.5640692295858227
5.117843536610789 2.9547883435326248
4.8827213986471705 3.328983082489024
4.620293102006733 3.6845607976873036
4.332026252175086 4.019532954308371
4.019532954308372 4.332026252175085
3.6845607976873045 4.620293102006733
3.3289830824890236 4.8827213986471705
2.9547883435326256 5.117843536610788
2.5640692295858227 5.324344617527707
2.1590108004241855 5.501069803588827
1.7418783070905306 5.647030775867308
1.315004523692222 5.761411261398902
0.8807767015820953 5.843571598111489
0.44162321888053796 5.893052312074846
3.6185720870651393e-16 5.90957668706525
-0.4416232188805359 5.893052312074846
-0.8807767015820934 5.843571598111489
-1.3150045236922214 5.761411261398902
-1.7418783070905313 5.647030775867307
-2.159010800424186 5.501069803588827
-2.5640692295858223 5.324344617527707
-2.954788343532624 5.117843536610789
-3.328983082489024 4.88272139864717
-3.6845607976873036 4.620293102006734
-4.01953295430837 4.332026252175086
-4.332026252175086 4.019532954308371
-4.620293102006733 3.6845607976873045
-4.882721398647171 3.3289830824890227
-5.1178435366107875 2.954788343532627
-5.324344617527706 2.564069229585823
-5.501069803588828 2.1590108004241846
-5.647030775867306 1.7418783070905337
-5.761411261398902 1.3150045236922225
-5.843571598111489 0.8807767015820959
-5.893052312074846 0.4416232188805396
-5.90957668706525 7.237144174130279e-16
-5.893052312074846 -0.4416232188805355
-5.84357159811149 -0.8807767015820918
-5.761411261398902 -1.3150045236922212
-5.647030775867308 -1.7418783070905297
-5.501069803588827 -2.159010800424186
-5.324344617527707 -2.564069229585822
-5.11784353661079 -2.9547883435326234
-4.8827213986471705 -3.328983082489024
-4.620293102006734 -3.684560797687303
-4.332026252175085 -4.019532954308372
-4.019532954308371 -4.332026252175086
-3.684560797687305 -4.620293102006732
-3.3289830824890236 -4.8827213986471705
-2.954788343532628 -5.1178435366107875
-2.5640692295858236 -5.324344617527706
-2.1590108004241846 -5.501069803588828
-1.741878307090534 -5.647030775867306
-1.315004523692223 -5.761411261398902
-0.8807767015820935 -5.843571598111489
-0.44162321888053996 -5.893052312074846
-1.0855716261195416e-15 -5.90957668706525
0.4416232188805378 -5.893052312074846
0.8807767015820914 -5.84357159811149
1.3150045236922208 -5.761411261398902
1.741878307090532 -5.647030775867307
2.1590108004241877 -5.501069803588827
2.5640692295858214 -5.324344617527708
2.954788343532621 -5.117843536610791
3.3289830824890263 -4.882721398647169
3.684560797687303 -4.620293102006734
4.019532954308367 -4.332026252175089
4.332026252175087 -4.01953295430837
4.620293102006732 -3.684560797687305
4.882721398647168 -3.328983082489028
5.1178435366107875 -2.954788343532628
5.324344617527706 -2.5640692295858236
5.501069803588827 -2.159010800424185
5.647030775867306 -1.7418783070905344
5.761411261398902 -1.3150045236922232
5.843571598111489 -0.8807767015820991
5.893052312074846 -0.44162321888053513
5.505907315825384 0.0
5.490511682268712 0.41145696898980894
5.444410880226594 0.8206129037065931
5.3678627240842705 1.2251796381943685
5.261295302181701 1.6228946711663845
5.125304582769924 2.011533818830074
4.960651081114844 2.3889236534250355
4.768255606387373 2.7529536579126916
4.5491941121250346 3.101588028843677
4.304691679063331 3.43287706139652
4.036115663987332 3.7449680529178857
3.744968052917886 4.036115663987332
3.4328770613965207 4.304691679063331
3.1015880288436763 4.5491941121250346
2.7529536579126925 4.768255606387373
2.388923653425036 4.960651081114844
2.011533818830074 5.125304582769924
1.6228946711663839 5.2612953021817015
1.225179638194369 5.3678627240842705
0.8206129037065941 5.444410880226594
0.41145696898980966 5.490511682268712
3.371395885363776e-16 5.505907315825384
-0.41145696898980777 5.490511682268712
-0.8206129037065923 5.444410880226594
-1.2251796381943683 5.3678627240842705
-1.6228946711663845 5.261295302181701
-2.011533818830075 5.125304582769924
-2.3889236534250355 4.960651081114844
-2.7529536579126908 4.768255606387373
-3.101588028843677 4.5491941121250346
-3.43287706139652 4.304691679063332
-3.744968052917885 4.036115663987333
-4.036115663987332 3.7449680529178857
-4.304691679063331 3.4328770613965207
-4.549194112125035 3.101588028843676
-4.768255606387372 2.752953657912694
-4.960651081114843 2.3889236534250364
-5.125304582769925 2.011533818830073
-5.261295302181701 1.6228946711663867
-5.3678627240842705 1.2251796381943691
-5.444410880226594 0.8206129037065946
-5.490511682268712 0.4114569689898112
-5.505907315825384 6.742791770727552e-16
-5.490511682268712 -0.4114569689898074
-5.444410880226595 -0.8206129037065908
-5.3678627240842705 -1.225179638194368
-5.2612953021817015 -1.622894671166383
-5.125304582769924 -2.0115338188300744
-4.960651081114844 -2.388923653425035
-4.768255606387374 -2.7529536579126908
-4.5491941121250346 -3.101588028843677
-4.304691679063332 -3.4328770613965194
-4.036115663987332 -3.744968052917886
-3.7449680529178857 -4.036115663987332
-3.432877061396521 -4.30469167906333
-3.1015880288436763 -4.5491941121250346
-2.7529536579126948 -4.768255606387371
-2.3889236534250364 -4.960651081114843
-2.0115338188300735 -5.125304582769925
-1.622894671166387 -5.261295302181701
-1.2251796381943696 -5.3678627240842705
-0.8206129037065925 -5.444410880226594
-0.41145696898981154 -5.490511682268712
-1.0114187656091328e-15 -5.505907315825384
0.41145696898980955 -5.490511682268712
0.8206129037065905 -5.444410880226595
1.2251796381943676 -5.3678627240842705
1.6228946711663852 -5.261295302181701
2.011533818830076 -5.125304582769924
2.3889236534250347 -4.960651081114844
2.7529536579126885 -4.768255606387375
3.1015880288436786 -4.549194112125034
3.4328770613965194 -4.304691679063332
3.7449680529178826 -4.036115663987336
4.036115663987334 -3.7449680529178844
4.30469167906333 -3.432877061396521
4.549194112125033 -3.101588028843681
4.768255606387371 -2.7529536579126948
4.960651081114843 -2.388923653425037
5.125304582769924 -2.011533818830074
5.261295302181701 -1.6228946711663872
5.36786272408427 -1.22517963819437
5.444410880226593 -0.8206129037065977
5.490511682268712 -0.411456968989807
6.281645092288425 0.0
6.2640803385745425 0.4694279256234166
6.211484306660587 0.9362306198691113
6.124151134891953 1.3977975327181191
6.002569225790791 1.8515473947648753
5.847418514710995 2.2949426527227907
5.659566667363889 2.7255036604515603
5.440064227479621 3.140822546144212
5.190138741740473 3.538576678122982
4.911187894841883 3.9165416539377955
4.6047716930726725 4.272603740127077
4.272603740127078 4.604771693072672
3.9165416539377964 4.911187894841883
3.5385766781229813 5.190138741740473
3.1408225461442134 5.4400642274796205
2.725503660451561 5.659566667363889
2.2949426527227907 5.847418514710995
1.8515473947648744 6.002569225790792
1.3977975327181194 6.124151134891953
0.9362306198691125 6.211484306660587
0.4694279256234175 6.2640803385745425
3.84639827782535e-16 6.281645092288425
-0.4694279256234153 6.2640803385745425
-0.9362306198691105 6.211484306660587
-1.3977975327181187 6.124151134891953
-1.8515473947648753 6.002569225790791
-2.2949426527227916 5.847418514710995
-2.72550366045156 5.659566667363889
-3.140822546144211 5.440064227479621
-3.538576678122982 5.190138741740473
-3.9165416539377955 4.911187894841884
-4.272603740127077 4.6047716930726725
-4.6047716930726725 4.272603740127077
-4.911187894841883 3.9165416539377964
-5.190138741740474 3.538576678122981
-5.44006422747962 3.1408225461442147
-5.6595666673638885 2.7255036604515612
-5.847418514710995 2.29494265272279
-6.00256922579079 1.8515473947648777
-6.124151134891953 1.3977975327181198
-6.211484306660587 0.936230619869113
-6.2640803385745425 0.46942792562341923
-6.281645092288425 7.6927965556507e-16
-6.2640803385745425 -0.4694279256234149
-6.211484306660588 -0.9362306198691087
-6.124151134891953 -1.3977975327181185
-6.002569225790792 -1.8515473947648735
-5.847418514710995 -2.294942652722791
-5.659566667363889 -2.7255036604515595
-5.440064227479621 -3.1408225461442107
-5.190138741740473 -3.538576678122982
-4.911187894841884 -3.916541653937795
-4.604771693072672 -4.272603740127078
-4.272603740127077 -4.6047716930726725
-3.9165416539377973 -4.911187894841882
-3.5385766781229813 -5.190138741740473
-3.140822546144215 -5.440064227479619
-2.7255036604515612 -5.6595666673638885
-2.2949426527227903 -5.847418514710995
-1.851547394764878 -6.00256922579079
-1.3977975327181202 -6.124151134891953
-0.9362306198691106 -6.211484306660587
-0.46942792562341956 -6.2640803385745425
-1.153919483347605e-15 -6.281645092288425
0.46942792562341734 -6.2640803385745425
0.9362306198691084 -6.211484306660588
1.397797532718118 -6.124151134891953
1.851547394764876 -6.002569225790791
2.2949426527227934 -5.847418514710994
2.7255036604515595 -5.65956666736389
3.1408225461442085 -5.440064227479623
3.5385766781229844 -5.190138741740472
3.916541653937795 -4.911187894841884
4.272603740127074 -4.604771693072676
4.604771693072673 -4.272603740127076
4.911187894841882 -3.9165416539377973
5.19013874174047 -3.538576678122986
5.440064227479619 -3.140822546144215
5.6595666673638885 -2.7255036604515617
5.847418514710995 -2.2949426527227907
6.00256922579079 -1.8515473947648784
6.124151134891952 -1.3977975327181207
6.211484306660586 -0.9362306198691166
6.2640803385745425 -0.46942792562341445
6.572951092691778 0.0
6.554571788318428 0.4911972502958461
6.499536659723772 0.9796475263199446
6.408153485671231 1.4626192159949516
6.280933317938561 1.9374113457207083
6.118587623309013 2.401368685314229
5.9220243047604795 2.8518965971339476
5.692342624103764 3.2864755463458883
5.4308270544646335 3.7026751911844804
5.138940096989069 4.0981679744095425
4.81831410194361 4.470742139950522
4.470742139950523 4.818314101943609
4.0981679744095425 5.138940096989069
3.7026751911844795 5.4308270544646335
3.2864755463458897 5.692342624103763
2.851896597133948 5.9220243047604795
2.401368685314229 6.118587623309013
1.9374113457207076 6.280933317938562
1.4626192159949518 6.408153485671231
0.9796475263199459 6.499536659723772
0.491197250295847 6.554571788318428
4.0247717583085414e-16 6.572951092691778
-0.4911972502958447 6.554571788318428
-0.9796475263199437 6.499536659723772
-1.4626192159949511 6.408153485671231
-1.9374113457207083 6.280933317938561
-2.40136868531423 6.118587623309013
-2.8518965971339476 5.9220243047604795
-3.2864755463458875 5.692342624103764
-3.7026751911844804 5.430827054464633
-4.0981679744095425 5.13894009698907
-4.470742139950522 4.818314101943611
-4.81831410194361 4.470742139950522
-5.138940096989069 4.0981679744095425
-5.430827054464634 3.7026751911844786
-5.6923426241037625 3.286475546345891
-5.922024304760479 2.8518965971339485
-6.118587623309014 2.401368685314228
-6.28093331793856 1.937411345720711
-6.408153485671231 1.4626192159949523
-6.499536659723772 0.9796475263199463
-6.554571788318428 0.4911972502958488
-6.572951092691778 8.049543516617083e-16
-6.554571788318428 -0.49119725029584427
-6.4995366597237725 -0.9796475263199418
-6.408153485671231 -1.462619215994951
-6.280933317938562 -1.9374113457207065
-6.118587623309013 -2.4013686853142295
-5.9220243047604795 -2.851896597133947
-5.692342624103765 -3.286475546345887
-5.4308270544646335 -3.7026751911844804
-5.13894009698907 -4.098167974409542
-4.818314101943609 -4.470742139950523
-4.470742139950522 -4.81831410194361
-4.098167974409543 -5.138940096989068
-3.7026751911844795 -5.4308270544646335
-3.286475546345892 -5.6923426241037625
-2.851896597133949 -5.922024304760479
-2.4013686853142286 -6.118587623309014
-1.9374113457207112 -6.28093331793856
-1.462619215994953 -6.408153485671231
-0.9796475263199438 -6.499536659723772
-0.4911972502958492 -6.554571788318428
-1.2074315274925623e-15 -6.572951092691778
0.4911972502958468 -6.554571788318428
0.9796475263199415 -6.4995366597237725
1.4626192159949505 -6.408153485671231
1.937411345720709 -6.280933317938561
2.4013686853142318 -6.118587623309013
2.8518965971339467 -5.92202430476048
3.2864755463458843 -5.692342624103767
3.7026751911844826 -5.430827054464633
4.098167974409542 -5.13894009698907
4.470742139950518 -4.8183141019436135
4.818314101943612 -4.470742139950521
5.138940096989068 -4.098167974409543
5.430827054464631 -3.7026751911844844
5.6923426241037625 -3.286475546345892
5.922024304760479 -2.8518965971339494
6.118587623309013 -2.401368685314229
6.28093331793856 -1.9374113457207116
6.40815348567123 -1.4626192159949531
6.499536659723771 -0.97964752631995
6.554571788318428 -0.4911972502958438
6.827825021325796 0.0
6.808733037754756 0.5102440028354059
6.751563857158192 1.0176345142327832
6.656637192783974 1.5193340006357083
6.524483913045107 2.012536755008021
6.355843072688238 2.494484587485669
6.151657779699713 2.9624822502932573
5.913069921063166 3.4139125106628976
5.641413776864307 3.846250787461499
5.338208558455454 4.2570792696725235
5.005149912409399 4.644100437775952
4.644100437775953 5.005149912409398
4.257079269672524 5.338208558455454
3.846250787461498 5.641413776864307
3.413912510662899 5.913069921063165
2.9624822502932577 6.151657779699713
2.494484587485669 6.355843072688238
2.01253675500802 6.524483913045107
1.5193340006357088 6.656637192783974
1.0176345142327845 6.751563857158192
0.5102440028354068 6.808733037754756
4.1808370287524225e-16 6.827825021325796
-0.5102440028354045 6.808733037754756
-1.0176345142327823 6.751563857158192
-1.519334000635708 6.656637192783974
-2.012536755008021 6.524483913045107
-2.49448458748567 6.355843072688238
-2.962482250293257 6.151657779699713
-3.4139125106628967 5.913069921063166
-3.846250787461499 5.641413776864307
-4.2570792696725235 5.338208558455455
-4.644100437775951 5.0051499124094
-5.005149912409399 4.644100437775952
-5.338208558455454 4.257079269672524
-5.641413776864308 3.8462507874614973
-5.9130699210631645 3.4139125106629002
-6.151657779699713 2.962482250293258
-6.355843072688239 2.494484587485668
-6.524483913045106 2.0125367550080235
-6.656637192783974 1.5193340006357092
-6.751563857158192 1.0176345142327852
-6.808733037754756 0.5102440028354087
-6.827825021325796 8.361674057504845e-16
-6.808733037754756 -0.510244002835404
-6.751563857158193 -1.0176345142327803
-6.656637192783974 -1.5193340006357077
-6.524483913045107 -2.0125367550080187
-6.355843072688238 -2.4944845874856694
-6.151657779699713 -2.962482250293257
-5.913069921063167 -3.4139125106628962
-5.641413776864307 -3.846250787461499
-5.338208558455455 -4.257079269672523
-5.005149912409398 -4.644100437775953
-4.644100437775952 -5.005149912409399
-4.257079269672525 -5.338208558455453
-3.846250787461498 -5.641413776864307
-3.413912510662901 -5.913069921063164
-2.9624822502932586 -6.151657779699713
-2.494484587485668 -6.355843072688239
-2.012536755008024 -6.524483913045106
-1.5193340006357097 -6.656637192783974
-1.0176345142327825 -6.751563857158192
-0.5102440028354092 -6.808733037754756
-1.2542511086257266e-15 -6.827825021325796
0.5102440028354067 -6.808733037754756
1.01763451423278 -6.751563857158193
1.5193340006357072 -6.656637192783974
2.0125367550080213 -6.524483913045107
2.4944845874856716 -6.355843072688237
2.9624822502932564 -6.151657779699714
3.4139125106628936 -5.913069921063169
3.8462507874615013 -5.641413776864306
4.257079269672523 -5.338208558455455
4.644100437775949 -5.0051499124094025
5.0051499124094 -4.644100437775951
5.338208558455453 -4.257079269672525
5.6414137768643045 -3.8462507874615035
5.913069921063164 -3.413912510662901
6.151657779699713 -2.962482250293259
6.355843072688238 -2.4944845874856685
6.524483913045106 -2.012536755008024
6.656637192783973 -1.5193340006357101
6.7515638571581915 -1.017634514232789
6.808733037754756 -0.5102440028354035
7.057963326926402 0.0
7.038227829976523 0.5274422599507603
6.979131708031291 1.0519348488334426
6.881005450576235 1.570544591337079
6.744397819446746 2.0803712114139574
6.5700727799292995 2.578563551799741
6.359005228357673 3.0623355188414276
6.112375540097198 3.5289816634632007
5.831562968406912 3.9758923111350963
5.518137931095857 4.40056815623155
5.173853228109667 4.800634239162277
4.800634239162278 5.173853228109667
4.400568156231551 5.518137931095857
3.9758923111350954 5.831562968406912
3.528981663463202 6.112375540097197
3.062335518841428 6.359005228357673
2.578563551799741 6.5700727799292995
2.0803712114139565 6.744397819446747
1.5705445913370795 6.881005450576235
1.051934848833444 6.979131708031291
0.5274422599507613 7.038227829976523
4.3217560984099114e-16 7.057963326926402
-0.5274422599507589 7.038227829976523
-1.0519348488334417 6.979131708031291
-1.5705445913370786 6.881005450576235
-2.0803712114139574 6.744397819446746
-2.578563551799742 6.5700727799292995
-3.062335518841427 6.359005228357673
-3.5289816634631994 6.112375540097198
-3.9758923111350963 5.831562968406912
-4.40056815623155 5.518137931095858
-4.800634239162276 5.173853228109668
-5.173853228109667 4.800634239162277
-5.518137931095857 4.400568156231551
-5.831562968406913 3.9758923111350946
-6.112375540097196 3.5289816634632034
-6.359005228357672 3.0623355188414285
-6.5700727799293 2.5785635517997396
-6.744397819446745 2.08037121141396
-6.881005450576235 1.5705445913370797
-6.979131708031291 1.0519348488334446
-7.038227829976523 0.5274422599507632
-7.057963326926402 8.643512196819823e-16
-7.038227829976523 -0.5274422599507583
-6.979131708031292 -1.0519348488334397
-6.881005450576235 -1.5705445913370781
-6.744397819446747 -2.0803712114139556
-6.5700727799292995 -2.5785635517997414
-6.359005228357673 -3.0623355188414267
-6.112375540097199 -3.5289816634631994
-5.831562968406912 -3.9758923111350963
-5.518137931095858 -4.400568156231549
-5.173853228109667 -4.800634239162278
-4.800634239162277 -5.173853228109667
-4.400568156231552 -5.518137931095856
-3.9758923111350954 -5.831562968406912
-3.5289816634632043 -6.1123755400971955
-3.062335518841429 -6.359005228357672
-2.57856355179974 -6.5700727799293
-2.0803712114139605 -6.744397819446745
-1.5705445913370804 -6.881005450576235
-1.051934848833442 -6.979131708031291
-0.5274422599507637 -7.038227829976523
-1.2965268295229734e-15 -7.057963326926402
0.5274422599507611 -7.038227829976523
1.0519348488334392 -6.979131708031292
1.570544591337078 -6.881005450576235
2.0803712114139583 -6.744397819446746
2.5785635517997436 -6.570072779929299
3.0623355188414267 -6.359005228357673
3.5289816634631963 -6.1123755400972
3.9758923111350986 -5.831562968406911
4.400568156231549 -5.518137931095858
4.800634239162274 -5.173853228109672
5.173853228109669 -4.800634239162276
5.518137931095856 -4.400568156231552
5.831562968406909 -3.9758923111351008
6.1123755400971955 -3.5289816634632043
6.359005228357672 -3.0623355188414294
6.5700727799292995 -2.5785635517997405
6.744397819446745 -2.080371211413961
6.881005450576234 -1.5705445913370808
6.97913170803129 -1.0519348488334486
7.038227829976523 -0.5274422599507579
7.274625283733248 0.0
7.254283956009015 0.5436334282595537
7.193373729792158 1.0842266378700993
7.092235239775162 1.618756412318541
6.951434093419779 2.144233444280767
6.771757707850677 2.6577190530407817
6.554210906299459 3.1563416187853086
6.300010298725573 3.6373126418666235
6.010577478039905 4.0979423372237065
5.687531069980577 4.535654676751376
5.332677681101239 4.9480017954943945
4.948001795494395 5.332677681101238
4.535654676751377 5.687531069980577
4.097942337223706 6.010577478039905
3.637312641866625 6.300010298725573
3.156341618785309 6.554210906299459
2.6577190530407817 6.771757707850677
2.1442334442807662 6.95143409341978
1.6187564123185414 7.092235239775162
1.0842266378701007 7.193373729792158
0.5436334282595547 7.254283956009015
4.454423284360164e-16 7.274625283733248
-0.5436334282595522 7.254283956009015
-1.0842266378700982 7.193373729792158
-1.6187564123185405 7.092235239775162
-2.144233444280767 6.951434093419779
-2.657719053040782 6.771757707850677
-3.156341618785308 6.554210906299459
-3.637312641866622 6.300010298725573
-4.0979423372237065 6.010577478039905
-4.535654676751376 5.687531069980578
-4.948001795494394 5.33267768110124
-5.332677681101239 4.9480017954943945
-5.687531069980577 4.535654676751377
-6.010577478039906 4.097942337223705
-6.300010298725572 3.637312641866626
-6.554210906299458 3.1563416187853095
-6.771757707850678 2.6577190530407804
-6.9514340934197785 2.14423344428077
-7.092235239775162 1.6187564123185416
-7.193373729792158 1.0842266378701013
-7.254283956009015 0.5436334282595567
-7.274625283733248 8.908846568720327e-16
-7.254283956009015 -0.5436334282595517
-7.1933737297921585 -1.0842266378700962
-7.092235239775162 -1.61875641231854
-6.95143409341978 -2.144233444280765
-6.771757707850677 -2.657719053040782
-6.554210906299459 -3.156341618785308
-6.3000102987255735 -3.6373126418666217
-6.010577478039905 -4.0979423372237065
-5.687531069980578 -4.535654676751375
-5.332677681101238 -4.948001795494395
-4.9480017954943945 -5.332677681101239
-4.535654676751377 -5.687531069980577
-4.097942337223706 -6.010577478039905
-3.637312641866627 -6.300010298725571
-3.15634161878531 -6.554210906299458
-2.657719053040781 -6.771757707850678
-2.1442334442807702 -6.9514340934197785
-1.6187564123185423 -7.092235239775162
-1.0842266378700984 -7.193373729792158
-0.5436334282595572 -7.254283956009015
-1.3363269853080491e-15 -7.274625283733248
0.5436334282595545 -7.254283956009015
1.0842266378700958 -7.1933737297921585
1.6187564123185396 -7.092235239775162
2.144233444280768 -6.951434093419779
2.6577190530407844 -6.771757707850676
3.1563416187853077 -6.55421090629946
3.637312641866619 -6.300010298725575
4.097942337223709 -6.010577478039904
4.535654676751375 -5.687531069980578
4.94800179549439 -5.332677681101243
5.332677681101241 -4.948001795494393
5.687531069980577 -4.535654676751377
6.010577478039902 -4.097942337223711
6.300010298725571 -3.637312641866627
6.554210906299458 -3.1563416187853104
6.771757707850677 -2.6577190530407813
6.9514340934197785 -2.1442334442807707
7.092235239775161 -1.6187564123185427
7.193373729792157 -1.0842266378701053
7.254283956009015 -0.5436334282595512
7.49640041802688 0.0
7.475438962046991 0.5602067048004586
7.412671819071919 1.1172805064667477
7.308450008425896 1.668106022329847
7.1633563807503435 2.2096028126694884
6.978202358466661 2.738742607782612
6.7540233979729 3.2525662432959286
6.492073198951564 3.7482002090134396
6.193816693172441 4.222872718751063
5.8609218519999144 4.673929211289306
5.495250358420497 5.098847195756408
5.0988471957564085 5.495250358420496
4.673929211289307 5.8609218519999144
4.222872718751062 6.193816693172441
3.748200209013441 6.492073198951563
3.252566243295929 6.7540233979729
2.738742607782612 6.978202358466661
2.2096028126694875 7.163356380750344
1.6681060223298474 7.308450008425896
1.117280506466749 7.412671819071919
0.5602067048004596 7.475438962046991
4.590221388531749e-16 7.49640041802688
-0.5602067048004571 7.475438962046991
-1.1172805064667466 7.412671819071919
-1.6681060223298465 7.308450008425896
-2.2096028126694884 7.1633563807503435
-2.738742607782613 6.978202358466661
-3.252566243295928 6.7540233979729
-3.7482002090134383 6.492073198951564
-4.222872718751063 6.19381669317244
-4.673929211289306 5.860921851999915
-5.098847195756407 5.495250358420498
-5.495250358420497 5.098847195756408
-5.8609218519999144 4.673929211289307
-6.193816693172442 4.222872718751061
-6.492073198951562 3.7482002090134428
-6.754023397972899 3.2525662432959295
-6.978202358466662 2.7387426077826107
-7.163356380750343 2.209602812669491
-7.308450008425896 1.6681060223298478
-7.412671819071919 1.1172805064667497
-7.475438962046991 0.5602067048004618
-7.49640041802688 9.180442777063499e-16
-7.475438962046991 -0.5602067048004565
-7.412671819071919 -1.1172805064667446
-7.308450008425896 -1.6681060223298463
-7.163356380750344 -2.209602812669486
-6.978202358466661 -2.7387426077826125
-6.7540233979729 -3.2525662432959277
-6.492073198951565 -3.748200209013438
-6.193816693172441 -4.222872718751063
-5.860921851999915 -4.673929211289305
-5.495250358420496 -5.0988471957564085
-5.098847195756408 -5.495250358420497
-4.673929211289308 -5.860921851999914
-4.222872718751062 -6.193816693172441
-3.748200209013443 -6.492073198951561
-3.25256624329593 -6.754023397972899
-2.738742607782611 -6.978202358466662
-2.2096028126694915 -7.163356380750343
-1.6681060223298485 -7.308450008425896
-1.1172805064667468 -7.412671819071919
-0.5602067048004622 -7.475438962046991
-1.3770664165595247e-15 -7.49640041802688
0.5602067048004595 -7.475438962046991
1.1172805064667441 -7.412671819071919
1.6681060223298458 -7.308450008425896
2.2096028126694893 -7.1633563807503435
2.7387426077826147 -6.978202358466661
3.2525662432959273 -6.754023397972901
3.748200209013435 -6.492073198951567
4.2228727187510655 -6.193816693172439
4.673929211289305 -5.860921851999915
5.098847195756403 -5.495250358420502
5.495250358420499 -5.098847195756406
5.860921851999914 -4.673929211289308
6.193816693172438 -4.222872718751068
6.492073198951561 -3.748200209013443
6.754023397972899 -3.2525662432959304
6.978202358466661 -2.7387426077826116
7.163356380750343 -2.209602812669492
7.308450008425895 -1.668106022329849
7.412671819071918 -1.117280506466754
7.475438962046991 -0.5602067048004561
1.0 0.5 0.4 0.32000000000000006 0.25600000000000006 0.20480000000000007 0.16384000000000007 0.13107200000000005 0.10485760000000005 0.08388608000000004 0.06710886400000003 0.05368709120000003 0.042949672960000025 