0.0 0.0
2.3011049952183606 0.0
2.2936432207680375 0.18516202322213937
2.271306289887696 0.3691231996711674
2.2342390661454816 0.5506904705260993
2.182681944711227 0.7286863023623452
2.116969293301529 0.9019563239078251
2.0375272836767984 1.0693768125836374
1.9448711277538595 1.2298619822761907
1.8396017362589665 1.3823710250768013
1.7224018215911532 1.5259148613203717
1.5940314701703486 1.6595625541465584
1.4553232129852751 1.7824473469825433
1.3071766263105158 1.89377228479201
1.15055249760918 1.9928153826343697
0.9864665944575218 2.0789343080141496
0.8159830769024217 2.1515705466537107
0.6402075959751334 2.2102530246726575
0.46028012312007405 2.254601163682717
0.2773675570425621 2.2843273489846267
0.09265615592293876 2.299238794859828
-0.09265615592293848 2.299238794859828
-0.27736755704256233 2.2843273489846267
-0.46028012312007327 2.2546011636827172
-0.6402075959751327 2.210253024672658
-0.8159830769024209 2.151570546653711
-0.986466594457522 2.0789343080141496
-1.1505524976091808 1.992815382634369
-1.3071766263105153 1.8937722847920102
-1.4553232129852747 1.7824473469825435
-1.5940314701703486 1.6595625541465584
-1.7224018215911525 1.5259148613203724
-1.839601736258966 1.3823710250768022
-1.9448711277538593 1.2298619822761914
-2.037527283676798 1.0693768125836378
-2.116969293301529 0.9019563239078252
-2.182681944711227 0.7286863023623452
-2.2342390661454816 0.5506904705260992
-2.271306289887696 0.3691231996711671
-2.293643220768037 0.18516202322213987
-2.3011049952183606 2.818040866896151e-16
-2.2936432207680375 -0.1851620232221393
-2.271306289887696 -0.3691231996711665
-2.2342390661454816 -0.5506904705260997
-2.182681944711227 -0.7286863023623447
-2.1169692933015294 -0.9019563239078238
-2.0375272836767984 -1.0693768125836371
-1.9448711277538604 -1.22986198227619
-1.8396017362589665 -1.3823710250768018
-1.7224018215911536 -1.525914861320371
-1.594031470170349 -1.659562554146558
-1.4553232129852745 -1.7824473469825437
-1.3071766263105158 -1.89377228479201
-1.1505524976091794 -1.99281538263437
-0.9864665944575216 -2.0789343080141496
-0.8159830769024219 -2.1515705466537107
-0.6402075959751327 -2.210253024672658
-0.4602801231200743 -2.254601163682717
-0.27736755704256344 -2.2843273489846267
-0.09265615592293854 -2.299238794859828
0.09265615592293769 -2.2992387948598285
0.27736755704256055 -2.2843273489846267
0.4602801231200735 -2.2546011636827172
0.6402075959751319 -2.210253024672658
0.8159830769024211 -2.151570546653711
0.9864665944575208 -2.07893430801415
1.1505524976091788 -1.9928153826343704
1.3071766263105151 -1.8937722847920107
1.4553232129852736 -1.7824473469825446
1.5940314701703484 -1.6595625541465586
1.7224018215911523 -1.5259148613203724
1.8396017362589665 -1.3823710250768018
1.9448711277538593 -1.2298619822761916
2.0375272836767984 -1.0693768125836371
2.1169692933015285 -0.9019563239078255
2.182681944711227 -0.7286863023623446
2.2342390661454816 -0.5506904705260994
2.271306289887696 -0.36912319967116836
2.2936432207680375 -0.18516202322213912
3.4632765290959826 0.0
3.4520461904661017 0.27867797881352574
3.418428007631909 0.5555486239969046
3.3626400074094427 0.8288163231721124
3.285043996387763 1.0967088304485517
3.1861432144743858 1.35748876011772
3.0665790711913723 1.6094648542662178
2.92712698588845 1.8510029512323076
2.7686913588509783 2.080536583771369
2.592299705917048 2.2965771381970828
2.399095994642984 2.497723508612414
2.1903332252347636 2.6826711836190054
1.967365304360866 2.850220706574176
1.7316382645479909 2.999285454527518
1.484680886105236 3.1288986853877017
1.2280947823971464 3.23821980761591
0.9635440127664593 3.3265398317845265
0.6927442904707152 3.3932859686456345
0.4174518556234073 3.4380253438890893
0.13945208530292233 3.4604678054985256
-0.1394520853029219 3.4604678054985256
-0.41745185562340764 3.4380253438890893
-0.692744290470714 3.393285968645635
-0.9635440127664581 3.326539831784527
-1.228094782397145 3.2382198076159106
-1.4846808861052363 3.1288986853877017
-1.731638264547992 2.999285454527517
-1.9673653043608654 2.8502207065741763
-2.1903332252347627 2.682671183619006
-2.399095994642984 2.497723508612414
-2.592299705917047 2.2965771381970836
-2.768691358850978 2.0805365837713703
-2.9271269858884494 1.8510029512323085
-3.066579071191372 1.6094648542662184
-3.1861432144743858 1.3574887601177201
-3.285043996387763 1.0967088304485517
-3.3626400074094427 0.8288163231721122
-3.418428007631909 0.5555486239969042
-3.4520461904661013 0.27867797881352646
-3.4632765290959826 4.2412905159195505e-16
-3.4520461904661017 -0.27867797881352563
-3.4184280076319093 -0.5555486239969033
-3.3626400074094427 -0.8288163231721128
-3.2850439963877633 -1.096708830448551
-3.1861432144743866 -1.357488760117718
-3.0665790711913723 -1.6094648542662175
-2.927126985888451 -1.8510029512323065
-2.7686913588509783 -2.0805365837713694
-2.592299705917049 -2.296577138197082
-2.3990959946429844 -2.4977235086124137
-2.1903332252347627 -2.6826711836190062
-1.967365304360866 -2.850220706574176
-1.73163826454799 -2.9992854545275183
-1.4846808861052356 -3.128898685387702
-1.2280947823971466 -3.23821980761591
-0.9635440127664581 -3.326539831784527
-0.6927442904707155 -3.3932859686456345
-0.4174518556234093 -3.4380253438890893
-0.139452085302922 -3.4604678054985256
0.13945208530292072 -3.460467805498526
0.417451855623405 -3.4380253438890893
0.6927442904707143 -3.393285968645635
0.963544012766457 -3.3265398317845274
1.2280947823971455 -3.2382198076159106
1.4846808861052345 -3.128898685387702
1.731638264547989 -2.9992854545275187
1.967365304360865 -2.8502207065741767
2.1903332252347614 -2.682671183619007
2.3990959946429835 -2.4977235086124145
2.5922997059170467 -2.2965771381970836
2.7686913588509783 -2.0805365837713694
2.9271269858884494 -1.8510029512323087
3.0665790711913727 -1.6094648542662173
3.1861432144743853 -1.3574887601177206
3.2850439963877633 -1.0967088304485508
3.3626400074094427 -0.8288163231721125
3.418428007631909 -0.5555486239969061
3.4520461904661017 -0.2786779788135254
4.255999643403589 0.0
4.24219874797912 0.3424656877642957
4.200885565808376 0.6827103541285404
4.13232802873091 1.0185273818687388
4.036970758682361 1.347738868696397
3.915432184150588 1.6682097517905934
3.7685005294296205 1.9778616544996637
3.5971287026826393 2.2746863654113256
3.402428115966881 2.5567588623743025
3.18566147729996 2.8222497970056644
2.9482346015138368 3.0694373587170705
2.6916872930061753 3.2967184413171484
2.41768335951795 3.5026190397703085
2.127999821701794 3.6858038096850203
1.82451538846117 3.8450847275346045
1.5091982728022024 3.979428795445689
1.1840934272170738 4.087964740585809
0.8513092813824007 4.1699886657020615
0.5130040681837071 4.224968614164896
0.17137182674698154 4.252548019910989
-0.17137182674698104 4.252548019910989
-0.5130040681837076 4.224968614164896
-0.8513092813823994 4.1699886657020615
-1.1840934272170724 4.08796474058581
-1.5091982728022009 3.9794287954456893
-1.8245153884611702 3.8450847275346045
-2.1279998217017955 3.6858038096850194
-2.417683359517949 3.502619039770309
-2.6916872930061744 3.296718441317149
-2.9482346015138368 3.0694373587170705
-3.185661477299959 2.8222497970056657
-3.40242811596688 2.556758862374304
-3.597128702682639 2.274686365411327
-3.76850052942962 1.9778616544996643
-3.915432184150588 1.6682097517905936
-4.036970758682361 1.347738868696397
-4.13232802873091 1.0185273818687386
-4.200885565808376 0.6827103541285399
-4.242198747979119 0.3424656877642966
-4.255999643403589 5.212096340466482e-16
-4.24219874797912 -0.34246568776429553
-4.200885565808377 -0.6827103541285388
-4.13232802873091 -1.0185273818687395
-4.036970758682361 -1.3477388686963958
-3.915432184150589 -1.6682097517905907
-3.7685005294296205 -1.9778616544996634
-3.5971287026826406 -2.2746863654113243
-3.402428115966881 -2.556758862374303
-3.185661477299961 -2.8222497970056635
-2.9482346015138376 -3.0694373587170696
-2.691687293006174 -3.2967184413171493
-2.41768335951795 -3.5026190397703085
-2.127999821701793 -3.6858038096850207
-1.8245153884611696 -3.845084727534605
-1.5091982728022029 -3.979428795445689
-1.1840934272170724 -4.08796474058581
-0.8513092813824013 -4.1699886657020615
-0.5130040681837096 -4.224968614164896
-0.17137182674698112 -4.252548019910989
0.17137182674697957 -4.25254801991099
0.5130040681837043 -4.224968614164896
0.8513092813823997 -4.1699886657020615
1.184093427217071 -4.08796474058581
1.5091982728022013 -3.9794287954456893
1.8245153884611682 -3.8450847275346054
2.127999821701792 -3.685803809685022
2.4176833595179485 -3.5026190397703094
2.691687293006172 -3.2967184413171506
2.9482346015138363 -3.069437358717071
3.1856614772999583 -2.8222497970056657
3.402428115966881 -2.556758862374303
3.597128702682639 -2.2746863654113274
3.768500529429621 -1.977861654499663
3.9154321841505877 -1.668209751790594
4.036970758682361 -1.3477388686963956
4.13232802873091 -1.018527381868739
4.200885565808376 -0.6827103541285422
4.24219874797912 -0.34246568776429526
4.8496159977335935 0.0
4.8338901873855376 0.3902319589313633
4.786814744255968 0.7779331138647305
4.708694970657912 1.160589074037182
4.600037503300179 1.5357181687098234
4.461547027553885 1.9008875417548223
4.294121707297414 2.253728929660961
4.098847359979011 2.591954020631285
3.8769904146739713 2.913369295163204
3.629989698806113 3.2158902518641868
3.359447106799814 3.4975549262431826
3.0671172111799736 3.756536614803213
2.754895883495896 3.9911557219145144
2.4248079988667963 4.199890652636709
2.0789943038896426 4.381387680845878
1.7196975330759954 4.534469728667943
1.349247863858098 4.658144000280364
0.9700478044940661 4.75160842057401
0.5845566128799135 4.814256836918026
0.1952743473184029 4.845682950292246
-0.19527434731840235 4.845682950292246
-0.5845566128799139 4.814256836918026
-0.9700478044940645 4.75160842057401
-1.3492478638580965 4.658144000280365
-1.7196975330759938 4.534469728667944
-2.078994303889643 4.381387680845878
-2.4248079988667977 4.199890652636708
-2.754895883495895 3.991155721914515
-3.0671172111799723 3.7565366148032133
-3.359447106799814 3.4975549262431826
-3.6299896988061118 3.2158902518641885
-3.8769904146739704 2.9133692951632053
-4.09884735997901 2.5919540206312863
-4.294121707297413 2.2537289296609617
-4.461547027553885 1.9008875417548226
-4.600037503300179 1.5357181687098234
-4.708694970657912 1.1605890740371818
-4.786814744255968 0.7779331138647299
-4.8338901873855376 0.3902319589313643
-4.8496159977335935 5.9390667087182435e-16
-4.8338901873855376 -0.39023195893136314
-4.786814744255968 -0.7779331138647286
-4.708694970657912 -1.1605890740371827
-4.60003750330018 -1.5357181687098223
-4.461547027553887 -1.9008875417548192
-4.294121707297414 -2.2537289296609604
-4.098847359979013 -2.5919540206312837
-3.8769904146739713 -2.9133692951632044
-3.629989698806114 -3.215890251864186
-3.3594471067998155 -3.4975549262431818
-3.067117211179972 -3.7565366148032138
-2.754895883495896 -3.9911557219145144
-2.424807998866795 -4.19989065263671
-2.078994303889642 -4.381387680845878
-1.719697533075996 -4.534469728667943
-1.3492478638580965 -4.658144000280365
-0.9700478044940666 -4.75160842057401
-0.5845566128799162 -4.814256836918026
-0.19527434731840246 -4.845682950292246
0.19527434731840065 -4.845682950292247
0.5845566128799101 -4.814256836918027
0.9700478044940649 -4.75160842057401
1.3492478638580947 -4.658144000280365
1.7196975330759943 -4.534469728667944
2.0789943038896403 -4.3813876808458785
2.4248079988667937 -4.199890652636711
2.754895883495894 -3.9911557219145153
3.06711721117997 -3.7565366148032155
3.3594471067998137 -3.497554926243183
3.6299896988061113 -3.2158902518641885
3.8769904146739713 -2.9133692951632044
4.09884735997901 -2.5919540206312868
4.294121707297415 -2.2537289296609604
4.461547027553885 -1.900887541754823
4.60003750330018 -1.535718168709822
4.708694970657912 -1.1605890740371823
4.786814744255968 -0.7779331138647325
4.8338901873855376 -0.39023195893136275
5.313641784350591 0.0
5.296411281358756 0.4275705217765127
5.244831518807039 0.8523680846469928
5.159237011248373 1.2716377134079853
5.040182871909591 1.6826602836299782
4.8884412125691385 2.0827701562227414
4.704996136115905 2.4693724651277167
4.491037354264358 2.8399599460201417
4.247952471817547 3.192129196880308
3.9773179875174858 3.523596264977926
3.680889069845857 3.832211459182
3.360588174082901 4.115973291532719
3.018492574447206 4.373041457658916
2.656820892175295 4.6017487718580865
2.2779187069115503 4.800611979435429
1.8842433447241398 4.968341376179713
1.4783479414025162 5.103849172589985
1.0628648843921058 5.206256548607905
0.6404887407515912 5.2748993531030495
0.21395878185154724 5.309332411147858
-0.21395878185154663 5.309332411147858
-0.6404887407515917 5.2748993531030495
-1.062864884392104 5.206256548607905
-1.4783479414025145 5.103849172589986
-1.884243344724138 4.968341376179713
-2.2779187069115507 4.800611979435429
-2.656820892175297 4.601748771858085
-3.0184925744472046 4.373041457658917
-3.3605881740829 4.11597329153272
-3.680889069845857 3.832211459182
-3.9773179875174844 3.523596264977928
-4.2479524718175465 3.19212919688031
-4.491037354264358 2.8399599460201426
-4.704996136115905 2.4693724651277176
-4.8884412125691385 2.082770156222742
-5.040182871909591 1.6826602836299782
-5.159237011248373 1.271637713407985
-5.244831518807039 0.8523680846469921
-5.296411281358755 0.42757052177651383
-5.313641784350591 6.507334403020582e-16
-5.296411281358756 -0.4275705217765125
-5.24483151880704 -0.8523680846469908
-5.159237011248373 -1.2716377134079861
-5.040182871909591 -1.682660283629977
-4.88844121256914 -2.0827701562227383
-4.704996136115905 -2.4693724651277167
-4.49103735426436 -2.83995994602014
-4.247952471817547 -3.192129196880309
-3.9773179875174867 -3.523596264977925
-3.6808890698458585 -3.8322114591819987
-3.360588174082899 -4.115973291532721
-3.018492574447206 -4.373041457658916
-2.6568208921752934 -4.6017487718580865
-2.27791870691155 -4.800611979435429
-1.8842433447241402 -4.968341376179713
-1.4783479414025145 -5.103849172589986
-1.0628648843921065 -5.206256548607905
-0.6404887407515942 -5.2748993531030495
-0.21395878185154674 -5.309332411147858
0.21395878185154477 -5.309332411147859
0.6404887407515876 -5.27489935310305
1.0628648843921045 -5.206256548607905
1.4783479414025127 -5.103849172589986
1.8842433447241385 -4.968341376179713
2.277918706911548 -4.80061197943543
2.656820892175292 -4.601748771858088
3.018492574447204 -4.373041457658917
3.3605881740828973 -4.115973291532723
3.6808890698458567 -3.8322114591820005
3.977317987517484 -3.523596264977928
4.247952471817547 -3.192129196880309
4.491037354264358 -2.8399599460201435
4.704996136115906 -2.4693724651277162
4.8884412125691385 -2.0827701562227423
5.040182871909591 -1.6826602836299767
5.159237011248373 -1.2716377134079857
5.244831518807039 -0.852368084646995
5.296411281358756 -0.42757052177651217
5.68663891468865 0.0
5.668198896936304 0.45758432099600166
5.612998434270407 0.9122010320807897
5.521395522873509 1.3609017694321905
5.393984242776948 1.8007765365878374
5.231590905023884 2.2289725768888866
5.0352686927250945 2.642712874701642
4.8062908307623715 3.039314165429571
4.546142328436581 3.4162043375138618
4.256510348612499 3.770939113563888
3.9392732658202245 4.101217902434027
3.596488484275552 4.404898719440056
3.2303790948241433 4.680012077951771
2.8433194573443243 4.92477376226954
2.4378198021121618 5.137596398947773
2.016509949994857 5.317099751520845
1.5821222570532854 5.462119671866218
1.1374738941644496 5.5717156501517255
0.6854485765873028 5.645176914402749
0.22897786196272324 5.682027040131214
-0.22897786196272257 5.682027040131214
-0.6854485765873033 5.645176914402749
-1.1374738941644478 5.5717156501517255
-1.5821222570532836 5.462119671866218
-2.016509949994855 5.317099751520846
-2.4378198021121618 5.137596398947773
-2.843319457344326 4.924773762269539
-3.230379094824142 4.680012077951772
-3.596488484275551 4.404898719440056
-3.9392732658202245 4.101217902434027
-4.256510348612498 3.7709391135638897
-4.54614232843658 3.4162043375138635
-4.806290830762371 3.0393141654295723
-5.035268692725094 2.642712874701643
-5.231590905023884 2.228972576888887
-5.393984242776948 1.8007765365878374
-5.521395522873509 1.3609017694321903
-5.612998434270407 0.912201032080789
-5.668198896936303 0.4575843209960029
-5.68663891468865 6.964124144780233e-16
-5.668198896936304 -0.45758432099600144
-5.612998434270408 -0.9122010320807875
-5.521395522873509 -1.3609017694321914
-5.393984242776949 -1.8007765365878363
-5.231590905023885 -2.228972576888883
-5.0352686927250945 -2.642712874701642
-4.806290830762373 -3.0393141654295692
-4.546142328436581 -3.4162043375138627
-4.2565103486125 -3.7709391135638866
-3.939273265820226 -4.101217902434026
-3.5964884842755502 -4.404898719440057
-3.2303790948241433 -4.680012077951771
-2.8433194573443226 -4.924773762269541
-2.437819802112161 -5.137596398947773
-2.0165099499948576 -5.317099751520845
-1.5821222570532836 -5.462119671866218
-1.1374738941644502 -5.5717156501517255
-0.6854485765873061 -5.645176914402749
-0.22897786196272268 -5.682027040131214
0.2289778619627206 -5.6820270401312145
0.685448576587299 -5.645176914402749
1.1374738941644482 -5.5717156501517255
1.5821222570532816 -5.462119671866219
2.0165099499948558 -5.317099751520846
2.437819802112159 -5.137596398947774
2.843319457344321 -4.924773762269542
3.230379094824141 -4.680012077951773
3.5964884842755485 -4.404898719440059
3.939273265820224 -4.101217902434028
4.2565103486124976 -3.7709391135638897
4.546142328436581 -3.4162043375138627
4.806290830762371 -3.039314165429573
5.035268692725095 -2.6427128747016417
5.231590905023883 -2.2289725768888875
5.393984242776949 -1.8007765365878359
5.521395522873509 -1.3609017694321908
5.612998434270407 -0.9122010320807921
5.668198896936304 -0.45758432099600105
5.99292201302186 0.0
5.97348881355792 0.4822298709748027
5.9153152469217565 0.9613322961895033
5.818778591016039 1.4342001125698542
5.68450492309848 1.8977665908723145
5.513365059430572 2.3490253245999955
5.306468907699971 2.7850497277024453
5.065158268843236 3.2030120146092127
4.790998134951869 3.6002015395043783
4.485766539698053 3.9740423759048333
4.151443027104015 4.3221100225319855
3.7901958134394156 4.642147127132908
3.404367725506832 4.932078126275924
2.9964610065109296 5.190022706175908
2.569121088051089 5.414307997250726
2.125119433482343 5.603479423322412
1.6673355639120246 5.756310135101839
1.1987383834004266 5.871808966777148
0.7223669244787027 5.949226864104374
0.24131063885673446 5.988061742311658
-0.24131063885673373 5.988061742311658
-0.7223669244787032 5.949226864104374
-1.1987383834004246 5.871808966777149
-1.6673355639120226 5.75631013510184
-2.125119433482341 5.603479423322413
-2.5691210880510895 5.414307997250726
-2.9964610065109314 5.190022706175906
-3.4043677255068308 4.932078126275925
-3.7901958134394143 4.642147127132909
-4.151443027104015 4.3221100225319855
-4.485766539698052 3.974042375904835
-4.7909981349518675 3.6002015395043805
-5.065158268843236 3.203012014609214
-5.30646890769997 2.785049727702446
-5.513365059430572 2.3490253245999955
-5.68450492309848 1.8977665908723145
-5.818778591016039 1.4342001125698538
-5.9153152469217565 0.9613322961895024
-5.97348881355792 0.4822298709748039
-5.99292201302186 7.339212760786934e-16
-5.97348881355792 -0.4822298709748024
-5.915315246921757 -0.961332296189501
-5.818778591016039 -1.4342001125698551
-5.684504923098481 -1.8977665908723131
-5.513365059430573 -2.3490253245999915
-5.306468907699971 -2.785049727702445
-5.065158268843239 -3.203012014609211
-4.790998134951869 -3.600201539504379
-4.485766539698055 -3.974042375904832
-4.151443027104016 -4.322110022531984
-3.7901958134394134 -4.642147127132909
-3.404367725506832 -4.932078126275924
-2.996461006510928 -5.190022706175908
-2.5691210880510886 -5.414307997250726
-2.1251194334823436 -5.603479423322412
-1.6673355639120226 -5.75631013510184
-1.1987383834004273 -5.871808966777148
-0.7223669244787061 -5.949226864104374
-0.24131063885673387 -5.988061742311658
0.24131063885673165 -5.988061742311659
0.7223669244786985 -5.949226864104374
1.198738383400425 -5.871808966777149
1.6673355639120206 -5.75631013510184
2.125119433482342 -5.603479423322413
2.5691210880510864 -5.414307997250727
2.996461006510926 -5.19002270617591
3.40436772550683 -4.932078126275925
3.7901958134394116 -4.642147127132912
4.151443027104015 -4.3221100225319855
4.4857665396980515 -3.974042375904835
4.790998134951869 -3.600201539504379
5.065158268843236 -3.203012014609215
5.306468907699971 -2.785049727702445
5.513365059430571 -2.3490253245999964
5.684504923098481 -1.8977665908723127
5.818778591016039 -1.4342001125698545
5.9153152469217565 -0.9613322961895058
5.97348881355792 -0.482229870974802
6.24674436641681 0.0
6.226488099272161 0.5026540848160985
6.165850667503615 1.0020482650079183
6.06522532812469 1.4949437776835979
5.925264675074377 1.9781440063038616
5.746876406895032 2.44851521196692
5.531217439959008 2.903006856907761
5.279686405422042 3.3386713884061474
4.9939145785635075 3.7526833547970733
4.675755299340257 4.142357729609027
4.327271952765817 4.50516732499099
3.9507245870667873 4.838759181495409
3.54855525640284 5.140969827923126
3.1233721832084043 5.409839312264286
2.6779328428693217 5.643623912739224
2.21512608043683 5.8408074465033275
1.7379533753588734 6.0001111026745875
1.2495093757341198 6.120501735912889
0.7529618283315234 6.201198566763993
0.25153103453696635 6.241678245313909
-0.2515310345369656 6.241678245313909
-0.7529618283315239 6.201198566763993
-1.2495093757341176 6.12050173591289
-1.7379533753588714 6.000111102674588
-2.2151260804368276 5.840807446503328
-2.677932842869322 5.643623912739224
-3.1233721832084065 5.4098393122642845
-3.548555256402839 5.140969827923127
-3.950724587066786 4.838759181495409
-4.327271952765817 4.50516732499099
-4.675755299340256 4.14235772960903
-4.993914578563507 3.752683354797075
-5.279686405422041 3.3386713884061487
-5.531217439959007 2.903006856907762
-5.746876406895032 2.44851521196692
-5.925264675074377 1.9781440063038616
-6.06522532812469 1.4949437776835977
-6.165850667503615 1.0020482650079174
-6.226488099272161 0.5026540848160999
-6.24674436641681 7.650055493424108e-16
-6.226488099272161 -0.5026540848160983
-6.165850667503616 -1.0020482650079159
-6.06522532812469 -1.4949437776835988
-5.925264675074377 -1.9781440063038602
-5.746876406895033 -2.448515211966916
-5.531217439959008 -2.9030068569077607
-5.279686405422043 -3.3386713884061456
-4.9939145785635075 -3.7526833547970737
-4.675755299340259 -4.142357729609026
-4.327271952765818 -4.505167324990988
-3.950724587066785 -4.83875918149541
-3.54855525640284 -5.140969827923126
-3.123372183208403 -5.409839312264286
-2.6779328428693208 -5.6436239127392245
-2.2151260804368307 -5.8408074465033275
-1.7379533753588714 -6.000111102674588
-1.2495093757341205 -6.120501735912889
-0.7529618283315269 -6.201198566763993
-0.25153103453696574 -6.241678245313909
0.25153103453696346 -6.24167824531391
0.7529618283315191 -6.201198566763994
1.2495093757341182 -6.12050173591289
1.7379533753588692 -6.000111102674589
2.2151260804368285 -5.840807446503328
2.6779328428693185 -5.643623912739225
3.123372183208401 -5.409839312264288
3.5485552564028384 -5.140969827923127
3.9507245870667833 -4.838759181495412
4.327271952765816 -4.505167324990991
4.675755299340255 -4.14235772960903
4.9939145785635075 -3.7526833547970737
5.279686405422041 -3.3386713884061496
5.531217439959009 -2.9030068569077603
5.746876406895031 -2.448515211966921
5.925264675074377 -1.9781440063038598
6.06522532812469 -1.4949437776835983
6.165850667503615 -1.002048265007921
6.226488099272161 -0.5026540848160979
6.558059317846044 0.0
6.536793552240696 0.5277045307478231
6.473134172074949 1.051986695116853
6.367494032857293 1.5694463220875337
6.22055825142801 2.07672748741336
6.033279762713572 2.5705402780773903
5.8068731395779585 3.047682128640606
5.542806715851578 3.505058591107709
5.242793063622921 3.939703403609807
4.908777886551403 4.348797727750885
4.542927401232505 4.729688429856473
4.147614288451906 5.079905287563628
3.72540230544011 5.397177010160852
3.279029658923021 5.679445968779921
2.811391246800587 5.924881540908675
2.3255198836230457 6.131891982680481
1.8245666316247884 6.299134751944007
1.3117803648766078 6.425525215164244
0.7904866990906503 6.510243681687198
0.2640664237263814 6.552740719748315
-0.2640664237263806 6.552740719748315
-0.790486699090651 6.510243681687198
-1.3117803648766055 6.425525215164245
-1.8245666316247862 6.299134751944008
-2.3255198836230435 6.131891982680482
-2.8113912468005875 5.924881540908675
-3.2790296589230232 5.67944596877992
-3.7254023054401086 5.397177010160853
-4.147614288451904 5.079905287563629
-4.542927401232505 4.729688429856473
-4.908777886551402 4.3487977277508865
-5.24279306362292 3.9397034036098093
-5.542806715851577 3.5050585911077103
-5.8068731395779585 3.047682128640607
-6.033279762713572 2.5705402780773907
-6.22055825142801 2.07672748741336
-6.367494032857293 1.5694463220875334
-6.473134172074949 1.0519866951168522
-6.536793552240695 0.5277045307478244
-6.558059317846044 8.031306352218633e-16
-6.536793552240696 -0.5277045307478229
-6.47313417207495 -1.0519866951168506
-6.367494032857293 -1.5694463220875345
-6.220558251428011 -2.0767274874133586
-6.0332797627135735 -2.5705402780773863
-5.8068731395779585 -3.0476821286406057
-5.54280671585158 -3.505058591107707
-5.242793063622921 -3.939703403609808
-4.9087778865514045 -4.348797727750883
-4.5429274012325065 -4.7296884298564725
-4.147614288451903 -5.07990528756363
-3.72540230544011 -5.397177010160852
-3.2790296589230192 -5.6794459687799215
-2.811391246800586 -5.924881540908676
-2.325519883623046 -6.131891982680481
-1.8245666316247862 -6.299134751944008
-1.3117803648766084 -6.425525215164244
-0.790486699090654 -6.510243681687198
-0.26406642372638073 -6.552740719748315
0.26406642372637834 -6.552740719748316
0.7904866990906458 -6.510243681687199
1.3117803648766062 -6.425525215164245
1.824566631624784 -6.299134751944009
2.3255198836230444 -6.131891982680482
2.811391246800584 -5.924881540908676
3.2790296589230175 -5.679445968779923
3.7254023054401078 -5.397177010160854
4.147614288451901 -5.079905287563633
4.542927401232504 -4.729688429856474
4.908777886551401 -4.3487977277508865
5.242793063622921 -3.939703403609808
5.542806715851577 -3.5050585911077112
5.806873139577959 -3.0476821286406053
6.033279762713571 -2.5705402780773916
6.220558251428011 -2.076727487413358
6.367494032857293 -1.569446322087534
6.473134172074949 -1.0519866951168557
6.536793552240696 -0.5277045307478224
6.745673349018495 0.0
6.723799208920356 0.542801188079383
6.658318650818274 1.0820821021641138
6.5496563412585 1.6143452985872355
6.3985169970156885 2.136138846273747
6.205880814734193 2.6440787138382387
5.972997113976695 3.134870716326986
5.701376234907438 3.60533187927146
5.392779743156696 4.0524110814991605
5.049209005391691 4.4732088428252315
4.672892209685771 4.864996128294084
4.266269914863729 5.225232047018298
3.8319792225412996 5.551580330831049
3.3728366745092466 5.841924485881669
2.8918199863790575 6.094381518910432
2.3920487359545475 6.307314149182411
1.8767641315727301 6.479341426881319
1.3493079916239978 6.609347689098978
0.8131010715774962 6.696489795337399
0.27162087906925725 6.740202595598447
-0.27162087906925647 6.740202595598447
-0.8131010715774969 6.696489795337399
-1.3493079916239954 6.609347689098979
-1.876764131572728 6.47934142688132
-2.3920487359545453 6.307314149182412
-2.891819986379058 6.094381518910432
-3.372836674509249 5.841924485881668
-3.8319792225412983 5.551580330831049
-4.266269914863728 5.225232047018299
-4.672892209685771 4.864996128294084
-5.049209005391689 4.473208842825234
-5.392779743156694 4.052411081499162
-5.701376234907437 3.6053318792714615
-5.972997113976694 3.1348707163269873
-6.205880814734193 2.644078713838239
-6.3985169970156885 2.136138846273747
-6.5496563412585 1.614345298587235
-6.658318650818274 1.0820821021641127
-6.723799208920356 0.5428011880793845
-6.745673349018495 8.261067274969106e-16
-6.723799208920356 -0.5428011880793828
-6.658318650818275 -1.0820821021641112
-6.5496563412585 -1.6143452985872364
-6.3985169970156885 -2.136138846273745
-6.205880814734194 -2.6440787138382347
-5.972997113976695 -3.1348707163269856
-5.70137623490744 -3.605331879271458
-5.392779743156696 -4.052411081499161
-5.049209005391693 -4.473208842825231
-4.672892209685773 -4.864996128294083
-4.266269914863727 -5.225232047018299
-3.8319792225412996 -5.551580330831049
-3.372836674509245 -5.84192448588167
-2.891819986379057 -6.094381518910432
-2.3920487359545484 -6.307314149182411
-1.876764131572728 -6.47934142688132
-1.3493079916239985 -6.609347689098978
-0.8131010715775001 -6.696489795337399
-0.2716208790692566 -6.740202595598447
0.27162087906925414 -6.740202595598447
0.8131010715774917 -6.6964897953374
1.349307991623996 -6.609347689098979
1.8767641315727255 -6.479341426881321
2.392048735954546 -6.307314149182412
2.891819986379055 -6.094381518910433
3.372836674509243 -5.8419244858816715
3.8319792225412974 -5.55158033083105
4.266269914863725 -5.225232047018301
4.67289220968577 -4.864996128294085
5.049209005391688 -4.473208842825234
5.392779743156696 -4.052411081499161
5.701376234907437 -3.6053318792714624
5.972997113976696 -3.1348707163269856
6.205880814734192 -2.6440787138382396
6.3985169970156885 -2.136138846273745
6.5496563412585 -1.6143452985872357
6.658318650818274 -1.0820821021641165
6.723799208920356 -0.5428011880793824
6.912696977754926 0.0
6.890281231494489 0.5562410063784201
6.823179367429306 1.1088745763832357
6.711826566896945 1.6543166692500129
6.556944995538443 2.1890298837031548
6.359539119777013 2.7095463993605855
6.120889192467833 3.212490466879641
5.842542949967017 3.69460030098694
5.526305574467429 4.152749234407527
5.174227986699449 4.583965995501957
4.788593544923043 4.985453978103044
4.371903236473244 5.3546093785799975
3.9268594578975793 5.689038082504144
3.4563484888774623 5.986571191399679
2.9634217735969113 6.245279088882564
2.4512761309560642 6.463483954963233
1.9232330219739031 6.639770647353056
1.3827170088389948 6.772995879205112
0.8332335453095833 6.862295633768113
0.2783462425008156 6.907090767866582
-0.2783462425008148 6.907090767866582
-0.8332335453095839 6.862295633768113
-1.3827170088389926 6.772995879205113
-1.923233021973901 6.639770647353057
-2.451276130956062 6.463483954963234
-2.9634217735969117 6.245279088882564
-3.4563484888774645 5.986571191399678
-3.9268594578975775 5.689038082504145
-4.371903236473243 5.3546093785799975
-4.788593544923043 4.985453978103044
-5.174227986699448 4.58396599550196
-5.526305574467428 4.15274923440753
-5.842542949967017 3.6946003009869415
-6.120889192467832 3.2124904668796423
-6.359539119777013 2.709546399360586
-6.556944995538443 2.1890298837031548
-6.711826566896945 1.6543166692500126
-6.823179367429306 1.1088745763832348
-6.890281231494489 0.5562410063784214
-6.912696977754926 8.4656122272831525e-16
-6.890281231494489 -0.5562410063784198
-6.823179367429307 -1.108874576383233
-6.711826566896945 -1.654316669250014
-6.556944995538444 -2.189029883703153
-6.359539119777014 -2.709546399360581
-6.120889192467833 -3.212490466879641
-5.84254294996702 -3.694600300986938
-5.526305574467429 -4.152749234407528
-5.17422798669945 -4.5839659955019565
-4.788593544923044 -4.985453978103042
-4.371903236473242 -5.354609378579998
-3.9268594578975793 -5.689038082504144
-3.4563484888774605 -5.98657119139968
-2.9634217735969104 -6.2452790888825644
-2.451276130956065 -6.463483954963233
-1.923233021973901 -6.639770647353057
-1.3827170088389957 -6.772995879205112
-0.8332335453095872 -6.862295633768113
-0.2783462425008149 -6.907090767866582
0.2783462425008124 -6.907090767866582
0.8332335453095785 -6.862295633768114
1.382717008838993 -6.772995879205113
1.9232330219738984 -6.639770647353058
2.4512761309560624 -6.463483954963234
2.963421773596908 -6.245279088882565
3.4563484888774587 -5.9865711913996815
3.926859457897577 -5.689038082504146
4.37190323647324 -5.354609378580001
4.788593544923042 -4.9854539781030445
5.174227986699447 -4.58396599550196
5.526305574467429 -4.152749234407528
5.842542949967017 -3.6946003009869424
6.120889192467834 -3.2124904668796406
6.359539119777012 -2.7095463993605864
6.556944995538444 -2.1890298837031525
6.711826566896945 -1.6543166692500133
6.823179367429306 -1.1088745763832386
6.890281231494489 -0.5562410063784193
7.061567007724863 0.0
7.038668521829183 0.5682200668748569
6.970121569610046 1.1327550085720464
6.856370704356226 1.689943599364777
6.698153644078692 2.2361722574308995
6.496496487126227 2.767898480317669
6.252707057543887 3.2816738194295207
5.968366423332215 3.7741662445404924
5.645318642614557 4.242181753288843
5.285658804212501 4.682685085508009
4.891719440190922 5.092819408053509
4.466055398492476 5.469924842462142
4.0114272737683105 5.8115557152845065
3.5307835038624305 6.115496419215795
3.027241248060873 6.3797757821593635
2.5040661711175725 6.602679851034188
1.9646512641653051 6.782763007418285
1.4124948398661918 6.918857342938908
0.8511778445116698 7.010080233606512
0.28434063421167194 7.055840063970014
-0.2843406342116711 7.055840063970014
-0.8511778445116706 7.010080233606512
-1.4124948398661896 6.918857342938909
-1.964651264165303 6.782763007418286
-2.5040661711175702 6.602679851034189
-3.027241248060873 6.3797757821593635
-3.530783503862433 6.115496419215793
-4.011427273768309 5.811555715284507
-4.4660553984924745 5.4699248424621425
-4.891719440190922 5.092819408053509
-5.285658804212499 4.6826850855080115
-5.645318642614556 4.242181753288845
-5.968366423332214 3.774166244540494
-6.252707057543886 3.281673819429522
-6.496496487126227 2.7678984803176694
-6.698153644078692 2.2361722574308995
-6.856370704356226 1.6899435993647764
-6.970121569610046 1.1327550085720453
-7.038668521829182 0.5682200668748585
-7.061567007724863 8.647925432974806e-16
-7.038668521829183 -0.5682200668748567
-6.970121569610047 -1.1327550085720437
-6.856370704356226 -1.6899435993647778
-6.698153644078693 -2.2361722574308978
-6.496496487126229 -2.767898480317665
-6.252707057543887 -3.2816738194295207
-5.968366423332218 -3.77416624454049
-5.645318642614557 -4.242181753288843
-5.285658804212502 -4.682685085508007
-4.891719440190923 -5.092819408053507
-4.466055398492474 -5.469924842462143
-4.0114272737683105 -5.8115557152845065
-3.5307835038624287 -6.115496419215796
-3.027241248060872 -6.379775782159364
-2.5040661711175733 -6.602679851034188
-1.964651264165303 -6.782763007418286
-1.4124948398661927 -6.918857342938908
-0.8511778445116739 -7.010080233606512
-0.2843406342116712 -7.055840063970014
0.2843406342116686 -7.055840063970015
0.851177844511665 -7.010080233606513
1.41249483986619 -6.918857342938909
1.9646512641653004 -6.7827630074182865
2.5040661711175707 -6.602679851034189
3.0272412480608692 -6.379775782159365
3.5307835038624265 -6.1154964192157975
4.011427273768309 -5.811555715284508
4.466055398492471 -5.469924842462145
4.891719440190921 -5.092819408053509
5.285658804212498 -4.6826850855080115
5.645318642614557 -4.242181753288843
5.968366423332214 -3.774166244540495
6.252707057543888 -3.2816738194295203
6.496496487126226 -2.7678984803176703
6.698153644078693 -2.2361722574308973
6.856370704356226 -1.6899435993647773
6.970121569610046 -1.1327550085720492
7.038668521829183 -0.5682200668748562
7.195657623309104 0.0
7.1723243228649896 0.5790098786080344
7.10247574693975 1.15426465596892
6.986564890351367 1.722033584108047
6.82534347948347 2.2786344636555653
6.619857097051287 2.8204575243222747
6.371438401096501 3.343988835645131
6.08169848218848 3.8458330961747094
5.752516414883699 4.322735653307984
5.386027071206184 4.771603610959375
4.984607275183219 5.189525888178702
4.5508603882294665 5.5737920986282194
4.087599425349198 5.9219101284780855
3.597828811654551 6.231622298720841
3.0847248975157933 6.50092000708612
2.5516153587102863 6.728056754597139
2.001957615168149 6.911559472286748
1.4393164082772867 7.050238074614941
0.8673406821675869 7.143193177630259
0.2897399189080216 7.189821931819841
-0.28973991890802075 7.189821931819841
-0.8673406821675876 7.143193177630259
-1.4393164082772842 7.050238074614941
-2.001957615168146 6.911559472286749
-2.5516153587102837 6.72805675459714
-3.0847248975157937 6.50092000708612
-3.5978288116545536 6.23162229872084
-4.087599425349196 5.921910128478086
-4.550860388229465 5.57379209862822
-4.984607275183219 5.189525888178702
-5.386027071206183 4.771603610959378
-5.752516414883698 4.322735653307987
-6.081698482188479 3.845833096174711
-6.3714384010965 3.343988835645132
-6.619857097051287 2.820457524322275
-6.82534347948347 2.2786344636555653
-6.986564890351367 1.7220335841080467
-7.10247574693975 1.154264655968919
-7.172324322864989 0.5790098786080359
-7.195657623309104 8.812139076145745e-16
-7.1723243228649896 -0.5790098786080341
-7.102475746939751 -1.1542646559689171
-6.986564890351367 -1.722033584108048
-6.825343479483471 -2.278634463655564
-6.619857097051288 -2.8204575243222703
-6.371438401096501 -3.3439888356451304
-6.081698482188482 -3.845833096174707
-5.752516414883699 -4.322735653307985
-5.386027071206186 -4.771603610959374
-4.984607275183221 -5.1895258881787
-4.550860388229464 -5.573792098628221
-4.087599425349198 -5.9219101284780855
-3.597828811654549 -6.231622298720842
-3.0847248975157924 -6.500920007086121
-2.551615358710287 -6.728056754597139
-2.001957615168146 -6.911559472286749
-1.4393164082772874 -7.050238074614941
-0.867340682167591 -7.143193177630259
-0.28973991890802087 -7.189821931819841
0.28973991890801826 -7.189821931819841
0.867340682167582 -7.14319317763026
1.439316408277285 -7.050238074614941
2.001957615168144 -6.91155947228675
2.5516153587102846 -6.72805675459714
3.08472489751579 -6.500920007086121
3.597828811654547 -6.231622298720843
4.087599425349195 -5.921910128478087
4.550860388229462 -5.573792098628223
4.984607275183218 -5.189525888178703
5.386027071206182 -4.771603610959378
5.752516414883699 -4.322735653307985
6.081698482188479 -3.8458330961747116
6.371438401096502 -3.3439888356451304
6.619857097051286 -2.8204575243222756
6.825343479483471 -2.2786344636555635
6.986564890351367 -1.7220335841080474
7.10247574693975 -1.154264655968923
7.1723243228649896 -0.5790098786080335
7.318075043515634 0.0
7.294344781098785 0.5888603883632074
7.223307893706062 1.173901791143552
7.105425082811305 1.751329990345142
6.941460863678522 2.317400142518719
6.732478607187039 2.8684410655084447
6.479833643463294 3.400879047476925
6.185164472044888 3.911261023797827
5.850382135582335 4.396276971505028
5.47765782599415 4.85278137606171
5.069408803454101 5.277813631229168
4.628282719531403 5.668617239734338
4.157140446154301 6.022657690212384
3.659037521757816 6.337638894485451
3.1372043349444847 6.611518078575592
2.5950251741746615 6.842519030877891
2.036016279357204 7.029143621574309
1.4638030376843714 7.17018151858043
0.882096471604703 7.2647180370134725
0.29466917141840687 7.312140071274752
-0.294669171418406 7.312140071274752
-0.8820964716047037 7.2647180370134725
-1.463803037684369 7.1701815185804305
-2.036016279357202 7.02914362157431
-2.5950251741746593 6.842519030877892
-3.137204334944485 6.611518078575592
-3.659037521757819 6.337638894485449
-4.1571404461543 6.022657690212385
-4.628282719531401 5.668617239734339
-5.069408803454101 5.277813631229168
-5.477657825994148 4.852781376061713
-5.850382135582334 4.39627697150503
-6.185164472044887 3.9112610237978283
-6.4798336434632935 3.400879047476926
-6.732478607187039 2.868441065508445
-6.941460863678522 2.317400142518719
-7.105425082811305 1.7513299903451416
-7.223307893706062 1.1739017911435512
-7.2943447810987845 0.588860388363209
-7.318075043515634 8.96205717796155e-16
-7.294344781098785 -0.5888603883632072
-7.223307893706063 -1.1739017911435494
-7.105425082811305 -1.751329990345143
-6.941460863678522 -2.317400142518718
-6.732478607187041 -2.8684410655084402
-6.479833643463294 -3.4008790474769244
-6.185164472044891 -3.9112610237978243
-5.850382135582335 -4.396276971505029
-5.477657825994152 -4.852781376061708
-5.0694088034541025 -5.277813631229166
-4.6282827195314 -5.66861723973434
-4.157140446154301 -6.022657690212384
-3.6590375217578144 -6.337638894485452
-3.137204334944484 -6.6115180785755925
-2.5950251741746624 -6.842519030877891
-2.036016279357202 -7.02914362157431
-1.4638030376843723 -7.17018151858043
-0.8820964716047072 -7.2647180370134725
-0.29466917141840615 -7.312140071274752
0.29466917141840343 -7.312140071274753
0.882096471604698 -7.264718037013473
1.4638030376843696 -7.1701815185804305
2.036016279357199 -7.029143621574311
2.59502517417466 -6.842519030877892
3.1372043349444816 -6.611518078575593
3.659037521757812 -6.337638894485453
4.157140446154299 -6.022657690212386
4.6282827195313985 -5.668617239734343
5.0694088034541 -5.277813631229169
5.4776578259941475 -4.852781376061713
5.850382135582335 -4.396276971505029
6.185164472044887 -3.911261023797829
6.479833643463295 -3.400879047476924
6.732478607187038 -2.8684410655084456
6.941460863678522 -2.3174001425187174
7.105425082811305 -1.7513299903451425
7.223307893706062 -1.1739017911435552
7.294344781098785 -0.5888603883632066
6.425700569283308 0.0
6.404864002315291 0.5170540764113398
6.342489434543674 1.0307548587271744
6.238981388975552 1.5377708002509727
6.095011155005736 2.0348137080439246
5.911512434847447 2.5186600681179327
5.689675288115166 2.9861719511607876
5.430938413831369 3.434317363211884
5.136979819911298 3.860189909306524
4.809705940637719 4.261027642562538
4.451239272703044 4.6342309764656635
4.063904610003812 4.977379544185634
3.6502139664601665 5.288247895583845
3.212850284641653 5.564819930111474
2.754650035855125 5.805301971995185
2.278584824539865 6.008134402912809
1.7877421162725085 6.172001776716636
1.2853052143680175 6.295841350606462
0.7745326149361491 6.378849977424457
0.2587368742837971 6.420489314372673
-0.2587368742837963 6.420489314372673
-0.7745326149361497 6.378849977424457
-1.2853052143680153 6.295841350606463
-1.7877421162725065 6.172001776716637
-2.278584824539863 6.008134402912809
-2.7546500358551254 5.805301971995185
-3.212850284641655 5.564819930111472
-3.650213966460165 5.2882478955838454
-4.06390461000381 4.977379544185635
-4.451239272703044 4.6342309764656635
-4.809705940637717 4.26102764256254
-5.136979819911296 3.8601899093065257
-5.4309384138313685 3.434317363211886
-5.689675288115165 2.986171951160789
-5.911512434847447 2.5186600681179327
-6.095011155005736 2.0348137080439246
-6.238981388975552 1.5377708002509722
-6.342489434543674 1.0307548587271735
-6.40486400231529 0.5170540764113412
-6.425700569283308 7.869213634452128e-16
-6.404864002315291 -0.5170540764113396
-6.342489434543675 -1.0307548587271718
-6.238981388975552 -1.5377708002509736
-6.095011155005737 -2.0348137080439233
-5.911512434847449 -2.5186600681179288
-5.689675288115166 -2.9861719511607876
-5.430938413831371 -3.434317363211882
-5.136979819911298 -3.8601899093065244
-4.80970594063772 -4.261027642562537
-4.451239272703045 -4.634230976465663
-4.063904610003809 -4.977379544185635
-3.6502139664601665 -5.288247895583845
-3.212850284641651 -5.564819930111475
-2.754650035855124 -5.805301971995186
-2.278584824539866 -6.008134402912809
-1.7877421162725065 -6.172001776716637
-1.2853052143680181 -6.295841350606462
-0.7745326149361527 -6.378849977424457
-0.25873687428379644 -6.420489314372673
0.2587368742837941 -6.420489314372674
0.7745326149361447 -6.378849977424458
1.2853052143680157 -6.295841350606463
1.7877421162725042 -6.1720017767166375
2.278584824539864 -6.008134402912809
2.754650035855122 -5.805301971995186
3.2128502846416493 -5.564819930111477
3.6502139664601643 -5.288247895583846
4.063904610003807 -4.977379544185638
4.451239272703043 -4.634230976465664
4.809705940637716 -4.26102764256254
5.136979819911298 -3.8601899093065244
5.4309384138313685 -3.4343173632118864
5.689675288115167 -2.986171951160787
5.911512434847447 -2.5186600681179336
6.095011155005737 -2.034813708043923
6.238981388975552 -1.5377708002509731
6.342489434543674 -1.030754858727177
6.404864002315291 -0.5170540764113392
7.424025369956072 0.0
7.399951543277497 0.5973858475862865
7.327886191245669 1.1908974187151606
7.208296685322267 1.776685563098719
7.041958609343474 2.350951219835224
6.829950729561184 2.9099700557768715
6.573647998429905 3.450116619259398
6.274712637512475 3.967887852547326
5.935083357335382 4.45992581050761
5.556962784107055 4.923039438172373
5.142803174841685 5.354225265954888
4.695290513531479 5.750686888302361
4.217327091509772 6.1098530994590305
3.7120126849780353 6.429394568722125
3.182624451767726 6.707238947045317
2.632595677714193 6.941584307017523
2.065493510480583 7.130910829053606
1.4849958252364184 7.273990658007597
0.8948673722258011 7.369895866284481
0.29893536091743056 7.418004471806724
-0.29893536091742967 7.418004471806724
-0.8948673722258019 7.369895866284481
-1.484995825236416 7.273990658007598
-2.065493510480581 7.130910829053607
-2.6325956777141903 6.941584307017523
-3.1826244517677265 6.707238947045317
-3.712012684978038 6.429394568722123
-4.2173270915097705 6.109853099459031
-4.695290513531477 5.750686888302362
-5.142803174841685 5.354225265954888
-5.5569627841070535 4.923039438172376
-5.935083357335381 4.459925810507611
-6.274712637512474 3.9678878525473276
-6.573647998429904 3.4501166192593993
-6.829950729561184 2.909970055776872
-7.041958609343474 2.350951219835224
-7.208296685322267 1.7766855630987186
-7.327886191245669 1.1908974187151598
-7.3999515432774965 0.5973858475862881
-7.424025369956072 9.09180890610545e-16
-7.399951543277497 -0.5973858475862862
-7.32788619124567 -1.1908974187151578
-7.208296685322267 -1.7766855630987202
-7.0419586093434745 -2.3509512198352223
-6.829950729561186 -2.909970055776867
-6.573647998429905 -3.4501166192593975
-6.2747126375124775 -3.9678878525473236
-5.935083357335382 -4.4599258105076105
-5.556962784107057 -4.923039438172372
-5.142803174841686 -5.354225265954886
-4.695290513531476 -5.750686888302363
-4.217327091509772 -6.1098530994590305
-3.7120126849780335 -6.429394568722126
-3.182624451767725 -6.707238947045318
-2.632595677714194 -6.941584307017523
-2.065493510480581 -7.130910829053607
-1.4849958252364193 -7.273990658007597
-0.8948673722258054 -7.369895866284481
-0.29893536091742984 -7.418004471806724
0.29893536091742706 -7.418004471806725
0.8948673722257962 -7.369895866284482
1.4849958252364166 -7.273990658007598
2.0654935104805783 -7.130910829053608
2.6325956777141912 -6.941584307017523
3.1826244517677225 -6.707238947045319
3.7120126849780313 -6.429394568722127
4.21732709150977 -6.109853099459032
4.695290513531474 -5.750686888302366
5.142803174841684 -5.354225265954889
5.556962784107053 -4.923039438172376
5.935083357335382 -4.4599258105076105
6.274712637512474 -3.9678878525473285
6.573647998429906 -3.450116619259397
6.829950729561183 -2.909970055776873
7.0419586093434745 -2.350951219835222
7.208296685322267 -1.7766855630987195
7.327886191245669 -1.1908974187151637
7.399951543277497 -0.5973858475862857
7.515916832174636 0.0
7.491545029798989 0.604780038245377
7.418587683162684 1.205637845869533
7.297517948654696 1.7986766294219096
7.12912100996159 2.38005030482346
6.914488985850014 2.945988440697767
6.6550138473574165 3.492820711065349
6.352378390325727 4.017000698816062
6.008545321824579 4.515128895584928
5.625744531242809 4.9839747488683805
5.206458628600091 5.420497613396917
4.753406843868307 5.82186647088646
4.2695273917217165 6.185478290278285
3.757958416087317 6.508974909394298
3.222017638077274 6.790258328523661
2.66518083929438 7.0275043167559925
2.0910593200546064 7.219174242818826
1.5033764787187818 7.364025053691841
0.9059436640254342 7.461117336282695
0.3026354570316898 7.509821409881411
-0.3026354570316889 7.509821409881411
-0.905943664025435 7.461117336282695
-1.5033764787187793 7.364025053691842
-2.091059320054604 7.219174242818827
-2.6651808392943774 7.027504316755993
-3.2220176380772743 6.790258328523661
-3.7579584160873196 6.508974909394297
-4.269527391721715 6.185478290278286
-4.753406843868305 5.8218664708864605
-5.206458628600091 5.420497613396917
-5.625744531242807 4.983974748868383
-6.0085453218245775 4.5151288955849305
-6.352378390325726 4.017000698816063
-6.655013847357416 3.49282071106535
-6.914488985850014 2.9459884406977674
-7.12912100996159 2.38005030482346
-7.297517948654696 1.7986766294219092
-7.418587683162684 1.2056378458695318
-7.4915450297989885 0.6047800382453785
-7.515916832174636 9.204343491180382e-16
-7.491545029798989 -0.6047800382453766
-7.418587683162685 -1.20563784586953
-7.297517948654696 -1.7986766294219105
-7.129121009961591 -2.3800503048234587
-6.914488985850015 -2.945988440697762
-6.6550138473574165 -3.4928207110653484
-6.35237839032573 -4.01700069881606
-6.008545321824579 -4.515128895584929
-5.62574453124281 -4.98397474886838
-5.2064586286000925 -5.420497613396916
-4.753406843868304 -5.821866470886461
-4.2695273917217165 -6.185478290278285
-3.7579584160873147 -6.508974909394299
-3.222017638077273 -6.790258328523662
-2.665180839294381 -7.0275043167559925
-2.091059320054604 -7.219174242818827
-1.5033764787187827 -7.364025053691841
-0.9059436640254385 -7.461117336282695
-0.3026354570316891 -7.509821409881411
0.3026354570316863 -7.509821409881412
0.9059436640254291 -7.461117336282696
1.50337647871878 -7.364025053691842
2.0910593200546015 -7.219174242818828
2.6651808392943783 -7.027504316755993
3.2220176380772707 -6.790258328523663
3.757958416087313 -6.508974909394301
4.269527391721714 -6.1854782902782866
4.7534068438683015 -5.821866470886464
5.20645862860009 -5.420497613396918
5.625744531242806 -4.983974748868383
6.008545321824579 -4.515128895584929
6.352378390325726 -4.017000698816064
6.655013847357417 -3.492820711065348
6.914488985850013 -2.9459884406977683
7.129121009961591 -2.3800503048234583
7.297517948654696 -1.7986766294219099
7.418587683162684 -1.205637845869536
7.491545029798989 -0.6047800382453762
7.605516588384978 0.0
7.580854241608691 0.6119898231854783
7.507027146062395 1.220010657527777
7.384514098790497 1.8201192545993907
7.21410964391668 2.40842367986769
6.996918919720371 2.981108553383824
6.734350491390923 3.5344597939857674
6.428107215941849 4.064888706539872
6.0801751985296555 4.5689552560059
5.69281091179976 5.04339037738431
5.268526561795517 5.485117176857225
4.810073795338011 5.891270886625539
4.320425854540518 6.259217444027401
3.802758294192488 6.586570574445347
3.2604283870681745 6.871207267212879
2.696953350724387 7.111281544153316
2.1159875369949805 7.305236431456615
1.52129873211692 7.451814057252
0.9167437211907151 7.550063809389724
0.30624327544907365 7.59934850052564
-0.30624327544907276 7.59934850052564
-0.9167437211907159 7.550063809389724
-1.5212987321169174 7.451814057252001
-2.115987536994978 7.305236431456616
-2.696953350724385 7.111281544153317
-3.260428387068175 6.871207267212879
-3.8027582941924907 6.5865705744453455
-4.320425854540516 6.259217444027402
-4.810073795338009 5.89127088662554
-5.268526561795517 5.485117176857225
-5.692810911799758 5.043390377384313
-6.080175198529654 4.568955256005902
-6.428107215941848 4.0648887065398736
-6.734350491390922 3.5344597939857687
-6.996918919720371 2.9811085533838244
-7.21410964391668 2.40842367986769
-7.384514098790497 1.8201192545993903
-7.507027146062395 1.2200106575277758
-7.580854241608691 0.6119898231854799
-7.605516588384978 9.31407154582776e-16
-7.580854241608691 -0.611989823185478
-7.507027146062396 -1.220010657527774
-7.384514098790497 -1.8201192545993918
-7.2141096439166805 -2.408423679867689
-6.996918919720373 -2.981108553383819
-6.734350491390923 -3.534459793985767
-6.428107215941852 -4.064888706539869
-6.0801751985296555 -4.568955256005901
-5.692810911799762 -5.043390377384308
-5.268526561795519 -5.485117176857224
-4.810073795338008 -5.8912708866255405
-4.320425854540518 -6.259217444027401
-3.802758294192486 -6.586570574445348
-3.2604283870681736 -6.87120726721288
-2.696953350724388 -7.111281544153316
-2.115987536994978 -7.305236431456616
-1.5212987321169207 -7.451814057252
-0.9167437211907195 -7.550063809389724
-0.3062432754490729 -7.59934850052564
0.3062432754490701 -7.5993485005256405
0.91674372119071 -7.550063809389725
1.521298732116918 -7.451814057252001
2.115987536994975 -7.305236431456617
2.6969533507243857 -7.111281544153317
3.2604283870681714 -6.871207267212881
3.802758294192484 -6.58657057444535
4.320425854540515 -6.259217444027403
4.810073795338005 -5.891270886625543
5.268526561795516 -5.4851171768572256
5.692810911799757 -5.043390377384313
6.0801751985296555 -4.568955256005901
6.428107215941848 -4.064888706539874
6.734350491390924 -3.5344597939857665
6.99691891972037 -2.9811085533838253
7.2141096439166805 -2.4084236798676883
7.384514098790497 -1.8201192545993912
7.507027146062395 -1.22001065752778
7.580854241608691 -0.6119898231854776
7.700963127663848 0.0
7.675991277171025 0.6196700786971353
7.601237677725484 1.235321359146941
7.47718713510495 1.8429611065508622
7.304644164680427 2.4386485439764236
7.084727773825306 3.0185204098078393
6.818864204723144 3.5788160124800443
6.508777684639817 4.115901620006593
6.156479243648056 4.626294026125968
5.764253672325729 5.106683140230799
5.334644704012201 5.553953454575644
4.870438517721515 5.96520424954023
4.3746456687023345 6.337768405909297
3.850481563831923 6.6692297021641584
3.301345608468691 6.957438484606432
2.730799160003972 7.200525608687171
2.1425424310927497 7.396914561126506
1.5403904923546985 7.5453316842072224
0.9282485301772495 7.644814435933807
0.3100865200833276 7.694717632486638
-0.31008652008332666 7.694717632486638
-0.9282485301772502 7.644814435933807
-1.5403904923546958 7.545331684207223
-2.142542431092747 7.396914561126507
-2.7307991600039694 7.200525608687172
-3.3013456084686914 6.957438484606432
-3.850481563831926 6.669229702164157
-4.374645668702333 6.337768405909298
-4.870438517721513 5.96520424954023
-5.334644704012201 5.553953454575644
-5.764253672325728 5.1066831402308015
-6.156479243648055 4.6262940261259695
-6.508777684639816 4.1159016200065945
-6.818864204723143 3.578816012480045
-7.084727773825306 3.0185204098078398
-7.304644164680427 2.4386485439764236
-7.47718713510495 1.8429611065508618
-7.601237677725484 1.23532135914694
-7.675991277171024 0.6196700786971369
-7.700963127663848 9.43095984464532e-16
-7.675991277171025 -0.619670078697135
-7.601237677725485 -1.235321359146938
-7.47718713510495 -1.8429611065508633
-7.304644164680428 -2.438648543976422
-7.084727773825308 -3.0185204098078344
-6.818864204723144 -3.578816012480044
-6.508777684639819 -4.11590162000659
-6.156479243648056 -4.626294026125969
-5.764253672325731 -5.106683140230798
-5.334644704012203 -5.553953454575642
-4.870438517721512 -5.965204249540231
-4.3746456687023345 -6.337768405909297
-3.850481563831921 -6.669229702164159
-3.30134560846869 -6.957438484606433
-2.730799160003973 -7.200525608687171
-2.142542431092747 -7.396914561126507
-1.5403904923546994 -7.5453316842072224
-0.9282485301772538 -7.644814435933807
-0.3100865200833268 -7.694717632486638
0.310086520083324 -7.694717632486639
0.9282485301772442 -7.6448144359338075
1.5403904923546965 -7.545331684207223
2.142542431092745 -7.396914561126508
2.7307991600039703 -7.200525608687172
3.3013456084686874 -6.957438484606434
3.8504815638319188 -6.669229702164161
4.374645668702332 -6.337768405909299
4.870438517721509 -5.965204249540234
5.3346447040122005 -5.553953454575645
5.764253672325727 -5.1066831402308015
6.156479243648056 -4.626294026125969
6.508777684639816 -4.115901620006595
6.818864204723145 -3.5788160124800434
7.084727773825305 -3.0185204098078406
7.304644164680428 -2.4386485439764214
7.47718713510495 -1.8429611065508626
7.601237677725484 -1.2353213591469443
7.675991277171025 -0.6196700786971344
6.363850033213948 0.0
6.3432140284761385 0.5120771760005484
6.281439846672118 1.0208333350145493
6.178928117075593 1.5229689981249923
6.036343667589982 2.015227622871295
5.854611213084358 2.4944167231767977
5.634909358262671 2.9574285738460278
5.378662953959978 3.4012603653551268
5.0875338564380215 3.823033678223884
4.763410149609659 4.2200131506706064
4.408393900090175 4.589624218482915
4.024787524488651 4.929469812054608
3.61507885735274 5.237345902301889
3.1819250166069732 5.511255794637723
2.7281351711233994 5.749423078302437
2.2566523221834696 5.950303147069158
1.7705342169854184 6.112593216607907
1.2729335179803236 6.235240773541901
0.7670773566463364 6.317450401400682
0.256246404302693 6.358688939201155
-0.2562464043026923 6.358688939201155
-0.767077356646337 6.317450401400682
-1.2729335179803214 6.235240773541902
-1.7705342169854161 6.112593216607908
-2.256652322183468 5.9503031470691585
-2.7281351711233994 5.749423078302437
-3.1819250166069755 5.511255794637722
-3.615078857352738 5.23734590230189
-4.024787524488649 4.9294698120546085
-4.408393900090175 4.589624218482915
-4.7634101496096575 4.220013150670608
-5.08753385643802 3.823033678223886
-5.378662953959977 3.401260365355128
-5.63490935826267 2.9574285738460286
-5.854611213084358 2.4944167231767977
-6.036343667589982 2.015227622871295
-6.178928117075593 1.522968998124992
-6.281439846672118 1.0208333350145484
-6.343214028476138 0.5120771760005497
-6.363850033213948 7.793468573429239e-16
-6.3432140284761385 -0.5120771760005481
-6.281439846672119 -1.0208333350145469
-6.178928117075593 -1.5229689981249932
-6.036343667589983 -2.0152276228712935
-5.854611213084359 -2.4944167231767937
-5.634909358262671 -2.9574285738460273
-5.37866295395998 -3.4012603653551245
-5.0875338564380215 -3.8230336782238847
-4.76341014960966 -4.220013150670605
-4.408393900090176 -4.589624218482913
-4.024787524488648 -4.929469812054609
-3.61507885735274 -5.237345902301889
-3.1819250166069715 -5.511255794637724
-2.7281351711233985 -5.749423078302438
-2.2566523221834704 -5.950303147069158
-1.7705342169854161 -6.112593216607908
-1.2729335179803243 -6.235240773541901
-0.76707735664634 -6.317450401400682
-0.2562464043026924 -6.358688939201155
0.2562464043026901 -6.358688939201156
0.767077356646332 -6.3174504014006825
1.272933517980322 -6.235240773541902
1.770534216985414 -6.112593216607909
2.2566523221834682 -5.9503031470691585
2.7281351711233963 -5.7494230783024385
3.1819250166069697 -5.511255794637726
3.6150788573527377 -5.23734590230189
4.024787524488646 -4.929469812054611
4.408393900090174 -4.589624218482916
4.763410149609657 -4.220013150670608
5.0875338564380215 -3.8230336782238847
5.378662953959977 -3.401260365355129
5.6349093582626715 -2.957428573846027
5.8546112130843575 -2.4944167231767986
6.036343667589983 -2.015227622871293
6.178928117075593 -1.5229689981249928
6.281439846672118 -1.020833335014552
6.3432140284761385 -0.5120771760005477
1.0 0.5 0.4 0.32000000000000006 0.25600000000000006 0.20480000000000007 0.16384000000000007 0.13107200000000005 0.10485760000000005 0.08388608000000004 0.06710886400000003 0.05368709120000003 0.042949672960000025 0.03435973836800002 0.027487790694400018 0.021990232555520017 0.017592186044416015 0.014073748835532814 0.011258999068426251 0.009007199254741001 0.007205759403792801 