0.0 0.0
2.773101616979353 0.0
2.766908944478308 0.18522276064090626
2.7483585849538565 0.36961827146928095
2.717533388814803 0.5523629773710732
2.674571028870034 0.7326406961277732
2.619663385448336 0.9096462636843314
2.5530556894142626 1.082589130207285
2.4750454269075663 1.2506968908722227
2.3859810106978814 1.4132187356112351
2.2862602240887164 1.56942880241294
2.176328444320657 1.7186294191984295
2.056676653408493 1.8601542197941394
1.9278392452963524 1.9933711200849409
1.7903916391246206 2.117685141055241
1.644947709268375 2.232541066109698
1.4921570436254041 2.3374259208053196
1.3327020423989684 2.4318712639198483
1.1672948703328356 2.515455279623979
0.9966742760106547 2.587804661413249
0.8216022924254491 2.6485962793855067
0.6428608335552797 2.6975586234174993
0.4612482021456098 2.7344730157949897
0.27757552429545407 2.7591745878805143
0.09266312677131046 2.771553016456742
-0.09266312677131011 2.771553016456742
-0.27757552429545373 2.7591745878805143
-0.46124820214561 2.7344730157949897
-0.6428608335552787 2.6975586234174993
-0.8216022924254482 2.6485962793855067
-0.9966742760106551 2.587804661413249
-1.1672948703328352 2.5154552796239793
-1.3327020423989682 2.4318712639198488
-1.492157043625404 2.3374259208053196
-1.6449477092683746 2.2325410661096985
-1.7903916391246206 2.117685141055241
-1.9278392452963524 1.9933711200849409
-2.056676653408493 1.8601542197941394
-2.176328444320657 1.7186294191984295
-2.2862602240887155 1.5694288024129406
-2.385981010697881 1.413218735611236
-2.475045426907566 1.2506968908722236
-2.553055689414262 1.0825891302072859
-2.6196633854483364 0.909646263684331
-2.674571028870034 0.7326406961277737
-2.7175333888148026 0.5523629773710738
-2.748358584953856 0.36961827146928145
-2.766908944478308 0.1852227606409067
-2.773101616979353 -8.918975040238805e-16
-2.766908944478308 -0.185222760640906
-2.7483585849538565 -0.36961827146927956
-2.717533388814803 -0.5523629773710731
-2.674571028870034 -0.7326406961277732
-2.619663385448336 -0.9096462636843314
-2.5530556894142626 -1.0825891302072852
-2.475045426907567 -1.2506968908722218
-2.3859810106978814 -1.4132187356112356
-2.286260224088717 -1.569428802412939
-2.1763284443206574 -1.7186294191984288
-2.0566766534084926 -1.8601542197941399
-1.9278392452963526 -1.9933711200849407
-1.790391639124621 -2.1176851410552406
-1.6449477092683742 -2.232541066109699
-1.4921570436254044 -2.3374259208053196
-1.3327020423989675 -2.4318712639198488
-1.1672948703328359 -2.515455279623979
-0.9966742760106563 -2.5878046614132484
-0.8216022924254489 -2.6485962793855067
-0.6428608335552806 -2.697558623417499
-0.46124820214561013 -2.7344730157949897
-0.277575524295455 -2.7591745878805143
-0.0926631267713102 -2.771553016456742
0.09266312677130917 -2.771553016456742
0.277575524295454 -2.7591745878805143
0.46124820214560913 -2.7344730157949897
0.6428608335552796 -2.6975586234174993
0.8216022924254479 -2.648596279385507
0.9966742760106531 -2.5878046614132497
1.167294870332835 -2.5154552796239793
1.3327020423989668 -2.431871263919849
1.4921570436254035 -2.3374259208053196
1.6449477092683735 -2.2325410661096994
1.7903916391246204 -2.117685141055241
1.927839245296351 -1.9933711200849422
2.0566766534084926 -1.8601542197941394
2.176328444320658 -1.7186294191984288
2.2862602240887164 -1.56942880241294
2.385981010697881 -1.4132187356112365
2.475045426907565 -1.250696890872225
2.553055689414262 -1.082589130207286
2.619663385448336 -0.9096462636843312
2.674571028870034 -0.732640696127774
2.717533388814803 -0.5523629773710729
2.748358584953856 -0.3696182714692818
2.766908944478308 -0.18522276064090828
3.9555452708427037 0.0
3.9467120581412996 0.26420128653764435
3.9202518713093064 0.5272225859937734
3.8762828879644236 0.787889181395624
3.815001484259903 1.045036872450353
3.736681357820976 1.2975171751461576
3.641672305344819 1.544202451160673
3.5303986603235886 1.7839909441674555
3.403357397868038 2.015811700547195
3.2611159150960294 2.2386293525265555
3.1043094969992686 2.451448742381987
2.9336384791063117 2.6533193670557047
2.7498651196140895 2.843339623333074
2.553810194957756 3.020660834621442
2.3463493340238837 3.1844910413458156
2.1284091073792926 3.334098538032576
1.9009628889819732 3.468815141283748
1.6650265088566976 3.588039174046258
1.4216537161515326 3.6912381528477156
1.1719314728383452 3.777951165996859
0.916975099076767 3.8477909321270607
0.6579232919236189 3.900445529888921
0.3959330396354322 3.9356797910667383
0.13217445427802513 3.953336350896845
-0.13217445427802463 3.953336350896845
-0.39593303963543175 3.9356797910667383
-0.6579232919236192 3.900445529888921
-0.9169750990767657 3.8477909321270607
-1.1719314728383439 3.777951165996859
-1.421653716151533 3.6912381528477156
-1.6650265088566971 3.5880391740462585
-1.9009628889819727 3.4688151412837485
-2.128409107379292 3.3340985380325763
-2.3463493340238832 3.184491041345816
-2.553810194957756 3.020660834621442
-2.7498651196140895 2.843339623333074
-2.9336384791063117 2.6533193670557047
-3.1043094969992686 2.451448742381987
-3.2611159150960285 2.2386293525265564
-3.403357397868037 2.0158117005471965
-3.530398660323588 1.7839909441674568
-3.6416723053448186 1.544202451160674
-3.7366813578209763 1.297517175146157
-3.8150014842599025 1.0450368724503538
-3.876282887964423 0.7878891813956248
-3.920251871309306 0.5272225859937741
-3.9467120581412996 0.26420128653764496
-3.9555452708427037 -1.2722003883726915e-15
-3.9467120581412996 -0.26420128653764396
-3.9202518713093064 -0.5272225859937714
-3.8762828879644236 -0.7878891813956239
-3.815001484259903 -1.045036872450353
-3.736681357820976 -1.2975171751461576
-3.641672305344819 -1.5442024511606731
-3.5303986603235895 -1.7839909441674544
-3.403357397868038 -2.0158117005471956
-3.2611159150960303 -2.238629352526554
-3.104309496999269 -2.451448742381986
-2.9336384791063113 -2.653319367055705
-2.74986511961409 -2.8433396233330734
-2.5538101949577565 -3.020660834621441
-2.3463493340238823 -3.1844910413458165
-2.128409107379293 -3.334098538032576
-1.9009628889819719 -3.4688151412837485
-1.665026508856698 -3.588039174046258
-1.4216537161515346 -3.691238152847715
-1.1719314728383448 -3.777951165996859
-0.9169750990767683 -3.8477909321270602
-0.6579232919236193 -3.900445529888921
-0.3959330396354336 -3.9356797910667383
-0.13217445427802474 -3.953336350896845
0.13217445427802327 -3.953336350896845
0.39593303963543214 -3.9356797910667383
0.6579232919236179 -3.900445529888921
0.9169750990767669 -3.8477909321270607
1.1719314728383434 -3.7779511659968597
1.4216537161515301 -3.691238152847717
1.6650265088566967 -3.5880391740462585
1.9009628889819707 -3.4688151412837493
2.1284091073792917 -3.3340985380325763
2.3463493340238815 -3.1844910413458174
2.5538101949577556 -3.020660834621442
2.7498651196140877 -2.8433396233330757
2.9336384791063113 -2.6533193670557047
3.1043094969992695 -2.451448742381986
3.2611159150960294 -2.2386293525265555
3.403357397868037 -2.015811700547197
3.530398660323587 -1.7839909441674586
3.6416723053448186 -1.5442024511606744
3.736681357820976 -1.2975171751461574
3.8150014842599025 -1.0450368724503543
3.8762828879644236 -0.7878891813956236
3.920251871309306 -0.5272225859937746
3.9467120581412996 -0.2642012865376472
4.778998326774474 0.0
4.768326243451038 0.31920188490879614
4.736357657595542 0.636978136712153
4.683235348672909 0.9519094895281579
4.609196573810423 1.2625893834843853
4.514572008149806 1.5676302467557353
4.399784267971762 1.8656696927970413
4.265346023189074 2.1553766050921066
4.111857707638321 2.4354570822431985
3.940004837396609 2.7046602168487897
3.7505549491003567 2.961783682359676
3.5443541719403546 3.205679102961216
3.3223234486433997 3.4352571824984874
3.085454422318515 3.6494925695373515
2.8348050075380984 3.8474284368328595
2.5714946654346296 4.028180754752008
2.2966994039155018 4.190942239564678
2.0116465253262237 4.334985958968743
1.7176091450202138 4.4596685787462
1.415900505316581 4.564433236049956
1.1078681102411254 4.648812026488486
0.7948877072462561 4.712428093900427
0.4783571427889002 4.754997313485682
0.15969011920888462 4.776329560775751
-0.15969011920888404 4.776329560775751
-0.4783571427888996 4.754997313485682
-0.7948877072462566 4.712428093900427
-1.1078681102411239 4.648812026488486
-1.4159005053165794 4.564433236049956
-1.7176091450202144 4.4596685787462
-2.0116465253262232 4.334985958968743
-2.2966994039155013 4.190942239564679
-2.571494665434629 4.028180754752009
-2.834805007538098 3.84742843683286
-3.085454422318515 3.6494925695373515
-3.3223234486433997 3.4352571824984874
-3.5443541719403546 3.205679102961216
-3.7505549491003567 2.961783682359676
-3.9400048373966077 2.704660216848791
-4.11185770763832 2.4354570822432
-4.265346023189073 2.155376605092108
-4.399784267971762 1.8656696927970426
-4.514572008149806 1.5676302467557346
-4.609196573810422 1.2625893834843864
-4.683235348672908 0.9519094895281589
-4.736357657595542 0.6369781367121539
-4.768326243451038 0.31920188490879686
-4.778998326774474 -1.537043090410556e-15
-4.768326243451038 -0.3192018849087957
-4.736357657595542 -0.6369781367121505
-4.683235348672909 -0.9519094895281578
-4.609196573810423 -1.2625893834843853
-4.514572008149806 -1.5676302467557353
-4.399784267971762 -1.8656696927970415
-4.265346023189075 -2.1553766050921053
-4.111857707638321 -2.435457082243199
-3.94000483739661 -2.7046602168487883
-3.750554949100357 -2.961783682359675
-3.544354171940354 -3.2056791029612164
-3.3223234486434006 -3.4352571824984866
-3.0854544223185156 -3.6494925695373506
-2.834805007538097 -3.847428436832861
-2.57149466543463 -4.028180754752008
-2.2966994039155004 -4.190942239564679
-2.011646525326224 -4.334985958968743
-1.7176091450202164 -4.459668578746199
-1.4159005053165803 -4.564433236049956
-1.107868110241127 -4.648812026488485
-0.7948877072462567 -4.712428093900427
-0.4783571427889018 -4.754997313485682
-0.15969011920888418 -4.776329560775751
0.1596901192088824 -4.776329560775751
0.47835714278890007 -4.754997313485682
0.794887707246255 -4.712428093900427
1.1078681102411252 -4.648812026488486
1.4159005053165787 -4.564433236049957
1.717609145020211 -4.459668578746201
2.0116465253262223 -4.334985958968743
2.296699403915499 -4.19094223956468
2.5714946654346287 -4.028180754752009
2.8348050075380957 -3.8474284368328617
3.0854544223185147 -3.6494925695373515
3.322323448643398 -3.435257182498489
3.544354171940354 -3.205679102961216
3.7505549491003576 -2.961783682359675
3.940004837396609 -2.7046602168487897
4.11185770763832 -2.4354570822432007
4.265346023189071 -2.1553766050921106
4.399784267971762 -1.865669692797043
4.514572008149806 -1.567630246755735
4.609196573810422 -1.262589383484387
4.683235348672909 -0.9519094895281573
4.736357657595542 -0.6369781367121544
4.768326243451038 -0.3192018849087996
5.398945931908442 0.0
5.386889430335457 0.36060981823967453
5.350773772879288 0.7196090654917253
5.290760260833341 1.0753943639695314
5.207116929110918 1.4263766901618955
5.100217349136217 1.7709884717977866
4.970538960383673 2.1076905890046356
4.818660938017365 2.4349792483913144
4.645261606154128 2.7513926993544713
4.451115408303395 3.0555177626115704
4.237089448514473 3.345996141802623
4.004139618679371 3.621530489971463
3.753306329287564 3.880890203832186
3.485709862700184 4.122916919942165
3.202545369697041 4.346529688234369
2.905077531643113 4.550729799802783
2.5946349121145658 4.73460524737881
2.272604023211306 4.8973347985771305
1.9404231330573634 5.038191663718894
1.599575842146305 5.156546741850854
1.2515844572212764 5.2518714304629395
0.8980031922835462 5.323739986355389
0.5404112270954882 5.371831427111229
0.18040565418039917 5.39593096468167
-0.18040565418039847 5.39593096468167
-0.5404112270954876 5.371831427111229
-0.8980031922835467 5.323739986355389
-1.2515844572212746 5.2518714304629395
-1.5995758421463033 5.156546741850854
-1.9404231330573638 5.038191663718894
-2.272604023211305 4.897334798577131
-2.594634912114565 4.73460524737881
-2.905077531643112 4.550729799802784
-3.2025453696970403 4.346529688234369
-3.485709862700184 4.122916919942165
-3.753306329287564 3.880890203832186
-4.004139618679371 3.621530489971463
-4.237089448514473 3.345996141802623
-4.451115408303394 3.0555177626115717
-4.645261606154127 2.751392699354473
-4.818660938017364 2.434979248391316
-4.970538960383673 2.1076905890046373
-5.1002173491362175 1.7709884717977857
-5.207116929110917 1.4263766901618968
-5.290760260833341 1.0753943639695325
-5.350773772879287 0.7196090654917263
-5.386889430335457 0.36060981823967536
-5.398945931908442 -1.7364334474963005e-15
-5.386889430335457 -0.36060981823967403
-5.350773772879288 -0.7196090654917225
-5.290760260833341 -1.0753943639695314
-5.207116929110918 -1.4263766901618955
-5.100217349136217 -1.7709884717977866
-4.970538960383673 -2.107690589004636
-4.8186609380173655 -2.4349792483913126
-4.645261606154128 -2.7513926993544717
-4.451115408303396 -3.0555177626115686
-4.237089448514474 -3.3459961418026216
-4.00413961867937 -3.6215304899714633
-3.7533063292875646 -3.8808902038321857
-3.4857098627001846 -4.122916919942163
-3.2025453696970394 -4.34652968823437
-2.9050775316431134 -4.550729799802783
-2.594634912114564 -4.73460524737881
-2.2726040232113065 -4.8973347985771305
-1.9404231330573662 -5.0381916637188935
-1.5995758421463047 -5.156546741850854
-1.2515844572212782 -5.2518714304629395
-0.8980031922835469 -5.323739986355389
-0.54041122709549 -5.371831427111229
-0.18040565418039864 -5.39593096468167
0.18040565418039664 -5.39593096468167
0.5404112270954882 -5.371831427111229
0.8980031922835449 -5.323739986355389
1.2515844572212762 -5.2518714304629395
1.5995758421463029 -5.156546741850855
1.94042313305736 -5.038191663718896
2.2726040232113047 -4.897334798577131
2.594634912114562 -4.734605247378812
2.9050775316431117 -4.550729799802784
3.202545369697038 -4.346529688234371
3.4857098627001832 -4.122916919942165
3.7533063292875615 -3.880890203832189
4.00413961867937 -3.621530489971463
4.2370894485144746 -3.3459961418026216
4.451115408303395 -3.0555177626115704
4.645261606154127 -2.7513926993544735
4.818660938017362 -2.434979248391319
4.970538960383673 -2.107690589004638
5.100217349136217 -1.7709884717977864
5.207116929110917 -1.4263766901618973
5.290760260833341 -1.075394363969531
5.350773772879287 -0.719609065491727
5.386889430335457 -0.36060981823967847
7.161771866588008 0.0
7.14577876073663 0.47835360525112836
7.097870872275615 0.9545707671791005
7.018262169464644 1.4265245843352714
6.907308204095779 1.8921071964036889
6.765504523512843 2.349239198416957
6.593484457376686 2.795878927883602
6.392016289061178 3.2300315833483815
6.161999824313159 3.64975813365983
5.904462372501539 4.053183978154086
5.6205541584042775 4.438507319076524
5.3115431850253 4.80400720884792
4.9788095703852715 5.148051236234106
4.62383938357949 5.469102817090819
4.248218007632553 5.765728057121493
3.8536230587929157 6.03660215599728
3.441816893891478 6.280515324236914
3.0146387392281566 6.496378186420211
2.5739964761407528 6.683226646603156
2.1218581199437545 6.840226194204417
1.6602430302941895 6.966675631132187
1.1912128922412013 7.0620102035050785
0.7168625082401372 7.125804123980053
0.23931044225624942 7.157772473422064
-0.23931044225624853 7.157772473422064
-0.7168625082401363 7.125804123980053
-1.1912128922412017 7.0620102035050785
-1.6602430302941873 6.966675631132187
-2.1218581199437523 6.840226194204417
-2.5739964761407537 6.683226646603156
-3.0146387392281557 6.496378186420212
-3.441816893891477 6.280515324236914
-3.853623058792915 6.036602155997281
-4.248218007632553 5.7657280571214935
-4.62383938357949 5.469102817090819
-4.9788095703852715 5.148051236234106
-5.3115431850253 4.80400720884792
-5.6205541584042775 4.438507319076524
-5.904462372501537 4.053183978154088
-6.161999824313157 3.649758133659833
-6.392016289061177 3.2300315833483837
-6.593484457376685 2.795878927883604
-6.765504523512844 2.3492391984169556
-6.907308204095778 1.8921071964036904
-7.018262169464643 1.4265245843352727
-7.097870872275614 0.9545707671791019
-7.14577876073663 0.47835360525112947
-7.161771866588008 -2.30340151009542e-15
-7.14577876073663 -0.4783536052511277
-7.097870872275615 -0.954570767179097
-7.018262169464644 -1.4265245843352712
-6.907308204095779 -1.8921071964036889
-6.765504523512843 -2.349239198416957
-6.593484457376686 -2.795878927883602
-6.392016289061179 -3.2300315833483797
-6.161999824313159 -3.649758133659831
-5.90446237250154 -4.053183978154084
-5.620554158404278 -4.438507319076522
-5.311543185025299 -4.804007208847921
-4.978809570385272 -5.148051236234105
-4.623839383579491 -5.469102817090818
-4.248218007632551 -5.765728057121494
-3.8536230587929166 -6.03660215599728
-3.4418168938914757 -6.280515324236914
-3.0146387392281575 -6.496378186420211
-2.5739964761407568 -6.683226646603155
-2.1218581199437536 -6.840226194204417
-1.660243030294192 -6.966675631132186
-1.191212892241202 -7.0620102035050785
-0.7168625082401396 -7.125804123980053
-0.23931044225624873 -7.157772473422064
0.2393104422562461 -7.157772473422064
0.7168625082401371 -7.125804123980053
1.1912128922411995 -7.0620102035050785
1.6602430302941893 -6.966675631132187
2.1218581199437514 -6.840226194204418
2.5739964761407483 -6.683226646603158
3.014638739228155 -6.496378186420212
3.4418168938914735 -6.280515324236916
3.8536230587929143 -6.036602155997281
4.248218007632549 -5.765728057121496
4.623839383579489 -5.469102817090819
4.978809570385269 -5.148051236234109
5.311543185025299 -4.80400720884792
5.620554158404279 -4.438507319076522
5.904462372501539 -4.053183978154086
6.161999824313157 -3.6497581336598333
6.392016289061175 -3.2300315833483872
6.593484457376685 -2.7958789278836047
6.765504523512843 -2.3492391984169565
6.907308204095778 -1.8921071964036913
7.018262169464644 -1.4265245843352705
7.097870872275614 -0.9545707671791027
7.14577876073663 -0.4783536052511335
6.359356510636213 0.0
6.345155295669321 0.4247581702695788
6.302615076842086 0.8476192674391188
6.231925849098583 1.2666946911975678
6.1334033276899875 1.6801127489703134
6.007487538113616 2.086027015352582
5.854740850852239 2.482624578693523
5.67584546969099 2.8681341379997316
5.471600384829648 3.2408339139954783
5.242917804398452 3.5990593390069177
4.990819080315151 3.9412104913254034
4.716430146679396 4.265759240846226
4.420976491077731 4.571256074068617
4.105777681258541 4.856336567974921
3.7722414716221526 5.119727483875009
3.4218575158479485 5.360252453999355
3.0561907137394164 5.576837235443056
2.67687422200174 5.768514507995431
2.2856021601674983 5.934428194426895
1.8841220442475837 6.073837283937684
1.474226981900472 6.1861191416919725
1.0577476639781467 6.270772289656192
0.6365441882163451 6.327418646321672
0.21249775158651513 6.355805215308433
-0.21249775158651432 6.355805215308433
-0.6365441882163444 6.327418646321672
-1.0577476639781473 6.270772289656192
-1.47422698190047 6.1861191416919725
-1.8841220442475815 6.073837283937684
-2.2856021601674987 5.934428194426895
-2.676874222001739 5.768514507995432
-3.056190713739416 5.576837235443057
-3.421857515847948 5.360252453999355
-3.772241471622152 5.1197274838750095
-4.105777681258541 4.856336567974921
-4.420976491077731 4.571256074068617
-4.716430146679396 4.265759240846226
-4.990819080315151 3.9412104913254034
-5.24291780439845 3.599059339006919
-5.471600384829646 3.2408339139954805
-5.675845469690989 2.868134137999734
-5.854740850852239 2.4826245786935246
-6.007487538113616 2.086027015352581
-6.133403327689987 1.6801127489703147
-6.231925849098582 1.2666946911975692
-6.302615076842085 0.8476192674391201
-6.345155295669321 0.42475817026957974
-6.359356510636213 -2.0453250484245357e-15
-6.345155295669321 -0.4247581702695782
-6.302615076842086 -0.8476192674391156
-6.231925849098583 -1.2666946911975676
-6.1334033276899875 -1.6801127489703134
-6.007487538113616 -2.086027015352582
-5.854740850852239 -2.4826245786935233
-5.675845469690991 -2.86813413799973
-5.471600384829648 -3.2408339139954787
-5.242917804398453 -3.5990593390069154
-4.990819080315151 -3.941210491325402
-4.716430146679395 -4.265759240846227
-4.420976491077732 -4.571256074068616
-4.105777681258542 -4.85633656797492
-3.7722414716221504 -5.11972748387501
-3.4218575158479494 -5.360252453999355
-3.0561907137394146 -5.576837235443057
-2.6768742220017407 -5.768514507995431
-2.285602160167502 -5.934428194426895
-1.884122044247583 -6.073837283937684
-1.4742269819004743 -6.186119141691972
-1.0577476639781473 -6.270772289656192
-0.6365441882163473 -6.327418646321672
-0.21249775158651452 -6.355805215308433
0.21249775158651216 -6.355805215308433
0.6365441882163451 -6.327418646321672
1.0577476639781451 -6.270772289656192
1.474226981900472 -6.1861191416919725
1.8841220442475808 -6.073837283937685
2.2856021601674943 -5.934428194426897
2.6768742220017385 -5.768514507995432
3.056190713739413 -5.576837235443058
3.421857515847947 -5.360252453999355
3.772241471622149 -5.119727483875012
4.10577768125854 -4.856336567974921
4.420976491077728 -4.57125607406862
4.716430146679395 -4.265759240846226
4.990819080315152 -3.941210491325402
5.242917804398452 -3.5990593390069177
5.471600384829646 -3.240833913995481
5.675845469690986 -2.868134137999737
5.854740850852239 -2.4826245786935255
6.007487538113616 -2.0860270153525815
6.133403327689987 -1.6801127489703154
6.231925849098583 -1.2666946911975672
6.302615076842085 -0.8476192674391207
6.345155295669321 -0.4247581702695834
1.4489065693216145 0.0
1.4456709850886087 0.09677628581559918
1.4359786832942256 0.193120345245945
1.419872952111121 0.28860188233374534
1.3974257236444845 0.38279445335587026
1.3687372526657957 0.47527737142454035
1.3339356688506776 0.5656375853770911
1.2931764045206617 0.6534715245627344
1.2466415004447078 0.7383869012870544
1.1945387928009388 0.8200044628640789
1.1371009849298168 0.8979596854508399
1.0745846080245338 0.9719044020993473
1.0072688754004306 1.0415083577546953
0.9354544354605491 1.1064606842543103
0.8594620289268813 1.166471288740627
0.7796310563344437 1.2212721492862146
0.6963180621860982 1.2706185119447646
0.6098951425382477 1.3142899838816322
0.5207482831295228 1.3520915177017363
0.4292756354747727 1.3838542825785745
0.33588573862374577 1.409436418293678
0.24099569452652117 1.4287236688187854
0.14502930515494675 1.441629892611
0.048415179700150496 1.448097447341833
-0.048415179700150315 1.448097447341833
-0.14502930515494658 1.441629892611
-0.2409956945265213 1.4287236688187854
-0.33588573862374527 1.409436418293678
-0.4292756354747722 1.3838542825785745
-0.520748283129523 1.3520915177017363
-0.6098951425382475 1.3142899838816324
-0.6963180621860979 1.2706185119447648
-0.7796310563344436 1.2212721492862146
-0.8594620289268811 1.1664712887406272
-0.9354544354605491 1.1064606842543103
-1.0072688754004306 1.0415083577546953
-1.0745846080245338 0.9719044020993473
-1.1371009849298168 0.8979596854508399
-1.1945387928009386 0.8200044628640791
-1.2466415004447076 0.738386901287055
-1.2931764045206615 0.6534715245627349
-1.3339356688506774 0.5656375853770914
-1.3687372526657957 0.47527737142454013
-1.3974257236444843 0.38279445335587053
-1.4198729521111209 0.2886018823337457
-1.4359786832942254 0.1931203452459453
-1.4456709850886087 0.0967762858155994
-1.4489065693216145 -4.66003894278272e-16
-1.4456709850886087 -0.09677628581559904
-1.4359786832942256 -0.1931203452459443
-1.419872952111121 -0.28860188233374534
-1.3974257236444845 -0.38279445335587026
-1.3687372526657957 -0.47527737142454035
-1.3339356688506776 -0.5656375853770911
-1.293176404520662 -0.653471524562734
-1.2466415004447078 -0.7383869012870546
-1.1945387928009392 -0.8200044628640784
-1.1371009849298168 -0.8979596854508396
-1.0745846080245336 -0.9719044020993475
-1.0072688754004309 -1.041508357754695
-0.9354544354605492 -1.1064606842543099
-0.8594620289268807 -1.1664712887406274
-0.779631056334444 -1.2212721492862146
-0.6963180621860976 -1.2706185119447648
-0.6098951425382478 -1.3142899838816322
-0.5207482831295236 -1.352091517701736
-0.42927563547477254 -1.3838542825785745
-0.33588573862374627 -1.4094364182936778
-0.24099569452652134 -1.4287236688187854
-0.14502930515494725 -1.441629892611
-0.04841517970015036 -1.448097447341833
0.04841517970014982 -1.448097447341833
0.14502930515494672 -1.441629892611
0.2409956945265208 -1.4287236688187854
0.3358857386237457 -1.409436418293678
0.42927563547477204 -1.3838542825785747
0.5207482831295219 -1.3520915177017367
0.6098951425382474 -1.3142899838816324
0.6963180621860973 -1.270618511944765
0.7796310563344434 -1.2212721492862146
0.8594620289268805 -1.1664712887406277
0.9354544354605488 -1.1064606842543103
1.00726887540043 -1.041508357754696
1.0745846080245336 -0.9719044020993473
1.137100984929817 -0.8979596854508396
1.1945387928009388 -0.8200044628640789
1.2466415004447076 -0.7383869012870551
1.293176404520661 -0.6534715245627356
1.3339356688506774 -0.5656375853770916
1.3687372526657957 -0.4752773714245403
1.3974257236444843 -0.3827944533558707
1.419872952111121 -0.28860188233374523
1.4359786832942254 -0.19312034524594546
1.4456709850886087 -0.09677628581560022
6.756643706967981 0.0
6.741555301470212 0.4512940284657927
6.696357473458629 0.9005724682471647
6.621252087405067 1.345828732768052
6.516574582195753 1.785074199463501
6.382792472979803 2.216347091450791
6.220503263133077 2.6377212393012184
6.030431775663055 3.047314683780353
5.8134269159733325 3.4432980811348295
5.570457880446018 3.82390287338563
5.302609827775404 4.187429187137343
5.011079032385824 4.5322534256254
4.697167541579665 4.856835520093352
4.36227736027804 5.159725808113807
4.007904189326472 5.439571508132725
3.6356307453318246 5.695122761320248
3.247119691865734 5.925238213743629
2.8441062136054716 6.128890113930969
2.428390266577958 6.305168903058779
2.0018285391192028 6.453287277262488
1.5663261594534674 6.57258370392662
1.1238281869281508 6.662525376250045
0.6763109249065723 6.7227105928904916
0.22577309411738464 6.752870552060263
-0.2257730941173838 6.752870552060263
-0.6763109249065716 6.7227105928904916
-1.1238281869281515 6.662525376250045
-1.5663261594534652 6.57258370392662
-2.0018285391192006 6.453287277262488
-2.428390266577959 6.305168903058779
-2.8441062136054707 6.128890113930969
-3.2471196918657332 5.92523821374363
-3.635630745331824 5.695122761320249
-4.007904189326471 5.439571508132726
-4.36227736027804 5.159725808113807
-4.697167541579665 4.856835520093352
-5.011079032385824 4.5322534256254
-5.302609827775404 4.187429187137343
-5.570457880446016 3.8239028733856317
-5.813426915973332 3.4432980811348317
-6.030431775663054 3.047314683780355
-6.220503263133076 2.6377212393012206
-6.382792472979804 2.21634709145079
-6.516574582195752 1.7850741994635027
-6.621252087405066 1.3458287327680534
-6.696357473458628 0.9005724682471661
-6.741555301470212 0.45129402846579375
-6.756643706967981 -2.173102356194064e-15
-6.741555301470212 -0.45129402846579203
-6.696357473458629 -0.9005724682471614
-6.621252087405067 -1.3458287327680518
-6.516574582195753 -1.785074199463501
-6.382792472979803 -2.216347091450791
-6.220503263133077 -2.637721239301219
-6.030431775663056 -3.047314683780351
-5.8134269159733325 -3.44329808113483
-5.5704578804460185 -3.8239028733856277
-5.302609827775405 -4.187429187137342
-5.011079032385823 -4.5322534256254
-4.697167541579666 -4.856835520093351
-4.362277360278041 -5.159725808113805
-4.007904189326469 -5.439571508132727
-3.6356307453318255 -5.695122761320248
-3.247119691865732 -5.92523821374363
-2.8441062136054724 -6.128890113930969
-2.428390266577962 -6.305168903058778
-2.0018285391192023 -6.453287277262488
-1.5663261594534696 -6.572583703926619
-1.1238281869281515 -6.662525376250045
-0.6763109249065746 -6.7227105928904916
-0.225773094117384 -6.752870552060263
0.2257730941173815 -6.752870552060263
0.6763109249065722 -6.7227105928904916
1.123828186928149 -6.662525376250045
1.5663261594534674 -6.57258370392662
2.0018285391192 -6.453287277262489
2.428390266577954 -6.305168903058781
2.8441062136054702 -6.128890113930969
3.2471196918657297 -5.925238213743632
3.6356307453318233 -5.695122761320249
4.007904189326468 -5.439571508132729
4.362277360278039 -5.159725808113807
4.697167541579661 -4.856835520093355
5.011079032385823 -4.5322534256254
5.302609827775406 -4.187429187137342
5.570457880446018 -3.82390287338563
5.813426915973332 -3.443298081134832
6.030431775663051 -3.0473146837803586
6.220503263133076 -2.637721239301221
6.382792472979803 -2.2163470914507903
6.516574582195752 -1.7850741994635033
6.621252087405067 -1.3458287327680514
6.696357473458628 -0.9005724682471669
6.741555301470212 -0.4512940284657976
5.747638967712932 0.0
5.734803792267734 0.3838999444696384
5.696355590941466 0.7660852985941458
5.632466082734693 1.144849129805096
5.54342061370048 1.5184997868859815
5.429616882519651 1.885368455297202
5.291563164281937 2.2438166105069093
5.129876040406036 2.592243336039322
4.945277644837324 2.9290924735563384
4.738592438822354 3.2528595730384358
4.510743528664787 3.562098612023666
4.262748542908549 3.855428453895004
3.995715087361728 4.1315390163717485
3.7108357982601534 4.389197122655021
3.4093830156644525 4.6272520090947005
3.092703100880473 4.844640464779248
2.762210423282861 5.040391580093724
2.419381043398084 5.213631083037827
2.065746120459806 5.36358524393688
1.7028850738800556 5.489584331106382
1.3324185291787138 5.59106560203629
0.9560010798765393 5.667575816735677
0.5753138976788451 5.718773262012558
0.19205722395454244 5.744429277647959
-0.19205722395454175 5.744429277647959
-0.5753138976788446 5.718773262012558
-0.9560010798765397 5.667575816735677
-1.332418529178712 5.59106560203629
-1.7028850738800538 5.489584331106382
-2.065746120459807 5.36358524393688
-2.419381043398083 5.213631083037827
-2.76221042328286 5.040391580093724
-3.092703100880472 4.844640464779249
-3.4093830156644516 4.627252009094701
-3.7108357982601534 4.389197122655021
-3.995715087361728 4.1315390163717485
-4.262748542908549 3.855428453895004
-4.510743528664787 3.562098612023666
-4.738592438822353 3.252859573038437
-4.945277644837323 2.9290924735563406
-5.129876040406035 2.5922433360393238
-5.2915631642819365 2.2438166105069106
-5.429616882519652 1.8853684552972012
-5.54342061370048 1.5184997868859826
-5.632466082734693 1.1448491298050971
-5.696355590941466 0.7660852985941469
-5.734803792267734 0.38389994446963926
-5.747638967712932 -1.8485816812286416e-15
-5.734803792267734 -0.3838999444696378
-5.696355590941466 -0.766085298594143
-5.632466082734693 -1.1448491298050958
-5.54342061370048 -1.5184997868859815
-5.429616882519651 -1.885368455297202
-5.291563164281937 -2.2438166105069093
-5.129876040406037 -2.5922433360393202
-4.945277644837324 -2.9290924735563393
-4.738592438822356 -3.252859573038434
-4.510743528664787 -3.562098612023665
-4.2627485429085485 -3.855428453895005
-3.995715087361729 -4.131539016371748
-3.710835798260154 -4.38919712265502
-3.4093830156644507 -4.627252009094702
-3.0927031008804735 -4.844640464779248
-2.7622104232828586 -5.040391580093724
-2.4193810433980842 -5.213631083037827
-2.065746120459809 -5.363585243936879
-1.702885073880055 -5.489584331106382
-1.3324185291787158 -5.591065602036289
-0.9560010798765399 -5.667575816735677
-0.5753138976788471 -5.718773262012558
-0.1920572239545419 -5.744429277647959
0.19205722395453978 -5.744429277647959
0.5753138976788451 -5.718773262012558
0.9560010798765378 -5.667575816735677
1.3324185291787136 -5.59106560203629
1.7028850738800532 -5.489584331106382
2.0657461204598024 -5.363585243936882
2.4193810433980825 -5.213631083037827
2.7622104232828573 -5.040391580093726
3.0927031008804717 -4.844640464779249
3.4093830156644493 -4.627252009094703
3.710835798260153 -4.389197122655021
3.995715087361726 -4.131539016371751
4.2627485429085485 -3.855428453895004
4.510743528664788 -3.562098612023665
4.738592438822354 -3.2528595730384358
4.945277644837323 -2.929092473556341
5.1298760404060335 -2.5922433360393264
5.2915631642819365 -2.2438166105069115
5.429616882519651 -1.8853684552972019
5.54342061370048 -1.5184997868859833
5.632466082734693 -1.1448491298050953
5.696355590941466 -0.7660852985941475
5.734803792267734 -0.38389994446964254
7.747233109821711 0.0
7.729932597952753 0.5174581036424006
7.678108330631647 1.0326051137790682
7.591991767616784 1.5431402588088932
7.471967526383699 2.0467833648398797
7.318571664330068 2.5412850394992694
7.132489284613236 3.0244367182659255
6.914551476313201 3.494080528455621
6.665731602587042 3.94811892680428
6.38714095339276 4.384524067605378
6.080023782198568 4.801346859561138
5.745751748844847 5.196725670897414
5.385817793378324 5.568894643863109
5.0018294682194115 5.916191581479568
4.595501758442852 6.237065371315779
4.168649422238061 6.530082913133039
3.723178885758509 6.793935519458498
3.261079728559733 7.027444760501114
2.7844157976540593 7.2295677273051595
2.2953159898688456 7.39940168963479
1.7959647436764405 7.5361881277864216
1.2885922829617 7.639316120321854
0.7754646563007191 7.708325072591722
0.2588736162377882 7.742906773863014
-0.25887361623778726 7.742906773863014
-0.7754646563007184 7.708325072591722
-1.2885922829617005 7.639316120321854
-1.795964743676438 7.5361881277864216
-2.295315989868843 7.39940168963479
-2.78441579765406 7.2295677273051595
-3.261079728559732 7.0274447605011146
-3.723178885758508 6.793935519458499
-4.16864942223806 6.53008291313304
-4.595501758442851 6.23706537131578
-5.0018294682194115 5.916191581479568
-5.385817793378324 5.568894643863109
-5.745751748844847 5.196725670897414
-6.080023782198568 4.801346859561138
-6.387140953392758 4.38452406760538
-6.66573160258704 3.9481189268042827
-6.914551476313201 3.4940805284556236
-7.132489284613235 3.0244367182659277
-7.318571664330069 2.541285039499268
-7.471967526383698 2.0467833648398814
-7.591991767616783 1.5431402588088947
-7.678108330631646 1.0326051137790697
-7.729932597952753 0.5174581036424017
-7.747233109821711 -2.491700207245812e-15
-7.729932597952753 -0.5174581036423999
-7.678108330631647 -1.0326051137790644
-7.591991767616784 -1.543140258808893
-7.471967526383699 -2.0467833648398797
-7.318571664330068 -2.5412850394992694
-7.132489284613236 -3.024436718265926
-6.9145514763132025 -3.4940805284556187
-6.665731602587042 -3.948118926804281
-6.387140953392762 -4.384524067605376
-6.080023782198569 -4.801346859561137
-5.745751748844846 -5.196725670897415
-5.385817793378325 -5.568894643863108
-5.0018294682194115 -5.916191581479566
-4.5955017584428495 -6.237065371315781
-4.168649422238061 -6.530082913133039
-3.7231788857585064 -6.793935519458499
-3.261079728559734 -7.027444760501114
-2.7844157976540638 -7.229567727305159
-2.2953159898688447 -7.39940168963479
-1.7959647436764432 -7.536188127786421
-1.2885922829617007 -7.639316120321854
-0.7754646563007219 -7.708325072591722
-0.2588736162377875 -7.742906773863014
0.2588736162377846 -7.742906773863014
0.775464656300719 -7.708325072591722
1.288592282961698 -7.639316120321854
1.7959647436764403 -7.5361881277864216
2.295315989868842 -7.399401689634791
2.784415797654055 -7.229567727305162
3.2610797285597313 -7.0274447605011146
3.723178885758504 -6.7939355194585005
4.168649422238059 -6.53008291313304
4.595501758442848 -6.237065371315783
5.001829468219411 -5.916191581479568
5.385817793378321 -5.568894643863112
5.745751748844846 -5.196725670897414
6.08002378219857 -4.801346859561137
6.38714095339276 -4.384524067605378
6.66573160258704 -3.9481189268042836
6.914551476313198 -3.4940805284556276
7.132489284613235 -3.0244367182659286
7.318571664330068 -2.541285039499269
7.471967526383698 -2.0467833648398823
7.591991767616784 -1.5431402588088923
7.678108330631646 -1.0326051137790706
7.729932597952753 -0.5174581036424062
5.922464998346736 0.0
5.909239415155301 0.39557703550287543
5.869621734246087 0.7893873279374084
5.8037888977993735 1.1796720249386836
5.712034931243896 1.564688020306841
5.594769630067905 1.9427157391425116
5.452516729573039 2.3120668178857504
5.285911565745322 2.6710916449575515
5.0956982376904305 3.018186728325609
4.882726284306444 3.3518018570889883
4.647946890036904 3.670447025096326
4.392408636650184 3.9726990856750115
4.117252820018764 4.257208107749695
3.8237083528148093 4.522703404962176
3.5130862758878583 4.767999210865138
3.1867739028381217 4.991999974842957
2.846228623937175 5.1937052551066945
2.4929713970692124 5.372214186909991
2.128579954763924 5.52672950602971
1.7546817576600156 5.656561109541499
1.3729467258709178 5.761129137986973
0.9850797807161903 5.83996656516682
0.5928132301290315 5.8927212839931755
0.19789903174851403 5.9191576790853615
-0.19789903174851328 5.9191576790853615
-0.5928132301290309 5.8927212839931755
-0.9850797807161908 5.83996656516682
-1.3729467258709158 5.761129137986973
-1.7546817576600136 5.656561109541499
-2.128579954763925 5.52672950602971
-2.492971397069212 5.372214186909992
-2.8462286239371744 5.193705255106695
-3.1867739028381212 4.991999974842957
-3.513086275887858 4.767999210865138
-3.8237083528148093 4.522703404962176
-4.117252820018764 4.257208107749695
-4.392408636650184 3.9726990856750115
-4.647946890036904 3.670447025096326
-4.882726284306442 3.3518018570889896
-5.095698237690429 3.018186728325611
-5.285911565745321 2.6710916449575532
-5.452516729573038 2.312066817885752
-5.594769630067906 1.9427157391425107
-5.712034931243895 1.5646880203068423
-5.8037888977993735 1.1796720249386847
-5.869621734246087 0.7893873279374096
-5.909239415155301 0.3955770355028763
-5.922464998346736 -1.904810021151698e-15
-5.909239415155301 -0.3955770355028749
-5.869621734246087 -0.7893873279374055
-5.8037888977993735 -1.1796720249386834
-5.712034931243896 -1.564688020306841
-5.594769630067905 -1.9427157391425116
-5.452516729573039 -2.312066817885751
-5.285911565745323 -2.6710916449575497
-5.0956982376904305 -3.0181867283256096
-4.882726284306445 -3.3518018570889865
-4.647946890036905 -3.670447025096325
-4.392408636650184 -3.9726990856750124
-4.117252820018765 -4.257208107749694
-3.82370835281481 -4.522703404962175
-3.5130862758878565 -4.767999210865139
-3.1867739028381226 -4.991999974842957
-2.846228623937173 -5.193705255106695
-2.4929713970692133 -5.372214186909991
-2.1285799547639273 -5.52672950602971
-1.7546817576600149 -5.656561109541499
-1.3729467258709196 -5.761129137986973
-0.985079780716191 -5.83996656516682
-0.5928132301290336 -5.8927212839931755
-0.19789903174851345 -5.9191576790853615
0.19789903174851126 -5.9191576790853615
0.5928132301290314 -5.8927212839931755
0.9850797807161888 -5.83996656516682
1.3729467258709176 -5.761129137986973
1.7546817576600129 -5.6565611095415
2.1285799547639206 -5.526729506029713
2.492971397069211 -5.372214186909992
2.8462286239371712 -5.193705255106697
3.1867739028381203 -4.991999974842957
3.513086275887855 -4.767999210865141
3.823708352814809 -4.522703404962176
4.117252820018761 -4.2572081077496975
4.392408636650184 -3.9726990856750115
4.647946890036906 -3.670447025096325
4.882726284306444 -3.3518018570889883
5.095698237690429 -3.018186728325612
5.2859115657453195 -2.6710916449575564
5.452516729573038 -2.312066817885753
5.594769630067905 -1.9427157391425114
5.712034931243895 -1.564688020306843
5.8037888977993735 -1.179672024938683
5.869621734246087 -0.7893873279374103
5.909239415155301 -0.3955770355028797
6.13173852632278 0.0
6.118045609942413 0.4095549656095288
6.077028016689875 0.8172807593216648
6.0088689410938 1.2213563787647472
5.9138727981316705 1.6199771241314938
5.79246386363862 2.011362658406439
5.64518437938856 2.393764958783226
5.472692131310792 2.7654761237588015
5.27575751165836 3.124836001036127
5.055260078249239 3.4702396021673434
4.812184626147601 3.8001442708217987
4.547616789329995 4.113076572663706
4.262738191980467 4.407638876067566
3.958821171070114 4.682515594280292
3.6372230937913 4.9364790611510045
3.299380295226273 5.168395014186092
2.946801663326012 5.377227660440844
2.5810618998503485 5.562044302622191
2.2037944873676434 5.722019504741228
1.816684393725104 5.856438778710721
1.4214605465733403 5.964701775422346
1.0198881115557805 6.0463249660515475
0.6137606086504088 6.100943801614643
0.20489190187414852 6.128314341133087
-0.20489190187414774 6.128314341133087
-0.6137606086504082 6.100943801614643
-1.019888111555781 6.0463249660515475
-1.421460546573338 5.964701775422346
-1.816684393725102 5.856438778710721
-2.203794487367644 5.722019504741228
-2.5810618998503476 5.5620443026221915
-2.9468016633260112 5.377227660440845
-3.299380295226272 5.168395014186093
-3.6372230937912993 4.936479061151005
-3.958821171070114 4.682515594280292
-4.262738191980467 4.407638876067566
-4.547616789329995 4.113076572663706
-4.812184626147601 3.8001442708217987
-5.055260078249238 3.4702396021673447
-5.275757511658359 3.1248360010361287
-5.472692131310791 2.7654761237588037
-5.645184379388559 2.393764958783228
-5.79246386363862 2.011362658406438
-5.91387279813167 1.6199771241314953
-6.0088689410938 1.2213563787647483
-6.077028016689874 0.817280759321666
-6.118045609942413 0.40955496560952975
-6.13173852632278 -1.972117521214901e-15
-6.118045609942413 -0.40955496560952825
-6.077028016689875 -0.8172807593216617
-6.0088689410938 -1.221356378764747
-5.9138727981316705 -1.6199771241314938
-5.79246386363862 -2.011362658406439
-5.64518437938856 -2.3937649587832266
-5.472692131310793 -2.7654761237587997
-5.27575751165836 -3.1248360010361274
-5.0552600782492405 -3.470239602167341
-4.812184626147602 -3.8001442708217974
-4.547616789329994 -4.113076572663707
-4.262738191980468 -4.4076388760675655
-3.9588211710701144 -4.682515594280291
-3.637223093791298 -4.936479061151006
-3.2993802952262734 -5.168395014186092
-2.94680166332601 -5.377227660440845
-2.5810618998503494 -5.562044302622191
-2.203794487367647 -5.722019504741227
-1.8166843937251034 -5.856438778710721
-1.4214605465733423 -5.964701775422346
-1.0198881115557812 -6.0463249660515475
-0.6137606086504109 -6.100943801614643
-0.2048919018741479 -6.128314341133087
0.20489190187414566 -6.128314341133087
0.6137606086504087 -6.100943801614643
1.019888111555779 -6.0463249660515475
1.42146054657334 -5.964701775422346
1.8166843937251014 -5.8564387787107215
2.2037944873676394 -5.72201950474123
2.581061899850347 -5.5620443026221915
2.946801663326008 -5.377227660440846
3.2993802952262716 -5.168395014186093
3.6372230937912966 -4.936479061151007
3.958821171070113 -4.682515594280292
4.262738191980464 -4.407638876067569
4.547616789329994 -4.113076572663706
4.8121846261476025 -3.8001442708217974
5.055260078249239 -3.4702396021673434
5.275757511658359 -3.1248360010361296
5.472692131310789 -2.765476123758807
5.645184379388559 -2.3937649587832284
5.79246386363862 -2.0113626584064384
5.91387279813167 -1.619977124131496
6.0088689410938 -1.2213563787647466
6.077028016689874 -0.8172807593216667
6.118045609942413 -0.40955496560953325
7.466063216927423 0.0
7.449390591556813 0.49867802596615735
7.399447179437227 0.995128834812417
7.316456039971142 1.487135156711204
7.200787831733816 1.9724995719925666
7.052959157022125 2.449054325353854
6.8736302545832855 2.914671007581127
6.663602050828343 3.3672700615413893
6.423812582700391 3.8048300699895634
6.155332808173867 4.225396783708611
5.859361823096264 4.627091849660939
5.537221505734987 5.008121200169044
5.190350612948125 5.366783065657273
4.820298354347053 5.7014755751678665
4.428717473150238 6.010703910705503
4.017356864630808 6.2930869834573535
3.58805376512572 6.547363602070974
3.1427255464922754 6.772398105441047
2.6833611526599612 6.967185434847565
2.212012216524039 7.130855622792056
1.7307838968549818 7.262677678483614
1.2418254761483851 7.362062852621234
0.7473207614075917 7.428567266891095
0.2494783307314752 7.461893896434878
-0.2494783307314743 7.461893896434878
-0.7473207614075909 7.428567266891095
-1.2418254761483858 7.362062852621234
-1.7307838968549794 7.262677678483614
-2.212012216524036 7.130855622792056
-2.683361152659962 6.967185434847565
-3.1427255464922745 6.772398105441048
-3.588053765125719 6.547363602070975
-4.017356864630807 6.293086983457354
-4.428717473150237 6.010703910705504
-4.820298354347053 5.7014755751678665
-5.190350612948125 5.366783065657273
-5.537221505734987 5.008121200169044
-5.859361823096264 4.627091849660939
-6.155332808173865 4.225396783708613
-6.423812582700389 3.804830069989566
-6.6636020508283424 3.367270061541392
-6.873630254583285 2.914671007581129
-7.0529591570221255 2.4490543253538526
-7.200787831733815 1.9724995719925684
-7.316456039971141 1.4871351567112057
-7.399447179437227 0.9951288348124184
-7.449390591556813 0.4986780259661585
-7.466063216927423 -2.40126907261172e-15
-7.449390591556813 -0.4986780259661566
-7.399447179437227 -0.9951288348124132
-7.316456039971142 -1.4871351567112039
-7.200787831733816 -1.9724995719925666
-7.052959157022125 -2.449054325353854
-6.8736302545832855 -2.9146710075811275
-6.663602050828345 -3.3672700615413875
-6.423812582700391 -3.8048300699895643
-6.155332808173869 -4.225396783708609
-5.859361823096265 -4.627091849660937
-5.537221505734986 -5.008121200169045
-5.190350612948126 -5.366783065657272
-4.820298354347054 -5.701475575167865
-4.428717473150235 -6.010703910705505
-4.017356864630809 -6.2930869834573535
-3.5880537651257174 -6.547363602070975
-3.142725546492276 -6.772398105441047
-2.683361152659965 -6.967185434847565
-2.212012216524038 -7.130855622792056
-1.7307838968549842 -7.262677678483614
-1.241825476148386 -7.362062852621234
-0.7473207614075943 -7.428567266891095
-0.2494783307314745 -7.461893896434878
0.24947833073147174 -7.461893896434878
0.7473207614075916 -7.428567266891095
1.2418254761483833 -7.362062852621234
1.7307838968549816 -7.262677678483614
2.2120122165240352 -7.1308556227920565
2.683361152659957 -6.9671854348475675
3.1427255464922736 -6.772398105441048
3.588053765125715 -6.547363602070977
4.017356864630806 -6.293086983457354
4.4287174731502335 -6.010703910705506
4.820298354347052 -5.7014755751678665
5.190350612948121 -5.366783065657277
5.537221505734986 -5.008121200169044
5.859361823096266 -4.627091849660937
6.155332808173867 -4.225396783708611
6.423812582700389 -3.804830069989567
6.66360205082834 -3.3672700615413955
6.873630254583285 -2.9146710075811297
7.052959157022125 -2.4490543253538535
7.200787831733815 -1.972499571992569
7.316456039971142 -1.4871351567112034
7.399447179437227 -0.9951288348124193
7.449390591556813 -0.49867802596616273
-2.073072430205509 -0.0
-2.068443007845865 -0.13846596755782561
-2.0545754168910015 -0.2763135124914129
-2.031531593368531 -0.41292697420208774
-1.9994144565882788 -0.5476962038064279
-1.9583674494796586 -0.680019289209292
-1.9085738979407305 -0.8093052433893533
-1.8502561920602356 -0.9349766438906004
-1.783674792869475 -1.0564722117311984
-1.7091270690601146 -1.1732493182116732
-1.6269459688634231 -1.2847864084264091
-1.5374985330226443 -1.3905853306544664
-1.4411842554999381 -1.4901735612260953
-1.338433299239368 -1.5831063149281526
-1.229704574954768 -1.6689685315228349
-1.115483691523092 -1.7473767295074607
-0.9962807871372875 -1.817980718835951
-0.872628250905287 -1.8804651649525852
-0.7450783450710121 -1.9345509971526766
-0.6142007384771304 -1.979996654980084
-0.48057996228571137 -2.016599167094849
-0.34481279932016295 -2.044195057792472
-0.20750561868827094 -2.0626610771260925
-0.06927166759056128 -2.071914751370673
0.06927166759056101 -2.071914751370673
0.20750561868827072 -2.0626610771260925
0.3448127993201632 -2.044195057792472
0.4805799622857107 -2.016599167094849
0.6142007384771297 -1.979996654980084
0.7450783450710123 -1.9345509971526766
0.8726282509052867 -1.8804651649525854
0.9962807871372873 -1.8179807188359511
1.1154836915230917 -1.747376729507461
1.2297045749547677 -1.668968531522835
1.338433299239368 -1.5831063149281526
1.4411842554999381 -1.4901735612260953
1.5374985330226443 -1.3905853306544664
1.6269459688634231 -1.2847864084264091
1.7091270690601141 -1.1732493182116739
1.7836747928694743 -1.056472211731199
1.8502561920602354 -0.9349766438906011
1.9085738979407303 -0.8093052433893538
1.9583674494796588 -0.6800192892092917
1.9994144565882785 -0.5476962038064284
2.031531593368531 -0.4129269742020882
2.054575416891001 -0.2763135124914133
2.068443007845865 -0.13846596755782592
2.073072430205509 6.667509458867335e-16
2.068443007845865 0.13846596755782542
2.0545754168910015 0.27631351249141184
2.031531593368531 0.4129269742020877
1.9994144565882788 0.5476962038064279
1.9583674494796586 0.680019289209292
1.9085738979407305 0.8093052433893534
1.850256192060236 0.9349766438905998
1.783674792869475 1.0564722117311987
1.709127069060115 1.1732493182116726
1.6269459688634234 1.2847864084264087
1.537498533022644 1.3905853306544667
1.4411842554999383 1.4901735612260951
1.3384332992393682 1.5831063149281521
1.2297045749547673 1.6689685315228353
1.1154836915230921 1.7473767295074607
0.9962807871372868 1.8179807188359511
0.8726282509052872 1.8804651649525852
0.7450783450710132 1.9345509971526764
0.6142007384771302 1.979996654980084
0.48057996228571204 2.016599167094849
0.34481279932016323 2.044195057792472
0.20750561868827166 2.0626610771260925
0.06927166759056107 2.071914751370673
-0.06927166759056032 2.071914751370673
-0.20750561868827092 2.0626610771260925
-0.34481279932016246 2.044195057792472
-0.4805799622857113 2.016599167094849
-0.6142007384771295 1.9799966549800843
-0.7450783450710109 1.9345509971526773
-0.8726282509052865 1.8804651649525854
-0.9962807871372863 1.8179807188359516
-1.1154836915230915 1.747376729507461
-1.2297045749547668 1.6689685315228358
-1.3384332992393677 1.5831063149281526
-1.4411842554999372 1.4901735612260962
-1.537498533022644 1.3905853306544664
-1.6269459688634236 1.2847864084264087
-1.7091270690601146 1.1732493182116732
-1.7836747928694743 1.0564722117311993
-1.8502561920602347 0.9349766438906021
-1.9085738979407303 0.8093052433893541
-1.9583674494796586 0.6800192892092919
-1.9994144565882785 0.5476962038064286
-2.031531593368531 0.4129269742020875
-2.054575416891001 0.2763135124914135
-2.068443007845865 0.1384659675578271
6.031885664401658 0.0
6.018415731581786 0.4028855299748291
5.978066093112022 0.80397167537084
5.911016960272795 1.201467088097551
5.817567790767788 1.5935964571482448
5.698135951273142 1.9786084375698887
5.553254853376562 2.3547834723948387
5.383571571231674 2.720441472599687
5.189843951567782 3.0739493207906903
4.972937228962398 3.41372816510249
4.733820161493589 3.7382604707338203
4.473560704031219 4.0460967976263165
4.1933212384912615 4.335862274015671
3.894353382355982 4.60626273694269
3.5779923986464333 4.856090512299228
3.245651232313658 5.084229808593929
2.8988141996835455 5.289661700347885
2.5390303591397916 5.471468678863171
2.167906592653121 5.628838750039422
1.7871004290563306 5.7610690609366
1.3983126411181428 5.86756903888684
1.0032796494791618 5.947863029135355
0.6037657673757685 6.001592419230032
0.2015553207889037 6.028517240671699
-0.20155532078890295 6.028517240671699
-0.6037657673757678 6.001592419230032
-1.0032796494791623 5.947863029135355
-1.3983126411181408 5.86756903888684
-1.7871004290563286 5.7610690609366
-2.1679065926531216 5.628838750039422
-2.5390303591397907 5.471468678863172
-2.8988141996835446 5.289661700347886
-3.2456512323136573 5.08422980859393
-3.577992398646433 4.856090512299228
-3.894353382355982 4.60626273694269
-4.1933212384912615 4.335862274015671
-4.473560704031219 4.0460967976263165
-4.733820161493589 3.7382604707338203
-4.972937228962397 3.4137281651024916
-5.189843951567781 3.073949320790692
-5.383571571231673 2.7204414725996893
-5.553254853376561 2.3547834723948404
-5.698135951273143 1.9786084375698876
-5.817567790767787 1.5935964571482462
-5.911016960272794 1.2014670880975522
-5.978066093112021 0.8039716753708412
-6.018415731581786 0.40288552997483
-6.031885664401658 -1.940002391436823e-15
-6.018415731581786 -0.4028855299748285
-5.978066093112022 -0.803971675370837
-5.911016960272795 -1.2014670880975509
-5.817567790767788 -1.5935964571482448
-5.698135951273142 -1.9786084375698887
-5.553254853376562 -2.354783472394839
-5.383571571231675 -2.7204414725996853
-5.189843951567782 -3.0739493207906907
-4.9729372289624 -3.413728165102488
-4.73382016149359 -3.738260470733819
-4.473560704031219 -4.046096797626317
-4.193321238491262 -4.33586227401567
-3.8943533823559826 -4.606262736942688
-3.5779923986464315 -4.856090512299229
-3.2456512323136586 -5.084229808593929
-2.8988141996835433 -5.289661700347886
-2.539030359139792 -5.471468678863171
-2.1679065926531242 -5.628838750039422
-1.78710042905633 -5.7610690609366
-1.3983126411181448 -5.86756903888684
-1.0032796494791625 -5.947863029135355
-0.6037657673757706 -6.001592419230032
-0.20155532078890312 -6.028517240671699
0.2015553207889009 -6.028517240671699
0.6037657673757684 -6.001592419230032
1.0032796494791603 -5.947863029135355
1.3983126411181428 -5.86756903888684
1.787100429056328 -5.761069060936601
2.1679065926531176 -5.628838750039424
2.5390303591397902 -5.471468678863172
2.898814199683542 -5.289661700347887
3.245651232313657 -5.08422980859393
3.5779923986464297 -4.856090512299231
3.8943533823559813 -4.60626273694269
4.193321238491259 -4.335862274015674
4.473560704031219 -4.0460967976263165
4.733820161493591 -3.738260470733819
4.972937228962398 -3.41372816510249
5.189843951567781 -3.073949320790693
5.383571571231672 -2.7204414725996924
5.553254853376561 -2.354783472394841
5.698135951273142 -1.9786084375698882
5.817567790767787 -1.5935964571482468
5.911016960272795 -1.2014670880975504
5.978066093112021 -0.8039716753708419
6.018415731581786 -0.40288552997483346
6.546343414248496 0.0
6.531724634829957 0.43724751803768835
6.487933587591987 0.8725421825163703
6.415165853981987 1.3039398617950964
6.3137464323628985 1.7295138291148278
6.1841282864916085 2.1473633678278623
6.026890322472864 2.5556222604597885
5.842734803224068 2.952467123689757
5.632484211998619 3.336125552023028
5.397077578976036 3.704884033784164
5.137566287325231 4.057095604076136
4.855109377472037 4.39118720052536
4.550968370543319 4.705666688960125
4.226501634107372 4.999129527644025
3.883158315374619 5.270265040300308
3.5224718689543786 5.517862269910305
3.146053208074331 5.740815387141436
2.755583509850986 5.938128629249452
2.3528067067445715 6.108920747396582
1.9395216977333187 6.252428942522764
1.5175743139939315 6.368012272191418
1.0888490749714757 6.455154513193966
0.6552607716580652 6.513466467127986
0.21874591467145582 6.542687698651771
-0.21874591467145502 6.542687698651771
-0.6552607716580645 6.513466467127986
-1.088849074971476 6.455154513193966
-1.5175743139939293 6.368012272191418
-1.9395216977333167 6.252428942522764
-2.3528067067445724 6.108920747396582
-2.7555835098509855 5.938128629249452
-3.14605320807433 5.740815387141437
-3.5224718689543777 5.517862269910306
-3.8831583153746183 5.270265040300309
-4.226501634107372 4.999129527644025
-4.550968370543319 4.705666688960125
-4.855109377472037 4.39118720052536
-5.137566287325231 4.057095604076136
-5.3970775789760355 3.704884033784166
-5.632484211998618 3.3361255520230304
-5.842734803224067 2.9524671236897593
-6.026890322472863 2.5556222604597902
-6.184128286491609 2.147363367827861
-6.313746432362898 1.7295138291148293
-6.415165853981987 1.3039398617950977
-6.487933587591987 0.8725421825163715
-6.531724634829957 0.43724751803768935
-6.546343414248496 -2.1054646234028983e-15
-6.531724634829957 -0.4372475180376877
-6.487933587591987 -0.872542182516367
-6.415165853981987 -1.3039398617950964
-6.3137464323628985 -1.7295138291148278
-6.1841282864916085 -2.1473633678278623
-6.026890322472864 -2.5556222604597885
-5.84273480322407 -2.9524671236897553
-5.632484211998619 -3.336125552023029
-5.397077578976038 -3.704884033784162
-5.137566287325232 -4.057095604076134
-4.855109377472036 -4.391187200525361
-4.55096837054332 -4.705666688960124
-4.226501634107373 -4.999129527644024
-3.883158315374617 -5.270265040300309
-3.522471868954379 -5.517862269910305
-3.1460532080743286 -5.740815387141437
-2.755583509850987 -5.938128629249452
-2.352806706744575 -6.108920747396581
-1.939521697733318 -6.252428942522764
-1.5175743139939335 -6.368012272191417
-1.0888490749714763 -6.455154513193966
-0.6552607716580675 -6.513466467127986
-0.21874591467145518 -6.542687698651771
0.2187459146714528 -6.542687698651771
0.6552607716580651 -6.513466467127986
1.088849074971474 -6.455154513193966
1.5175743139939313 -6.368012272191418
1.9395216977333158 -6.252428942522765
2.3528067067445675 -6.108920747396585
2.7555835098509847 -5.938128629249452
3.146053208074327 -5.740815387141438
3.522471868954377 -5.517862269910306
3.8831583153746156 -5.270265040300311
4.226501634107371 -4.999129527644025
4.550968370543315 -4.705666688960128
4.855109377472036 -4.39118720052536
5.137566287325232 -4.057095604076134
5.397077578976036 -3.704884033784164
5.632484211998618 -3.3361255520230313
5.842734803224065 -2.9524671236897624
6.026890322472863 -2.5556222604597907
6.1841282864916085 -2.147363367827862
6.313746432362898 -1.72951382911483
6.415165853981987 -1.3039398617950957
6.487933587591987 -0.8725421825163723
6.531724634829957 -0.4372475180376931
6.927514179623101 0.0
6.9120441996201745 0.46270691736370195
6.865703352297485 0.9233472733106443
6.788698607128586 1.3798637361890203
6.681373885998588 1.830217392654557
6.544208527165531 2.2723968539524666
6.377815144419361 2.7044272392678947
6.18293689100003 3.1243789960230504
5.960444140494725 3.530376517727426
5.7113305995381385 3.920606520891691
5.436708869677417 4.293326143591939
5.137805478223556 4.646870729514125
4.815955400282691 4.979661262713268
4.472596096433202 5.29021141988197
4.10926109267782 5.577134208631115
3.7275731313442297 5.839148162134585
3.32923692352391 6.075083062471177
2.916031535418572 6.2838851671019205
2.489802442598628 6.464621915140051
2.0524532876613018 6.616486092394319
1.6059373781006612 6.738799436583515
1.1522489623621912 6.831015666620475
0.6934143230451232 6.892722922436024
0.231482727032446 6.9236456044460235
-0.23148272703244513 6.9236456044460235
-0.6934143230451224 6.892722922436024
-1.1522489623621919 6.831015666620475
-1.6059373781006587 6.738799436583515
-2.052453287661299 6.616486092394319
-2.489802442598629 6.464621915140051
-2.916031535418571 6.2838851671019205
-3.329236923523909 6.075083062471178
-3.727573131344229 5.8391481621345855
-4.109261092677819 5.577134208631116
-4.472596096433202 5.29021141988197
-4.815955400282691 4.979661262713268
-5.137805478223556 4.646870729514125
-5.436708869677417 4.293326143591939
-5.711330599538138 3.9206065208916923
-5.960444140494723 3.530376517727428
-6.182936891000029 3.1243789960230526
-6.37781514441936 2.7044272392678965
-6.544208527165532 2.2723968539524657
-6.681373885998587 1.8302173926545586
-6.788698607128586 1.3798637361890216
-6.865703352297484 0.9233472733106456
-6.9120441996201745 0.462706917363703
-6.927514179623101 -2.2280584916415943e-15
-6.9120441996201745 -0.4627069173637013
-6.865703352297485 -0.9233472733106408
-6.788698607128586 -1.37986373618902
-6.681373885998588 -1.830217392654557
-6.544208527165531 -2.2723968539524666
-6.377815144419361 -2.704427239267895
-6.182936891000032 -3.124378996023048
-5.960444140494725 -3.5303765177274267
-5.71133059953814 -3.9206065208916887
-5.4367088696774175 -4.293326143591937
-5.137805478223555 -4.646870729514126
-4.815955400282692 -4.979661262713267
-4.472596096433203 -5.2902114198819685
-4.1092610926778175 -5.577134208631116
-3.72757313134423 -5.839148162134585
-3.3292369235239074 -6.075083062471178
-2.916031535418573 -6.2838851671019205
-2.489802442598632 -6.46462191514005
-2.052453287661301 -6.616486092394319
-1.6059373781006634 -6.738799436583514
-1.152248962362192 -6.831015666620475
-0.6934143230451256 -6.892722922436024
-0.23148272703244532 -6.9236456044460235
0.23148272703244277 -6.9236456044460235
0.6934143230451231 -6.892722922436024
1.1522489623621897 -6.831015666620475
1.605937378100661 -6.738799436583515
2.0524532876612986 -6.61648609239432
2.489802442598624 -6.464621915140054
2.91603153541857 -6.2838851671019205
3.3292369235239057 -6.07508306247118
3.727573131344228 -5.8391481621345855
4.109261092677817 -5.577134208631118
4.472596096433201 -5.29021141988197
4.8159554002826885 -4.979661262713272
5.137805478223555 -4.646870729514125
5.436708869677418 -4.293326143591937
5.7113305995381385 -3.920606520891691
5.960444140494723 -3.530376517727429
6.182936891000027 -3.124378996023056
6.37781514441936 -2.7044272392678974
6.544208527165531 -2.272396853952466
6.681373885998587 -1.8302173926545595
6.788698607128586 -1.3798637361890194
6.865703352297484 -0.9233472733106464
6.9120441996201745 -0.46270691736370695
6.617294941172045 0.0
6.602517718382014 0.4419865573891501
6.558252048676124 0.8819990955191308
6.484695633280938 1.318072411579985
6.382176993003702 1.7482588962837762
6.251154000978673 2.17063723236046
6.092211837694549 2.583320975627216
5.906060377436355 2.9844669803061117
5.693531017814559 3.3722836309605775
5.455572966541518 3.745038844284866
5.193249002039415 4.101067805008565
4.907730726813825 4.438780401365739
4.600293334792523 4.756668326920075
4.2723099159998394 5.0533118170275815
3.925245324003288 5.327385989850131
3.5606496335219364 5.577666763599385
3.1801512174164253 5.803036323583195
2.785449473980478 6.002488114637381
2.378307237015585 6.175131336645435
1.960542902587316 6.320194923068089
1.5340223076270592 6.437030984713659
1.1006503966513572 6.5251177033684495
0.6623627138172636 6.584061662363572
0.22111675831226563 6.613599603669292
-0.22111675831226482 6.613599603669292
-0.662362713817263 6.584061662363572
-1.1006503966513577 6.5251177033684495
-1.534022307627057 6.437030984713659
-1.9605429025873138 6.320194923068089
-2.3783072370155858 6.175131336645435
-2.7854494739804774 6.002488114637382
-3.180151217416425 5.803036323583196
-3.5606496335219355 5.577666763599386
-3.9252453240032876 5.327385989850132
-4.2723099159998394 5.0533118170275815
-4.600293334792523 4.756668326920075
-4.907730726813825 4.438780401365739
-5.193249002039415 4.101067805008565
-5.455572966541516 3.7450388442848674
-5.693531017814558 3.3722836309605797
-5.906060377436354 2.984466980306114
-6.092211837694548 2.5833209756272177
-6.251154000978674 2.1706372323604586
-6.382176993003701 1.7482588962837777
-6.484695633280937 1.3180724115799862
-6.558252048676124 0.8819990955191321
-6.602517718382014 0.4419865573891511
-6.617294941172045 -2.1282843748978787e-15
-6.602517718382014 -0.44198655738914944
-6.558252048676124 -0.8819990955191275
-6.484695633280938 -1.3180724115799847
-6.382176993003702 -1.7482588962837762
-6.251154000978673 -2.17063723236046
-6.092211837694549 -2.5833209756272164
-5.906060377436357 -2.9844669803061095
-5.693531017814559 -3.3722836309605784
-5.45557296654152 -3.745038844284864
-5.1932490020394155 -4.101067805008563
-4.907730726813824 -4.43878040136574
-4.600293334792524 -4.7566683269200745
-4.27230991599984 -5.05331181702758
-3.925245324003286 -5.327385989850133
-3.560649633521937 -5.577666763599385
-3.180151217416423 -5.803036323583196
-2.7854494739804787 -6.002488114637381
-2.378307237015589 -6.175131336645434
-1.9605429025873153 -6.320194923068089
-1.5340223076270614 -6.437030984713658
-1.1006503966513579 -6.5251177033684495
-0.662362713817266 -6.584061662363572
-0.221116758312265 -6.613599603669292
0.22111675831226255 -6.613599603669292
0.6623627138172636 -6.584061662363572
1.1006503966513554 -6.5251177033684495
1.534022307627059 -6.437030984713659
1.9605429025873131 -6.32019492306809
2.378307237015581 -6.175131336645437
2.7854494739804765 -6.002488114637382
3.1801512174164213 -5.803036323583198
3.5606496335219346 -5.577666763599386
3.9252453240032845 -5.327385989850135
4.272309915999839 -5.0533118170275815
4.600293334792521 -4.756668326920078
4.907730726813824 -4.438780401365739
5.1932490020394155 -4.101067805008563
5.455572966541518 -3.745038844284866
5.693531017814558 -3.37228363096058
5.9060603774363525 -2.984466980306117
6.092211837694548 -2.583320975627218
6.251154000978673 -2.1706372323604595
6.382176993003701 -1.7482588962837784
6.484695633280938 -1.3180724115799842
6.558252048676124 -0.8819990955191328
6.602517718382014 -0.4419865573891549
7.945003948460468 0.0
7.927261790304029 0.5306677388330646
7.874114556620011 1.058965386722947
7.785799615855735 1.5825334381279657
7.6627114039754325 2.0990335110324674
7.5053996628134785 2.60615879072856
7.31456698479391 3.1016443326105865
7.091065674982097 3.583277177967555
6.83589394448343 4.048906237593951
6.550191452190195 4.496451899076308
6.23523421478831 4.923915314847082
5.8924289077570435 5.32938732952312
5.523306582814851 5.711057006657048
5.129515829870734 6.0672197168190625
4.712815414021501 6.396284750885766
4.275066420479896 6.696782424533265
3.818223942516265 6.967370642204129
3.3443283495373906 7.206840891231951
2.855496174301422 7.414123639352285
2.3539106599687822 7.588293111493373
1.8418120092082124 7.728571424512349
1.3214873789078487 7.834332061410194
0.7952606651773435 7.905102669508734
0.26548212426369083 7.940567170092377
-0.26548212426368983 7.940567170092377
-0.7952606651773426 7.905102669508734
-1.3214873789078494 7.834332061410194
-1.8418120092082098 7.728571424512349
-2.3539106599687796 7.588293111493373
-2.855496174301423 7.414123639352285
-3.3443283495373897 7.206840891231952
-3.8182239425162643 6.96737064220413
-4.275066420479895 6.696782424533266
-4.7128154140215 6.3962847508857665
-5.129515829870734 6.0672197168190625
-5.523306582814851 5.711057006657048
-5.8924289077570435 5.32938732952312
-6.23523421478831 4.923915314847082
-6.550191452190194 4.49645189907631
-6.835893944483428 4.048906237593954
-7.091065674982096 3.583277177967558
-7.314566984793909 3.1016443326105887
-7.505399662813479 2.606158790728559
-7.662711403975432 2.099033511032469
-7.785799615855734 1.5825334381279672
-7.87411455662001 1.0589653867229485
-7.927261790304029 0.5306677388330658
-7.945003948460468 -2.5553081602579177e-15
-7.927261790304029 -0.5306677388330638
-7.874114556620011 -1.058965386722943
-7.785799615855735 -1.5825334381279654
-7.6627114039754325 -2.0990335110324674
-7.5053996628134785 -2.60615879072856
-7.31456698479391 -3.101644332610587
-7.091065674982099 -3.583277177967553
-6.83589394448343 -4.048906237593952
-6.550191452190197 -4.496451899076305
-6.235234214788311 -4.92391531484708
-5.892428907757043 -5.329387329523121
-5.523306582814852 -5.711057006657047
-5.129515829870735 -6.067219716819061
-4.712815414021498 -6.396284750885767
-4.275066420479897 -6.696782424533265
-3.8182239425162625 -6.96737064220413
-3.3443283495373914 -7.206840891231951
-2.8554961743014267 -7.414123639352284
-2.3539106599687813 -7.588293111493373
-1.841812009208215 -7.7285714245123485
-1.3214873789078496 -7.834332061410194
-0.7952606651773463 -7.905102669508734
-0.26548212426369006 -7.940567170092377
0.2654821242636871 -7.940567170092377
0.7952606651773434 -7.905102669508734
1.3214873789078467 -7.834332061410194
1.8418120092082122 -7.728571424512349
2.3539106599687787 -7.588293111493374
2.8554961743014173 -7.414123639352288
3.344328349537389 -7.206840891231952
3.8182239425162603 -6.9673706422041315
4.275066420479894 -6.696782424533266
4.712815414021496 -6.396284750885769
5.1295158298707335 -6.0672197168190625
5.523306582814848 -5.711057006657051
5.892428907757043 -5.32938732952312
6.235234214788312 -4.92391531484708
6.550191452190195 -4.496451899076308
6.835893944483428 -4.048906237593955
7.091065674982094 -3.583277177967562
7.314566984793909 -3.1016443326105896
7.5053996628134785 -2.6061587907285597
7.662711403975432 -2.09903351103247
7.785799615855735 -1.5825334381279648
7.87411455662001 -1.0589653867229494
7.927261790304029 -0.5306677388330704
7.5682698666540675 0.0
7.551369001429096 0.505504677287665
7.500741889121026 1.0087516479734357
7.416614642703342 1.5074932889211687
7.299362994880745 1.9995020988910153
7.149510619975683 2.482580647100695
6.967726795071698 2.9545713874848007
6.754823410859507 3.4133662948192818
6.5117513455360845 3.8569162796738246
6.239596217951806 4.283240340142671
5.939573538973126 4.690434409480026
5.613023282715976 5.076679860124365
5.261403901896083 5.4402516261306015
4.88628581402509 5.779525907733363
4.489344387544731 6.092987423630923
4.072352459224666 6.3792361785993466
3.6371724162431014 6.636993716211
3.1857478783135567 6.865108828731315
2.7200950170073983 7.06256269869199
2.2422935510421746 7.228473449177126
1.7544774577529532 7.362100082499607
1.258825442231522 7.462845789676656
0.7575512067005622 7.530260615923628
0.2528935635821225 7.564043470261307
-0.25289356358212156 7.564043470261307
-0.7575512067005613 7.530260615923628
-1.2588254422315226 7.462845789676656
-1.7544774577529507 7.362100082499607
-2.2422935510421724 7.228473449177126
-2.720095017007399 7.06256269869199
-3.1857478783135558 6.865108828731316
-3.6371724162431005 6.636993716211001
-4.072352459224665 6.379236178599347
-4.4893443875447305 6.092987423630924
-4.88628581402509 5.779525907733363
-5.261403901896083 5.4402516261306015
-5.613023282715976 5.076679860124365
-5.939573538973126 4.690434409480026
-6.239596217951804 4.283240340142672
-6.511751345536083 3.8569162796738268
-6.754823410859506 3.4133662948192844
-6.967726795071697 2.954571387484803
-7.1495106199756835 2.482580647100694
-7.299362994880744 1.999502098891017
-7.416614642703341 1.50749328892117
-7.500741889121025 1.0087516479734373
-7.551369001429096 0.5055046772876662
-7.5682698666540675 -2.4341412382863168e-15
-7.551369001429096 -0.5055046772876644
-7.500741889121026 -1.008751647973432
-7.416614642703342 -1.5074932889211685
-7.299362994880745 -1.9995020988910153
-7.149510619975683 -2.482580647100695
-6.967726795071698 -2.954571387484801
-6.754823410859508 -3.4133662948192796
-6.5117513455360845 -3.8569162796738254
-6.239596217951807 -4.283240340142668
-5.939573538973127 -4.690434409480024
-5.613023282715975 -5.076679860124366
-5.261403901896084 -5.440251626130601
-4.886285814025091 -5.779525907733361
-4.489344387544729 -6.092987423630925
-4.072352459224667 -6.3792361785993466
-3.6371724162430987 -6.636993716211001
-3.1857478783135575 -6.865108828731315
-2.7200950170074027 -7.062562698691989
-2.242293551042174 -7.228473449177126
-1.7544774577529558 -7.362100082499606
-1.2588254422315228 -7.462845789676656
-0.7575512067005647 -7.530260615923628
-0.2528935635821218 -7.564043470261307
0.252893563582119 -7.564043470261307
0.7575512067005621 -7.530260615923628
1.2588254422315202 -7.462845789676656
1.754477457752953 -7.362100082499607
2.2422935510421715 -7.228473449177127
2.720095017007394 -7.062562698691993
3.185747878313555 -6.865108828731316
3.637172416243097 -6.636993716211002
4.072352459224664 -6.379236178599347
4.489344387544728 -6.092987423630927
4.886285814025089 -5.779525907733363
5.261403901896079 -5.440251626130605
5.613023282715975 -5.076679860124365
5.939573538973128 -4.690434409480024
6.239596217951806 -4.283240340142671
6.511751345536083 -3.8569162796738277
6.754823410859504 -3.413366294819288
6.967726795071697 -2.954571387484804
7.149510619975683 -2.4825806471006944
7.299362994880744 -1.999502098891018
7.416614642703342 -1.5074932889211679
7.500741889121025 -1.008751647973438
7.551369001429096 -0.5055046772876706
8.046198383030077 0.0
8.028230245418582 0.5374267816383173
7.974406082648502 1.0724532848075012
7.884966286496783 1.602689951264739
7.760310316804877 2.1257686153407227
7.600994917394128 2.6393530807424117
7.407731629512705 3.141149554572796
7.181383613919664 3.6289168919668007
6.922961795799458 4.100476605588303
6.633620349724666 4.553722595283406
6.314651544832161 4.986630554434992
5.967479973235449 5.397267011007487
5.593656187450461 5.783797962902318
5.194849775251619 6.14449706905651
4.772841902887532 6.477753359700935
4.329517359960149 6.782078431342382
3.866856141496852 7.0561130943348624
3.3869246048120187 7.2986334433505275
2.891866240653637 7.508556323637962
2.3838920998532864 7.684944168654248
1.8652709182363767 7.827009187464741
1.3383189838972165 7.934116883208626
0.8053897920940981 8.005788886915921
0.26886353396813895 8.041705094019427
-0.26886353396813795 8.041705094019427
-0.8053897920940972 8.005788886915921
-1.3383189838972172 7.934116883208626
-1.865270918236374 7.827009187464741
-2.3838920998532838 7.684944168654248
-2.8918662406536377 7.508556323637962
-3.386924604812018 7.298633443350528
-3.866856141496851 7.056113094334863
-4.329517359960148 6.7820784313423825
-4.7728419028875315 6.477753359700936
-5.194849775251619 6.14449706905651
-5.593656187450461 5.783797962902318
-5.967479973235449 5.397267011007487
-6.314651544832161 4.986630554434992
-6.633620349724664 4.553722595283408
-6.9229617957994565 4.100476605588305
-7.181383613919663 3.6289168919668033
-7.407731629512704 3.1411495545727983
-7.600994917394129 2.6393530807424104
-7.760310316804876 2.1257686153407245
-7.884966286496782 1.6026899512647406
-7.9744060826485015 1.0724532848075028
-8.028230245418582 0.5374267816383185
-8.046198383030077 -2.5878547727084395e-15
-8.028230245418582 -0.5374267816383165
-7.974406082648502 -1.0724532848074972
-7.884966286496783 -1.6026899512647388
-7.760310316804877 -2.1257686153407227
-7.600994917394128 -2.6393530807424117
-7.407731629512705 -3.1411495545727965
-7.181383613919666 -3.6289168919667985
-6.922961795799458 -4.1004766055883035
-6.6336203497246675 -4.5537225952834035
-6.314651544832162 -4.98663055443499
-5.967479973235448 -5.397267011007488
-5.593656187450462 -5.783797962902317
-5.19484977525162 -6.144497069056508
-4.77284190288753 -6.4777533597009365
-4.32951735996015 -6.782078431342382
-3.866856141496849 -7.056113094334863
-3.3869246048120196 -7.2986334433505275
-2.8918662406536413 -7.508556323637961
-2.3838920998532855 -7.684944168654248
-1.8652709182363794 -7.82700918746474
-1.3383189838972174 -7.934116883208626
-0.8053897920941009 -8.005788886915921
-0.26886353396813817 -8.041705094019427
0.26886353396813517 -8.041705094019427
0.805389792094098 -8.005788886915921
1.3383189838972145 -7.934116883208626
1.8652709182363765 -7.827009187464741
2.383892099853283 -7.684944168654249
2.891866240653632 -7.508556323637965
3.386924604812017 -7.298633443350528
3.866856141496847 -7.056113094334865
4.329517359960147 -6.7820784313423825
4.772841902887528 -6.477753359700938
5.194849775251618 -6.14449706905651
5.593656187450457 -5.783797962902321
5.967479973235448 -5.397267011007487
6.314651544832163 -4.98663055443499
6.633620349724666 -4.553722595283406
6.9229617957994565 -4.100476605588306
7.18138361391966 -3.6289168919668073
7.407731629512704 -3.141149554572799
7.600994917394128 -2.6393530807424113
7.760310316804876 -2.1257686153407254
7.884966286496783 -1.6026899512647381
7.9744060826485015 -1.0724532848075037
8.028230245418582 -0.537426781638323
7.620306178359843 0.0
7.603289109734829 0.5089803195968758
7.552313906219225 1.0156874095295794
7.467608235446349 1.5178581929294537
7.3495504135044865 2.013249853174022
7.198667715285404 2.4996498508504774
7.015634019546679 2.9748858054938
6.801266799205587 3.43683519796527
6.556523470306606 3.883434850138188
6.282497115968945 4.3126901395522355
5.980411604411987 4.7226839078815805
5.651616122862718 5.111585023429364
5.297579151758055 5.477656559406367
4.919881906154734 5.819263551467699
4.5202112736390205 6.134880299860454
4.100352280277252 6.42309718356918
3.6621801182561042 6.682626956025519
3.2076517708190737 6.912310494263871
2.7387972719042497 7.111121975845937
2.2577106395199493 7.2781734604327495
1.766540523351954 7.412718855541778
1.2674806083724302 7.514157248777074
0.7627598173103189 7.5820355916499045
0.2546323557413352 7.616050723003282
-0.25463235574133425 7.616050723003282
-0.7627598173103181 7.5820355916499045
-1.2674806083724308 7.514157248777074
-1.7665405233519513 7.412718855541778
-2.2577106395199467 7.2781734604327495
-2.7387972719042506 7.111121975845937
-3.207651770819073 6.912310494263872
-3.6621801182561033 6.68262695602552
-4.100352280277251 6.423097183569181
-4.52021127363902 6.134880299860455
-4.919881906154734 5.819263551467699
-5.297579151758055 5.477656559406367
-5.651616122862718 5.111585023429364
-5.980411604411987 4.7226839078815805
-6.282497115968943 4.312690139552237
-6.556523470306605 3.8834348501381903
-6.801266799205586 3.436835197965272
-7.015634019546678 2.9748858054938023
-7.198667715285405 2.499649850850476
-7.349550413504486 2.013249853174024
-7.467608235446348 1.5178581929294552
-7.552313906219224 1.015687409529581
-7.603289109734829 0.5089803195968771
-7.620306178359843 -2.4508773925782548e-15
-7.603289109734829 -0.5089803195968752
-7.552313906219225 -1.0156874095295756
-7.467608235446349 -1.5178581929294535
-7.3495504135044865 -2.013249853174022
-7.198667715285404 -2.4996498508504774
-7.015634019546679 -2.9748858054938006
-6.801266799205589 -3.4368351979652676
-6.556523470306606 -3.883434850138189
-6.282497115968947 -4.312690139552233
-5.980411604411988 -4.722683907881579
-5.651616122862717 -5.111585023429365
-5.297579151758056 -5.477656559406366
-4.9198819061547345 -5.819263551467698
-4.520211273639018 -6.1348802998604555
-4.100352280277253 -6.42309718356918
-3.6621801182561016 -6.68262695602552
-3.2076517708190746 -6.912310494263871
-2.7387972719042537 -7.111121975845936
-2.2577106395199484 -7.2781734604327495
-1.7665405233519564 -7.412718855541777
-1.267480608372431 -7.514157248777074
-0.7627598173103215 -7.5820355916499045
-0.2546323557413344 -7.616050723003282
0.25463235574133164 -7.616050723003282
0.7627598173103188 -7.5820355916499045
1.2674806083724282 -7.514157248777074
1.7665405233519538 -7.412718855541778
2.2577106395199458 -7.27817346043275
2.738797271904245 -7.11112197584594
3.207651770819072 -6.912310494263872
3.6621801182560993 -6.682626956025522
4.10035228027725 -6.423097183569181
4.520211273639016 -6.134880299860457
4.919881906154733 -5.819263551467699
5.297579151758051 -5.477656559406371
5.651616122862717 -5.111585023429364
5.980411604411989 -4.722683907881579
6.282497115968945 -4.3126901395522355
6.556523470306605 -3.8834348501381912
6.8012667992055835 -3.436835197965276
7.015634019546678 -2.974885805493803
7.198667715285404 -2.499649850850477
7.349550413504486 -2.013249853174025
7.467608235446349 -1.5178581929294528
7.552313906219224 -1.0156874095295818
7.603289109734829 -0.5089803195968814
6.213007874698873 0.0
6.199133473999365 0.4149831594303178
6.157572238342428 0.8281129033319251
6.088509790295648 1.237544093979786
5.992254579517167 1.6414481122855331
5.86923650514463 2.038021024854221
5.720004995761276 2.425491640788778
5.545226555514513 2.802129422258518
5.345681787346592 3.166252213501184
5.1222619066323825 3.5162337537389337
4.8759647607951555 3.850510940453753
4.607890372677761 4.1675908105827535
4.319236027573579 4.466057208453628
4.011290925859754 4.744577110679665
3.6854304251153516 5.001906579765787
3.3431098974405344 5.236896319835379
2.9858582294114724 5.448496809664661
2.6152709937017447 5.635762990099255
2.2330033228674506 5.797858484917782
1.8407625171234279 5.934059336291105
1.44030041912603 6.043757238153729
1.0334055898185674 6.126462253046365
0.6218953202839536 6.1818050002955545
0.20760751528156435 6.209538305757427
-0.20760751528156357 6.209538305757427
-0.6218953202839529 6.1818050002955545
-1.033405589818568 6.126462253046365
-1.440300419126028 6.043757238153729
-1.8407625171234256 5.934059336291105
-2.233003322867451 5.797858484917782
-2.6152709937017438 5.635762990099256
-2.985858229411472 5.448496809664662
-3.343109897440534 5.23689631983538
-3.685430425115351 5.001906579765788
-4.011290925859754 4.744577110679665
-4.319236027573579 4.466057208453628
-4.607890372677761 4.1675908105827535
-4.8759647607951555 3.850510940453753
-5.122261906632382 3.516233753738935
-5.3456817873465905 3.1662522135011857
-5.545226555514512 2.80212942225852
-5.720004995761276 2.42549164078878
-5.869236505144631 2.03802102485422
-5.992254579517167 1.6414481122855344
-6.088509790295648 1.2375440939797873
-6.157572238342427 0.8281129033319262
-6.199133473999365 0.4149831594303188
-6.213007874698873 -1.998255737184512e-15
-6.199133473999365 -0.41498315943031727
-6.157572238342428 -0.828112903331922
-6.088509790295648 -1.2375440939797857
-5.992254579517167 -1.6414481122855331
-5.86923650514463 -2.038021024854221
-5.720004995761276 -2.4254916407887785
-5.545226555514514 -2.802129422258516
-5.345681787346592 -3.1662522135011844
-5.122261906632384 -3.5162337537389314
-4.875964760795156 -3.8505109404537516
-4.60789037267776 -4.167590810582754
-4.31923602757358 -4.466057208453627
-4.011290925859755 -4.744577110679664
-3.6854304251153494 -5.001906579765789
-3.3431098974405353 -5.236896319835379
-2.98585822941147 -5.448496809664662
-2.615270993701745 -5.635762990099255
-2.233003322867454 -5.797858484917781
-1.8407625171234272 -5.934059336291105
-1.440300419126032 -6.043757238153728
-1.0334055898185681 -6.126462253046365
-0.6218953202839558 -6.1818050002955545
-0.20760751528156374 -6.209538305757427
0.20760751528156143 -6.209538305757427
0.6218953202839536 -6.1818050002955545
1.033405589818566 -6.126462253046365
1.4403004191260298 -6.043757238153729
1.840762517123425 -5.934059336291106
2.2330033228674466 -5.797858484917785
2.615270993701743 -5.635762990099256
2.985858229411469 -5.448496809664663
3.343109897440533 -5.23689631983538
3.685430425115348 -5.001906579765791
4.011290925859754 -4.744577110679665
4.319236027573576 -4.4660572084536305
4.60789037267776 -4.1675908105827535
4.875964760795156 -3.8505109404537516
5.1222619066323825 -3.5162337537389337
5.3456817873465905 -3.1662522135011866
5.5452265555145095 -2.802129422258523
5.720004995761276 -2.4254916407887808
5.86923650514463 -2.0380210248542205
5.992254579517167 -1.641448112285535
6.088509790295648 -1.2375440939797853
6.157572238342427 -0.828112903331927
6.199133473999365 -0.4149831594303223
1.0 0.5 0.4 0.32000000000000006 0.25600000000000006 0.20480000000000007 0.16384000000000007 0.13107200000000005 0.10485760000000005 0.08388608000000004 0.06710886400000003 0.05368709120000003 0.042949672960000025 0.03435973836800002 0.027487790694400018 0.021990232555520017 0.017592186044416015 0.014073748835532814 0.011258999068426251 0.009007199254741001 0.007205759403792801 0.0057646075230342415 0.0046116860184273935 0.003689348814741915 