0.0 0.0
2.634913022934644 0.0
2.628770432515329 0.17981282369106075
2.610371300849456 0.358787276993072
2.5798014131822375 0.5360888983867457
2.537203300441617 0.7108910258673612
2.4827755746932865 0.8823786512246343
2.4167720031195525 1.0497522199872167
2.339500324839589 1.2122313593147311
2.2513208160876066 1.3690585164561873
2.152644610438737 1.5195024908106087
2.0439317819145173 1.6628618431217699
1.9256891999054275 1.7984681659118067
1.798468165911807 1.9256891999054273
1.6628618431217699 2.0439317819145173
1.519502490810609 2.1526446104387364
1.3690585164561873 2.2513208160876066
1.2122313593147314 2.339500324839589
1.0497522199872165 2.4167720031195525
0.8823786512246347 2.482775574693286
0.7108910258673616 2.537203300441617
0.5360888983867456 2.5798014131822375
0.358787276993072 2.610371300849456
0.1798128236910614 2.628770432515329
1.6134188997842942e-16 2.634913022934644
-0.1798128236910605 2.628770432515329
-0.3587872769930722 2.610371300849456
-0.5360888983867459 2.5798014131822375
-0.7108910258673607 2.5372033004416172
-0.8823786512246343 2.4827755746932865
-1.0497522199872167 2.4167720031195525
-1.212231359314731 2.339500324839589
-1.3690585164561866 2.251320816087607
-1.5195024908106087 2.152644610438737
-1.6628618431217703 2.0439317819145173
-1.7984681659118074 1.925689199905427
-1.9256891999054275 1.798468165911807
-2.043931781914517 1.6628618431217705
-2.1526446104387364 1.519502490810609
-2.251320816087606 1.3690585164561881
-2.339500324839589 1.2122313593147314
-2.4167720031195525 1.0497522199872167
-2.482775574693286 0.8823786512246348
-2.537203300441617 0.7108910258673612
-2.579801413182237 0.5360888983867463
-2.610371300849456 0.35878727699307333
-2.6287704325153296 0.1798128236910604
-2.634913022934644 3.2268377995685883e-16
-2.628770432515329 -0.17981282369106094
-2.610371300849456 -0.3587872769930715
-2.5798014131822375 -0.5360888983867446
-2.537203300441617 -0.7108910258673616
-2.4827755746932865 -0.8823786512246342
-2.416772003119552 -1.0497522199872171
-2.3395003248395896 -1.212231359314731
-2.2513208160876075 -1.3690585164561864
-2.152644610438736 -1.5195024908106092
-2.0439317819145173 -1.6628618431217699
-1.925689199905428 -1.7984681659118065
-1.798468165911807 -1.9256891999054273
-1.6628618431217708 -2.0439317819145164
-1.519502490810609 -2.1526446104387364
-1.3690585164561873 -2.2513208160876066
-1.2122313593147327 -2.3395003248395887
-1.0497522199872158 -2.416772003119553
-0.882378651224635 -2.482775574693286
-0.7108910258673613 -2.537203300441617
-0.5360888983867453 -2.5798014131822375
-0.3587872769930735 -2.610371300849456
-0.1798128236910594 -2.6287704325153296
-4.8402566993528825e-16 -2.634913022934644
0.17981282369106075 -2.628770432515329
0.35878727699307256 -2.610371300849456
0.5360888983867445 -2.579801413182238
0.7108910258673605 -2.5372033004416172
0.8823786512246341 -2.4827755746932865
1.049752219987217 -2.416772003119552
1.2122313593147298 -2.33950032483959
1.3690585164561864 -2.2513208160876075
1.5195024908106083 -2.152644610438737
1.6628618431217699 -2.0439317819145173
1.7984681659118074 -1.9256891999054273
1.9256891999054264 -1.7984681659118078
2.0439317819145164 -1.6628618431217708
2.152644610438738 -1.5195024908106072
2.2513208160876066 -1.3690585164561873
2.3395003248395896 -1.2122313593147307
2.416772003119552 -1.049752219987218
2.482775574693286 -0.8823786512246351
2.5372033004416163 -0.7108910258673636
2.5798014131822375 -0.5360888983867456
2.610371300849456 -0.3587872769930713
2.628770432515329 -0.17981282369106188
3.9768629370216635 0.0
3.9675919516178757 0.2713907244428718
3.9398222210201275 0.5415161000492975
3.8936832205314986 0.809116677623215
3.829390071470902 1.0729447797424851
3.7472425381781935 1.3317703180069835
3.6476236303744387 1.5843865282785554
3.530997817393791 1.8296155971724921
3.3979088626130496 2.0663141535672316
3.248977288175781 2.2933785995283293
3.084897481831644 2.50975025579147
2.90643445938016 2.7144202978139047
2.714420297813905 2.9064344593801597
2.50975025579147 3.084897481831644
2.29337859952833 3.2489772881757806
2.0663141535672316 3.3979088626130496
1.8296155971724923 3.530997817393791
1.584386528278555 3.6476236303744387
1.331770318006984 3.747242538178193
1.0729447797424858 3.829390071470902
0.8091166776232149 3.8936832205314986
0.5415161000492975 3.9398222210201275
0.2713907244428728 3.9675919516178757
2.435126233235661e-16 3.9768629370216635
-0.27139072444287143 3.9675919516178757
-0.5415161000492978 3.9398222210201275
-0.8091166776232154 3.8936832205314986
-1.0729447797424845 3.8293900714709026
-1.3317703180069835 3.7472425381781935
-1.5843865282785554 3.6476236303744387
-1.829615597172492 3.530997817393791
-2.0663141535672307 3.39790886261305
-2.2933785995283293 3.248977288175781
-2.5097502557914706 3.084897481831644
-2.7144202978139056 2.906434459380159
-2.90643445938016 2.714420297813905
-3.0848974818316437 2.509750255791471
-3.2489772881757806 2.29337859952833
-3.3979088626130487 2.066314153567233
-3.530997817393791 1.8296155971724926
-3.6476236303744387 1.5843865282785552
-3.747242538178193 1.3317703180069842
-3.829390071470902 1.0729447797424851
-3.893683220531498 0.809116677623216
-3.939822221020127 0.5415161000492995
-3.967591951617876 0.2713907244428713
-3.9768629370216635 4.870252466471322e-16
-3.9675919516178757 -0.2713907244428721
-3.9398222210201275 -0.5415161000492967
-3.8936832205314986 -0.8091166776232134
-3.829390071470902 -1.0729447797424858
-3.7472425381781935 -1.3317703180069833
-3.6476236303744383 -1.5843865282785559
-3.5309978173937915 -1.8296155971724917
-3.3979088626130505 -2.0663141535672302
-3.24897728817578 -2.2933785995283302
-3.084897481831644 -2.50975025579147
-2.9064344593801605 -2.7144202978139043
-2.714420297813905 -2.9064344593801597
-2.5097502557914715 -3.0848974818316433
-2.29337859952833 -3.2489772881757806
-2.0663141535672316 -3.3979088626130496
-1.8296155971724943 -3.53099781739379
-1.5843865282785539 -3.647623630374439
-1.3317703180069844 -3.747242538178193
-1.0729447797424854 -3.829390071470902
-0.8091166776232146 -3.8936832205314986
-0.5415161000492997 -3.939822221020127
-0.27139072444286977 -3.967591951617876
-7.305378699706983e-16 -3.9768629370216635
0.2713907244428718 -3.9675919516178757
0.5415161000492983 -3.9398222210201275
0.8091166776232132 -3.893683220531499
1.072944779742484 -3.8293900714709026
1.331770318006983 -3.7472425381781935
1.5843865282785556 -3.6476236303744383
1.82961559717249 -3.5309978173937924
2.0663141535672302 -3.3979088626130505
2.293378599528329 -3.2489772881757815
2.50975025579147 -3.084897481831644
2.7144202978139056 -2.9064344593801597
2.9064344593801588 -2.7144202978139065
3.0848974818316433 -2.5097502557914715
3.2489772881757824 -2.293378599528327
3.3979088626130496 -2.0663141535672316
3.5309978173937915 -1.8296155971724912
3.647623630374438 -1.5843865282785572
3.747242538178193 -1.3317703180069846
3.8293900714709013 -1.072944779742489
3.8936832205314986 -0.8091166776232148
3.9398222210201275 -0.5415161000492964
3.9675919516178757 -0.27139072444287354
4.938591953495303 0.0
4.927078955777959 0.3370214335298644
4.892593641535905 0.6724715175611419
4.83529679722321 1.0047862289519724
4.755455567177366 1.3324161631150937
4.653442208069071 1.65383375805726
4.529732353269784 1.9675404165784072
4.38490279522939 2.272073493423581
4.219628796203536 2.5660131148102976
4.034680939869288 2.847988798535562
3.8309215385083033 3.1166858437965357
3.6093006125089246 3.3708514609325717
3.370851460932572 3.6093006125089238
3.1166858437965357 3.8309215385083033
2.8479887985355625 4.034680939869287
2.5660131148102976 4.219628796203536
2.2720734934235813 4.38490279522939
1.9675404165784067 4.529732353269784
1.6538337580572604 4.6534422080690705
1.3324161631150946 4.755455567177366
1.0047862289519724 4.83529679722321
0.6724715175611419 4.892593641535905
0.33702143352986563 4.927078955777959
3.0240154140714485e-16 4.938591953495303
-0.3370214335298639 4.927078955777959
-0.6724715175611423 4.892593641535905
-1.004786228951973 4.83529679722321
-1.3324161631150928 4.755455567177366
-1.65383375805726 4.653442208069071
-1.9675404165784072 4.529732353269784
-2.2720734934235804 4.38490279522939
-2.5660131148102967 4.219628796203537
-2.847988798535562 4.034680939869288
-3.1166858437965366 3.8309215385083033
-3.370851460932573 3.6093006125089233
-3.6093006125089246 3.370851460932572
-3.830921538508303 3.116685843796537
-4.034680939869287 2.8479887985355625
-4.219628796203535 2.5660131148102994
-4.38490279522939 2.2720734934235813
-4.529732353269784 1.967540416578407
-4.6534422080690705 1.6538337580572608
-4.755455567177366 1.3324161631150937
-4.835296797223209 1.0047862289519738
-4.892593641535904 0.6724715175611443
-4.92707895577796 0.3370214335298638
-4.938591953495303 6.048030828142897e-16
-4.927078955777959 -0.33702143352986474
-4.892593641535905 -0.672471517561141
-4.83529679722321 -1.0047862289519705
-4.755455567177366 -1.3324161631150946
-4.653442208069071 -1.6538337580572597
-4.529732353269784 -1.9675404165784078
-4.38490279522939 -2.2720734934235804
-4.219628796203538 -2.5660131148102963
-4.034680939869287 -2.847988798535563
-3.8309215385083033 -3.1166858437965357
-3.609300612508925 -3.3708514609325713
-3.370851460932572 -3.6093006125089238
-3.1166858437965375 -3.8309215385083024
-2.8479887985355625 -4.034680939869287
-2.5660131148102976 -4.219628796203536
-2.2720734934235836 -4.384902795229388
-1.9675404165784054 -4.529732353269785
-1.653833758057261 -4.6534422080690705
-1.332416163115094 -4.755455567177366
-1.004786228951972 -4.83529679722321
-0.6724715175611446 -4.892593641535904
-0.33702143352986186 -4.92707895577796
-9.072046242214345e-16 -4.938591953495303
0.3370214335298644 -4.927078955777959
0.6724715175611429 -4.892593641535905
1.0047862289519702 -4.83529679722321
1.3324161631150924 -4.755455567177366
1.6538337580572595 -4.653442208069071
1.9675404165784076 -4.529732353269784
2.2720734934235782 -4.384902795229392
2.5660131148102963 -4.219628796203538
2.847988798535561 -4.034680939869288
3.1166858437965357 -3.8309215385083033
3.370851460932573 -3.6093006125089238
3.6093006125089224 -3.370851460932574
3.8309215385083024 -3.1166858437965375
4.03468093986929 -2.8479887985355594
4.219628796203536 -2.5660131148102976
4.38490279522939 -2.27207349342358
4.529732353269783 -1.9675404165784094
4.6534422080690705 -1.6538337580572613
4.755455567177365 -1.3324161631150984
4.83529679722321 -1.0047862289519722
4.892593641535905 -0.6724715175611405
4.927078955777959 -0.3370214335298665
5.717956328626406 0.0
5.704626452665961 0.39020713937925966
5.664698974819676 0.7785949529477343
5.5983600554205495 1.163352597431404
5.5059189971341205 1.542686155080277
5.387806802846663 1.9148269977410468
5.244574166130768 2.2780400330179735
5.0768889036577 2.6306317940745876
4.8855328415278 2.9709583353578135
4.671398170036295 3.2974328974310185
4.435483283870295 3.6085333051789825
4.178888127131882 3.9028090648909486
3.902809064890949 4.178888127131882
3.6085333051789825 4.435483283870295
3.2974328974310194 4.671398170036294
2.9709583353578135 4.8855328415278
2.630631794074588 5.0768889036577
2.278040033017973 5.244574166130768
1.9148269977410475 5.387806802846662
1.5426861550802782 5.5059189971341205
1.1633525974314038 5.5983600554205495
0.7785949529477343 5.664698974819676
0.39020713937926105 5.704626452665961
3.5012384577583396e-16 5.717956328626406
-0.3902071393792591 5.704626452665961
-0.7785949529477348 5.664698974819676
-1.1633525974314045 5.5983600554205495
-1.5426861550802762 5.505918997134121
-1.9148269977410468 5.387806802846663
-2.2780400330179735 5.244574166130768
-2.6306317940745876 5.0768889036577
-2.9709583353578126 4.885532841527801
-3.2974328974310185 4.671398170036295
-3.608533305178983 4.435483283870295
-3.90280906489095 4.178888127131881
-4.178888127131882 3.902809064890949
-4.435483283870294 3.608533305178984
-4.671398170036294 3.2974328974310194
-4.885532841527799 2.9709583353578157
-5.0768889036577 2.6306317940745885
-5.244574166130768 2.2780400330179735
-5.387806802846662 1.9148269977410477
-5.5059189971341205 1.542686155080277
-5.598360055420549 1.1633525974314054
-5.664698974819675 0.7785949529477372
-5.704626452665961 0.39020713937925894
-5.717956328626406 7.002476915516679e-16
-5.704626452665961 -0.39020713937926005
-5.664698974819676 -0.7785949529477332
-5.5983600554205495 -1.1633525974314016
-5.5059189971341205 -1.5426861550802782
-5.387806802846663 -1.9148269977410464
-5.244574166130767 -2.2780400330179744
-5.076888903657701 -2.630631794074587
-4.885532841527801 -2.9709583353578117
-4.671398170036294 -3.29743289743102
-4.435483283870295 -3.6085333051789825
-4.1788881271318825 -3.9028090648909477
-3.902809064890949 -4.178888127131882
-3.6085333051789843 -4.435483283870294
-3.2974328974310194 -4.671398170036294
-2.9709583353578135 -4.8855328415278
-2.630631794074591 -5.076888903657699
-2.2780400330179713 -5.244574166130769
-1.9148269977410481 -5.387806802846662
-1.5426861550802775 -5.5059189971341205
-1.1633525974314034 -5.5983600554205495
-0.7785949529477375 -5.664698974819675
-0.3902071393792567 -5.704626452665961
-1.0503715373275018e-15 -5.717956328626406
0.39020713937925966 -5.704626452665961
0.7785949529477354 -5.664698974819676
1.1633525974314014 -5.59836005542055
1.5426861550802755 -5.505918997134121
1.9148269977410461 -5.387806802846663
2.278040033017974 -5.244574166130767
2.6306317940745845 -5.076888903657702
2.9709583353578117 -4.885532841527801
3.297432897431018 -4.671398170036296
3.6085333051789825 -4.435483283870295
3.90280906489095 -4.178888127131882
4.17888812713188 -3.902809064890951
4.435483283870294 -3.6085333051789843
4.671398170036297 -3.2974328974310154
4.8855328415278 -2.9709583353578135
5.076888903657701 -2.6306317940745867
5.244574166130767 -2.278040033017976
5.387806802846662 -1.9148269977410484
5.505918997134119 -1.5426861550802826
5.5983600554205495 -1.1633525974314036
5.664698974819676 -0.7785949529477327
5.704626452665961 -0.3902071393792621
6.4254492415007896 0.0
6.4104700362643765 0.43848816319220846
6.365602260524634 0.8749318921531819
6.291055108563874 1.3072962847478204
6.187176153616915 1.7335654585902638
6.05444972732421 2.1517519500181415
5.893494661554166 2.55990598056562
5.705061403123305 2.956124547730664
5.4900285148667916 3.338560297651161
5.249398579372927 3.705430138321404
4.984293524480313 4.055023553190128
4.695949392332371 4.38571057637828
4.385710576378281 4.69594939233237
4.055023553190128 4.984293524480313
3.7054301383214043 5.249398579372926
3.338560297651161 5.4900285148667916
2.956124547730664 5.705061403123305
2.5599059805656195 5.893494661554166
2.1517519500181423 6.054449727324209
1.7335654585902647 6.187176153616915
1.3072962847478202 6.291055108563874
0.8749318921531819 6.365602260524634
0.43848816319221007 6.4104700362643765
3.934452923343865e-16 6.4254492415007896
-0.43848816319220785 6.4104700362643765
-0.8749318921531823 6.365602260524634
-1.307296284747821 6.291055108563874
-1.7335654585902627 6.187176153616915
-2.1517519500181415 6.05444972732421
-2.55990598056562 5.893494661554166
-2.9561245477306635 5.705061403123305
-3.3385602976511595 5.4900285148667916
-3.705430138321404 5.249398579372927
-4.055023553190129 4.984293524480313
-4.3857105763782815 4.69594939233237
-4.695949392332371 4.385710576378281
-4.984293524480312 4.0550235531901295
-5.249398579372926 3.7054301383214043
-5.49002851486679 3.338560297651163
-5.705061403123305 2.9561245477306644
-5.893494661554166 2.55990598056562
-6.054449727324209 2.151751950018143
-6.187176153616915 1.7335654585902638
-6.2910551085638735 1.307296284747822
-6.365602260524633 0.874931892153185
-6.4104700362643765 0.4384881631922077
-6.4254492415007896 7.86890584668773e-16
-6.4104700362643765 -0.4384881631922089
-6.365602260524634 -0.8749318921531806
-6.291055108563874 -1.3072962847478178
-6.187176153616915 -1.7335654585902647
-6.05444972732421 -2.1517519500181415
-5.893494661554165 -2.559905980565621
-5.705061403123305 -2.956124547730663
-5.490028514866792 -3.3385602976511586
-5.249398579372925 -3.705430138321405
-4.984293524480313 -4.055023553190128
-4.695949392332372 -4.38571057637828
-4.385710576378281 -4.69594939233237
-4.05502355319013 -4.984293524480311
-3.7054301383214043 -5.249398579372926
-3.338560297651161 -5.4900285148667916
-2.9561245477306675 -5.705061403123303
-2.5599059805656177 -5.893494661554166
-2.1517519500181432 -6.054449727324209
-1.733565458590264 -6.187176153616915
-1.3072962847478198 -6.291055108563874
-0.8749318921531855 -6.365602260524633
-0.4384881631922052 -6.4104700362643765
-1.1803358770031595e-15 -6.4254492415007896
0.43848816319220846 -6.4104700362643765
0.8749318921531831 -6.365602260524634
1.3072962847478173 -6.291055108563875
1.733565458590262 -6.187176153616915
2.151751950018141 -6.05444972732421
2.5599059805656204 -5.893494661554165
2.9561245477306604 -5.705061403123307
3.3385602976511586 -5.490028514866792
3.705430138321403 -5.249398579372927
4.055023553190128 -4.984293524480313
4.3857105763782815 -4.69594939233237
4.695949392332368 -4.385710576378283
4.984293524480311 -4.05502355319013
5.2493985793729285 -3.7054301383214003
5.4900285148667916 -3.338560297651161
5.705061403123305 -2.956124547730662
5.893494661554164 -2.559905980565623
6.054449727324209 -2.1517519500181432
6.187176153616913 -1.7335654585902698
6.291055108563874 -1.30729628474782
6.365602260524634 -0.8749318921531801
6.4104700362643765 -0.43848816319221123
1.0 0.5 0.4 0.32000000000000006 0.25600000000000006 0.20480000000000007 