0.0 0.0
1.3929869449866463 0.0
1.3365611860514115 0.3924497736578198
1.1718551886577304 0.7531056006425559
0.9122124531701556 1.0527492907546965
0.5786676898630857 1.2671054942709978
0.19824271179257208 1.3788083464079977
-0.19824271179257194 1.3788083464079979
-0.5786676898630856 1.2671054942709978
-0.9122124531701555 1.0527492907546965
-1.1718551886577304 0.7531056006425563
-1.3365611860514115 0.3924497736578198
-1.3929869449866463 7.892021720737671e-16
-1.3365611860514117 -0.3924497736578194
-1.1718551886577304 -0.7531056006425559
-0.9122124531701559 -1.0527492907546965
-0.5786676898630867 -1.2671054942709974
-0.19824271179257225 -1.3788083464079977
0.19824271179257175 -1.3788083464079979
0.5786676898630853 -1.267105494270998
0.9122124531701549 -1.0527492907546971
1.1718551886577304 -0.7531056006425558
1.3365611860514115 -0.39244977365781997
2.2474513810409227 0.0
2.1564138086489635 0.6331802239574613
1.8906764141669934 1.215063951837676
1.4717676608948032 1.6985104246035672
0.9336250446762225 2.0443536841985224
0.3198456798199102 2.2245755665392197
-0.31984567981990997 2.2245755665392197
-0.9336250446762223 2.044353684198523
-1.471767660894803 1.6985104246035672
-1.8906764141669932 1.2150639518376767
-2.1564138086489635 0.6331802239574613
-2.2474513810409227 1.2733023219860019e-15
-2.156413808648964 -0.6331802239574608
-1.8906764141669934 -1.215063951837676
-1.4717676608948034 -1.698510424603567
-0.9336250446762241 -2.0443536841985215
-0.31984567981991047 -2.2245755665392197
0.31984567981990963 -2.2245755665392197
0.9336250446762216 -2.044353684198523
1.471767660894802 -1.6985104246035683
1.8906764141669934 -1.2150639518376758
2.1564138086489635 -0.6331802239574617
2.8238190576932767 0.0
2.70943454461541 0.7955617631814834
2.375547758360486 1.5266718436979883
1.8492082206497025 2.1341000509051367
1.1730568305666271 2.568636163969651
0.40187135250863903 2.795076651296816
-0.4018713525086387 2.795076651296816
-1.173056830566627 2.5686361639696513
-1.8492082206497023 2.1341000509051367
-2.3755477583604856 1.526671843697989
-2.70943454461541 0.7955617631814834
-2.8238190576932767 1.5998456711280923e-15
-2.7094345446154104 -0.7955617631814826
-2.375547758360486 -1.5266718436979883
-1.849208220649703 -2.134100050905136
-1.1730568305666293 -2.56863616396965
-0.40187135250863937 -2.795076651296816
0.4018713525086383 -2.795076651296816
1.1730568305666262 -2.5686361639696518
1.849208220649701 -2.134100050905138
2.375547758360486 -1.526671843697988
2.70943454461541 -0.7955617631814837
3.281128754551261 0.0
3.1482199855164215 0.9244007933456624
2.760261156440222 1.7739121320376603
2.148682384374418 2.479711659653633
1.3630301442327755 2.984619696017549
0.4669533080577881 3.247731594826918
-0.46695330805778773 3.2477315948269183
-1.363030144232775 2.9846196960175493
-2.1486823843744176 2.479711659653633
-2.7602611564402215 1.7739121320376612
-3.1482199855164215 0.9244007933456624
-3.281128754551261 1.858936258710144e-15
-3.148219985516422 -0.9244007933456615
-2.760261156440222 -1.7739121320376603
-2.148682384374418 -2.4797116596536326
-1.363030144232778 -2.984619696017548
-0.46695330805778845 -3.247731594826918
0.4669533080577873 -3.2477315948269183
1.3630301442327741 -2.9846196960175497
2.1486823843744163 -2.4797116596536344
2.760261156440222 -1.77391213203766
3.1482199855164215 -0.9244007933456628
3.6748180864852937 0.0
3.5259621332941116 1.0353158954326318
3.0914536977676748 1.986756654278024
2.406494069231168 2.7772422046905905
1.5265746031768557 3.3427321085744905
0.5229811416618977 3.6374137370150033
-0.5229811416618972 3.6374137370150037
-1.5265746031768552 3.342732108574491
-2.4064940692311674 2.7772422046905905
-3.0914536977676743 1.9867566542780248
-3.5259621332941116 1.0353158954326318
-3.6748180864852937 2.0819824810762748e-15
-3.525962133294112 -1.035315895432631
-3.0914536977676748 -1.986756654278024
-2.406494069231168 -2.77724220469059
-1.5265746031768583 -3.342732108574489
-0.522981141661898 -3.6374137370150033
0.5229811416618967 -3.6374137370150037
1.5265746031768543 -3.3427321085744914
2.4064940692311656 -2.7772422046905922
3.0914536977676748 -1.9867566542780235
3.5259621332941116 -1.0353158954326322
4.036593183372199 0.0
3.8730827967858015 1.1372397184801357
3.3957982761141263 2.1823470383940387
2.643406374701653 3.05065358017484
1.6768614097538883 3.6718143118253006
0.5744671060666596 3.995506485052214
-0.5744671060666592 3.9955064850522146
-1.6768614097538879 3.671814311825301
-2.6434063747016525 3.05065358017484
-3.395798276114126 2.1823470383940395
-3.8730827967858015 1.1372397184801357
-4.036593183372199 2.2869475694375878e-15
-3.873082796785802 -1.1372397184801346
-3.3957982761141263 -2.1823470383940387
-2.6434063747016534 -3.0506535801748393
-1.6768614097538912 -3.6718143118252993
-0.5744671060666601 -3.995506485052214
0.5744671060666586 -3.9955064850522146
1.6768614097538868 -3.6718143118253015
2.6434063747016507 -3.0506535801748416
3.3957982761141263 -2.182347038394038
3.8730827967858015 -1.1372397184801362
4.403539494476369 0.0
4.2251652039840115 1.240620440931044
3.7044931566898787 2.380733191991713
2.8837051053098444 3.327973098602681
1.8292964163522212 4.005600416982966
0.626689010986428 4.358717811802233
-0.6266890109864276 4.358717811802233
-1.8292964163522205 4.005600416982967
-2.883705105309844 3.327973098602681
-3.704493156689878 2.380733191991714
-4.2251652039840115 1.240620440931044
-4.403539494476369 2.494842429328499e-15
-4.2251652039840115 -1.2406204409310428
-3.7044931566898787 -2.380733191991713
-2.883705105309845 -3.3279730986026808
-1.8292964163522243 -4.005600416982965
-0.6266890109864286 -4.358717811802233
0.626689010986427 -4.358717811802233
1.8292964163522194 -4.0056004169829675
2.883705105309842 -3.327973098602683
3.7044931566898787 -2.380733191991712
4.2251652039840115 -1.2406204409310444
1.0 0.5 0.4 0.32000000000000006 0.25600000000000006 0.20480000000000007 0.16384000000000007 0.13107200000000005 