0.0 0.0
2.2099227659346714 0.0
2.2010262665857905 0.19809594946834816
2.174408397920847 0.39459694683010926
2.1302834713672785 0.5879208815952417
2.0690067548886573 0.7765112231136494
1.9910716125759438 0.9588495528447514
1.8971055323699177 1.1334677897707544
1.7878650738972384 1.2989600105217909
1.664229777097178 1.4539937690442233
1.5271950806831929 1.5973208246728032
1.3778643074557129 1.727787192230553
1.217439780995692 1.8443424332388791
1.0472131452620925 1.9460481134305554
0.8685549650342007 2.032085358470649
0.6829036909299027 2.1017614470511785
0.4917540778471048 2.15451538827577
0.29664515007619735 2.189922438428498
0.09914780998139987 2.2076975207605414
-0.09914780998139959 2.2076975207605414
-0.296645150076197 2.189922438428498
-0.4917540778471045 2.15451538827577
-0.6829036909299024 2.101761447051179
-0.8685549650342 2.0320853584706495
-1.0472131452620923 1.9460481134305554
-1.2174397809956916 1.8443424332388794
-1.3778643074557124 1.7277871922305532
-1.5271950806831929 1.5973208246728032
-1.6642297770971777 1.4539937690442237
-1.7878650738972381 1.298960010521791
-1.8971055323699177 1.1334677897707546
-1.9910716125759436 0.9588495528447517
-2.0690067548886573 0.7765112231136496
-2.1302834713672785 0.5879208815952419
-2.174408397920847 0.3945969468301095
-2.2010262665857905 0.19809594946834844
-2.2099227659346714 2.7063748416647606e-16
-2.2010262665857905 -0.19809594946834788
-2.174408397920847 -0.39459694683010893
-2.1302834713672785 -0.5879208815952415
-2.0690067548886573 -0.7765112231136492
-1.9910716125759438 -0.9588495528447512
-1.8971055323699184 -1.1334677897707535
-1.7878650738972386 -1.2989600105217907
-1.6642297770971781 -1.453993769044223
-1.5271950806831938 -1.5973208246728023
-1.377864307455713 -1.7277871922305528
-1.217439780995692 -1.8443424332388791
-1.0472131452620927 -1.9460481134305552
-0.868554965034201 -2.032085358470649
-0.6829036909299029 -2.1017614470511785
-0.49175407784710506 -2.15451538827577
-0.2966451500761976 -2.189922438428498
-0.09914780998140013 -2.2076975207605414
0.09914780998139934 -2.2076975207605414
0.2966451500761968 -2.189922438428498
0.4917540778471043 -2.15451538827577
0.6829036909299022 -2.101761447051179
0.8685549650342003 -2.0320853584706495
1.047213145262092 -1.9460481134305558
1.2174397809956914 -1.8443424332388796
1.3778643074557122 -1.7277871922305532
1.5271950806831927 -1.5973208246728035
1.6642297770971772 -1.453993769044224
1.7878650738972381 -1.2989600105217913
1.8971055323699175 -1.1334677897707548
1.9910716125759436 -0.9588495528447519
2.0690067548886573 -0.77651122311365
2.1302834713672785 -0.5879208815952421
2.174408397920847 -0.39459694683010976
2.20102626658579 -0.19809594946834871
3.3434873367305977 0.0
3.3300274396822793 0.29970789419191224
3.289756119714065 0.5970027166451791
3.2229976178151865 0.889490824255932
3.130289434189571 1.1748172747619108
3.012378000620241 1.4506847873528779
2.8702126706394977 1.7148722390249211
2.704938075892486 1.9652525477568834
2.51788491023622 2.1998097985240923
2.310559215775084 2.4166554742608004
2.084630257095345 2.614043661089168
1.8419170813282162 2.7903851053912274
1.584373872251937 2.944260009544549
1.3140742163530361 3.0744294632978684
1.033194407527187 3.1798454187479632
0.743995924840403 3.2596591286051275
0.4488072244293235 3.313227979807292
0.15000499214151344 3.3401206674625525
-0.15000499214151303 3.340120667462553
-0.4488072244293231 3.3132279798072926
-0.7439959248404027 3.2596591286051275
-1.0331944075271868 3.1798454187479637
-1.314074216353035 3.0744294632978693
-1.5843738722519365 2.944260009544549
-1.8419170813282153 2.7903851053912274
-2.0846302570953448 2.6140436610891684
-2.310559215775084 2.4166554742608004
-2.5178849102362197 2.1998097985240928
-2.7049380758924855 1.9652525477568838
-2.8702126706394977 1.7148722390249216
-3.0123780006202407 1.4506847873528783
-3.130289434189571 1.1748172747619112
-3.2229976178151865 0.8894908242559323
-3.289756119714065 0.5970027166451796
-3.3300274396822793 0.2997078941919126
-3.3434873367305977 4.0945910649168353e-16
-3.3300274396822793 -0.2997078941919118
-3.289756119714065 -0.5970027166451787
-3.222997617815187 -0.8894908242559315
-3.130289434189571 -1.1748172747619103
-3.012378000620241 -1.4506847873528774
-2.870212670639499 -1.7148722390249196
-2.7049380758924864 -1.9652525477568832
-2.5178849102362206 -2.199809798524092
-2.3105592157750854 -2.416655474260799
-2.0846302570953457 -2.6140436610891675
-1.8419170813282162 -2.7903851053912274
-1.5843738722519374 -2.9442600095445486
-1.3140742163530366 -3.0744294632978684
-1.0331944075271875 -3.1798454187479632
-0.7439959248404034 -3.2596591286051275
-0.4488072244293239 -3.313227979807292
-0.15000499214151383 -3.3401206674625525
0.15000499214151264 -3.340120667462553
0.4488072244293227 -3.3132279798072926
0.7439959248404023 -3.2596591286051275
1.0331944075271864 -3.1798454187479637
1.3140742163530355 -3.074429463297869
1.5843738722519363 -2.9442600095445495
1.841917081328215 -2.790385105391228
2.0846302570953443 -2.6140436610891684
2.3105592157750836 -2.416655474260801
2.5178849102362193 -2.199809798524093
2.7049380758924855 -1.9652525477568843
2.8702126706394977 -1.7148722390249218
3.0123780006202407 -1.4506847873528785
3.1302894341895704 -1.1748172747619114
3.2229976178151865 -0.8894908242559326
3.289756119714065 -0.5970027166451799
3.330027439682279 -0.29970789419191307
4.116540315418048 0.0
4.099968334351429 0.36900382894719597
4.050385818998953 0.7350366560344469
3.968191978620191 1.0951514001618632
3.854048589688679 1.4464486291537715
3.708874667656866 1.7860999042817547
3.5338390675840685 2.1113705531901976
3.330351073202807 2.419641687870134
3.100049050194836 2.708431290405613
2.8447872550340194 2.9754141967225554
2.566620905603487 3.2184408174427035
2.2677896337896892 3.435554445113357
1.9506994532833264 3.6250070084652597
1.6179033877718312 3.7852731468546033
1.2720809154937833 3.915062491570041
0.9160163956556453 4.013330055122823
0.5525766504086064 4.079284644871613
0.18468788288228616 4.112395233240426
-0.18468788288228566 4.112395233240426
-0.5525766504086058 4.079284644871613
-0.9160163956556447 4.013330055122823
-1.2720809154937829 3.9150624915700414
-1.6179033877718298 3.785273146854604
-1.950699453283326 3.6250070084652597
-2.267789633789688 3.4355544451133575
-2.5666209056034868 3.218440817442704
-2.8447872550340194 2.9754141967225554
-3.1000490501948357 2.7084312904056134
-3.3303510732028068 2.4196416878701346
-3.5338390675840685 2.111370553190198
-3.7088746676568656 1.7860999042817551
-3.854048589688679 1.446448629153772
-3.968191978620191 1.0951514001618636
-4.050385818998953 0.7350366560344473
-4.099968334351429 0.36900382894719647
-4.116540315418048 5.041307920837748e-16
-4.099968334351429 -0.3690038289471954
-4.050385818998953 -0.7350366560344463
-3.968191978620192 -1.0951514001618627
-3.854048589688679 -1.446448629153771
-3.708874667656866 -1.7860999042817542
-3.53383906758407 -2.111370553190196
-3.3303510732028077 -2.4196416878701337
-3.100049050194837 -2.7084312904056125
-2.844787255034021 -2.9754141967225536
-2.5666209056034877 -3.218440817442703
-2.2677896337896892 -3.435554445113357
-1.9506994532833268 -3.6250070084652593
-1.6179033877718316 -3.7852731468546033
-1.2720809154937838 -3.915062491570041
-0.9160163956556459 -4.013330055122823
-0.5525766504086068 -4.079284644871613
-0.18468788288228666 -4.112395233240426
0.18468788288228516 -4.112395233240426
0.5525766504086054 -4.079284644871613
0.9160163956556443 -4.013330055122823
1.2720809154937824 -3.9150624915700414
1.6179033877718303 -3.7852731468546037
1.9506994532833255 -3.62500700846526
2.2677896337896875 -3.435554445113358
2.5666209056034863 -3.218440817442704
2.844787255034019 -2.975414196722556
3.1000490501948352 -2.708431290405614
3.3303510732028068 -2.419641687870135
3.533839067584068 -2.1113705531901985
3.7088746676568656 -1.7860999042817556
3.8540485896886785 -1.4464486291537724
3.968191978620191 -1.095151400161864
4.050385818998953 -0.7350366560344478
4.099968334351429 -0.36900382894719697
4.695867813632333 0.0
4.67696363037743 0.42093434551587955
4.6204032859808075 0.8384795751870524
4.526642171078605 1.2492738603368252
4.396435195037372 1.6500097269243001
4.230830707867731 2.037460685380589
4.031162059526508 2.408507208405676
3.7990368645668857 2.7601618475679848
3.5363240585712723 3.0895932864825606
3.2451388505809162 3.394149136905813
2.9278256926764277 3.6713772942060725
2.5869394038281373 3.919045680268275
2.225224599995958 4.135160214874501
1.845593596095489 4.317980870865389
1.4511029577507193 4.466035683815706
1.0449288916248631 4.578132603426395
0.6303416724718819 4.653369091212673
0.21067931280705834 4.691139387213223
-0.21067931280705776 4.691139387213223
-0.6303416724718812 4.6533690912126735
-1.0449288916248625 4.578132603426395
-1.4511029577507188 4.466035683815706
-1.8455935960954875 4.31798087086539
-2.2252245999959577 4.135160214874501
-2.586939403828136 3.9190456802682756
-2.9278256926764272 3.6713772942060734
-3.2451388505809162 3.394149136905813
-3.536324058571272 3.0895932864825615
-3.7990368645668853 2.7601618475679857
-4.031162059526508 2.4085072084056764
-4.230830707867731 2.03746068538059
-4.396435195037372 1.6500097269243008
-4.526642171078605 1.2492738603368259
-4.6204032859808075 0.8384795751870529
-4.67696363037743 0.42093434551588016
-4.695867813632333 5.750779487183916e-16
-4.67696363037743 -0.420934345515879
-4.6204032859808075 -0.8384795751870517
-4.526642171078606 -1.2492738603368247
-4.396435195037372 -1.6500097269242997
-4.230830707867731 -2.0374606853805886
-4.03116205952651 -2.408507208405674
-3.799036864566886 -2.7601618475679843
-3.5363240585712727 -3.08959328648256
-3.2451388505809184 -3.3941491369058108
-2.927825692676428 -3.671377294206072
-2.5869394038281373 -3.919045680268275
-2.2252245999959586 -4.135160214874501
-1.8455935960954895 -4.317980870865389
-1.45110295775072 -4.466035683815706
-1.0449288916248638 -4.578132603426395
-0.6303416724718824 -4.653369091212673
-0.2106793128070589 -4.691139387213223
0.2106793128070572 -4.691139387213223
0.6303416724718808 -4.6533690912126735
1.044928891624862 -4.578132603426395
1.4511029577507184 -4.466035683815706
1.845593596095488 -4.31798087086539
2.2252245999959572 -4.135160214874502
2.5869394038281355 -3.919045680268276
2.927825692676427 -3.6713772942060734
3.245138850580916 -3.3941491369058134
3.5363240585712714 -3.089593286482562
3.7990368645668853 -2.760161847567986
4.031162059526508 -2.408507208405677
4.230830707867731 -2.0374606853805903
4.396435195037372 -1.6500097269243013
4.526642171078605 -1.2492738603368263
4.6204032859808075 -0.8384795751870534
4.676963630377429 -0.4209343455158807
5.149602798998659 0.0
5.128872012088596 0.46160683602942654
5.066846563465102 0.9194970852355684
4.96402584557012 1.3699840845669242
4.821237710366538 1.8094407775869437
4.639631803960951 2.234328917399781
4.420670310329192 2.641227554533844
4.166116178670712 3.0268605804154527
3.8780189291782183 3.3881231046687557
3.558698151506186 3.72210645386739
3.210724828798854 4.026121590462637
2.8369006376456603 4.297720763332638
2.440235390628705 4.534717215635171
2.023922803081582 4.735202791287952
1.5913147791713822 4.897563298319437
1.1458944243372327 5.020491505393438
0.69124800137333 5.102997666867211
0.23103605594961196 5.144417491641407
-0.23103605594961132 5.144417491641407
-0.6912480013733293 5.1029976668672115
-1.145894424337232 5.020491505393438
-1.5913147791713818 4.897563298319437
-2.02392280308158 4.7352027912879535
-2.4402353906287044 4.534717215635171
-2.836900637645659 4.297720763332638
-3.2107248287988535 4.026121590462638
-3.558698151506186 3.72210645386739
-3.878018929178218 3.388123104668756
-4.166116178670711 3.026860580415453
-4.420670310329192 2.6412275545338444
-4.63963180396095 2.234328917399782
-4.821237710366538 1.8094407775869443
-4.96402584557012 1.3699840845669247
-5.066846563465102 0.919497085235569
-5.128872012088596 0.4616068360294272
-5.149602798998659 6.306444584673958e-16
-5.128872012088596 -0.4616068360294259
-5.066846563465102 -0.9194970852355677
-4.964025845570121 -1.3699840845669236
-4.821237710366538 -1.8094407775869432
-4.639631803960951 -2.2343289173997807
-4.420670310329194 -2.6412275545338417
-4.166116178670713 -3.0268605804154523
-3.878018929178219 -3.388123104668755
-3.558698151506188 -3.722106453867388
-3.2107248287988543 -4.026121590462637
-2.8369006376456603 -4.297720763332638
-2.4402353906287053 -4.53471721563517
-2.0239228030815823 -4.735202791287952
-1.5913147791713829 -4.897563298319437
-1.1458944243372333 -5.020491505393438
-0.6912480013733305 -5.102997666867211
-0.23103605594961257 -5.144417491641407
0.2310360559496107 -5.144417491641407
0.6912480013733288 -5.1029976668672115
1.1458944243372315 -5.020491505393438
1.591314779171381 -4.897563298319437
2.0239228030815806 -4.735202791287953
2.4402353906287035 -4.534717215635172
2.8369006376456585 -4.297720763332639
3.2107248287988526 -4.026121590462638
3.5586981515061855 -3.722106453867391
3.8780189291782174 -3.3881231046687565
4.166116178670711 -3.0268605804154536
4.420670310329191 -2.641227554533845
4.63963180396095 -2.2343289173997825
4.821237710366538 -1.8094407775869448
4.96402584557012 -1.3699840845669253
5.066846563465102 -0.9194970852355695
5.128872012088596 -0.4616068360294278
5.514832992388931 0.0
5.492631896096217 0.4943458181555979
5.426207357391391 0.984711454454041
5.316094187603107 1.4671487731221788
5.163178953229006 1.9377734725386453
4.968692837823566 2.3927963593465815
4.734201729232047 2.828553856810534
4.46159361198229 3.2415375017821826
4.153063366343413 3.628422192782666
3.8110950964404524 3.9860929617645637
3.4384421297085814 4.311670054003039
3.0381048487195286 4.602532114187618
2.6133065338653076 4.856337292033817
2.167467411399762 5.071042097484645
1.704177115787825 5.2449178536909935
1.2271657880794813 5.37656461530118
0.7402740430073201 5.464922439997758
0.24742204661495232 5.509279922529832
-0.24742204661495162 5.509279922529833
-0.7402740430073194 5.464922439997759
-1.2271657880794806 5.37656461530118
-1.7041771157878243 5.244917853690994
-2.1674674113997603 5.0710420974846455
-2.613306533865307 4.856337292033817
-3.0381048487195277 4.6025321141876185
-3.438442129708581 4.31167005400304
-3.8110950964404524 3.9860929617645637
-4.153063366343413 3.6284221927826668
-4.46159361198229 3.241537501782183
-4.734201729232047 2.8285538568105344
-4.968692837823565 2.392796359346582
-5.163178953229006 1.937773472538646
-5.316094187603107 1.4671487731221795
-5.426207357391391 0.9847114544540415
-5.492631896096217 0.4943458181555986
-5.514832992388931 6.753722571961324e-16
-5.492631896096217 -0.4943458181555972
-5.426207357391391 -0.9847114544540402
-5.316094187603108 -1.4671487731221784
-5.163178953229006 -1.9377734725386448
-4.968692837823566 -2.3927963593465806
-4.734201729232049 -2.8285538568105313
-4.461593611982291 -3.2415375017821817
-4.153063366343414 -3.6284221927826654
-3.8110950964404546 -3.9860929617645615
-3.4384421297085823 -4.311670054003039
-3.0381048487195286 -4.602532114187618
-2.6133065338653085 -4.856337292033817
-2.167467411399763 -5.071042097484645
-1.7041771157878256 -5.2449178536909935
-1.2271657880794822 -5.37656461530118
-0.7402740430073208 -5.464922439997758
-0.24742204661495296 -5.509279922529832
0.24742204661495096 -5.509279922529833
0.7402740430073188 -5.464922439997759
1.2271657880794802 -5.37656461530118
1.7041771157878238 -5.244917853690994
2.167467411399761 -5.0710420974846455
2.6133065338653068 -4.8563372920338175
3.038104848719527 -4.6025321141876185
3.4384421297085805 -4.31167005400304
3.811095096440452 -3.9860929617645646
4.153063366343412 -3.628422192782667
4.46159361198229 -3.241537501782184
4.734201729232047 -2.828553856810535
4.968692837823565 -2.392796359346583
5.163178953229005 -1.9377734725386466
5.316094187603107 -1.4671487731221802
5.426207357391391 -0.9847114544540422
5.492631896096217 -0.4943458181555993
6.1467393787205316 0.0
6.1219944130939155 0.5509894699180287
6.047958748127489 1.0975426966008393
5.925228475463295 1.6352591548352746
5.754791747092596 2.1598094678717885
5.538020819337056 2.6669702650204004
5.276661004247725 3.152658185748189
4.972816617378617 3.612962756497327
4.628934035075195 4.044177875518847
4.247781997690486 4.442831652224772
3.8324293173157393 4.80571436080969
3.3862201695099134 5.129904283075652
2.912747167964409 5.412791232389162
2.4158224388900558 5.652097569369178
1.8994469280183506 5.845896540100185
1.3677781873389487 5.992627789221808
0.825096900935644 6.091109922992693
0.27577241943512654 6.140550021178279
-0.27577241943512576 6.14055002117828
-0.8250969009356431 6.091109922992694
-1.367778187338948 5.992627789221808
-1.89944692801835 5.845896540100186
-2.415822438890054 5.652097569369179
-2.9127471679644086 5.412791232389162
-3.386220169509912 5.1299042830756525
-3.832429317315739 4.805714360809691
-4.247781997690486 4.442831652224772
-4.628934035075195 4.044177875518848
-4.972816617378616 3.612962756497328
-5.276661004247725 3.15265818574819
-5.5380208193370555 2.6669702650204012
-5.754791747092596 2.159809467871789
-5.925228475463295 1.6352591548352753
-6.047958748127489 1.09754269660084
-6.1219944130939155 0.5509894699180294
-6.1467393787205316 7.527584705343089e-16
-6.1219944130939155 -0.5509894699180279
-6.047958748127489 -1.0975426966008384
-5.925228475463296 -1.635259154835274
-5.754791747092596 -2.1598094678717876
-5.538020819337056 -2.6669702650204
-5.276661004247726 -3.1526581857481863
-4.972816617378617 -3.6129627564973266
-4.628934035075196 -4.044177875518846
-4.247781997690488 -4.442831652224769
-3.83242931731574 -4.805714360809689
-3.3862201695099134 -5.129904283075652
-2.91274716796441 -5.412791232389161
-2.4158224388900567 -5.652097569369178
-1.8994469280183512 -5.845896540100185
-1.3677781873389496 -5.992627789221808
-0.8250969009356447 -6.091109922992693
-0.27577241943512726 -6.140550021178279
0.27577241943512504 -6.14055002117828
0.8250969009356425 -6.091109922992694
1.3677781873389474 -5.992627789221808
1.899446928018349 -5.845896540100186
2.4158224388900544 -5.652097569369178
2.9127471679644077 -5.4127912323891625
3.3862201695099117 -5.129904283075653
3.832429317315738 -4.805714360809691
4.247781997690485 -4.442831652224773
4.628934035075194 -4.044177875518848
4.972816617378616 -3.612962756497329
5.276661004247724 -3.1526581857481903
5.5380208193370555 -2.6669702650204017
5.754791747092595 -2.15980946787179
5.925228475463295 -1.635259154835276
6.047958748127489 -1.0975426966008406
6.1219944130939155 -0.5509894699180301
5.79286872815212 0.0
5.769548341728407 0.5192687493598678
5.699774944496583 1.0343566520749703
5.584110310825067 1.5411165232194273
5.423485704334479 2.0354682302807627
5.219194379910542 2.5134315439878154
4.972881171176164 2.9711581847764927
4.686529247258253 3.404962806874072
4.36244414547599 3.8113526705364094
4.003235208509974 4.187055763534667
3.6117945755092196 4.529047145473863
3.191273896287284 4.834573302834299
2.7450589560911065 5.101174318643382
2.2767424152490117 5.326703678280674
1.7900948831821928 5.509345551951492
1.2890345596747372 5.647629414680723
0.7775956878328277 5.740441886115263
0.2598960727313484 5.7870356948079715
-0.2598960727313477 5.787035694807972
-0.777595687832827 5.7404418861152635
-1.2890345596747366 5.647629414680723
-1.7900948831821921 5.509345551951493
-2.2767424152490094 5.3267036782806745
-2.7450589560911056 5.101174318643382
-3.191273896287283 4.8345733028343
-3.611794575509219 4.5290471454738634
-4.003235208509974 4.187055763534667
-4.36244414547599 3.81135267053641
-4.686529247258252 3.4049628068740727
-4.972881171176164 2.9711581847764936
-5.219194379910542 2.513431543987816
-5.423485704334479 2.035468230280763
-5.584110310825067 1.541116523219428
-5.699774944496583 1.034356652074971
-5.769548341728407 0.5192687493598686
-5.79286872815212 7.094218145812293e-16
-5.769548341728407 -0.5192687493598671
-5.699774944496583 -1.0343566520749694
-5.584110310825068 -1.5411165232194266
-5.423485704334479 -2.035468230280762
-5.219194379910542 -2.5134315439878145
-4.972881171176166 -2.9711581847764905
-4.686529247258253 -3.4049628068740714
-4.362444145475991 -3.8113526705364085
-4.0032352085099765 -4.187055763534664
-3.61179457550922 -4.529047145473862
-3.191273896287284 -4.834573302834299
-2.745058956091107 -5.101174318643381
-2.276742415249012 -5.326703678280674
-1.7900948831821935 -5.509345551951492
-1.2890345596747381 -5.647629414680723
-0.7775956878328284 -5.740441886115263
-0.25989607273134907 -5.7870356948079715
0.25989607273134696 -5.787035694807972
0.7775956878328263 -5.7404418861152635
1.289034559674736 -5.647629414680723
1.7900948831821915 -5.509345551951493
2.2767424152490103 -5.3267036782806745
2.745058956091105 -5.101174318643382
3.191273896287282 -4.8345733028343
3.6117945755092182 -4.5290471454738634
4.003235208509973 -4.1870557635346675
4.3624441454759895 -3.8113526705364107
4.686529247258252 -3.404962806874073
4.972881171176163 -2.971158184776494
5.219194379910542 -2.5134315439878168
5.423485704334479 -2.035468230280764
5.584110310825067 -1.5411165232194286
5.699774944496583 -1.0343566520749716
5.769548341728406 -0.5192687493598692
7.088286422584057 0.0
7.059751065369195 0.6353890962300258
6.974374743642383 1.2656624130599459
6.832844857345703 1.8857453603373548
6.63630092190539 2.490645394773643
6.386325393523646 3.0754922169669903
6.0849309281717705 3.635576984189458
5.734544176867702 4.1663902232198815
5.337986247708867 4.663658137970717
4.8984499919685645 5.123377019581191
4.419474297134885 5.5418454819269005
3.90491559386948 5.915694263004508
3.3589168062954236 6.241913352248302
2.7858739956081764 6.5178762253654074
2.190400965575674 6.741360991565029
1.5772921149032673 6.910568282916642
0.9514838355544044 7.024135741802557
0.31801476782509247 7.081148989820411
-0.3180147678250916 7.081148989820412
-0.9514838355544034 7.024135741802558
-1.5772921149032666 6.910568282916642
-2.190400965575673 6.74136099156503
-2.7858739956081737 6.517876225365409
-3.358916806295423 6.241913352248302
-3.9049155938694784 5.915694263004508
-4.419474297134884 5.541845481926901
-4.8984499919685645 5.123377019581191
-5.337986247708866 4.663658137970718
-5.7345441768677015 4.166390223219882
-6.0849309281717705 3.6355769841894587
-6.386325393523645 3.075492216966991
-6.63630092190539 2.4906453947736438
-6.832844857345703 1.8857453603373555
-6.974374743642383 1.2656624130599468
-7.059751065369195 0.6353890962300267
-7.088286422584057 8.680647278857208e-16
-7.059751065369195 -0.6353890962300249
-6.974374743642383 -1.265662413059945
-6.8328448573457035 -1.885745360337354
-6.63630092190539 -2.490645394773642
-6.386325393523646 -3.0754922169669894
-6.084930928171773 -3.6355769841894547
-5.734544176867703 -4.166390223219881
-5.3379862477088675 -4.6636581379707165
-4.898449991968568 -5.123377019581189
-4.419474297134886 -5.5418454819269
-3.90491559386948 -5.915694263004508
-3.3589168062954244 -6.241913352248301
-2.785873995608177 -6.5178762253654074
-2.1904009655756744 -6.741360991565029
-1.5772921149032684 -6.910568282916642
-0.9514838355544052 -7.024135741802557
-0.3180147678250933 -7.081148989820411
0.31801476782509075 -7.081148989820412
0.9514838355544026 -7.024135741802558
1.5772921149032657 -6.910568282916642
2.190400965575672 -6.74136099156503
2.7858739956081746 -6.517876225365408
3.358916806295422 -6.241913352248303
3.9049155938694775 -5.915694263004509
4.419474297134884 -5.541845481926901
4.898449991968564 -5.123377019581192
5.337986247708865 -4.663658137970719
5.7345441768677015 -4.166390223219883
6.08493092817177 -3.6355769841894596
6.386325393523645 -3.0754922169669916
6.636300921905389 -2.490645394773644
6.832844857345703 -1.8857453603373564
6.974374743642383 -1.2656624130599474
7.059751065369194 -0.6353890962300276
6.371756409044476 0.0
6.346105591007712 0.57115984100777
6.269359662201813 1.1377210388122934
6.142136535719651 1.6951219757814378
5.965460537369672 2.2388747873171706
5.740754158406785 2.7646014955024825
5.469826602469189 3.268069258005363
5.154859218934471 3.74522444843639
4.798387939977028 4.1922252937649205
4.403282862733308 4.6054728060166115
3.972725140967256 4.981639759208413
3.510181372290691 5.317697478215811
3.019375687157663 5.610940223884099
2.5042597643557962 5.859006978049097
1.9689810144122322 6.059900453067157
1.4178491870827092 6.212003172800885
0.8553016717806176 6.314090495585934
0.285867770326587 6.365340474325616
-0.2858677703265862 6.365340474325617
-0.8553016717806167 6.314090495585935
-1.4178491870827084 6.212003172800885
-1.9689810144122315 6.059900453067157
-2.504259764355794 5.859006978049098
-3.0193756871576625 5.610940223884099
-3.5101813722906896 5.317697478215812
-3.9727251409672557 4.981639759208414
-4.403282862733308 4.6054728060166115
-4.798387939977027 4.192225293764921
-5.15485921893447 3.7452244484363906
-5.469826602469189 3.268069258005364
-5.7407541584067845 2.764601495502483
-5.965460537369672 2.238874787317171
-6.142136535719651 1.6951219757814384
-6.269359662201813 1.137721038812294
-6.346105591007712 0.5711598410077707
-6.371756409044476 7.803151091282951e-16
-6.346105591007712 -0.5711598410077692
-6.269359662201813 -1.1377210388122925
-6.142136535719651 -1.695121975781437
-5.965460537369672 -2.2388747873171697
-5.740754158406785 -2.7646014955024816
-5.469826602469191 -3.2680692580053603
-5.154859218934471 -3.7452244484363892
-4.798387939977028 -4.19222529376492
-4.4032828627333105 -4.605472806016609
-3.972725140967257 -4.981639759208412
-3.510181372290691 -5.317697478215811
-3.019375687157664 -5.610940223884099
-2.5042597643557967 -5.859006978049097
-1.9689810144122328 -6.059900453067157
-1.4178491870827101 -6.212003172800885
-0.8553016717806182 -6.314090495585934
-0.2858677703265877 -6.365340474325616
0.28586777032658545 -6.365340474325617
0.8553016717806159 -6.314090495585935
1.4178491870827077 -6.212003172800885
1.9689810144122308 -6.059900453067157
2.504259764355795 -5.859006978049097
3.0193756871576616 -5.6109402238841
3.5101813722906887 -5.317697478215813
3.972725140967255 -4.981639759208414
4.403282862733307 -4.605472806016612
4.798387939977026 -4.192225293764922
5.15485921893447 -3.7452244484363915
5.469826602469189 -3.2680692580053643
5.7407541584067845 -2.764601495502484
5.965460537369671 -2.238874787317172
6.142136535719651 -1.695121975781439
6.269359662201813 -1.1377210388122947
6.346105591007711 -0.5711598410077715
6.539271238514014 0.0
6.5129460550223675 0.5861757545524958
6.434182459445945 1.1676319665950972
6.303614609944084 1.7396870925991532
6.122293762068322 2.2977352810530456
5.891679804670821 2.8372834560703657
5.613629505737737 3.3539874929950626
5.290381562785148 3.843687194738873
4.924538578182998 4.3024397872421165
4.519046104531109 4.726551664372115
4.077168928801618 5.112608126667961
3.602464786193923 5.457500874492773
3.0987557153427856 5.758453034234718
2.570097285510563 6.013041516060557
2.0207459435281407 6.219216523210232
1.4551247433878036 6.375318055755116
0.8777877344132012 6.48008927594137
0.29338329473193325 6.532686627508535
-0.2933832947319325 6.532686627508536
-0.8777877344132003 6.480089275941371
-1.4551247433878027 6.375318055755116
-2.02074594352814 6.219216523210233
-2.5700972855105606 6.013041516060558
-3.0987557153427847 5.758453034234718
-3.602464786193922 5.457500874492773
-4.077168928801617 5.112608126667962
-4.519046104531109 4.726551664372115
-4.924538578182997 4.302439787242117
-5.290381562785147 3.843687194738874
-5.613629505737737 3.3539874929950635
-5.8916798046708205 2.8372834560703666
-6.122293762068322 2.2977352810530465
-6.303614609944084 1.7396870925991539
-6.434182459445945 1.167631966595098
-6.5129460550223675 0.5861757545524967
-6.539271238514014 8.008297591002535e-16
-6.5129460550223675 -0.586175754552495
-6.434182459445945 -1.1676319665950963
-6.303614609944085 -1.7396870925991523
-6.122293762068322 -2.2977352810530447
-5.891679804670821 -2.837283456070365
-5.613629505737738 -3.35398749299506
-5.290381562785148 -3.843687194738872
-4.9245385781829984 -4.3024397872421165
-4.519046104531113 -4.726551664372112
-4.077168928801619 -5.11260812666796
-3.602464786193923 -5.457500874492773
-3.098755715342786 -5.7584530342347175
-2.5700972855105637 -6.013041516060557
-2.0207459435281416 -6.219216523210232
-1.4551247433878045 -6.375318055755116
-0.877787734413202 -6.48008927594137
-0.29338329473193403 -6.532686627508535
0.2933832947319317 -6.532686627508536
0.8777877344131996 -6.480089275941371
1.455124743387802 -6.375318055755116
2.0207459435281394 -6.219216523210233
2.5700972855105615 -6.013041516060557
3.098755715342784 -5.758453034234718
3.602464786193921 -5.457500874492774
4.077168928801616 -5.112608126667962
4.519046104531109 -4.726551664372115
4.924538578182996 -4.302439787242118
5.290381562785147 -3.8436871947388744
5.613629505737736 -3.353987492995064
5.8916798046708205 -2.837283456070367
6.122293762068321 -2.297735281053047
6.303614609944084 -1.7396870925991545
6.434182459445945 -1.1676319665950987
6.5129460550223675 -0.5861757545524975
6.686140425679075 0.0
6.659223990018744 0.5993410069891809
6.578691398351079 1.1938564725968903
6.445191051751791 1.7787597078634876
6.259797816514766 2.3493414158561388
6.024004369960675 2.901007608158699
5.7397091822768695 3.429316592965215
5.409201231151717 3.930014736970679
5.035141572272148 4.399070713125298
4.620541914067944 4.832707958509525
4.168740369206315 5.227435080998095
3.6833745780714793 5.58007396989652
3.1683524206231892 5.887785384219701
2.627820552445097 6.148091812590888
2.0661310183121797 6.358897420706536
1.4878062120851776 6.51850492576179
0.8975024650543518 6.6256292619736366
0.29997255589781174 6.6794079271749895
-0.2999725558978109 6.67940792717499
-0.8975024650543509 6.625629261973637
-1.487806212085177 6.51850492576179
-2.066131018312179 6.358897420706537
-2.627820552445095 6.148091812590889
-3.168352420623189 5.887785384219701
-3.6833745780714775 5.580073969896521
-4.168740369206314 5.227435080998096
-4.620541914067944 4.832707958509525
-5.035141572272148 4.399070713125299
-5.409201231151716 3.9300147369706795
-5.7397091822768695 3.429316592965216
-6.024004369960674 2.9010076081586997
-6.259797816514766 2.3493414158561396
-6.445191051751791 1.7787597078634882
-6.578691398351079 1.193856472596891
-6.659223990018744 0.5993410069891818
-6.686140425679075 8.1881604709576e-16
-6.659223990018744 -0.5993410069891801
-6.578691398351079 -1.1938564725968894
-6.445191051751792 -1.7787597078634867
-6.259797816514766 -2.349341415856138
-6.024004369960675 -2.901007608158698
-5.739709182276871 -3.429316592965212
-5.409201231151718 -3.930014736970678
-5.035141572272149 -4.3990707131252975
-4.620541914067948 -4.832707958509522
-4.168740369206316 -5.227435080998094
-3.6833745780714793 -5.58007396989652
-3.16835242062319 -5.8877853842197005
-2.627820552445098 -6.148091812590888
-2.06613101831218 -6.358897420706536
-1.4878062120851785 -6.51850492576179
-0.8975024650543526 -6.6256292619736366
-0.2999725558978125 -6.6794079271749895
0.29997255589781013 -6.67940792717499
0.8975024650543502 -6.625629261973637
1.487806212085176 -6.51850492576179
2.066131018312178 -6.358897420706537
2.6278205524450957 -6.148091812590888
3.168352420623188 -5.887785384219702
3.683374578071477 -5.580073969896522
4.168740369206314 -5.227435080998096
4.620541914067943 -4.832707958509525
5.035141572272147 -4.399070713125299
5.409201231151716 -3.9300147369706804
5.739709182276869 -3.4293165929652165
6.024004369960674 -2.9010076081587
6.259797816514766 -2.34934141585614
6.445191051751791 -1.778759707863489
6.578691398351079 -1.1938564725968919
6.659223990018743 -0.5993410069891826
5.961904666942128 0.0
5.937903791524607 0.5344210140928471
5.866094406208618 1.0645391844146863
5.747054677941492 1.5860863111625225
5.581743044621009 2.094863203536526
5.371490498316998 2.5867734891552705
5.117989868905805 3.0578565956375168
4.823282194399493 3.5043196388022517
4.489740287707878 3.92256796074193
4.120049632144178 4.309234071894325
3.717186759492406 4.6612047640884295
3.2843952847236215 4.97564617626611
2.8251597903153947 5.2500266110650715
2.343177770442605 5.4821369185573925
1.8423298609284284 5.670108283025797
1.3266485946464721 5.81242726956896
0.8002859339371637 5.90794800938944
0.2674798414483021 5.955901425655491
-0.2674798414483014 5.955901425655492
-0.800285933937163 5.9079480093894405
-1.3266485946464714 5.81242726956896
-1.8423298609284278 5.670108283025798
-2.343177770442603 5.482136918557394
-2.825159790315394 5.2500266110650715
-3.28439528472362 4.97564617626611
-3.7171867594924057 4.6612047640884295
-4.120049632144178 4.309234071894325
-4.489740287707877 3.922567960741931
-4.823282194399492 3.504319638802252
-5.117989868905805 3.0578565956375177
-5.371490498316997 2.586773489155271
-5.581743044621009 2.094863203536527
-5.747054677941492 1.5860863111625232
-5.866094406208618 1.064539184414687
-5.937903791524607 0.5344210140928479
-5.961904666942128 7.301227467192344e-16
-5.937903791524607 -0.5344210140928465
-5.866094406208618 -1.0645391844146856
-5.747054677941493 -1.5860863111625219
-5.581743044621009 -2.0948632035365256
-5.371490498316998 -2.5867734891552696
-5.1179898689058065 -3.057856595637514
-4.823282194399493 -3.504319638802251
-4.489740287707879 -3.9225679607419295
-4.12004963214418 -4.3092340718943225
-3.717186759492407 -4.661204764088429
-3.2843952847236215 -4.97564617626611
-2.8251597903153955 -5.250026611065071
-2.3431777704426056 -5.4821369185573925
-1.842329860928429 -5.670108283025797
-1.326648594646473 -5.81242726956896
-0.8002859339371644 -5.90794800938944
-0.26747984144830284 -5.955901425655491
0.26747984144830067 -5.955901425655492
0.8002859339371623 -5.9079480093894405
1.3266485946464708 -5.81242726956896
1.842329860928427 -5.670108283025798
2.343177770442604 -5.482136918557393
2.8251597903153933 -5.250026611065072
3.2843952847236197 -4.975646176266111
3.717186759492405 -4.6612047640884295
4.120049632144177 -4.309234071894326
4.4897402877078765 -3.9225679607419313
4.823282194399492 -3.504319638802253
5.117989868905804 -3.057856595637518
5.371490498316997 -2.586773489155272
5.581743044621008 -2.0948632035365273
5.747054677941492 -1.5860863111625239
5.866094406208618 -1.0645391844146876
5.937903791524606 -0.5344210140928487
6.903936122072723 0.0
6.876142904969609 0.6188640626960495
6.7929870283022336 1.2327453958454468
6.655138014294658 1.8367013879100509
6.463705742153765 2.4258693403621305
6.22023151197448 2.9955056192736875
5.926675635097675 3.5410238482676335
5.585401650835905 4.058031835323634
5.19915729664459 4.5423669361256875
4.771052384955678 4.990129569226564
4.304533764796476 5.397714613184698
3.8033575697879987 5.7618404328822646
3.2715589759656227 6.079575301321575
2.713419712914299 6.348361004167031
2.133433589799543 6.566033436982756
1.5362703138583582 6.730840029329036
0.9267378926623019 6.8414538554290045
0.30974392286758506 6.896984317794781
-0.3097439228675842 6.896984317794782
-0.9267378926623009 6.8414538554290045
-1.5362703138583573 6.730840029329036
-2.1334335897995427 6.566033436982757
-2.713419712914297 6.348361004167033
-3.271558975965622 6.079575301321575
-3.803357569787997 5.761840432882265
-4.304533764796475 5.397714613184699
-4.771052384955678 4.990129569226564
-5.19915729664459 4.542366936125688
-5.585401650835904 4.058031835323635
-5.926675635097675 3.5410238482676344
-6.220231511974479 2.995505619273688
-6.463705742153765 2.425869340362131
-6.655138014294658 1.8367013879100518
-6.7929870283022336 1.2327453958454475
-6.876142904969609 0.6188640626960504
-6.903936122072723 8.454883273414151e-16
-6.876142904969609 -0.6188640626960488
-6.7929870283022336 -1.2327453958454457
-6.655138014294659 -1.8367013879100502
-6.463705742153765 -2.4258693403621296
-6.22023151197448 -2.9955056192736866
-5.926675635097677 -3.5410238482676304
-5.585401650835906 -4.058031835323633
-5.199157296644591 -4.542366936125687
-4.771052384955681 -4.990129569226561
-4.304533764796477 -5.397714613184697
-3.8033575697879987 -5.7618404328822646
-3.2715589759656236 -6.079575301321574
-2.7134197129142996 -6.348361004167031
-2.133433589799544 -6.566033436982756
-1.536270313858359 -6.730840029329036
-0.9267378926623027 -6.8414538554290045
-0.3097439228675859 -6.896984317794781
0.3097439228675834 -6.896984317794782
0.9267378926623001 -6.8414538554290045
1.5362703138583567 -6.730840029329036
2.133433589799542 -6.566033436982757
2.7134197129142974 -6.348361004167032
3.2715589759656214 -6.079575301321576
3.803357569787996 -5.761840432882266
4.304533764796474 -5.397714613184699
4.771052384955677 -4.990129569226564
5.199157296644589 -4.542366936125689
5.585401650835904 -4.058031835323636
5.926675635097674 -3.5410238482676353
6.220231511974479 -2.995505619273689
6.463705742153764 -2.425869340362132
6.655138014294658 -1.8367013879100524
6.7929870283022336 -1.2327453958454482
6.876142904969608 -0.6188640626960513
6.800752855882543 0.0
6.773375024273721 0.6096147860243628
6.691461959649466 1.214321312239347
6.55567317784203 1.8092508372575489
6.367101970280015 2.3896133383564173
6.127266601448638 2.9507360779247294
5.8380980847168145 3.488101225598309
5.5019246349529345 3.9973822331736777
5.121452923107711 4.474478669430222
4.699746283691175 4.915549234391366
4.2402000506044235 5.317042687213336
3.7465142199074593 5.675726438688334
3.2226636596264866 5.988712578152118
2.672866106453748 6.25348112524259
2.1015482070116636 6.467900319299967
1.513309877097056 6.630243783050142
0.9128872658638615 6.739204422379407
0.3051146231349506 6.793904950287704
-0.30511462313494975 6.793904950287705
-0.9128872658638605 6.739204422379408
-1.5133098770970554 6.630243783050142
-2.1015482070116627 6.467900319299968
-2.672866106453746 6.253481125242592
-3.2226636596264857 5.988712578152118
-3.746514219907458 5.675726438688335
-4.240200050604423 5.317042687213337
-4.699746283691175 4.915549234391366
-5.12145292310771 4.474478669430223
-5.5019246349529345 3.997382233173678
-5.8380980847168145 3.4881012255983093
-6.127266601448637 2.9507360779247302
-6.367101970280015 2.389613338356418
-6.55567317784203 1.8092508372575495
-6.691461959649466 1.2143213122393477
-6.773375024273721 0.6096147860243636
-6.800752855882543 8.328520216748777e-16
-6.773375024273721 -0.6096147860243619
-6.691461959649466 -1.214321312239346
-6.5556731778420305 -1.809250837257548
-6.367101970280015 -2.3896133383564164
-6.127266601448638 -2.950736077924729
-5.838098084716816 -3.4881012255983057
-5.501924634952935 -3.997382233173677
-5.121452923107711 -4.474478669430221
-4.699746283691178 -4.915549234391364
-4.240200050604424 -5.317042687213335
-3.7465142199074593 -5.675726438688334
-3.2226636596264875 -5.988712578152117
-2.672866106453749 -6.25348112524259
-2.1015482070116644 -6.467900319299967
-1.5133098770970572 -6.630243783050142
-0.9128872658638622 -6.739204422379407
-0.30511462313495136 -6.793904950287704
0.3051146231349489 -6.793904950287705
0.9128872658638597 -6.739204422379408
1.5133098770970546 -6.630243783050142
2.1015482070116622 -6.467900319299968
2.6728661064537467 -6.253481125242591
3.2226636596264853 -5.988712578152119
3.746514219907457 -5.6757264386883355
4.240200050604422 -5.317042687213337
4.699746283691174 -4.915549234391367
5.121452923107709 -4.474478669430224
5.5019246349529345 -3.997382233173679
5.838098084716814 -3.48810122559831
6.127266601448637 -2.950736077924731
6.367101970280015 -2.3896133383564186
6.55567317784203 -1.8092508372575502
6.691461959649466 -1.2143213122393484
6.7733750242737205 -0.6096147860243645
1.0 0.5 0.4 0.32000000000000006 0.25600000000000006 0.20480000000000007 0.16384000000000007 0.13107200000000005 0.10485760000000005 0.08388608000000004 0.06710886400000003 0.05368709120000003 0.042949672960000025 0.03435973836800002 0.027487790694400018 0.021990232555520017 