0.0 0.0
2.5613944522382464 0.0
2.5554232505760064 0.1747957389996174
2.537537486087856 0.34877649957499807
2.507820550464247 0.5211311031075284
2.466410997776954 0.6910559528733937
2.4135018984760412 0.8577587807824595
2.349339939206289 1.020462341297834
2.2742242726401876 1.1784080353133526
2.188505122690082 1.3308594470927937
2.09258215160262 1.4771057777799854
1.9869025965488705 1.6164651594711907
1.8719591843981764 1.7482878343980377
1.748287834398038 1.871959184398176
1.6164651594711907 1.9869025965488705
1.4771057777799856 2.09258215160262
1.3308594470927937 2.188505122690082
1.1784080353133528 2.2742242726401876
1.0204623412978338 2.349339939206289
0.8577587807824598 2.413501898476041
0.6910559528733942 2.466410997776954
0.5211311031075283 2.507820550464247
0.34877649957499807 2.537537486087856
0.17479573899961803 2.5554232505760064
1.5684017586436783e-16 2.5613944522382464
-0.17479573899961715 2.5554232505760064
-0.3487764995749983 2.537537486087856
-0.5211311031075286 2.507820550464247
-0.6910559528733933 2.4664109977769546
-0.8577587807824595 2.4135018984760412
-1.020462341297834 2.349339939206289
-1.1784080353133524 2.2742242726401876
-1.3308594470927932 2.188505122690082
-1.4771057777799854 2.09258215160262
-1.6164651594711912 1.9869025965488705
-1.7482878343980381 1.8719591843981758
-1.8719591843981764 1.748287834398038
-1.9869025965488702 1.6164651594711914
-2.09258215160262 1.4771057777799856
-2.1885051226900814 1.3308594470927946
-2.2742242726401876 1.1784080353133528
-2.349339939206289 1.0204623412978338
-2.413501898476041 0.8577587807824599
-2.466410997776954 0.6910559528733937
-2.5078205504642463 0.5211311031075291
-2.537537486087856 0.34877649957499934
-2.555423250576007 0.1747957389996171
-2.5613944522382464 3.1368035172873566e-16
-2.5554232505760064 -0.17479573899961756
-2.537537486087856 -0.34877649957499757
-2.507820550464247 -0.5211311031075273
-2.466410997776954 -0.6910559528733942
-2.4135018984760412 -0.8577587807824594
-2.349339939206289 -1.0204623412978342
-2.274224272640188 -1.1784080353133524
-2.1885051226900822 -1.3308594470927928
-2.0925821516026195 -1.477105777779986
-1.9869025965488705 -1.6164651594711907
-1.8719591843981767 -1.7482878343980373
-1.748287834398038 -1.871959184398176
-1.6164651594711916 -1.9869025965488698
-1.4771057777799856 -2.09258215160262
-1.3308594470927937 -2.188505122690082
-1.178408035313354 -2.274224272640187
-1.020462341297833 -2.3493399392062893
-0.85775878078246 -2.413501898476041
-0.6910559528733938 -2.466410997776954
-0.5211311031075281 -2.507820550464247
-0.34877649957499945 -2.537537486087856
-0.1747957389996161 -2.555423250576007
-4.705205275931034e-16 -2.5613944522382464
0.1747957389996174 -2.5554232505760064
0.34877649957499857 -2.537537486087856
0.5211311031075272 -2.507820550464247
0.6910559528733929 -2.4664109977769546
0.8577587807824592 -2.4135018984760412
1.0204623412978342 -2.349339939206289
1.1784080353133513 -2.2742242726401884
1.3308594470927928 -2.1885051226900822
1.4771057777799852 -2.0925821516026204
1.6164651594711907 -1.9869025965488705
1.7482878343980381 -1.871959184398176
1.8719591843981753 -1.7482878343980388
1.9869025965488698 -1.6164651594711916
2.092582151602621 -1.477105777779984
2.188505122690082 -1.3308594470927937
2.274224272640188 -1.178408035313352
2.3493399392062884 -1.020462341297835
2.413501898476041 -0.8577587807824602
2.4664109977769537 -0.6910559528733962
2.507820550464247 -0.5211311031075283
2.537537486087856 -0.34877649957499735
2.5554232505760064 -0.1747957389996185
3.847824669473097 0.0
3.8388545020542177 0.26258484164896156
3.8119858228588868 0.5239453915520242
3.767343906072603 0.7828630661765646
3.705136892918977 1.0381306718021857
3.6256548212092663 1.2885580330151039
3.529268273052209 1.5329775418553357
3.416426647029168 1.7702496017439984
3.287656062890493 1.9992679408086182
3.143556908542376 2.2189647698332777
2.9848010407612837 2.4283157607848502
2.8121286526875253 2.6263448227031407
2.626344822703141 2.812128652687525
2.4283157607848502 2.9848010407612837
2.218964769833278 3.1435569085423753
1.9992679408086182 3.287656062890493
1.7702496017439986 3.416426647029168
1.5329775418553353 3.529268273052209
1.2885580330151043 3.625654821209266
1.0381306718021863 3.705136892918977
0.7828630661765645 3.767343906072603
0.5239453915520242 3.8119858228588868
0.2625848416489625 3.8388545020542177
2.3561130825752253e-16 3.847824669473097
-0.2625848416489612 3.8388545020542177
-0.5239453915520246 3.8119858228588868
-0.782863066176565 3.767343906072603
-1.038130671802185 3.7051368929189774
-1.2885580330151039 3.6256548212092663
-1.5329775418553357 3.529268273052209
-1.7702496017439981 3.416426647029168
-1.9992679408086176 3.2876560628904934
-2.2189647698332777 3.143556908542376
-2.4283157607848507 2.9848010407612837
-2.6263448227031416 2.8121286526875244
-2.8121286526875253 2.626344822703141
-2.9848010407612833 2.428315760784851
-3.1435569085423753 2.218964769833278
-3.287656062890492 1.9992679408086196
-3.416426647029168 1.7702496017439988
-3.529268273052209 1.5329775418553355
-3.625654821209266 1.2885580330151045
-3.705136892918977 1.0381306718021857
-3.7673439060726026 0.7828630661765656
-3.8119858228588863 0.5239453915520261
-3.838854502054218 0.26258484164896106
-3.847824669473097 4.712226165150451e-16
-3.8388545020542177 -0.26258484164896184
-3.8119858228588868 -0.5239453915520235
-3.767343906072603 -0.7828630661765631
-3.705136892918977 -1.0381306718021863
-3.6256548212092663 -1.2885580330151036
-3.5292682730522085 -1.5329775418553362
-3.4164266470291684 -1.770249601743998
-3.287656062890494 -1.9992679408086171
-3.143556908542375 -2.2189647698332786
-2.9848010407612837 -2.4283157607848502
-2.8121286526875258 -2.6263448227031403
-2.626344822703141 -2.812128652687525
-2.4283157607848516 -2.984801040761283
-2.218964769833278 -3.1435569085423753
-1.9992679408086182 -3.287656062890493
-1.7702496017440006 -3.416426647029167
-1.5329775418553342 -3.5292682730522094
-1.2885580330151045 -3.625654821209266
-1.0381306718021859 -3.705136892918977
-0.7828630661765643 -3.767343906072603
-0.5239453915520264 -3.8119858228588863
-0.26258484164895957 -3.838854502054218
-7.068339247725675e-16 -3.847824669473097
0.26258484164896156 -3.8388545020542177
0.523945391552025 -3.8119858228588868
0.7828630661765629 -3.7673439060726035
1.0381306718021848 -3.7051368929189774
1.2885580330151034 -3.6256548212092663
1.532977541855336 -3.5292682730522085
1.7702496017439964 -3.4164266470291693
1.9992679408086171 -3.287656062890494
2.2189647698332773 -3.1435569085423762
2.4283157607848502 -2.9848010407612837
2.6263448227031416 -2.812128652687525
2.8121286526875235 -2.6263448227031425
2.984801040761283 -2.4283157607848516
3.143556908542377 -2.2189647698332755
3.287656062890493 -1.9992679408086182
3.4164266470291684 -1.7702496017439977
3.529268273052208 -1.5329775418553373
3.625654821209266 -1.2885580330151047
3.705136892918976 -1.0381306718021894
3.767343906072603 -0.7828630661765644
3.8119858228588868 -0.5239453915520231
3.8388545020542177 -0.26258484164896323
4.748154745812513 0.0
4.737085701180987 0.3240255388831617
4.703930176282163 0.6465403211277303
4.648842757478336 0.9660406339399555
4.572080287745364 1.2810368193741173
4.474000669152152 1.5900602198055216
4.355061194155988 1.8916700254903085
4.215816413494017 2.184459992285583
4.056915550611711 2.4670649982087554
3.8790994746834713 2.7381674082663947
3.6831972463385405 2.99650321787681
3.470122252197639 3.2408679462428998
3.2408679462429 3.4701222521976387
2.99650321787681 3.6831972463385405
2.738167408266395 3.879099474683471
2.4670649982087554 4.056915550611711
2.184459992285583 4.215816413494017
1.891670025490308 4.355061194155988
1.590060219805522 4.474000669152152
1.281036819374118 4.572080287745364
0.9660406339399554 4.648842757478336
0.6465403211277303 4.703930176282163
0.32402553888316293 4.737085701180987
2.907406255657804e-16 4.748154745812513
-0.32402553888316127 4.737085701180987
-0.6465403211277307 4.703930176282163
-0.966040633939956 4.648842757478336
-1.2810368193741164 4.572080287745364
-1.5900602198055216 4.474000669152152
-1.8916700254903085 4.355061194155988
-2.1844599922855825 4.215816413494017
-2.4670649982087545 4.056915550611711
-2.7381674082663947 3.8790994746834713
-2.9965032178768105 3.6831972463385405
-3.2408679462429006 3.470122252197638
-3.470122252197639 3.2408679462429
-3.68319724633854 2.9965032178768114
-3.879099474683471 2.738167408266395
-4.05691555061171 2.4670649982087567
-4.215816413494017 2.1844599922855834
-4.355061194155988 1.8916700254903083
-4.474000669152152 1.5900602198055225
-4.572080287745364 1.2810368193741173
-4.648842757478335 0.9660406339399568
-4.703930176282162 0.6465403211277327
-4.7370857011809875 0.32402553888316116
-4.748154745812513 5.814812511315608e-16
-4.737085701180987 -0.32402553888316205
-4.703930176282163 -0.6465403211277294
-4.648842757478336 -0.9660406339399537
-4.572080287745364 -1.281036819374118
-4.474000669152152 -1.5900602198055214
-4.355061194155987 -1.8916700254903092
-4.215816413494018 -2.184459992285582
-4.056915550611712 -2.4670649982087536
-3.8790994746834704 -2.7381674082663956
-3.6831972463385405 -2.99650321787681
-3.4701222521976396 -3.2408679462428993
-3.2408679462429 -3.4701222521976387
-2.996503217876812 -3.6831972463385396
-2.738167408266395 -3.879099474683471
-2.4670649982087554 -4.056915550611711
-2.184459992285585 -4.215816413494016
-1.8916700254903067 -4.355061194155989
-1.5900602198055227 -4.474000669152152
-1.2810368193741175 -4.572080287745364
-0.9660406339399551 -4.648842757478336
-0.646540321127733 -4.703930176282162
-0.32402553888315927 -4.7370857011809875
-8.722218766973412e-16 -4.748154745812513
0.3240255388831617 -4.737085701180987
0.6465403211277313 -4.703930176282163
0.9660406339399533 -4.648842757478336
1.281036819374116 -4.572080287745364
1.5900602198055211 -4.474000669152152
1.891670025490309 -4.355061194155987
2.1844599922855803 -4.215816413494019
2.4670649982087536 -4.056915550611712
2.7381674082663943 -3.8790994746834717
2.99650321787681 -3.6831972463385405
3.2408679462429006 -3.4701222521976387
3.470122252197637 -3.240867946242902
3.6831972463385396 -2.996503217876812
3.879099474683473 -2.738167408266392
4.056915550611711 -2.4670649982087554
4.215816413494018 -2.1844599922855816
4.355061194155987 -1.8916700254903107
4.474000669152152 -1.590060219805523
4.572080287745363 -1.2810368193741217
4.648842757478336 -0.9660406339399553
4.703930176282163 -0.6465403211277291
4.737085701180987 -0.32402553888316377
5.446855167767046 0.0
5.434157291185276 0.371706541896253
5.396122864802173 0.7416800163074126
5.332929222670944 1.1081954361090178
5.2448710027225856 1.4695439372235006
5.132358773027839 1.82404074613336
4.995917117539315 2.1700330350730233
4.83618219023895 2.505907628274867
4.653898749094483 2.830098523339316
4.449916683654017 3.1410941926609284
4.225187052468614 3.437444630867842
3.9807576488183125 3.7177681154161664
3.717768115416167 3.980757648818312
3.437444630867842 4.225187052468614
3.141094192660929 4.449916683654016
2.830098523339316 4.653898749094483
2.5059076282748673 4.83618219023895
2.170033035073023 4.995917117539315
1.8240407461333608 5.132358773027839
1.4695439372235015 5.2448710027225856
1.1081954361090176 5.332929222670944
0.7416800163074126 5.396122864802173
0.37170654189625435 5.434157291185276
3.335236873312566e-16 5.446855167767046
-0.37170654189625246 5.434157291185276
-0.7416800163074132 5.396122864802173
-1.1081954361090183 5.332929222670944
-1.4695439372234997 5.244871002722586
-1.82404074613336 5.132358773027839
-2.1700330350730233 4.995917117539315
-2.505907628274867 4.83618219023895
-2.8300985233393146 4.653898749094484
-3.1410941926609284 4.449916683654017
-3.4374446308678426 4.225187052468614
-3.7177681154161673 3.980757648818311
-3.9807576488183125 3.717768115416167
-4.2251870524686135 3.4374446308678435
-4.449916683654016 3.141094192660929
-4.653898749094482 2.8300985233393177
-4.83618219023895 2.505907628274868
-4.995917117539315 2.1700330350730233
-5.132358773027839 1.824040746133361
-5.2448710027225856 1.4695439372235006
-5.332929222670943 1.1081954361090192
-5.396122864802172 0.7416800163074154
-5.434157291185277 0.37170654189625235
-5.446855167767046 6.670473746625132e-16
-5.434157291185276 -0.3717065418962534
-5.396122864802173 -0.7416800163074116
-5.332929222670944 -1.1081954361090156
-5.2448710027225856 -1.4695439372235015
-5.132358773027839 -1.8240407461333599
-4.995917117539315 -2.170033035073024
-4.83618219023895 -2.5059076282748665
-4.653898749094485 -2.830098523339314
-4.449916683654016 -3.1410941926609297
-4.225187052468614 -3.437444630867842
-3.980757648818313 -3.7177681154161655
-3.717768115416167 -3.980757648818312
-3.437444630867844 -4.225187052468613
-3.141094192660929 -4.449916683654016
-2.830098523339316 -4.653898749094483
-2.50590762827487 -4.836182190238948
-2.1700330350730215 -4.9959171175393156
-1.8240407461333612 -5.132358773027839
-1.469543937223501 -5.2448710027225856
-1.1081954361090172 -5.332929222670944
-0.7416800163074158 -5.396122864802172
-0.37170654189625024 -5.434157291185277
-1.0005710619937698e-15 -5.446855167767046
0.371706541896253 -5.434157291185276
0.7416800163074138 -5.396122864802173
1.1081954361090152 -5.332929222670945
1.4695439372234993 -5.244871002722586
1.8240407461333594 -5.132358773027839
2.1700330350730237 -4.995917117539315
2.505907628274864 -4.836182190238952
2.830098523339314 -4.653898749094485
3.141094192660928 -4.449916683654018
3.437444630867842 -4.225187052468614
3.7177681154161673 -3.980757648818312
3.9807576488183103 -3.7177681154161686
4.225187052468613 -3.437444630867844
4.449916683654019 -3.1410941926609253
4.653898749094483 -2.830098523339316
4.83618219023895 -2.5059076282748656
4.995917117539314 -2.170033035073026
5.132358773027839 -1.8240407461333616
5.244871002722585 -1.469543937223506
5.332929222670944 -1.1081954361090176
5.396122864802173 -0.7416800163074112
5.434157291185276 -0.37170654189625535
6.0228955132817745 0.0
6.008854753699048 0.41101692526959704
5.966797939453527 0.8201174999003974
5.896921158827443 1.2253943081649061
5.799550209628517 1.6249577624995513
5.675139080170192 2.0169449136341733
5.52426783256853 2.399528136521497
5.347639898224874 2.7709236515687667
5.1460787981039315 3.1293998414416344
4.920524303098883 3.4732853246635216
4.672028052385664 3.8009767483676016
4.401748650195673 4.110946263868004
4.110946263868004 4.401748650195673
3.8009767483676016 4.672028052385664
3.473285324663522 4.920524303098882
3.1293998414416344 5.1460787981039315
2.7709236515687667 5.347639898224874
2.399528136521496 5.52426783256853
2.016944913634174 5.675139080170191
1.6249577624995521 5.799550209628517
1.225394308164906 5.896921158827443
0.8201174999003974 5.966797939453527
0.41101692526959854 6.008854753699048
3.68795985596974e-16 6.0228955132817745
-0.41101692526959643 6.008854753699048
-0.820117499900398 5.966797939453527
-1.2253943081649066 5.896921158827443
-1.6249577624995502 5.799550209628518
-2.0169449136341733 5.675139080170192
-2.399528136521497 5.52426783256853
-2.7709236515687663 5.347639898224874
-3.129399841441633 5.146078798103932
-3.4732853246635216 4.920524303098883
-3.800976748367602 4.672028052385664
-4.110946263868005 4.401748650195672
-4.401748650195673 4.110946263868004
-4.672028052385664 3.800976748367603
-4.920524303098882 3.473285324663522
-5.14607879810393 3.1293998414416366
-5.347639898224874 2.770923651568767
-5.52426783256853 2.3995281365214964
-5.675139080170191 2.016944913634174
-5.799550209628517 1.6249577624995513
-5.896921158827442 1.2253943081649077
-5.966797939453526 0.8201174999004004
-6.008854753699049 0.41101692526959627
-6.0228955132817745 7.37591971193948e-16
-6.008854753699048 -0.41101692526959743
-5.966797939453527 -0.8201174999003963
-5.896921158827443 -1.2253943081649037
-5.799550209628517 -1.6249577624995521
-5.675139080170192 -2.016944913634173
-5.52426783256853 -2.3995281365214973
-5.347639898224875 -2.770923651568766
-5.146078798103932 -3.1293998414416326
-4.9205243030988814 -3.473285324663523
-4.672028052385664 -3.8009767483676016
-4.401748650195674 -4.110946263868003
-4.110946263868004 -4.401748650195673
-3.8009767483676034 -4.672028052385663
-3.473285324663522 -4.920524303098882
-3.1293998414416344 -5.1460787981039315
-2.77092365156877 -5.347639898224873
-2.3995281365214947 -5.524267832568531
-2.0169449136341746 -5.675139080170191
-1.6249577624995515 -5.799550209628517
-1.2253943081649055 -5.896921158827443
-0.8201174999004007 -5.966797939453526
-0.41101692526959394 -6.008854753699049
-1.106387956790922e-15 -6.0228955132817745
0.41101692526959704 -6.008854753699048
0.8201174999003986 -5.966797939453527
1.2253943081649032 -5.896921158827443
1.6249577624995495 -5.799550209628518
2.016944913634173 -5.675139080170192
2.3995281365214973 -5.52426783256853
2.770923651568763 -5.347639898224876
3.1293998414416326 -5.146078798103932
3.4732853246635207 -4.920524303098884
3.8009767483676016 -4.672028052385664
4.110946263868005 -4.401748650195673
4.40174865019567 -4.110946263868007
4.672028052385663 -3.8009767483676034
4.920524303098885 -3.473285324663518
5.1460787981039315 -3.1293998414416344
5.347639898224875 -2.7709236515687654
5.524267832568529 -2.3995281365214995
5.675139080170191 -2.016944913634175
5.799550209628516 -1.6249577624995568
5.896921158827443 -1.2253943081649057
5.966797939453527 -0.8201174999003957
6.008854753699048 -0.4110169252695996
6.52578415874662 0.0
6.510571049659858 0.4453352600898085
6.465002652936796 0.8885941616218958
6.38929142947819 1.327710026980623
6.283790379957535 1.760635495297496
6.148991398968982 2.1853520681926333
5.985522981587655 2.5998795209459913
5.794147293035503 3.0022851352191187
5.575756615115195 3.3906927102802276
5.331369185980464 3.7632913107180976
5.062124452639797 4.118343709858924
4.769277758328493 4.454194489519005
4.454194489519006 4.769277758328492
4.118343709858924 5.062124452639797
3.7632913107180985 5.3313691859804635
3.3906927102802276 5.575756615115195
3.002285135219119 5.794147293035503
2.599879520945991 5.985522981587655
2.185352068192634 6.148991398968981
1.7606354952974972 6.283790379957535
1.3277100269806228 6.38929142947819
0.8885941616218958 6.465002652936796
0.4453352600898101 6.510571049659858
3.9958903409677756e-16 6.52578415874662
-0.44533526008980784 6.510571049659858
-0.8885941616218963 6.465002652936796
-1.3277100269806237 6.38929142947819
-1.760635495297495 6.283790379957536
-2.1853520681926333 6.148991398968982
-2.5998795209459913 5.985522981587655
-3.002285135219118 5.794147293035503
-3.3906927102802262 5.575756615115195
-3.7632913107180976 5.331369185980464
-4.118343709858925 5.062124452639797
-4.454194489519007 4.769277758328492
-4.769277758328493 4.454194489519006
-5.062124452639797 4.118343709858926
-5.3313691859804635 3.7632913107180985
-5.575756615115194 3.39069271028023
-5.794147293035503 3.0022851352191195
-5.985522981587655 2.599879520945991
-6.148991398968981 2.1853520681926346
-6.283790379957535 1.760635495297496
-6.389291429478189 1.3277100269806248
-6.465002652936795 0.8885941616218991
-6.510571049659859 0.44533526008980767
-6.52578415874662 7.991780681935551e-16
-6.510571049659858 -0.44533526008980895
-6.465002652936796 -0.8885941616218945
-6.38929142947819 -1.3277100269806204
-6.283790379957535 -1.7606354952974972
-6.148991398968982 -2.185352068192633
-5.985522981587654 -2.599879520945992
-5.794147293035504 -3.002285135219118
-5.575756615115196 -3.3906927102802253
-5.331369185980463 -3.7632913107180994
-5.062124452639797 -4.118343709858924
-4.769277758328494 -4.454194489519005
-4.454194489519006 -4.769277758328492
-4.118343709858926 -5.062124452639796
-3.7632913107180985 -5.3313691859804635
-3.3906927102802276 -5.575756615115195
-3.002285135219122 -5.794147293035501
-2.599879520945989 -5.985522981587656
-2.1853520681926346 -6.148991398968981
-1.7606354952974963 -6.283790379957535
-1.3277100269806223 -6.38929142947819
-0.8885941616218994 -6.465002652936795
-0.4453352600898051 -6.510571049659859
-1.1987671022903327e-15 -6.52578415874662
0.4453352600898085 -6.510571049659858
0.8885941616218971 -6.465002652936796
1.32771002698062 -6.38929142947819
1.7606354952974943 -6.283790379957536
2.185352068192633 -6.148991398968982
2.5998795209459917 -5.985522981587654
3.002285135219115 -5.794147293035506
3.3906927102802253 -5.575756615115196
3.763291310718097 -5.331369185980464
4.118343709858924 -5.062124452639797
4.454194489519007 -4.769277758328492
4.76927775832849 -4.454194489519009
5.062124452639796 -4.118343709858926
5.331369185980466 -3.763291310718094
5.575756615115195 -3.3906927102802276
5.794147293035504 -3.0022851352191173
5.985522981587654 -2.5998795209459944
6.148991398968981 -2.185352068192635
6.2837903799575345 -1.760635495297502
6.38929142947819 -1.3277100269806228
6.465002652936796 -0.888594161621894
6.510571049659858 -0.4453352600898113
7.006051868815929 0.0
6.9897191448466645 0.4781098876860622
6.940797123637512 0.9539906063711613
6.859513902234677 1.4254233804692429
6.746248460538213 1.8902101727651734
6.601528894322783 2.346183932678891
6.42602995301137 2.7912187000555626
6.220569893682 3.223239517373209
5.9861066659755195 3.6402321041525116
5.723733445692157 4.040252248462236
5.4346735379013165 4.421434871732744
5.120274673328643 4.782002724613237
4.782002724613238 5.120274673328642
4.421434871732744 5.4346735379013165
4.040252248462237 5.723733445692156
3.6402321041525116 5.9861066659755195
3.2232395173732096 6.220569893682
2.7912187000555617 6.42602995301137
2.346183932678892 6.601528894322782
1.8902101727651746 6.746248460538213
1.4254233804692427 6.859513902234677
0.9539906063711613 6.940797123637512
0.47810988768606394 6.9897191448466645
4.2899694979028796e-16 7.006051868815929
-0.4781098876860615 6.9897191448466645
-0.9539906063711618 6.940797123637512
-1.4254233804692436 6.859513902234677
-1.8902101727651721 6.746248460538214
-2.346183932678891 6.601528894322783
-2.7912187000555626 6.42602995301137
-3.223239517373209 6.220569893682
-3.64023210415251 5.98610666597552
-4.040252248462236 5.723733445692157
-4.421434871732745 5.4346735379013165
-4.782002724613239 5.120274673328641
-5.120274673328643 4.782002724613238
-5.434673537901316 4.421434871732746
-5.723733445692156 4.040252248462237
-5.986106665975518 3.640232104152514
-6.220569893682 3.22323951737321
-6.42602995301137 2.791218700055562
-6.601528894322782 2.3461839326788922
-6.746248460538213 1.8902101727651734
-6.859513902234676 1.4254233804692447
-6.940797123637511 0.9539906063711647
-6.989719144846665 0.47810988768606133
-7.006051868815929 8.579938995805759e-16
-6.9897191448466645 -0.4781098876860627
-6.940797123637512 -0.9539906063711598
-6.859513902234677 -1.42542338046924
-6.746248460538213 -1.8902101727651746
-6.601528894322783 -2.3461839326788905
-6.426029953011369 -2.7912187000555635
-6.220569893682001 -3.2232395173732087
-5.986106665975521 -3.640232104152509
-5.723733445692155 -4.040252248462238
-5.4346735379013165 -4.421434871732744
-5.120274673328644 -4.782002724613236
-4.782002724613238 -5.120274673328642
-4.421434871732747 -5.434673537901315
-4.040252248462237 -5.723733445692156
-3.6402321041525116 -5.9861066659755195
-3.223239517373213 -6.220569893681999
-2.79121870005556 -6.42602995301137
-2.3461839326788927 -6.601528894322782
-1.8902101727651737 -6.746248460538213
-1.425423380469242 -6.859513902234677
-0.9539906063711652 -6.940797123637511
-0.4781098876860586 -6.989719144846665
-1.2869908493708638e-15 -7.006051868815929
0.4781098876860622 -6.9897191448466645
0.9539906063711626 -6.940797123637512
1.4254233804692396 -6.859513902234678
1.8902101727651714 -6.746248460538214
2.3461839326788905 -6.601528894322783
2.791218700055563 -6.426029953011369
3.2232395173732056 -6.220569893682002
3.640232104152509 -5.986106665975521
4.040252248462235 -5.723733445692158
4.421434871732744 -5.4346735379013165
4.782002724613239 -5.120274673328642
5.12027467332864 -4.78200272461324
5.434673537901315 -4.421434871732747
5.72373344569216 -4.040252248462233
5.9861066659755195 -3.6402321041525116
6.220569893682001 -3.223239517373208
6.426029953011368 -2.7912187000555657
6.601528894322782 -2.346183932678893
6.7462484605382125 -1.8902101727651799
6.859513902234677 -1.4254233804692424
6.940797123637512 -0.9539906063711593
6.9897191448466645 -0.4781098876860652
1.0 0.5 0.4 0.32000000000000006 0.25600000000000006 0.20480000000000007 0.16384000000000007 0.13107200000000005 