0.0 0.0
2.2821395433902927 0.0
2.2734553134309268 0.19890156695798242
2.2474687157865008 0.3962893728913648
2.2043775241562256 0.5906611774109782
2.1445096885275805 0.7805376937195241
2.0683208392788868 0.9644738468773191
1.9763908195570128 1.1410697716951461
1.8694192723209047 1.3089814665536075
1.7482203156362155 1.4669310220669765
1.6137163467452473 1.613716346745247
1.4669310220669767 1.7482203156362155
1.3089814665536077 1.8694192723209042
1.1410697716951466 1.9763908195570126
0.9644738468773191 2.0683208392788868
0.7805376937195243 2.14450968852758
0.5906611774109788 2.204377524156225
0.396289372891365 2.2474687157865008
0.19890156695798236 2.2734553134309268
1.3974074435102621e-16 2.2821395433902927
-0.19890156695798208 2.2734553134309268
-0.39628937289136473 2.2474687157865008
-0.5906611774109785 2.2043775241562256
-0.7805376937195235 2.1445096885275805
-0.9644738468773187 2.068320839278887
-1.141069771695146 1.9763908195570128
-1.3089814665536077 1.8694192723209042
-1.4669310220669767 1.7482203156362155
-1.613716346745247 1.6137163467452473
-1.7482203156362153 1.466931022066977
-1.8694192723209049 1.3089814665536073
-1.9763908195570123 1.141069771695147
-2.0683208392788868 0.9644738468773192
-2.14450968852758 0.7805376937195244
-2.2043775241562256 0.5906611774109779
-2.2474687157865008 0.3962893728913647
-2.2734553134309268 0.19890156695798247
-2.2821395433902927 2.7948148870205243e-16
-2.2734553134309268 -0.19890156695798192
-2.2474687157865008 -0.3962893728913641
-2.2043775241562256 -0.5906611774109773
-2.1445096885275805 -0.780537693719524
-2.0683208392788877 -0.9644738468773177
-1.9763908195570126 -1.1410697716951466
-1.869419272320905 -1.308981466553607
-1.7482203156362164 -1.4669310220669756
-1.6137163467452476 -1.613716346745247
-1.466931022066977 -1.7482203156362153
-1.3089814665536068 -1.8694192723209053
-1.1410697716951475 -1.9763908195570121
-0.9644738468773202 -2.0683208392788863
-0.7805376937195236 -2.1445096885275805
-0.590661177410978 -2.2043775241562256
-0.3962893728913648 -2.2474687157865008
-0.1989015669579826 -2.2734553134309268
-4.192222330530786e-16 -2.2821395433902927
0.19890156695798178 -2.2734553134309268
0.39628937289136396 -2.2474687157865008
0.5906611774109772 -2.2043775241562256
0.7805376937195246 -2.14450968852758
0.9644738468773176 -2.0683208392788877
1.1410697716951448 -1.9763908195570135
1.3089814665536075 -1.8694192723209047
1.4669310220669765 -1.7482203156362157
1.6137163467452467 -1.6137163467452476
1.748220315636215 -1.4669310220669771
1.869419272320904 -1.3089814665536086
1.976390819557013 -1.1410697716951457
2.0683208392788863 -0.9644738468773203
2.1445096885275805 -0.7805376937195238
2.2043775241562256 -0.5906611774109781
2.2474687157865008 -0.39628937289136495
2.2734553134309268 -0.19890156695798278
3.741990772932818 0.0
3.7277513683039065 0.3261359851698432
3.685141524884384 0.6497898785662519
3.6144855293112017 0.9684984786329155
3.516321116373927 1.2798362204818123
3.3913953765283056 1.581433635906604
3.240659070086788 1.8709953864664088
3.0652593913584627 2.146317732397302
2.8665312378076746 2.405305304402572
2.6459870506782863 2.645987050678286
2.405305304402572 2.8665312378076746
2.1463177323973026 3.0652593913584623
1.8709953864664095 3.2406590700867874
1.581433635906604 3.3913953765283056
1.2798362204818128 3.5163211163739265
0.9684984786329164 3.6144855293112013
0.6497898785662523 3.685141524884384
0.32613598516984316 3.7277513683039065
2.291308511255553e-16 3.741990772932818
-0.32613598516984266 3.7277513683039065
-0.6497898785662518 3.685141524884384
-0.9684984786329159 3.6144855293112017
-1.2798362204818114 3.516321116373927
-1.5814336359066035 3.391395376528306
-1.8709953864664082 3.240659070086788
-2.1463177323973026 3.0652593913584623
-2.405305304402572 2.8665312378076746
-2.645987050678286 2.6459870506782863
-2.866531237807674 2.4053053044025723
-3.0652593913584627 2.1463177323973017
-3.240659070086787 1.8709953864664104
-3.3913953765283056 1.5814336359066041
-3.5163211163739265 1.279836220481813
-3.6144855293112017 0.9684984786329148
-3.685141524884384 0.6497898785662517
-3.7277513683039065 0.3261359851698433
-3.741990772932818 4.582617022511106e-16
-3.7277513683039065 -0.3261359851698424
-3.6851415248843846 -0.6497898785662508
-3.614485529311202 -0.968498478632914
-3.516321116373927 -1.2798362204818121
-3.391395376528307 -1.581433635906602
-3.2406590700867874 -1.8709953864664095
-3.065259391358463 -2.1463177323973013
-2.866531237807676 -2.4053053044025705
-2.6459870506782868 -2.645987050678286
-2.4053053044025723 -2.866531237807674
-2.146317732397301 -3.0652593913584636
-1.8709953864664106 -3.2406590700867866
-1.581433635906606 -3.3913953765283047
-1.2798362204818117 -3.516321116373927
-0.968498478632915 -3.6144855293112017
-0.6497898785662519 -3.685141524884384
-0.32613598516984355 -3.7277513683039065
-6.873925533766658e-16 -3.741990772932818
0.3261359851698422 -3.7277513683039065
0.6497898785662506 -3.6851415248843846
0.9684984786329138 -3.614485529311202
1.2798362204818134 -3.5163211163739265
1.5814336359066017 -3.391395376528307
1.8709953864664066 -3.2406590700867888
2.146317732397302 -3.0652593913584627
2.405305304402572 -2.866531237807675
2.6459870506782854 -2.6459870506782868
2.8665312378076737 -2.4053053044025727
3.065259391358462 -2.146317732397304
3.2406590700867883 -1.8709953864664077
3.3913953765283047 -1.581433635906606
3.516321116373927 -1.279836220481812
3.6144855293112017 -0.9684984786329153
3.685141524884384 -0.6497898785662521
3.7277513683039065 -0.3261359851698438
4.536142110808981 0.0
4.518880720578607 0.3953508348764867
4.467227919489847 0.7876928111802024
4.3815768165478035 1.1740399695689134
4.262579268363415 1.5514519748844893
4.111140918131046 1.917056493878879
3.928414303136944 2.2680710554044903
3.7157900832545594 2.6018242266997276
3.4748864571832114 2.915775944605358
3.2075368469788903 3.20753684697889
2.9157759446053584 3.4748864571832114
2.601824226699728 3.715790083254559
2.268071055404491 3.9284143031369436
1.917056493878879 4.111140918131046
1.5514519748844897 4.262579268363414
1.1740399695689143 4.3815768165478035
0.7876928111802027 4.467227919489847
0.3953508348764866 4.518880720578607
2.7775859582398687e-16 4.536142110808981
-0.395350834876486 4.518880720578607
-0.7876928111802023 4.467227919489847
-1.1740399695689139 4.3815768165478035
-1.5514519748844882 4.262579268363415
-1.9170564938788786 4.1111409181310465
-2.26807105540449 3.928414303136944
-2.601824226699728 3.715790083254559
-2.9157759446053584 3.4748864571832114
-3.20753684697889 3.2075368469788903
-3.474886457183211 2.915775944605359
-3.71579008325456 2.601824226699727
-3.928414303136943 2.268071055404492
-4.111140918131046 1.9170564938788792
-4.262579268363414 1.55145197488449
-4.3815768165478035 1.1740399695689125
-4.467227919489847 0.7876928111802022
-4.518880720578607 0.3953508348764868
-4.536142110808981 5.555171916479737e-16
-4.518880720578607 -0.3953508348764857
-4.467227919489848 -0.787692811180201
-4.381576816547804 -1.1740399695689117
-4.262579268363415 -1.551451974884489
-4.111140918131047 -1.9170564938788766
-3.9284143031369436 -2.268071055404491
-3.7157900832545607 -2.6018242266997262
-3.474886457183213 -2.915775944605356
-3.207536846978891 -3.20753684697889
-2.915775944605359 -3.474886457183211
-2.601824226699726 -3.715790083254561
-2.268071055404493 -3.9284143031369427
-1.9170564938788812 -4.111140918131045
-1.5514519748844884 -4.262579268363415
-1.174039969568913 -4.3815768165478035
-0.7876928111802024 -4.467227919489847
-0.3953508348764871 -4.518880720578607
-8.332757874719606e-16 -4.536142110808981
0.3953508348764854 -4.518880720578607
0.7876928111802007 -4.467227919489848
1.1740399695689114 -4.381576816547804
1.5514519748844906 -4.262579268363414
1.9170564938788761 -4.111140918131047
2.2680710554044876 -3.928414303136946
2.6018242266997276 -3.7157900832545594
2.915775944605358 -3.4748864571832123
3.2075368469788894 -3.207536846978891
3.4748864571832105 -2.9157759446053593
3.7157900832545585 -2.6018242266997293
3.928414303136945 -2.2680710554044894
4.111140918131045 -1.9170564938788814
4.262579268363415 -1.5514519748844888
4.3815768165478035 -1.1740399695689132
4.467227919489847 -0.7876928111802026
4.518880720578607 -0.39535083487648737
5.161201977374499 0.0
5.141562045641109 0.44982839180875644
5.082791722180345 0.8962333179420391
4.985338284640236 1.3358173673653095
4.849943412524456 1.7652350400343508
4.677637542563464 2.1812182081706712
4.469732026468794 2.580600988687249
4.227809150754707 2.9603438374704374
3.953710094582416 3.317556682145994
3.6495209172749266 3.6495209172749257
3.3175566821459945 3.953710094582416
2.960343837470438 4.227809150754707
2.58060098868725 4.469732026468793
2.1812182081706712 4.677637542563464
1.7652350400343515 4.849943412524455
1.3358173673653109 4.985338284640235
0.8962333179420395 5.082791722180345
0.44982839180875633 5.141562045641109
3.160324740672335e-16 5.161201977374499
-0.44982839180875567 5.141562045641109
-0.896233317942039 5.082791722180345
-1.3358173673653102 4.985338284640236
-1.7652350400343497 4.849943412524456
-2.181218208170671 4.677637542563464
-2.580600988687248 4.469732026468794
-2.960343837470438 4.227809150754707
-3.3175566821459945 3.953710094582416
-3.6495209172749257 3.6495209172749266
-3.9537100945824157 3.317556682145995
-4.227809150754708 2.9603438374704365
-4.469732026468793 2.580600988687251
-4.677637542563464 2.1812182081706717
-4.849943412524455 1.7652350400343517
-4.985338284640236 1.3358173673653089
-5.082791722180345 0.8962333179420389
-5.141562045641109 0.4498283918087566
-5.161201977374499 6.32064948134467e-16
-5.141562045641109 -0.44982839180875533
-5.082791722180346 -0.8962333179420375
-4.985338284640236 -1.3358173673653075
-4.849943412524456 -1.7652350400343506
-4.677637542563466 -2.1812182081706686
-4.469732026468793 -2.58060098868725
-4.227809150754709 -2.960343837470436
-3.953710094582418 -3.3175566821459923
-3.649520917274927 -3.6495209172749257
-3.317556682145995 -3.9537100945824157
-2.9603438374704356 -4.227809150754709
-2.5806009886872516 -4.469732026468792
-2.181218208170674 -4.677637542563462
-1.76523504003435 -4.849943412524456
-1.335817367365309 -4.985338284640236
-0.8962333179420391 -5.082791722180345
-0.4498283918087569 -5.141562045641109
-9.480974222017004e-16 -5.161201977374499
0.449828391808755 -5.141562045641109
0.8962333179420372 -5.082791722180346
1.3358173673653073 -4.985338284640236
1.7652350400343524 -4.849943412524455
2.181218208170668 -4.677637542563466
2.580600988687246 -4.469732026468796
2.9603438374704374 -4.227809150754707
3.317556682145994 -3.9537100945824166
3.6495209172749252 -3.649520917274927
3.953710094582415 -3.317556682145996
4.227809150754706 -2.9603438374704396
4.469732026468795 -2.5806009886872476
4.677637542563462 -2.1812182081706744
4.849943412524456 -1.7652350400343504
4.985338284640236 -1.3358173673653093
5.082791722180345 -0.8962333179420394
5.141562045641109 -0.4498283918087572
5.679977161454776 0.0
5.6583631335234505 0.4950426282963261
5.593685545532937 0.9863176832764056
5.486436632981241 1.4700862651318514
5.337432624851544 1.9426666028472874
5.14780753161679 2.4004620747008896
4.919004514735263 2.8399885807273875
4.652764903320464 3.2579010588225605
4.351114941575137 3.6510189426856496
4.01635036784939 4.016350367849389
3.65101894268565 4.351114941575137
3.257901058822561 4.652764903320464
2.8399885807273884 4.919004514735262
2.4004620747008896 5.14780753161679
1.942666602847288 5.337432624851543
1.4700862651318527 5.48643663298124
0.986317683276406 5.593685545532937
0.49504262829632595 5.6583631335234505
3.47798292500283e-16 5.679977161454776
-0.4950426282963252 5.6583631335234505
-0.9863176832764053 5.593685545532937
-1.470086265131852 5.486436632981241
-1.942666602847286 5.337432624851544
-2.4004620747008887 5.147807531616791
-2.8399885807273866 4.919004514735263
-3.257901058822561 4.652764903320464
-3.65101894268565 4.351114941575137
-4.016350367849389 4.01635036784939
-4.351114941575137 3.651018942685651
-4.652764903320465 3.2579010588225596
-4.919004514735261 2.8399885807273897
-5.14780753161679 2.40046207470089
-5.337432624851543 1.9426666028472883
-5.486436632981241 1.4700862651318505
-5.593685545532937 0.9863176832764052
-5.6583631335234505 0.4950426282963262
-5.679977161454776 6.95596585000566e-16
-5.6583631335234505 -0.49504262829632484
-5.593685545532938 -0.9863176832764038
-5.486436632981242 -1.4700862651318491
-5.337432624851544 -1.942666602847287
-5.147807531616793 -2.4004620747008865
-4.919004514735262 -2.8399885807273884
-4.652764903320466 -3.257901058822559
-4.351114941575139 -3.651018942685648
-4.01635036784939 -4.016350367849389
-3.651018942685651 -4.351114941575137
-3.2579010588225588 -4.652764903320467
-2.8399885807273906 -4.919004514735261
-2.4004620747008922 -5.147807531616789
-1.9426666028472863 -5.337432624851544
-1.4700862651318507 -5.486436632981241
-0.9863176832764056 -5.593685545532937
-0.49504262829632656 -5.6583631335234505
-1.043394877500849e-15 -5.679977161454776
0.4950426282963245 -5.6583631335234505
0.9863176832764035 -5.593685545532938
1.470086265131849 -5.486436632981242
1.942666602847289 -5.337432624851543
2.400462074700886 -5.147807531616793
2.839988580727384 -4.919004514735264
3.2579010588225605 -4.652764903320464
3.6510189426856496 -4.351114941575138
4.016350367849388 -4.01635036784939
4.351114941575136 -3.6510189426856514
4.652764903320463 -3.2579010588225628
4.919004514735263 -2.839988580727386
5.147807531616789 -2.4004620747008927
5.337432624851544 -1.9426666028472868
5.486436632981241 -1.470086265131851
5.593685545532937 -0.9863176832764059
5.6583631335234505 -0.49504262829632695
6.136513766295071 0.0
6.113162478750159 0.5348324151826761
6.043286333513531 1.0655944327451703
5.927417130242809 1.5882466332509633
5.766436703538621 2.0988113178681793
5.561570211650824 2.5934027810594955
5.314376812284456 3.068256883147535
5.026737796468148 3.5197596976906627
4.70084227079345 3.944475015645351
4.339170496991845 4.339170496991845
3.9444750156453514 4.70084227079345
3.519759697690663 5.026737796468147
3.0682568831475363 5.314376812284455
2.5934027810594955 5.561570211650824
2.0988113178681798 5.76643670353862
1.5882466332509648 5.927417130242809
1.0655944327451707 6.043286333513531
0.534832415182676 6.113162478750159
3.7575309709084637e-16 6.136513766295071
-0.5348324151826752 6.113162478750159
-1.06559443274517 6.043286333513531
-1.588246633250964 5.927417130242809
-2.098811317868178 5.766436703538621
-2.593402781059495 5.5615702116508245
-3.068256883147534 5.314376812284456
-3.519759697690663 5.026737796468147
-3.9444750156453514 4.70084227079345
-4.339170496991845 4.339170496991845
-4.70084227079345 3.9444750156453523
-5.026737796468148 3.5197596976906618
-5.314376812284454 3.0682568831475376
-5.561570211650824 2.593402781059496
-5.76643670353862 2.09881131786818
-5.927417130242809 1.5882466332509624
-6.043286333513531 1.0655944327451699
-6.113162478750159 0.5348324151826763
-6.136513766295071 7.515061941816927e-16
-6.113162478750159 -0.5348324151826748
-6.043286333513532 -1.0655944327451683
-5.92741713024281 -1.588246633250961
-5.766436703538621 -2.098811317868179
-5.561570211650825 -2.593402781059492
-5.314376812284455 -3.0682568831475363
-5.026737796468149 -3.5197596976906613
-4.700842270793452 -3.9444750156453487
-4.339170496991846 -4.339170496991845
-3.9444750156453523 -4.70084227079345
-3.5197596976906604 -5.02673779646815
-3.068256883147538 -5.314376812284453
-2.5934027810594986 -5.561570211650822
-2.0988113178681784 -5.766436703538621
-1.5882466332509626 -5.927417130242809
-1.0655944327451703 -6.043286333513531
-0.5348324151826767 -6.113162478750159
-1.127259291272539e-15 -6.136513766295071
0.5348324151826744 -6.113162478750159
1.065594432745168 -6.043286333513532
1.5882466332509606 -5.92741713024281
2.098811317868181 -5.76643670353862
2.593402781059492 -5.561570211650825
3.0682568831475314 -5.314376812284458
3.5197596976906627 -5.026737796468148
3.944475015645351 -4.7008422707934505
4.339170496991844 -4.339170496991846
4.700842270793449 -3.944475015645353
5.026737796468146 -3.5197596976906653
5.314376812284456 -3.068256883147533
5.561570211650822 -2.593402781059499
5.766436703538621 -2.0988113178681784
5.927417130242809 -1.588246633250963
6.043286333513531 -1.0655944327451705
6.113162478750159 -0.5348324151826771
6.576740769623415 0.0
6.551714285422672 0.5732007266353337
6.476825299476615 1.142039049632911
6.3526437621875 1.7021857658807495
6.180114770036959 2.249377820642369
5.9605513728311115 2.7794507519774374
5.695624580598698 3.288370384811707
5.387350646195777 3.7722635334452344
5.038075720404048 4.227447478834246
4.65045799630675 4.650457996306749
4.227447478834246 5.038075720404048
3.772263533445235 5.3873506461957765
3.2883703848117083 5.695624580598698
2.7794507519774374 5.9605513728311115
2.24937782064237 6.180114770036958
1.702185765880751 6.352643762187499
1.1420390496329114 6.476825299476615
0.5732007266353335 6.551714285422672
4.0270922661706076e-16 6.576740769623415
-0.5732007266353327 6.551714285422672
-1.1420390496329107 6.476825299476615
-1.7021857658807502 6.3526437621875
-2.249377820642368 6.180114770036959
-2.7794507519774365 5.9605513728311115
-3.288370384811706 5.695624580598698
-3.772263533445235 5.3873506461957765
-4.227447478834246 5.038075720404048
-4.650457996306749 4.65045799630675
-5.038075720404047 4.227447478834247
-5.387350646195778 3.7722635334452335
-5.695624580598697 3.2883703848117096
-5.9605513728311115 2.779450751977438
-6.180114770036958 2.24937782064237
-6.3526437621875 1.7021857658807484
-6.476825299476615 1.1420390496329105
-6.551714285422672 0.573200726635334
-6.576740769623415 8.054184532341215e-16
-6.551714285422672 -0.5732007266353323
-6.476825299476616 -1.142039049632909
-6.352643762187501 -1.702185765880747
-6.180114770036959 -2.2493778206423687
-5.960551372831113 -2.779450751977434
-5.695624580598698 -3.2883703848117083
-5.387350646195779 -3.7722635334452326
-5.03807572040405 -4.227447478834243
-4.650457996306751 -4.650457996306749
-4.227447478834247 -5.038075720404047
-3.772263533445232 -5.38735064619578
-3.2883703848117105 -5.695624580598696
-2.7794507519774405 -5.96055137283111
-2.249377820642368 -6.180114770036959
-1.7021857658807489 -6.3526437621875
-1.142039049632911 -6.476825299476615
-0.5732007266353343 -6.551714285422672
-1.2081276798511822e-15 -6.576740769623415
0.573200726635332 -6.551714285422672
1.1420390496329085 -6.476825299476616
1.7021857658807467 -6.352643762187501
2.249377820642371 -6.180114770036958
2.7794507519774334 -5.960551372831113
3.288370384811703 -5.6956245805987
3.7722635334452344 -5.387350646195777
4.227447478834246 -5.0380757204040485
4.650457996306749 -4.650457996306751
5.038075720404046 -4.2274474788342475
5.387350646195776 -3.772263533445237
5.6956245805986985 -3.288370384811705
5.96055137283111 -2.779450751977441
6.180114770036959 -2.2493778206423682
6.3526437621875 -1.702185765880749
6.476825299476615 -1.1420390496329111
6.551714285422672 -0.5732007266353347
3.0910379827412973 0.0
3.0792756500070846 0.26940171124704076
3.044078170258845 0.5367531128022908
2.9857134175702824 0.8000194990687245
2.904625582950957 1.0571972538822645
2.8014317937844955 1.3063290992406051
2.676917417116569 1.5455189913706484
2.532030082537455 1.7729465507664794
2.3678724701486664 1.9868809163765806
2.185693918501558 2.1856939185015576
1.986880916376581 2.3678724701486664
1.77294655076648 2.532030082537455
1.545518991370649 2.6769174171165684
1.3063290992406051 2.8014317937844955
1.0571972538822647 2.904625582950957
0.8000194990687253 2.985713417570282
0.536753112802291 3.044078170258845
0.26940171124704065 3.0792756500070846
1.8927148858035107e-16 3.0910379827412973
-0.26940171124704027 3.0792756500070846
-0.5367531128022907 3.044078170258845
-0.8000194990687249 2.9857134175702824
-1.0571972538822636 2.904625582950957
-1.306329099240605 2.801431793784496
-1.545518991370648 2.676917417116569
-1.77294655076648 2.532030082537455
-1.986880916376581 2.3678724701486664
-2.1856939185015576 2.185693918501558
-2.367872470148666 1.9868809163765813
-2.5320300825374553 1.7729465507664792
-2.676917417116568 1.5455189913706497
-2.8014317937844955 1.3063290992406054
-2.904625582950957 1.057197253882265
-2.9857134175702824 0.800019499068724
-3.044078170258845 0.5367531128022905
-3.0792756500070846 0.2694017112470408
-3.0910379827412973 3.7854297716070214e-16
-3.0792756500070846 -0.26940171124704004
-3.0440781702588455 -0.5367531128022898
-2.985713417570283 -0.8000194990687234
-2.904625582950957 -1.0571972538822643
-2.801431793784497 -1.3063290992406034
-2.6769174171165684 -1.545518991370649
-2.5320300825374558 -1.7729465507664788
-2.3678724701486673 -1.9868809163765797
-2.185693918501558 -2.1856939185015576
-1.9868809163765813 -2.367872470148666
-1.7729465507664783 -2.532030082537456
-1.54551899137065 -2.676917417116568
-1.3063290992406067 -2.801431793784495
-1.0571972538822638 -2.904625582950957
-0.8000194990687242 -2.9857134175702824
-0.5367531128022908 -3.044078170258845
-0.269401711247041 -3.0792756500070846
-5.678144657410531e-16 -3.0910379827412973
0.2694017112470399 -3.0792756500070846
0.5367531128022897 -3.0440781702588455
0.8000194990687232 -2.985713417570283
1.0571972538822652 -2.904625582950957
1.3063290992406034 -2.801431793784497
1.5455189913706466 -2.6769174171165697
1.7729465507664794 -2.532030082537455
1.9868809163765806 -2.3678724701486664
2.185693918501557 -2.185693918501558
2.3678724701486655 -1.9868809163765817
2.5320300825374544 -1.7729465507664808
2.6769174171165693 -1.5455189913706475
2.801431793784495 -1.306329099240607
2.904625582950957 -1.057197253882264
2.9857134175702824 -0.8000194990687244
3.044078170258845 -0.5367531128022909
3.0792756500070846 -0.2694017112470412
1.0 0.5 0.4 0.32000000000000006 0.25600000000000006 0.20480000000000007 0.16384000000000007 0.13107200000000005 0.10485760000000005 