0.0 0.0
2.628254680331866 0.0
2.6228546492116935 0.16839285553420094
2.606676745737353 0.33609374870485764
2.5797874483843684 0.5024135605702031
2.5422972510433004 0.6666688473477947
2.4943602089766452 0.828184648831615
2.4361733057727184 0.9862972619483361
2.367975643897836 1.1403569680556125
2.2900474621729945 1.2897307027753455
2.202708984212444 1.4338046573910068
2.1063191025561694 1.5719868011193137
2.0012739039034613 1.7037093138917097
1.8880050415077068 1.8284309196488233
1.766977961420586 1.9456391105598974
1.6386899898744043 2.0548522530274007
1.5036682896619278 2.1556215668227883
1.3624676939113944 2.2475329692207247
1.2156684261581743 2.3302087765538237
1.063873716081811 2.4033092561958473
0.9077073207058719 2.4665340225959436
0.7478109612465416 2.519623271627305
0.5848416861425015 2.5623588481780524
0.4194691711019543 2.594565142597387
0.25237296726149294 2.6161098123133115
0.08423970876472299 2.6269043256566453
-0.08423970876472266 2.6269043256566453
-0.2523729672614926 2.6161098123133115
-0.41946917110195336 2.594565142597387
-0.5848416861425012 2.5623588481780524
-0.7478109612465412 2.519623271627305
-0.907707320705871 2.466534022595944
-1.0638737160818108 2.4033092561958473
-1.2156684261581738 2.3302087765538237
-1.362467693911394 2.2475329692207247
-1.5036682896619282 2.155621566822788
-1.638689989874404 2.0548522530274007
-1.7669779614205865 1.9456391105598974
-1.8880050415077065 1.8284309196488235
-2.0012739039034604 1.7037093138917108
-2.106319102556169 1.5719868011193139
-2.202708984212444 1.4338046573910068
-2.290047462172994 1.2897307027753462
-2.3679756438978354 1.1403569680556127
-2.436173305772718 0.9862972619483372
-2.494360208976645 0.8281846488316167
-2.5422972510433004 0.6666688473477947
-2.5797874483843684 0.5024135605702038
-2.6066767457373525 0.3360937487048578
-2.6228546492116935 0.1683928555342018
-2.628254680331866 3.2186836816124697e-16
-2.6228546492116935 -0.16839285553420116
-2.606676745737353 -0.3360937487048572
-2.5797874483843684 -0.5024135605702031
-2.5422972510433004 -0.6666688473477942
-2.4943602089766452 -0.8281846488316149
-2.4361733057727184 -0.9862972619483366
-2.367975643897836 -1.1403569680556123
-2.290047462172995 -1.2897307027753446
-2.2027089842124443 -1.4338046573910062
-2.1063191025561694 -1.5719868011193137
-2.0012739039034613 -1.7037093138917094
-1.8880050415077068 -1.8284309196488233
-1.7669779614205867 -1.945639110559897
-1.6386899898744047 -2.0548522530274003
-1.5036682896619287 -2.1556215668227874
-1.3624676939113955 -2.2475329692207238
-1.2156684261581745 -2.3302087765538233
-1.063873716081812 -2.403309256195847
-0.9077073207058706 -2.466534022595944
-0.7478109612465412 -2.519623271627305
-0.5848416861425019 -2.5623588481780524
-0.41946917110195225 -2.594565142597387
-0.2523729672614921 -2.6161098123133115
-0.08423970876472271 -2.6269043256566453
0.08423970876472175 -2.6269043256566453
0.2523729672614911 -2.6161098123133115
0.4194691711019513 -2.5945651425973875
0.5848416861425009 -2.5623588481780524
0.7478109612465403 -2.5196232716273053
0.9077073207058719 -2.4665340225959436
1.063873716081811 -2.4033092561958473
1.2156684261581736 -2.3302087765538237
1.3624676939113927 -2.2475329692207255
1.5036682896619278 -2.1556215668227883
1.6386899898744038 -2.0548522530274007
1.7669779614205852 -1.9456391105598982
1.8880050415077054 -1.8284309196488249
2.001273903903459 -1.703709313891712
2.1063191025561676 -1.5719868011193163
2.2027089842124443 -1.433804657391006
2.2900474621729945 -1.2897307027753455
2.3679756438978354 -1.1403569680556132
2.436173305772718 -0.9862972619483374
2.494360208976645 -0.8281846488316169
2.5422972510433004 -0.6666688473477952
2.5797874483843684 -0.502413560570204
2.6066767457373525 -0.3360937487048593
2.6228546492116935 -0.16839285553420327
3.9379648301687946 0.0
3.9298738590798092 0.25230627294522545
3.905634193348566 0.5035757652953932
3.865345438960946 0.7527759568092992
3.809173151050639 0.9988828304467393
3.737348153597586 1.2408850802741789
3.6501655909227364 1.4777882671377567
3.5479837148767213 1.7086189050270764
3.4312224127061572 1.9324284613380338
3.300361481646884 2.1482972545967485
3.1559386573342065 2.355338233628009
2.998547404131824 2.5527006226388247
2.8288344764594617 2.739573417238652
2.6474972611402356 2.9151887170303903
2.4552809116886034 3.078824881077832
2.252975286314738 3.2298094932830588
2.0414117022277223 3.3675221254884216
1.8214595195748153 3.4913968869489223
1.5940225690541343 3.6009247496986663
1.360035437880442 3.695655640255961
1.1204596293658107 3.775200289071796
0.8762796118962793 3.8392318301219124
0.6284987735400799 3.8874871440694125
0.37813529891083825 3.9197679394785547
0.12621798522860564 3.9359415676367933
-0.12621798522860514 3.9359415676367933
-0.37813529891083775 3.9197679394785547
-0.6284987735400784 3.887487144069413
-0.8762796118962789 3.8392318301219124
-1.1204596293658102 3.7752002890717966
-1.3600354378804407 3.6956556402559615
-1.5940225690541339 3.6009247496986663
-1.821459519574815 3.4913968869489223
-2.041411702227722 3.367522125488422
-2.2529752863147383 3.2298094932830583
-2.455280911688603 3.0788248810778325
-2.647497261140236 2.9151887170303903
-2.8288344764594613 2.7395734172386526
-2.9985474041318225 2.5527006226388265
-3.155938657334206 2.3553382336280095
-3.300361481646884 2.1482972545967485
-3.4312224127061564 1.932428461338035
-3.547983714876721 1.7086189050270768
-3.650165590922736 1.4777882671377582
-3.7373481535975857 1.2408850802741813
-3.809173151050639 0.9988828304467393
-3.865345438960946 0.7527759568093002
-3.9056341933485657 0.5035757652953934
-3.9298738590798092 0.2523062729452267
-3.9379648301687946 4.822616024421065e-16
-3.9298738590798092 -0.2523062729452258
-3.905634193348566 -0.5035757652953925
-3.865345438960946 -0.7527759568092992
-3.809173151050639 -0.9988828304467385
-3.737348153597586 -1.2408850802741787
-3.6501655909227364 -1.4777882671377573
-3.5479837148767213 -1.708618905027076
-3.4312224127061577 -1.9324284613380325
-3.3003614816468847 -2.1482972545967476
-3.155938657334207 -2.355338233628009
-2.9985474041318243 -2.5527006226388242
-2.8288344764594617 -2.739573417238652
-2.6474972611402365 -2.9151887170303894
-2.455280911688604 -3.0788248810778316
-2.252975286314739 -3.229809493283058
-2.041411702227724 -3.3675221254884207
-1.8214595195748158 -3.4913968869489223
-1.5940225690541356 -3.600924749698666
-1.36003543788044 -3.695655640255962
-1.1204596293658102 -3.7752002890717966
-0.8762796118962799 -3.8392318301219124
-0.6284987735400769 -3.887487144069413
-0.378135298910837 -3.9197679394785547
-0.12621798522860522 -3.9359415676367933
0.12621798522860378 -3.9359415676367933
0.3781352989108355 -3.9197679394785547
0.6284987735400754 -3.8874871440694134
0.8762796118962786 -3.8392318301219124
1.120459629365809 -3.775200289071797
1.360035437880442 -3.695655640255961
1.594022569054134 -3.6009247496986663
1.8214595195748144 -3.4913968869489227
2.04141170222772 -3.367522125488423
2.252975286314738 -3.2298094932830588
2.4552809116886025 -3.0788248810778325
2.6474972611402343 -2.9151887170303916
2.8288344764594595 -2.7395734172386543
2.9985474041318207 -2.5527006226388282
3.155938657334204 -2.355338233628013
3.3003614816468847 -2.148297254596747
3.4312224127061572 -1.9324284613380338
3.547983714876721 -1.7086189050270773
3.650165590922736 -1.4777882671377587
3.737348153597585 -1.2408850802741818
3.8091731510506386 -0.99888283044674
3.865345438960946 -0.7527759568093007
3.9056341933485657 -0.5035757652953957
3.9298738590798092 -0.25230627294522895
4.855469038768189 0.0
4.845492956880618 0.3110909694234185
4.815605705078246 0.6209035993246727
4.765930096489522 0.9281648031528973
4.696670258845523 1.2316119787142406
4.608110795675317 1.5299981964751064
4.500615616809015 1.8220973234630717
4.374626442994223 2.1067090617102777
4.230660990770738 2.382663880535239
4.069310845062239 2.648827822395282
3.89123902822694 2.904107162561316
3.697177275556504 3.1474529034673524
3.487923028418767 3.377865085266512
3.2643361574001135 3.5943968948805223
3.0273354289127936 3.796158556657753
2.7778947297866576 3.9823209886522197
2.5170390653592785 4.152119209499141
2.2458403475091497 4.304855481887454
1.9654129899398634 4.439902179712085
1.6769093288151509 4.556704367124249
1.3815148875624117 4.654782078881878
1.0804435053026658 4.733732292629757
0.7749323489252272 4.793230585004826
0.46623682930358507 4.833032464761376
0.15562544254284935 4.8529743774380085
-0.15562544254284874 4.8529743774380085
-0.46623682930358445 4.833032464761376
-0.7749323489252254 4.793230585004827
-1.0804435053026653 4.733732292629757
-1.3815148875624113 4.654782078881878
-1.676909328815149 4.556704367124249
-1.9654129899398627 4.439902179712085
-2.2458403475091493 4.304855481887454
-2.5170390653592776 4.1521192094991415
-2.7778947297866585 3.982320988652219
-3.027335428912793 3.7961585566577534
-3.264336157400114 3.5943968948805223
-3.487923028418766 3.3778650852665124
-3.6971772755565024 3.1474529034673546
-3.8912390282269396 2.9041071625613166
-4.069310845062239 2.648827822395282
-4.230660990770737 2.3826638805352403
-4.374626442994222 2.106709061710278
-4.500615616809014 1.8220973234630737
-4.608110795675316 1.5299981964751093
-4.696670258845523 1.2316119787142406
-4.765930096489522 0.9281648031528985
-4.815605705078245 0.6209035993246729
-4.845492956880618 0.31109096942342007
-4.855469038768189 5.946234616686539e-16
-4.845492956880618 -0.31109096942341896
-4.815605705078246 -0.6209035993246718
-4.765930096489522 -0.9281648031528973
-4.696670258845523 -1.2316119787142394
-4.608110795675317 -1.529998196475106
-4.500615616809015 -1.8220973234630726
-4.374626442994223 -2.106709061710277
-4.230660990770738 -2.382663880535237
-4.0693108450622395 -2.6488278223952806
-3.8912390282269405 -2.904107162561316
-3.6971772755565047 -3.147452903467352
-3.487923028418767 -3.377865085266512
-3.2643361574001144 -3.5943968948805214
-3.0273354289127945 -3.7961585566577525
-2.7778947297866594 -3.9823209886522184
-2.5170390653592807 -4.15211920949914
-2.24584034750915 -4.304855481887453
-1.965412989939865 -4.439902179712085
-1.6769093288151484 -4.55670436712425
-1.3815148875624113 -4.654782078881878
-1.0804435053026664 -4.733732292629757
-0.7749323489252234 -4.793230585004827
-0.4662368293035835 -4.833032464761376
-0.15562544254284885 -4.8529743774380085
0.15562544254284708 -4.8529743774380085
0.4662368293035817 -4.833032464761376
0.7749323489252217 -4.793230585004827
1.0804435053026646 -4.733732292629757
1.3815148875624095 -4.654782078881879
1.6769093288151509 -4.556704367124249
1.9654129899398631 -4.439902179712085
2.2458403475091484 -4.304855481887454
2.517039065359275 -4.152119209499142
2.7778947297866576 -3.9823209886522197
3.0273354289127927 -3.7961585566577534
3.2643361574001117 -3.594396894880524
3.487923028418764 -3.3778650852665146
3.6971772755565 -3.147452903467357
3.891239028226937 -2.904107162561321
4.0693108450622395 -2.64882782239528
4.230660990770738 -2.382663880535239
4.374626442994222 -2.1067090617102786
4.500615616809014 -1.8220973234630742
4.608110795675316 -1.5299981964751097
4.696670258845523 -1.2316119787142414
4.765930096489522 -0.928164803152899
4.815605705078245 -0.6209035993246758
4.845492956880618 -0.31109096942342285
5.567714200818889 0.0
5.556274734857832 0.3567246736362054
5.52200334419405 0.7119834890712372
5.465040857322972 1.0643166116296958
5.3856213453215664 1.4122762289357706
5.284071160000079 1.7544325002848473
5.160807592852442 2.0893794321656625
5.0163371603160165 2.4157406557892265
4.851253522386907 2.7321750828834066
4.666235043143692 3.037382416512302
4.462042003203922 3.3301084942752626
4.239513475567979 3.6091504419292133
3.999563877688138 3.8733616162569366
3.743179213931115 4.1216563168699984
3.4714130238746264 4.353014247584534
3.185382053087278 4.566484709037117
2.886261664181487 4.761190505312367
2.575281006996387 4.93633154852913
2.2537179677574968 5.091188146573189
1.9228939179681042 5.225123960466545
1.584168284610326 5.337588619220771
1.2389329639680542 5.42811998142945
0.8886066020265514 5.496346034306351
0.5346287649518006 5.54198642236576
0.17845402360435358 5.564853599463309
-0.1784540236043529 5.564853599463309
-0.5346287649517999 5.54198642236576
-0.8886066020265494 5.4963460343063515
-1.2389329639680535 5.42811998142945
-1.5841682846103255 5.337588619220772
-1.9228939179681022 5.225123960466546
-2.2537179677574963 5.091188146573189
-2.5752810069963865 4.93633154852913
-2.8862616641814864 4.761190505312368
-3.1853820530872783 4.566484709037116
-3.471413023874626 4.353014247584534
-3.7431792139311155 4.1216563168699984
-3.999563877688137 3.873361616256937
-4.2395134755679775 3.609150441929216
-4.462042003203921 3.330108494275263
-4.666235043143692 3.037382416512302
-4.851253522386906 2.732175082883408
-5.0163371603160165 2.415740655789227
-5.160807592852441 2.0893794321656647
-5.284071160000078 1.7544325002848506
-5.3856213453215664 1.4122762289357706
-5.465040857322972 1.0643166116296972
-5.522003344194049 0.7119834890712374
-5.556274734857832 0.3567246736362072
-5.567714200818889 6.818483374600116e-16
-5.556274734857832 -0.35672467363620586
-5.52200334419405 -0.7119834890712362
-5.465040857322972 -1.0643166116296958
-5.3856213453215664 -1.4122762289357693
-5.284071160000079 -1.754432500284847
-5.160807592852442 -2.0893794321656634
-5.0163371603160165 -2.415740655789226
-4.851253522386908 -2.732175082883405
-4.6662350431436925 -3.0373824165123007
-4.462042003203922 -3.3301084942752626
-4.239513475567979 -3.609150441929213
-3.999563877688138 -3.8733616162569366
-3.7431792139311164 -4.121656316869997
-3.4714130238746272 -4.353014247584533
-3.1853820530872796 -4.566484709037115
-2.8862616641814896 -4.761190505312366
-2.575281006996388 -4.936331548529129
-2.2537179677574986 -5.091188146573188
-1.9228939179681013 -5.225123960466546
-1.5841682846103255 -5.337588619220772
-1.2389329639680549 -5.42811998142945
-0.8886066020265471 -5.4963460343063515
-0.5346287649517988 -5.54198642236576
-0.17845402360435303 -5.564853599463309
0.17845402360435098 -5.564853599463309
0.5346287649517967 -5.54198642236576
0.8886066020265451 -5.4963460343063515
1.2389329639680529 -5.42811998142945
1.5841682846103236 -5.337588619220772
1.9228939179681042 -5.225123960466545
2.2537179677574963 -5.091188146573189
2.575281006996386 -4.936331548529131
2.8862616641814833 -4.761190505312369
3.185382053087278 -4.566484709037117
3.471413023874625 -4.353014247584534
3.7431792139311133 -4.12165631687
3.999563877688135 -3.8733616162569398
4.239513475567975 -3.6091504419292186
4.462042003203917 -3.330108494275268
4.6662350431436925 -3.0373824165123
4.851253522386907 -2.7321750828834066
5.0163371603160165 -2.415740655789228
5.160807592852441 -2.089379432165665
5.284071160000077 -1.7544325002848513
5.3856213453215664 -1.4122762289357715
5.465040857322972 -1.0643166116296978
5.522003344194049 -0.7119834890712408
5.556274734857832 -0.35672467363621035
6.154099358202933 0.0
6.141455101046418 0.39429449966322605
6.103574287541717 0.786968758651431
6.040612578076927 1.176409194206068
5.952828695821485 1.5610155120427311
5.840583363577161 1.9392072823036337
5.704337821490696 2.309430433882893
5.5446519317191 2.670163640438053
5.362181877835962 3.019924571846348
5.1576774684323885 3.357275985417138
4.93197905599268 3.680831631830408
4.686014083705707 3.989261951532577
4.42079327440192 4.281299538181894
4.13740647727643 4.5557443466929515
3.837018189464906 4.81146862447935
3.5208627708750497 5.047421545630979
3.190239371936973 5.262633528983083
2.8465065951154056 5.456220222333245
2.491076912120761 5.627386136434272
2.1254108597598913 5.775427913830149
1.751011038277066 5.899737219102696
1.3694159368472718 5.9998032386522855
0.9821936115941764 6.075214779740493
0.5909352421111687 6.125661960169265
0.1972485929631156 6.150937481653331
-0.1972485929631148 6.150937481653331
-0.5909352421111679 6.125661960169265
-0.9821936115941742 6.075214779740494
-1.3694159368472711 5.9998032386522855
-1.7510110382770654 5.899737219102697
-2.1254108597598895 5.77542791383015
-2.4910769121207603 5.627386136434272
-2.846506595115405 5.456220222333245
-3.190239371936972 5.262633528983083
-3.52086277087505 5.047421545630978
-3.8370181894649056 4.8114686244793505
-4.13740647727643 4.5557443466929515
-4.420793274401919 4.281299538181895
-4.686014083705706 3.98926195153258
-4.931979055992679 3.6808316318304084
-5.1576774684323885 3.357275985417138
-5.36218187783596 3.01992457184635
-5.5446519317191 2.6701636404380538
-5.704337821490695 2.3094304338828953
-5.84058336357716 1.9392072823036375
-5.952828695821485 1.5610155120427311
-6.040612578076927 1.1764091942060695
-6.103574287541716 0.7869687586514313
-6.141455101046418 0.394294499663228
-6.154099358202933 7.536598080658002e-16
-6.141455101046418 -0.39429449966322655
-6.103574287541717 -0.78696875865143
-6.040612578076927 -1.176409194206068
-5.952828695821485 -1.5610155120427298
-5.840583363577161 -1.9392072823036333
-5.704337821490696 -2.309430433882894
-5.5446519317191 -2.6701636404380524
-5.362181877835963 -3.019924571846346
-5.157677468432389 -3.357275985417137
-4.93197905599268 -3.680831631830408
-4.686014083705708 -3.9892619515325762
-4.42079327440192 -4.281299538181894
-4.137406477276431 -4.555744346692951
-3.837018189464907 -4.811468624479349
-3.5208627708750515 -5.047421545630977
-3.1902393719369755 -5.2626335289830815
-2.8465065951154065 -5.456220222333244
-2.491076912120763 -5.627386136434271
-2.125410859759888 -5.775427913830151
-1.7510110382770654 -5.899737219102697
-1.3694159368472727 -5.9998032386522855
-0.9821936115941716 -6.075214779740494
-0.5909352421111667 -6.125661960169265
-0.19724859296311495 -6.150937481653331
0.19724859296311267 -6.150937481653331
0.5909352421111644 -6.125661960169265
0.9821936115941694 -6.075214779740495
1.3694159368472705 -5.9998032386522855
1.7510110382770634 -5.899737219102698
2.1254108597598913 -5.775427913830149
2.4910769121207608 -5.627386136434272
2.8465065951154043 -5.456220222333246
3.190239371936969 -5.262633528983085
3.5208627708750497 -5.047421545630979
3.8370181894649047 -4.8114686244793505
4.137406477276428 -4.555744346692953
4.420793274401916 -4.281299538181898
4.686014083705703 -3.9892619515325825
4.9319790559926755 -3.680831631830414
5.157677468432389 -3.357275985417136
5.362181877835962 -3.019924571846348
5.5446519317191 -2.6701636404380547
5.704337821490695 -2.309430433882896
5.840583363577159 -1.9392072823036381
5.952828695821484 -1.561015512042732
6.040612578076927 -1.1764091942060702
6.103574287541716 -0.7869687586514349
6.141455101046418 -0.3942944996632315
7.098940342635651 0.0
7.084354808342742 0.4548306693826237
7.040658140553012 0.9077923419838816
6.968029898247314 1.357023701131081
6.866768526451993 1.8006787588096616
6.73729012986425 2.236934441223911
6.580126762988694 2.6639980801982386
6.395924243811254 3.0801147796352355
6.185439499994546 3.4835746267601624
5.949537458499747 3.8727197185193187
5.68918749141619 4.245950974259304
5.405459432603516 4.6017347066924295
5.09951918151486 4.938608924146758
4.772623912265925 5.255189338203474
4.426116907636873 5.550175052034935
4.061422039235239 5.822353906068768
3.6800379165020947 6.070607459011569
3.283531728604383 6.293915583764076
2.8735328045184905 6.491360659342236
2.451725917767979 6.6621313415786645
2.0198443633277963 6.805525897109855
1.579662835143444 6.920955086949095
1.1329901335328734 7.0079445877958495
0.6816617324379912 7.066136941131952
0.22753223706854006 7.095293022095322
-0.22753223706853917 7.095293022095322
-0.6816617324379903 7.066136941131952
-1.1329901335328707 7.00794458779585
-1.5796628351434432 6.920955086949095
-2.019844363327796 6.805525897109856
-2.451725917767977 6.662131341578665
-2.8735328045184896 6.491360659342236
-3.283531728604382 6.293915583764076
-3.6800379165020938 6.07060745901157
-4.06142203923524 5.822353906068767
-4.426116907636872 5.550175052034936
-4.772623912265926 5.255189338203474
-5.099519181514859 4.938608924146759
-5.4054594326035135 4.601734706692432
-5.689187491416189 4.245950974259305
-5.949537458499747 3.8727197185193187
-6.185439499994544 3.4835746267601646
-6.395924243811254 3.0801147796352364
-6.5801267629886935 2.6639980801982412
-6.737290129864249 2.2369344412239154
-6.866768526451993 1.8006787588096616
-6.968029898247314 1.3570237011310828
-7.0406581405530115 0.9077923419838819
-7.084354808342742 0.45483066938262595
-7.098940342635651 8.693694567946765e-16
-7.084354808342742 -0.45483066938262423
-7.040658140553012 -0.9077923419838804
-6.968029898247314 -1.357023701131081
-6.866768526451993 -1.80067875880966
-6.73729012986425 -2.2369344412239105
-6.580126762988694 -2.6639980801982395
-6.395924243811254 -3.0801147796352346
-6.185439499994547 -3.48357462676016
-5.949537458499748 -3.8727197185193174
-5.689187491416191 -4.245950974259304
-5.405459432603516 -4.601734706692429
-5.09951918151486 -4.938608924146758
-4.772623912265927 -5.255189338203472
-4.426116907636874 -5.550175052034934
-4.061422039235242 -5.822353906068767
-3.6800379165020978 -6.070607459011567
-3.283531728604384 -6.2939155837640754
-2.8735328045184927 -6.491360659342236
-2.4517259177679755 -6.662131341578666
-2.019844363327796 -6.805525897109856
-1.579662835143445 -6.920955086949095
-1.1329901335328678 -7.00794458779585
-0.681661732437989 -7.066136941131952
-0.2275322370685393 -7.095293022095322
0.2275322370685367 -7.095293022095322
0.6816617324379863 -7.066136941131952
1.1329901335328652 -7.007944587795851
1.5796628351434425 -6.920955086949095
2.019844363327793 -6.805525897109857
2.451725917767979 -6.6621313415786645
2.87353280451849 -6.491360659342236
3.2835317286043813 -6.293915583764077
3.68003791650209 -6.070607459011572
4.061422039235239 -5.822353906068768
4.426116907636871 -5.550175052034936
4.7726239122659235 -5.2551893382034764
5.0995191815148555 -4.938608924146761
5.40545943260351 -4.601734706692436
5.6891874914161855 -4.245950974259311
5.949537458499748 -3.8727197185193165
6.185439499994546 -3.4835746267601624
6.395924243811254 -3.0801147796352373
6.5801267629886935 -2.663998080198242
6.737290129864248 -2.2369344412239163
6.866768526451993 -1.8006787588096629
6.968029898247314 -1.3570237011310835
7.0406581405530115 -0.9077923419838861
7.084354808342742 -0.45483066938262995
6.624850366818155 0.0
6.611238901226553 0.4244556203413458
6.570460436883515 0.847167061493264
6.502682541245978 1.2663973114727416
6.408183728225431 1.6804236632580063
6.287352313714506 2.0875447937611984
6.1406848199136865 2.486087754929872
5.968783935015079 2.8744148482493874
5.772356036627356 3.250930354397395
5.552208289118642 3.6140870903968096
5.309245326804999 3.9623927673225334
5.044465536613963 4.294416122436745
4.758956955498514 4.608792800554497
4.453892799459856 4.904230960471813
4.13052664255121 5.179516583418309
3.7901872656731332 5.433518461720716
3.434273196327788 5.665192847177858
3.0642469617694394 5.873587740045892
2.6816290791662696 6.057846801009457
2.287991807469173 6.21721287006361
1.8849526866624797 6.351031077846693
1.4741678909452083 6.458751536639012
1.0573254231560234 6.53993159996942
0.6361381784074955 6.594237681544626
0.21233690543268138 6.621446626026817
-0.21233690543268055 6.621446626026817
-0.6361381784074946 6.594237681544626
-1.0573254231560212 6.539931599969421
-1.4741678909452074 6.458751536639012
-1.8849526866624788 6.351031077846694
-2.287991807469171 6.2172128700636105
-2.6816290791662687 6.057846801009457
-3.0642469617694386 5.873587740045892
-3.4342731963277875 5.665192847177858
-3.790187265673134 5.433518461720715
-4.130526642551209 5.17951658341831
-4.453892799459857 4.904230960471813
-4.758956955498513 4.608792800554497
-5.04446553661396 4.294416122436748
-5.309245326804998 3.9623927673225343
-5.552208289118642 3.6140870903968096
-5.772356036627354 3.2509303543973966
-5.968783935015079 2.8744148482493883
-6.140684819913686 2.486087754929874
-6.287352313714505 2.0875447937612024
-6.408183728225431 1.6804236632580063
-6.502682541245978 1.2663973114727434
-6.570460436883515 0.8471670614932644
-6.611238901226553 0.42445562034134793
-6.624850366818155 8.113101796554022e-16
-6.611238901226553 -0.4244556203413464
-6.570460436883515 -0.8471670614932629
-6.502682541245978 -1.2663973114727416
-6.408183728225431 -1.6804236632580047
-6.287352313714506 -2.087544793761198
-6.1406848199136865 -2.4860877549298728
-5.968783935015079 -2.874414848249387
-5.7723560366273565 -3.2509303543973926
-5.552208289118644 -3.614087090396808
-5.309245326804999 -3.9623927673225334
-5.044465536613963 -4.294416122436744
-4.758956955498514 -4.608792800554497
-4.453892799459858 -4.9042309604718115
-4.130526642551211 -5.179516583418308
-3.7901872656731355 -5.433518461720714
-3.434273196327791 -5.665192847177856
-3.06424696176944 -5.873587740045891
-2.681629079166272 -6.057846801009456
-2.28799180746917 -6.217212870063611
-1.8849526866624788 -6.351031077846694
-1.4741678909452092 -6.458751536639012
-1.0573254231560183 -6.539931599969421
-0.6361381784074934 -6.594237681544626
-0.2123369054326807 -6.621446626026817
0.21233690543267825 -6.621446626026817
0.636138178407491 -6.594237681544626
1.0573254231560159 -6.539931599969421
1.4741678909452067 -6.458751536639012
1.8849526866624766 -6.351031077846695
2.287991807469173 -6.21721287006361
2.681629079166269 -6.057846801009457
3.0642469617694377 -5.873587740045892
3.4342731963277835 -5.66519284717786
3.7901872656731332 -5.433518461720716
4.130526642551208 -5.17951658341831
4.4538927994598545 -4.904230960471815
4.75895695549851 -4.6087928005545
5.0444655366139575 -4.294416122436751
5.309245326804994 -3.96239276732254
5.552208289118644 -3.6140870903968074
5.772356036627356 -3.250930354397395
5.968783935015079 -2.874414848249389
6.140684819913686 -2.486087754929875
6.287352313714504 -2.0875447937612033
6.40818372822543 -1.6804236632580074
6.502682541245978 -1.266397311472744
6.570460436883515 -0.8471670614932683
6.611238901226553 -0.4244556203413517
1.0 0.5 0.4 0.32000000000000006 0.25600000000000006 0.20480000000000007 0.16384000000000007 0.13107200000000005 