0.0 0.0
1.224186830690984 0.0
1.1824736759673844 0.3168428665465217
1.0601768943567518 0.6120934153454919
0.8656308094208628 0.8656308094208627
0.6120934153454921 1.0601768943567516
0.3168428665465217 1.1824736759673844
7.495982418820281e-17 1.224186830690984
-0.31684286654652155 1.1824736759673844
-0.6120934153454918 1.0601768943567518
-0.8656308094208627 0.8656308094208628
-1.0601768943567518 0.6120934153454919
-1.1824736759673844 0.31684286654652205
-1.224186830690984 1.4991964837640562e-16
-1.1824736759673844 -0.3168428665465218
-1.0601768943567518 -0.6120934153454917
-0.8656308094208632 -0.8656308094208622
-0.6120934153454926 -1.0601768943567513
-0.31684286654652155 -1.1824736759673844
-2.2487947256460846e-16 -1.224186830690984
0.31684286654652116 -1.1824736759673846
0.6120934153454921 -1.0601768943567516
0.8656308094208625 -0.8656308094208629
1.0601768943567513 -0.6120934153454926
1.1824736759673842 -0.3168428665465227
2.1192179121184136 0.0
2.0470073128495727 0.5484939563786455
1.8352965480495642 1.0596089560592066
1.4985133564709272 1.498513356470927
1.059608956059207 1.835296548049564
0.5484939563786455 2.0470073128495727
1.297646716385776e-16 2.1192179121184136
-0.5484939563786453 2.0470073128495727
-1.0596089560592064 1.8352965480495642
-1.498513356470927 1.4985133564709272
-1.8352965480495642 1.0596089560592066
-2.0470073128495727 0.5484939563786461
-2.1192179121184136 2.595293432771552e-16
-2.0470073128495727 -0.5484939563786456
-1.8352965480495644 -1.0596089560592061
-1.498513356470928 -1.4985133564709263
-1.0596089560592077 -1.8352965480495635
-0.5484939563786453 -2.0470073128495727
-3.8929401491573277e-16 -2.1192179121184136
0.5484939563786446 -2.047007312849573
1.059608956059207 -1.835296548049564
1.4985133564709268 -1.4985133564709274
1.8352965480495635 -1.0596089560592077
2.0470073128495723 -0.5484939563786473
2.6831312754543 0.0
2.591705794285237 0.6944454745977905
2.3236598462319664 1.3415656377271499
1.8972603196874462 1.8972603196874458
1.3415656377271503 2.323659846231966
0.6944454745977905 2.591705794285237
1.642944064088632e-16 2.6831312754543
-0.6944454745977903 2.591705794285237
-1.3415656377271494 2.3236598462319664
-1.8972603196874458 1.8972603196874462
-2.3236598462319664 1.3415656377271499
-2.5917057942852364 0.6944454745977913
-2.6831312754543 3.285888128177264e-16
-2.591705794285237 -0.6944454745977907
-2.323659846231967 -1.3415656377271494
-1.8972603196874471 -1.897260319687445
-1.3415656377271512 -2.3236598462319655
-0.6944454745977903 -2.591705794285237
-4.928832192265896e-16 -2.6831312754543
0.6944454745977894 -2.591705794285237
1.3415656377271503 -2.323659846231966
1.8972603196874456 -1.8972603196874465
2.3236598462319655 -1.3415656377271512
2.591705794285236 -0.6944454745977927
3.1409314487854623 0.0
3.033906804985418 0.8129328783071303
2.720126426193672 1.570465724392731
2.2209739266782877 2.2209739266782873
1.5704657243927316 2.7201264261936715
0.8129328783071303 3.033906804985418
1.9232658225481876e-16 3.1409314487854623
-0.81293287830713 3.033906804985418
-1.5704657243927305 2.720126426193672
-2.2209739266782873 2.2209739266782877
-2.720126426193672 1.570465724392731
-3.033906804985418 0.8129328783071312
-3.1409314487854623 3.846531645096375e-16
-3.033906804985418 -0.8129328783071306
-2.7201264261936724 -1.5704657243927302
-2.2209739266782886 -2.2209739266782864
-1.5704657243927325 -2.720126426193671
-0.81293287830713 -3.033906804985418
-5.769797467644562e-16 -3.1409314487854623
0.812932878307129 -3.0339068049854183
1.5704657243927316 -2.7201264261936715
2.220973926678287 -2.220973926678288
2.720126426193671 -1.5704657243927325
3.0339068049854174 -0.812932878307133
3.5844004279230406 0.0
3.462264945092453 0.927711096020108
3.104181827917166 1.79220021396152
2.534553849072345 2.5345538490723447
1.7922002139615207 3.1041818279171656
0.927711096020108 3.462264945092453
2.1948122554591775e-16 3.5844004279230406
-0.9277110960201077 3.462264945092453
-1.7922002139615194 3.104181827917166
-2.5345538490723447 2.534553849072345
-3.104181827917166 1.79220021396152
-3.4622649450924525 0.927711096020109
-3.5844004279230406 4.389624510918355e-16
-3.462264945092453 -0.9277110960201083
-3.1041818279171665 -1.7922002139615194
-2.534553849072346 -2.5345538490723434
-1.7922002139615218 -3.104181827917165
-0.9277110960201077 -3.462264945092453
-6.584436766377532e-16 -3.5844004279230406
0.9277110960201065 -3.4622649450924534
1.7922002139615207 -3.1041818279171656
2.5345538490723443 -2.534553849072345
3.104181827917165 -1.7922002139615218
3.462264945092452 -0.927711096020111
3.865483274140466 0.0
3.733770125580703 1.0004606898728008
3.3476067133094913 1.9327416370702328
2.733309435707902 2.7333094357079015
1.9327416370702335 3.347606713309491
1.0004606898728008 3.733770125580703
2.3669258594168765e-16 3.865483274140466
-1.0004606898728003 3.733770125580703
-1.9327416370702322 3.3476067133094913
-2.7333094357079015 2.733309435707902
-3.3476067133094913 1.9327416370702328
-3.7337701255807025 1.000460689872802
-3.865483274140466 4.733851718833753e-16
-3.733770125580703 -1.000460689872801
-3.3476067133094918 -1.932741637070232
-2.7333094357079033 -2.7333094357079
-1.9327416370702348 -3.34760671330949
-1.0004606898728003 -3.733770125580703
-7.100777578250629e-16 -3.865483274140466
1.000460689872799 -3.7337701255807034
1.9327416370702335 -3.347606713309491
2.733309435707901 -2.7333094357079024
3.34760671330949 -1.9327416370702348
3.733770125580702 -1.0004606898728041
4.291850761556503 0.0
4.145609493165833 1.1108127158285805
3.7168517887595214 2.1459253807782512
3.034796777337252 3.0347967773372515
2.145925380778252 3.716851788759521
1.1108127158285805 4.145609493165833
2.628000648779151e-16 4.291850761556503
-1.11081271582858 4.145609493165833
-2.145925380778251 3.7168517887595214
-3.0347967773372515 3.034796777337252
-3.7168517887595214 2.1459253807782512
-4.145609493165832 1.1108127158285819
-4.291850761556503 5.256001297558302e-16
-4.145609493165833 -1.1108127158285808
-3.7168517887595223 -2.1459253807782503
-3.0347967773372533 -3.03479677733725
-2.1459253807782535 -3.71685178875952
-1.11081271582858 -4.145609493165833
-7.884001946337452e-16 -4.291850761556503
1.1108127158285788 -4.145609493165833
2.145925380778252 -3.716851788759521
3.034796777337251 -3.0347967773372524
3.71685178875952 -2.1459253807782535
4.145609493165832 -1.110812715828584
4.519666709097392 0.0
4.365662800536093 1.1697758218302394
3.9141461867171543 2.2598333545486957
3.1958869787058535 3.195886978705853
2.2598333545486966 3.914146186717154
1.1697758218302394 4.365662800536093
2.7674976842544867e-16 4.519666709097392
-1.169775821830239 4.365662800536093
-2.2598333545486953 3.9141461867171543
-3.195886978705853 3.1958869787058535
-3.9141461867171543 2.2598333545486957
-4.365662800536092 1.1697758218302408
-4.519666709097392 5.534995368508973e-16
-4.365662800536093 -1.1697758218302396
-3.9141461867171548 -2.259833354548695
-3.195886978705855 -3.1958869787058513
-2.2598333545486984 -3.914146186717153
-1.169775821830239 -4.365662800536093
-8.302493052763459e-16 -4.519666709097392
1.1697758218302374 -4.365662800536093
2.2598333545486966 -3.914146186717154
3.195886978705852 -3.195886978705854
3.914146186717153 -2.2598333545486984
4.365662800536092 -1.1697758218302432
4.735187420205326 0.0
4.573839821495431 1.2255566864790113
4.100792597578312 2.3675937101026627
3.3482831350164206 3.3482831350164197
2.3675937101026636 4.1007925975783115
1.2255566864790113 4.573839821495431
2.899466058758633e-16 4.735187420205326
-1.2255566864790106 4.573839821495431
-2.3675937101026623 4.100792597578312
-3.3482831350164197 3.3482831350164206
-4.100792597578312 2.3675937101026627
-4.573839821495431 1.2255566864790124
-4.735187420205326 5.798932117517266e-16
-4.573839821495431 -1.2255566864790115
-4.100792597578313 -2.367593710102662
-3.348283135016422 -3.3482831350164184
-2.3675937101026654 -4.100792597578311
-1.2255566864790106 -4.573839821495431
-8.698398176275899e-16 -4.735187420205326
1.225556686479009 -4.573839821495432
2.3675937101026636 -4.1007925975783115
3.3482831350164193 -3.348283135016421
4.100792597578311 -2.3675937101026654
4.57383982149543 -1.225556686479015
-0.5816559921021589 -0.0
-0.5618365447872656 -0.1505436484540401
-0.5037288654239105 -0.2908279960510794
-0.4112928963332255 -0.41129289633322547
-0.2908279960510795 -0.5037288654239104
-0.1505436484540401 -0.5618365447872656
-3.5616157446639354e-17 -0.5816559921021589
0.15054364845404006 -0.5618365447872656
0.29082799605107934 -0.5037288654239105
0.41129289633322547 -0.4112928963332255
0.5037288654239105 -0.2908279960510794
0.5618365447872655 -0.15054364845404028
0.5816559921021589 -7.123231489327871e-17
0.5618365447872656 0.15054364845404014
0.5037288654239105 0.2908279960510793
0.4112928963332257 0.41129289633322524
0.29082799605107973 0.5037288654239103
0.15054364845404006 0.5618365447872656
1.0684847233991805e-16 0.5816559921021589
-0.15054364845403986 0.5618365447872657
-0.2908279960510795 0.5037288654239104
-0.4112928963332254 0.4112928963332256
-0.5037288654239103 0.29082799605107973
-0.5618365447872655 0.15054364845404059
3.3766593482122547 0.0
3.261602471018629 0.8739437481407958
2.9242727754780176 1.688329674106127
2.387658722877833 2.3876587228778328
1.6883296741061278 2.924272775478017
0.8739437481407958 3.261602471018629
2.0676075312995628e-16 3.3766593482122547
-0.8739437481407955 3.261602471018629
-1.6883296741061267 2.9242727754780176
-2.3876587228778328 2.387658722877833
-2.9242727754780176 1.688329674106127
-3.2616024710186284 0.8739437481407968
-3.3766593482122547 4.1352150625991257e-16
-3.261602471018629 -0.873943748140796
-2.924272775478018 -1.6883296741061264
-2.387658722877834 -2.3876587228778314
-1.6883296741061289 -2.9242727754780162
-0.8739437481407955 -3.261602471018629
-6.202822593898688e-16 -3.3766593482122547
0.8739437481407943 -3.2616024710186293
1.6883296741061278 -2.924272775478017
2.3876587228778323 -2.3876587228778337
2.9242727754780162 -1.6883296741061289
3.261602471018628 -0.8739437481407987
4.041099845000084 0.0
3.903402706898332 1.0459136030468663
3.4996951249994304 2.0205499225000416
2.857489103851466 2.8574891038514654
2.0205499225000425 3.49969512499943
1.0459136030468663 3.903402706898332
2.4744599951071093e-16 4.041099845000084
-1.0459136030468659 3.903402706898332
-2.020549922500041 3.4996951249994304
-2.8574891038514654 2.857489103851466
-3.4996951249994304 2.0205499225000416
-3.9034027068983317 1.0459136030468674
-4.041099845000084 4.948919990214219e-16
-3.903402706898332 -1.0459136030468665
-3.499695124999431 -2.0205499225000407
-2.857489103851467 -2.857489103851464
-2.020549922500044 -3.499695124999429
-1.0459136030468659 -3.903402706898332
-7.423379985321327e-16 -4.041099845000084
1.0459136030468645 -3.9034027068983326
2.0205499225000425 -3.49969512499943
2.857489103851465 -2.8574891038514663
3.499695124999429 -2.020549922500044
3.9034027068983312 -1.0459136030468696
4.140790386732557 0.0
3.999696375794476 1.071715413863818
3.586029666656785 2.070395193366278
2.927980961930658 2.9279809619306576
2.070395193366279 3.5860296666567844
1.071715413863818 3.999696375794476
2.5355028465260784e-16 4.140790386732557
-1.0717154138638174 3.999696375794476
-2.0703951933662776 3.586029666656785
-2.9279809619306576 2.927980961930658
-3.586029666656785 2.070395193366278
-3.9996963757944752 1.0717154138638192
-4.140790386732557 5.071005693052157e-16
-3.999696375794476 -1.0717154138638183
-3.5860296666567852 -2.070395193366277
-2.9279809619306594 -2.9279809619306563
-2.0703951933662803 -3.5860296666567835
-1.0717154138638174 -3.999696375794476
-7.606508539578234e-16 -4.140790386732557
1.071715413863816 -3.9996963757944766
2.070395193366279 -3.5860296666567844
2.927980961930657 -2.9279809619306585
3.5860296666567835 -2.0703951933662803
3.999696375794475 -1.0717154138638214
5.259492612600254 0.0
5.080279747687151 1.3612568557169598
4.554854213528407 2.6297463063001265
3.7190228919701913 3.7190228919701904
2.6297463063001274 4.554854213528407
1.3612568557169598 5.080279747687151
3.2205103965800256e-16 5.259492612600254
-1.361256855716959 5.080279747687151
-2.6297463063001256 4.554854213528407
-3.7190228919701904 3.7190228919701913
-4.554854213528407 2.6297463063001265
-5.08027974768715 1.3612568557169613
-5.259492612600254 6.441020793160051e-16
-5.080279747687151 -1.36125685571696
-4.554854213528408 -2.6297463063001256
-3.719022891970193 -3.7190228919701886
-2.629746306300129 -4.554854213528405
-1.361256855716959 -5.080279747687151
-9.661531189740077e-16 -5.259492612600254
1.3612568557169573 -5.080279747687151
2.6297463063001274 -4.554854213528407
3.71902289197019 -3.7190228919701918
4.554854213528405 -2.629746306300129
5.0802797476871495 -1.3612568557169642
5.128373913218569 0.0
4.9536288096449494 1.3273208391479077
4.4413020889526935 2.564186956609284
3.6263079704970416 3.6263079704970407
2.564186956609285 4.441302088952693
1.3273208391479077 4.9536288096449494
3.1402233488269534e-16 5.128373913218569
-1.327320839147907 4.9536288096449494
-2.564186956609283 4.4413020889526935
-3.6263079704970407 3.6263079704970416
-4.4413020889526935 2.564186956609284
-4.953628809644949 1.327320839147909
-5.128373913218569 6.280446697653907e-16
-4.9536288096449494 -1.3273208391479079
-4.4413020889526935 -2.564186956609283
-3.6263079704970433 -3.6263079704970393
-2.5641869566092867 -4.441302088952692
-1.327320839147907 -4.9536288096449494
-9.420670046480859e-16 -5.128373913218569
1.3273208391479052 -4.9536288096449494
2.564186956609285 -4.441302088952693
3.6263079704970402 -3.626307970497042
4.441302088952692 -2.5641869566092867
4.953628809644948 -1.3273208391479119
2.929326430448619 0.0
2.829512052801489 0.7581654695222872
2.536871104745694 1.4646632152243093
2.071346583279202 2.071346583279202
1.4646632152243098 2.5368711047456936
0.7581654695222872 2.829512052801489
1.7936951183533216e-16 2.929326430448619
-0.7581654695222869 2.829512052801489
-1.4646632152243089 2.536871104745694
-2.071346583279202 2.071346583279202
-2.536871104745694 1.4646632152243093
-2.829512052801489 0.758165469522288
-2.929326430448619 3.587390236706643e-16
-2.829512052801489 -0.7581654695222874
-2.536871104745694 -1.4646632152243086
-2.0713465832792033 -2.071346583279201
-1.4646632152243109 -2.5368711047456927
-0.7581654695222869 -2.829512052801489
-5.381085355059964e-16 -2.929326430448619
0.7581654695222859 -2.8295120528014897
1.4646632152243098 -2.5368711047456936
2.0713465832792015 -2.0713465832792024
2.5368711047456927 -1.4646632152243109
2.8295120528014888 -0.7581654695222897
5.042352418161932 0.0
4.870538425953746 1.3050568379390575
4.366805288962128 2.5211762090809655
3.565481588014688 3.5654815880146877
2.5211762090809664 4.366805288962127
1.3050568379390575 4.870538425953746
3.087550374537463e-16 5.042352418161932
-1.305056837939057 4.870538425953746
-2.5211762090809646 4.366805288962128
-3.5654815880146877 3.565481588014688
-4.366805288962128 2.5211762090809655
-4.870538425953745 1.305056837939059
-5.042352418161932 6.175100749074926e-16
-4.870538425953746 -1.305056837939058
-4.366805288962128 -2.5211762090809646
-3.56548158801469 -3.565481588014686
-2.521176209080968 -4.3668052889621265
-1.305056837939057 -4.870538425953746
-9.262651123612388e-16 -5.042352418161932
1.3050568379390552 -4.870538425953747
2.5211762090809664 -4.366805288962127
3.5654815880146873 -3.5654815880146886
4.3668052889621265 -2.521176209080968
4.870538425953745 -1.3050568379390617
4.858685189833682 0.0
4.693129506668558 1.2575202612865133
4.207744803387186 2.4293425949168403
3.4356092453820444 3.435609245382044
2.4293425949168412 4.207744803387186
1.2575202612865133 4.693129506668558
2.975086632897234e-16 4.858685189833682
-1.2575202612865126 4.693129506668558
-2.42934259491684 4.207744803387186
-3.435609245382044 3.4356092453820444
-4.207744803387186 2.4293425949168403
-4.693129506668557 1.2575202612865146
-4.858685189833682 5.950173265794468e-16
-4.693129506668558 -1.2575202612865135
-4.207744803387187 -2.4293425949168395
-3.435609245382046 -3.435609245382042
-2.429342594916843 -4.207744803387185
-1.2575202612865126 -4.693129506668558
-8.925259898691702e-16 -4.858685189833682
1.257520261286511 -4.6931295066685585
2.4293425949168412 -4.207744803387186
3.4356092453820435 -3.435609245382045
4.207744803387185 -2.429342594916843
4.693129506668557 -1.2575202612865173
4.910783553965935 0.0
4.743452662091313 1.2710043101426263
4.25286331022133 2.455391776982967
3.4724483519486866 3.472448351948686
2.455391776982968 4.252863310221329
1.2710043101426263 4.743452662091313
3.006987680334923e-16 4.910783553965935
-1.2710043101426258 4.743452662091313
-2.4553917769829665 4.25286331022133
-3.472448351948686 3.4724483519486866
-4.25286331022133 2.455391776982967
-4.743452662091313 1.2710043101426278
-4.910783553965935 6.013975360669846e-16
-4.743452662091313 -1.2710043101426267
-4.25286331022133 -2.455391776982966
-3.4724483519486884 -3.4724483519486844
-2.4553917769829696 -4.252863310221328
-1.2710043101426258 -4.743452662091313
-9.020963041004768e-16 -4.910783553965935
1.2710043101426243 -4.743452662091314
2.455391776982968 -4.252863310221329
3.4724483519486857 -3.472448351948687
4.252863310221328 -2.4553917769829696
4.743452662091312 -1.2710043101426305
4.988737266235906 0.0
4.818750166027985 1.2911802155145369
4.320373205366427 2.4943686331179524
3.527569950513448 3.5275699505134477
2.4943686331179533 4.320373205366427
1.2911802155145369 4.818750166027985
3.0547205624414595e-16 4.988737266235906
-1.2911802155145364 4.818750166027985
-2.494368633117952 4.320373205366427
-3.5275699505134477 3.527569950513448
-4.320373205366427 2.4943686331179524
-4.818750166027985 1.2911802155145382
-4.988737266235906 6.109441124882919e-16
-4.818750166027985 -1.291180215514537
-4.320373205366428 -2.4943686331179515
-3.52756995051345 -3.527569950513446
-2.494368633117955 -4.320373205366425
-1.2911802155145364 -4.818750166027985
-9.164161687324379e-16 -4.988737266235906
1.2911802155145347 -4.818750166027986
2.4943686331179533 -4.320373205366427
3.527569950513447 -3.5275699505134486
4.320373205366425 -2.494368633117955
4.818750166027984 -1.291180215514541
4.951085710243371 0.0
4.782381555694826 1.2814352757459249
4.287766001384879 2.475542855121685
3.5009462799489017 3.5009462799489013
2.475542855121686 4.287766001384879
1.2814352757459249 4.782381555694826
3.0316656336768717e-16 4.951085710243371
-1.2814352757459244 4.782381555694826
-2.4755428551216845 4.287766001384879
-3.5009462799489013 3.5009462799489017
-4.287766001384879 2.475542855121685
-4.782381555694826 1.2814352757459262
-4.951085710243371 6.063331267353743e-16
-4.782381555694826 -1.281435275745925
-4.28776600138488 -2.475542855121684
-3.500946279948903 -3.5009462799488995
-2.4755428551216876 -4.287766001384878
-1.2814352757459244 -4.782381555694826
-9.094996901030615e-16 -4.951085710243371
1.2814352757459226 -4.782381555694827
2.475542855121686 -4.287766001384879
3.5009462799489004 -3.500946279948902
4.287766001384878 -2.4755428551216876
4.782381555694825 -1.281435275745929
1.0 0.5 0.4 0.32000000000000006 0.25600000000000006 0.20480000000000007 0.16384000000000007 0.13107200000000005 0.10485760000000005 0.08388608000000004 0.06710886400000003 0.05368709120000003 0.042949672960000025 0.03435973836800002 0.027487790694400018 0.021990232555520017 0.017592186044416015 0.014073748835532814 0.011258999068426251 0.009007199254741001 0.007205759403792801 0.0057646075230342415 