0.0 0.0
2.5281694145486404 0.0
2.5229750193411307 0.16198037053864156
2.5074131786027043 0.32329512899005936
2.481547839274959 0.48328139840986933
2.4454852875852904 0.6412817609000782
2.399373712293985 0.7966469590802424
2.343402595754816 0.948738564025309
2.2778019352914103 1.0969315987070118
2.2028412980889094 1.2406171061585376
2.118828713484584 1.3792046518093233
2.0261094072092174 1.5121247497073542
1.9250643827805234 1.6388312026590959
1.8161088558779683 1.758803346670921
1.699690548132483 1.8715481904691404
1.5762878473422424 1.9766024413068946
1.4464078416745891 2.0735344087334244
1.3105842359319866 2.1619457785027327
1.1693751584445014 2.2414732493322584
1.0233608676007837 2.3117900257857733
0.8731413674418771 2.372607161145929
0.7193339421159148 2.423674744758296
0.5625706193251522 2.4647829289678493
0.4034955731885636 2.495762791427993
0.24276247719221306 2.5164870292387196
0.08103181810469219 2.526870482061529
-0.08103181810469187 2.526870482061529
-0.24276247719221272 2.5164870292387196
-0.4034955731885627 2.4957627914279934
-0.5625706193251518 2.4647829289678493
-0.7193339421159146 2.4236747447582965
-0.8731413674418763 2.3726071611459294
-1.0233608676007835 2.3117900257857733
-1.1693751584445011 2.2414732493322584
-1.3105842359319861 2.1619457785027327
-1.4464078416745894 2.073534408733424
-1.5762878473422421 1.9766024413068948
-1.6996905481324833 1.8715481904691404
-1.816108855877968 1.7588033466709214
-1.9250643827805225 1.638831202659097
-2.026109407209217 1.5121247497073544
-2.118828713484584 1.3792046518093233
-2.202841298088909 1.2406171061585383
-2.2778019352914103 1.0969315987070123
-2.343402595754816 0.94873856402531
-2.3993737122939844 0.796646959080244
-2.4454852875852904 0.6412817609000782
-2.481547839274959 0.48328139840986994
-2.507413178602704 0.3232951289900595
-2.5229750193411307 0.16198037053864237
-2.5281694145486404 3.0961145812292303e-16
-2.5229750193411307 -0.16198037053864178
-2.5074131786027043 -0.3232951289900589
-2.481547839274959 -0.48328139840986933
-2.4454852875852904 -0.6412817609000776
-2.399373712293985 -0.7966469590802422
-2.343402595754816 -0.9487385640253094
-2.2778019352914103 -1.0969315987070116
-2.20284129808891 -1.2406171061585367
-2.118828713484585 -1.3792046518093228
-2.026109407209218 -1.5121247497073542
-1.9250643827805236 -1.6388312026590954
-1.8161088558779683 -1.758803346670921
-1.6996905481324835 -1.87154819046914
-1.5762878473422426 -1.9766024413068943
-1.44640784167459 -2.073534408733424
-1.3105842359319877 -2.161945778502732
-1.1693751584445018 -2.241473249332258
-1.0233608676007846 -2.311790025785773
-0.8731413674418759 -2.3726071611459294
-0.7193339421159146 -2.4236747447582965
-0.5625706193251525 -2.4647829289678493
-0.40349557318856166 -2.4957627914279934
-0.24276247719221225 -2.5164870292387196
-0.08103181810469193 -2.526870482061529
0.081031818104691 -2.526870482061529
0.24276247719221128 -2.5164870292387196
0.4034955731885607 -2.4957627914279934
0.5625706193251516 -2.4647829289678493
0.7193339421159137 -2.423674744758297
0.8731413674418771 -2.372607161145929
1.0233608676007835 -2.3117900257857733
1.169375158444501 -2.2414732493322584
1.3105842359319848 -2.1619457785027336
1.4464078416745891 -2.0735344087334244
1.5762878473422417 -1.9766024413068948
1.6996905481324822 -1.8715481904691413
1.816108855877967 -1.7588033466709225
1.9250643827805214 -1.638831202659098
2.0261094072092156 -1.5121247497073569
2.118828713484585 -1.3792046518093224
2.2028412980889094 -1.2406171061585376
2.2778019352914103 -1.0969315987070125
2.343402595754816 -0.9487385640253102
2.399373712293984 -0.7966469590802442
2.44548528758529 -0.6412817609000786
2.481547839274959 -0.4832813984098702
2.507413178602704 -0.32329512899006096
2.5229750193411307 -0.1619803705386438
3.7690138994905213 0.0
3.761270056208545 0.2414815496507223
3.738070347475711 0.4819707998162998
3.699510105871524 0.7204795285830199
3.645747783699882 0.9560276524244179
3.57700430187457 1.1876472535747158
3.4935621421078387 1.4143865574105383
3.3957641861324572 1.6353138434969958
3.284012306727124 1.8495212742268046
3.1587657163350173 2.0561286253197464
3.0205390800613694 2.254286902853042
2.869900400804149 2.4431818319594902
2.707468685208318 2.622037202857558
2.5339114000347545 2.790118060463868
2.349941729396158 2.9467337244812843
2.1563156441305518 3.091240627552405
1.953828795354959 3.223044959815878
1.7433132449642887 3.3416051089984924
1.5256340465105431 3.4464338860161834
1.3016856905122096 3.5371005269384836
1.0723884288008547 3.61323246308991
0.8386844930089615 3.6745168520145675
0.6015342227380357 3.720701863012904
0.36191211931719147 3.7515977119680737
0.1208028413681676 3.767077441209581
-0.12080284136816713 3.767077441209581
-0.361912119317191 3.7515977119680737
-0.6015342227380344 3.7207018630129043
-0.8386844930089611 3.6745168520145675
-1.0723884288008543 3.6132324630899104
-1.3016856905122083 3.537100526938484
-1.5256340465105427 3.4464338860161834
-1.7433132449642885 3.3416051089984924
-1.9538287953549585 3.2230449598158786
-2.156315644130552 3.0912406275524047
-2.3499417293961575 2.946733724481285
-2.533911400034755 2.790118060463868
-2.7074686852083176 2.6220372028575585
-2.8699004008041475 2.443181831959492
-3.020539080061369 2.2542869028530426
-3.1587657163350173 2.0561286253197464
-3.284012306727123 1.8495212742268055
-3.395764186132457 1.6353138434969963
-3.493562142107838 1.4143865574105396
-3.5770043018745694 1.1876472535747182
-3.645747783699882 0.9560276524244179
-3.699510105871524 0.7204795285830208
-3.738070347475711 0.48197079981630003
-3.761270056208545 0.2414815496507235
-3.7690138994905213 4.615710807952951e-16
-3.761270056208545 -0.2414815496507226
-3.738070347475711 -0.4819707998162992
-3.699510105871524 -0.7204795285830199
-3.645747783699882 -0.9560276524244171
-3.57700430187457 -1.1876472535747156
-3.4935621421078387 -1.4143865574105388
-3.3957641861324572 -1.6353138434969954
-3.2840123067271243 -1.8495212742268032
-3.1587657163350182 -2.0561286253197455
-3.02053908006137 -2.254286902853042
-2.8699004008041493 -2.44318183195949
-2.707468685208318 -2.622037202857558
-2.5339114000347553 -2.790118060463867
-2.3499417293961584 -2.946733724481284
-2.156315644130553 -3.0912406275524043
-1.9538287953549605 -3.2230449598158772
-1.7433132449642892 -3.341605108998492
-1.5256340465105442 -3.446433886016183
-1.3016856905122076 -3.5371005269384845
-1.0723884288008543 -3.6132324630899104
-0.838684493008962 -3.6745168520145675
-0.6015342227380328 -3.7207018630129043
-0.36191211931719025 -3.7515977119680737
-0.1208028413681672 -3.767077441209581
0.12080284136816583 -3.767077441209581
0.36191211931718886 -3.7515977119680737
0.6015342227380315 -3.7207018630129047
0.8386844930089606 -3.6745168520145675
1.0723884288008532 -3.613232463089911
1.3016856905122096 -3.5371005269384836
1.525634046510543 -3.4464338860161834
1.743313244964288 -3.341605108998493
1.9538287953549565 -3.2230449598158795
2.1563156441305518 -3.091240627552405
2.349941729396157 -2.946733724481285
2.5339114000347536 -2.7901180604638687
2.707468685208316 -2.6220372028575603
2.869900400804146 -2.443181831959494
3.0205390800613667 -2.254286902853046
3.1587657163350182 -2.056128625319745
3.284012306727124 -1.8495212742268046
3.395764186132457 -1.6353138434969967
3.493562142107838 -1.41438655741054
3.577004301874569 -1.1876472535747187
3.645747783699882 -0.9560276524244186
3.699510105871524 -0.7204795285830212
3.738070347475711 -0.48197079981630225
3.761270056208545 -0.24148154965072563
4.619050877639189 0.0
4.609560542219427 0.2959436058324479
4.581128533784049 0.5906711159088259
4.533871685554363 0.8829714316713776
4.4679841860563085 1.1716434284244133
4.383736781158145 1.455500891013326
4.2814756615176135 1.7333773882371029
4.161621040010256 2.00413106596433
4.024665424984583 2.2666493392567437
3.871171596439621 2.5198534642193935
3.7017702934411867 2.7627029707906923
3.5171576222797647 2.994199938257083
3.31809219602045 3.2133930959233035
3.1053920171991436 3.4193817320877176
2.8799311164746677 3.6113193952599016
2.6426359610493098 3.7884173724113817
2.394481647616365 3.9499479299666453
2.13648789547866 4.095247304216502
1.8697148563032182 4.223718428865542
1.5952587577306483 4.3348333885056105
1.314247398740631 4.428135587933465
1.0278355152840064 4.503241628398395
0.7372000352250543 4.559842883069936
0.44353524209244866 4.597706765251712
0.14804786751207513 4.61667768413006
-0.14804786751207455 4.61667768413006
-0.44353524209244805 4.597706765251712
-0.7372000352250526 4.559842883069936
-1.0278355152840057 4.503241628398395
-1.3142473987406305 4.428135587933465
-1.5952587577306467 4.334833388505611
-1.8697148563032175 4.223718428865542
-2.1364878954786595 4.095247304216502
-2.3944816476163644 3.949947929966646
-2.64263596104931 3.788417372411381
-2.8799311164746673 3.611319395259902
-3.105392017199144 3.4193817320877176
-3.3180921960204497 3.213393095923304
-3.517157622279763 2.994199938257085
-3.701770293441186 2.7627029707906927
-3.871171596439621 2.5198534642193935
-4.024665424984582 2.266649339256745
-4.161621040010256 2.0041310659643305
-4.281475661517613 1.7333773882371046
-4.383736781158145 1.455500891013329
-4.4679841860563085 1.1716434284244133
-4.533871685554363 0.8829714316713788
-4.581128533784049 0.5906711159088263
-4.609560542219427 0.2959436058324494
-4.619050877639189 5.656705872399606e-16
-4.609560542219427 -0.2959436058324483
-4.581128533784049 -0.5906711159088252
-4.533871685554363 -0.8829714316713776
-4.4679841860563085 -1.1716434284244124
-4.383736781158145 -1.4555008910133258
-4.2814756615176135 -1.7333773882371035
-4.161621040010256 -2.004131065964329
-4.024665424984583 -2.2666493392567424
-3.8711715964396225 -2.5198534642193926
-3.701770293441187 -2.7627029707906923
-3.517157622279765 -2.9941999382570823
-3.31809219602045 -3.2133930959233035
-3.1053920171991445 -3.4193817320877162
-2.879931116474668 -3.611319395259901
-2.642635961049311 -3.7884173724113808
-2.3944816476163666 -3.949947929966644
-2.1364878954786604 -4.095247304216502
-1.8697148563032198 -4.223718428865541
-1.595258757730646 -4.334833388505611
-1.3142473987406305 -4.428135587933465
-1.027835515284007 -4.503241628398395
-0.7372000352250507 -4.559842883069936
-0.44353524209244716 -4.597706765251712
-0.14804786751207463 -4.61667768413006
0.14804786751207294 -4.61667768413006
0.44353524209244544 -4.597706765251712
0.7372000352250491 -4.559842883069937
1.0278355152840053 -4.503241628398395
1.314247398740629 -4.428135587933466
1.5952587577306483 -4.3348333885056105
1.869714856303218 -4.223718428865542
2.136487895478659 -4.095247304216503
2.3944816476163617 -3.9499479299666467
2.6426359610493098 -3.7884173724113817
2.879931116474667 -3.611319395259902
3.1053920171991423 -3.419381732087719
3.3180921960204475 -3.213393095923306
3.517157622279761 -2.994199938257087
3.7017702934411836 -2.762702970790697
3.8711715964396225 -2.519853464219392
4.024665424984583 -2.2666493392567437
4.161621040010256 -2.004131065964331
4.281475661517613 -1.733377388237105
4.383736781158144 -1.4555008910133294
4.467984186056308 -1.1716434284244142
4.533871685554363 -0.8829714316713793
4.581128533784049 -0.5906711159088289
4.609560542219427 -0.295943605832452
5.257484880256148 0.0
5.246682813706176 0.3368482128232835
5.214321002064753 0.672312244086361
5.160532426957497 1.0050136001279637
5.085538117177139 1.3335851397118992
4.989646240428794 1.6566766919036433
4.873250837002766 1.9729606042123193
4.736830200578467 2.2811371981995645
4.5809449128130995 2.579940110137013
4.40623553979138 2.868141494766491
4.2134199998021 3.144557070779552
4.003290613257877 3.4080509872834024
3.776710846880633 3.6575404912558622
3.5346117655316207 3.892000376809776
3.277988206266193 4.110467197983916
3.007894690334952 4.312043227749092
2.7254410899297383 4.495900146961073
2.4317880674807206 4.661282448101636
2.128142306245522 4.807510539820999
1.8157515517888676 4.93398353952446
1.4958994847284244 5.040181742527865
1.1699004458158 5.125668757635631
0.8390940350284611 5.1900933003657705
0.5048396068660819 5.233190636453186
0.16851068447133496 5.254783669699544
-0.1685106844713343 5.254783669699544
-0.5048396068660812 5.233190636453186
-0.8390940350284593 5.190093300365771
-1.1699004458157996 5.125668757635631
-1.4958994847284237 5.040181742527866
-1.8157515517888658 4.933983539524461
-2.128142306245521 4.807510539820999
-2.43178806748072 4.661282448101636
-2.725441089929738 4.495900146961074
-3.007894690334953 4.312043227749091
-3.2779882062661927 4.110467197983917
-3.534611765531621 3.892000376809776
-3.7767108468806323 3.6575404912558627
-4.003290613257875 3.4080509872834046
-4.213419999802099 3.1445570707795523
-4.40623553979138 2.868141494766491
-4.580944912813099 2.5799401101370147
-4.736830200578466 2.2811371981995654
-4.873250837002765 1.9729606042123213
-4.989646240428794 1.6566766919036466
-5.085538117177139 1.3335851397118992
-5.160532426957497 1.005013600127965
-5.214321002064752 0.6723122440863614
-5.246682813706176 0.33684821282328514
-5.257484880256148 6.438562030171296e-16
-5.246682813706176 -0.3368482128232839
-5.214321002064753 -0.6723122440863601
-5.160532426957497 -1.0050136001279637
-5.085538117177139 -1.333585139711898
-4.989646240428794 -1.656676691903643
-4.873250837002766 -1.9729606042123202
-4.736830200578467 -2.281137198199564
-4.5809449128131 -2.5799401101370116
-4.406235539791382 -2.86814149476649
-4.2134199998021 -3.144557070779552
-4.003290613257877 -3.4080509872834015
-3.776710846880633 -3.6575404912558622
-3.5346117655316216 -3.892000376809775
-3.277988206266194 -4.110467197983915
-3.007894690334954 -4.31204322774909
-2.7254410899297405 -4.495900146961072
-2.4317880674807215 -4.661282448101636
-2.1281423062455236 -4.807510539820998
-1.815751551788865 -4.933983539524461
-1.4958994847284237 -5.040181742527866
-1.1699004458158007 -5.125668757635631
-0.8390940350284571 -5.190093300365771
-0.5048396068660802 -5.233190636453186
-0.1685106844713344 -5.254783669699544
0.1685106844713325 -5.254783669699544
0.5048396068660782 -5.233190636453186
0.8390940350284553 -5.190093300365771
1.1699004458157989 -5.125668757635631
1.495899484728422 -5.040181742527867
1.8157515517888676 -4.93398353952446
2.1281423062455214 -4.807510539820999
2.4317880674807197 -4.661282448101637
2.7254410899297348 -4.495900146961075
3.007894690334952 -4.312043227749092
3.2779882062661923 -4.110467197983917
3.534611765531619 -3.892000376809778
3.77671084688063 -3.657540491255865
4.003290613257873 -3.408050987283407
4.213419999802096 -3.144557070779557
4.406235539791382 -2.868141494766489
4.5809449128130995 -2.579940110137013
4.736830200578466 -2.281137198199566
4.873250837002765 -1.972960604212322
4.989646240428793 -1.656676691903647
5.085538117177138 -1.3335851397119
5.160532426957497 -1.0050136001279657
5.214321002064752 -0.6723122440863644
5.246682813706176 -0.33684821282328814
5.756384241361733 0.0
5.744557132567581 0.36881280463755545
5.709124406312069 0.7361100783507567
5.650231663267676 1.1003825178568982
5.568120906348025 1.4601332495658554
5.463129546266001 1.813883980554747
5.3356890150407565 2.1601810731906457
5.186322993151006 2.4976015184394167
5.015645257619605 2.8247587833150747
4.82435715987211 3.1403085084412323
4.613244743733336 3.442954032312142
4.383175515404668 3.7314517195529566
4.135094878695002 4.004616071284246
3.8700222501537076 4.261324596591173
3.5890468700693634 4.500522425079449
3.293323326547764 4.72122664156404
2.9840668110617425 4.9225303250785055
2.662548124968743 5.103606275607781
2.330088457515467 5.26371041323047
1.9880539567878537 5.402184835702852
1.6378501159155605 5.518460521920319
1.2809159975992235 5.612059670147145
0.9187183206931328 5.682597661406311
0.5527454331428494 5.729784639961385
0.1845011960442599 5.753426704395906
-0.18450119604425919 5.753426704395906
-0.5527454331428487 5.729784639961385
-0.9187183206931306 5.682597661406312
-1.2809159975992228 5.612059670147145
-1.6378501159155598 5.5184605219203196
-1.9880539567878517 5.402184835702853
-2.3300884575154663 5.26371041323047
-2.6625481249687426 5.103606275607781
-2.984066811061742 4.922530325078506
-3.293323326547765 4.721226641564039
-3.589046870069363 4.500522425079449
-3.8700222501537085 4.261324596591173
-4.135094878695001 4.0046160712842465
-4.383175515404666 3.7314517195529593
-4.613244743733335 3.4429540323121426
-4.82435715987211 3.1403085084412323
-5.015645257619604 2.824758783315076
-5.1863229931510055 2.4976015184394176
-5.3356890150407565 2.160181073190648
-5.463129546266 1.8138839805547506
-5.568120906348025 1.4601332495658554
-5.650231663267676 1.1003825178568996
-5.7091244063120685 0.736110078350757
-5.744557132567581 0.3688128046375573
-5.756384241361733 7.049537535845911e-16
-5.744557132567581 -0.3688128046375559
-5.709124406312069 -0.7361100783507558
-5.650231663267676 -1.1003825178568982
-5.568120906348025 -1.460133249565854
-5.463129546266001 -1.8138839805547469
-5.3356890150407565 -2.1601810731906466
-5.186322993151006 -2.4976015184394162
-5.015645257619606 -2.8247587833150725
-4.824357159872112 -3.140308508441231
-4.613244743733337 -3.442954032312142
-4.383175515404669 -3.7314517195529557
-4.135094878695002 -4.004616071284246
-3.870022250153709 -4.261324596591172
-3.589046870069364 -4.500522425079448
-3.293323326547766 -4.721226641564039
-2.984066811061745 -4.922530325078504
-2.662548124968744 -5.10360627560778
-2.3300884575154686 -5.26371041323047
-1.9880539567878508 -5.402184835702854
-1.6378501159155598 -5.5184605219203196
-1.2809159975992241 -5.612059670147145
-0.9187183206931282 -5.682597661406312
-0.5527454331428476 -5.729784639961385
-0.18450119604425932 -5.753426704395906
0.1845011960442572 -5.753426704395906
0.5527454331428454 -5.729784639961385
0.9187183206931262 -5.682597661406313
1.2809159975992221 -5.612059670147145
1.6378501159155578 -5.51846052192032
1.9880539567878537 -5.402184835702852
2.3300884575154663 -5.26371041323047
2.662548124968742 -5.103606275607781
2.984066811061739 -4.922530325078507
3.293323326547764 -4.72122664156404
3.589046870069362 -4.500522425079449
3.870022250153706 -4.261324596591175
4.135094878694998 -4.004616071284248
4.383175515404663 -3.7314517195529615
4.613244743733333 -3.442954032312148
4.824357159872112 -3.1403085084412306
5.015645257619605 -2.8247587833150747
5.1863229931510055 -2.497601518439418
5.3356890150407565 -2.1601810731906483
5.463129546265999 -1.8138839805547513
5.568120906348025 -1.4601332495658566
5.650231663267676 -1.1003825178569002
5.7091244063120685 -0.7361100783507604
5.744557132567581 -0.36881280463756055
6.407082414026454 0.0
6.3939183760494025 0.410503179701232
6.354480355973974 0.8193195137844158
6.288930413084086 1.224769088241975
6.197537906155493 1.6251858238038022
6.080678386602794 2.0189243222143536
5.938832055258122 2.404366627527017
5.7725817891229125 2.7799288746321484
5.582610746201287 3.144067797698542
5.36969955825727 3.4952870717837654
5.134723123031431 3.832143461554303
4.878647009098401 4.153252751849119
4.602523488138483 4.4572954357166665
4.307487210927611 4.74302213655198
3.99475054481393 5.009258742053146
3.665598591840303 5.254911228900584
3.321383907984373 5.478970158333545
2.9635209452159192 5.680514824150501
2.5934802392103253 5.8587170360884135
2.2127823666020507 6.012844523034175
1.8229916966090765 6.142263942083685
1.4257099627042442 6.2464434810836895
1.022569680748834 6.324955043961995
0.6152274406347152 6.37747600986606
0.2053570990011576 6.40379055888127
-0.20535709900115678 6.40379055888127
-0.6152274406347144 6.37747600986606
-1.0225696807488318 6.324955043961995
-1.4257099627042435 6.2464434810836895
-1.8229916966090756 6.1422639420836855
-2.2127823666020485 6.012844523034176
-2.5934802392103244 5.8587170360884135
-2.9635209452159184 5.680514824150501
-3.321383907984372 5.478970158333546
-3.665598591840304 5.254911228900583
-3.9947505448139298 5.009258742053146
-4.307487210927612 4.74302213655198
-4.602523488138482 4.4572954357166665
-4.878647009098399 4.153252751849122
-5.1347231230314305 3.832143461554304
-5.36969955825727 3.4952870717837654
-5.582610746201286 3.144067797698544
-5.7725817891229125 2.7799288746321493
-5.938832055258121 2.4043666275270197
-6.080678386602794 2.0189243222143576
-6.197537906155493 1.6251858238038022
-6.288930413084086 1.2247690882419766
-6.3544803559739735 0.8193195137844163
-6.3939183760494025 0.41050317970123407
-6.407082414026454 7.846412970210793e-16
-6.3939183760494025 -0.41050317970123257
-6.354480355973974 -0.8193195137844148
-6.288930413084086 -1.224769088241975
-6.197537906155493 -1.6251858238038006
-6.080678386602794 -2.018924322214353
-5.938832055258122 -2.4043666275270184
-5.7725817891229125 -2.7799288746321476
-5.582610746201288 -3.14406779769854
-5.369699558257271 -3.495287071783764
-5.134723123031432 -3.832143461554303
-4.878647009098402 -4.153252751849118
-4.602523488138483 -4.4572954357166665
-4.307487210927613 -4.743022136551979
-3.994750544813931 -5.009258742053145
-3.6655985918403053 -5.254911228900582
-3.3213839079843757 -5.478970158333543
-2.9635209452159197 -5.6805148241505
-2.593480239210327 -5.858717036088413
-2.212782366602047 -6.012844523034177
-1.8229916966090756 -6.1422639420836855
-1.425709962704245 -6.2464434810836895
-1.0225696807488291 -6.324955043961995
-0.6152274406347131 -6.37747600986606
-0.20535709900115692 -6.40379055888127
0.20535709900115456 -6.40379055888127
0.6152274406347107 -6.37747600986606
1.0225696807488267 -6.324955043961996
1.4257099627042429 -6.2464434810836895
1.8229916966090736 -6.142263942083686
2.2127823666020507 -6.012844523034175
2.593480239210325 -5.8587170360884135
2.9635209452159175 -5.680514824150502
3.3213839079843686 -5.478970158333547
3.665598591840303 -5.254911228900584
3.994750544813929 -5.009258742053146
4.30748721092761 -4.743022136551983
4.60252348813848 -4.45729543571667
4.878647009098397 -4.1532527518491245
5.134723123031427 -3.8321434615543093
5.369699558257271 -3.495287071783763
5.582610746201287 -3.144067797698542
5.7725817891229125 -2.7799288746321498
5.938832055258121 -2.4043666275270206
6.080678386602793 -2.018924322214358
6.1975379061554925 -1.625185823803803
6.288930413084086 -1.2247690882419773
6.3544803559739735 -0.8193195137844199
6.3939183760494025 -0.41050317970123773
6.735110031721904 0.0
6.7212720258234455 0.4315199813267287
6.679814871462551 0.8612667544894402
6.610908924979019 1.2874743978168153
6.514837335687233 1.7083915326811683
6.391994882354879 2.1222885202889
6.242886350972329 2.527464569137305
6.06812446047871 2.922254723931675
5.868427344968369 3.3050367072437368
5.644615602723835 3.6742375857975844
5.397608924201459 4.028340233989899
5.128422312826057 4.365889568084477
4.8381619141241154 4.685498525463422
4.528020470334561 4.985853764364956
4.199272419175059 5.2657210606864355
3.853268656904056 5.523950379675929
3.4914309871983003 5.759480601671693
3.1152462786565467 5.9713438824704745
2.7262603549375637 6.158669630406938
2.3260716426391315 6.320688083801566
1.9163246030202896 6.456733474076513
1.4987029745573006 6.566246761541492
1.0749228541010774 6.648777932607782
0.6467256450671206 6.703987848990595
0.2158709016353686 6.731649641301021
-0.21587090163536776 6.731649641301021
-0.6467256450671197 6.703987848990595
-1.074922854101075 6.648777932607783
-1.4987029745573 6.566246761541492
-1.916324603020289 6.456733474076513
-2.3260716426391292 6.320688083801567
-2.7262603549375632 6.158669630406938
-3.1152462786565462 5.9713438824704745
-3.4914309871983 5.759480601671694
-3.8532686569040564 5.523950379675928
-4.199272419175058 5.265721060686436
-4.528020470334562 4.985853764364956
-4.838161914124115 4.685498525463423
-5.128422312826055 4.36588956808448
-5.397608924201458 4.0283402339898995
-5.644615602723835 3.6742375857975844
-5.868427344968368 3.3050367072437385
-6.0681244604787095 2.922254723931676
-6.242886350972328 2.5274645691373077
-6.391994882354879 2.1222885202889046
-6.514837335687233 1.7083915326811683
-6.610908924979019 1.2874743978168168
-6.6798148714625505 0.8612667544894406
-6.7212720258234455 0.43151998132673086
-6.735110031721904 8.248130942253458e-16
-6.7212720258234455 -0.43151998132672925
-6.679814871462551 -0.8612667544894391
-6.610908924979019 -1.2874743978168153
-6.514837335687233 -1.708391532681167
-6.391994882354879 -2.1222885202889
-6.242886350972329 -2.5274645691373063
-6.06812446047871 -2.9222547239316743
-5.86842734496837 -3.3050367072437346
-5.644615602723836 -3.674237585797583
-5.39760892420146 -4.028340233989899
-5.128422312826058 -4.3658895680844765
-4.8381619141241154 -4.685498525463422
-4.528020470334563 -4.985853764364954
-4.19927241917506 -5.265721060686435
-3.853268656904058 -5.523950379675927
-3.4914309871983034 -5.759480601671692
-3.1152462786565476 -5.971343882470474
-2.726260354937566 -6.158669630406938
-2.3260716426391284 -6.320688083801568
-1.916324603020289 -6.456733474076513
-1.4987029745573017 -6.566246761541492
-1.0749228541010722 -6.648777932607783
-0.6467256450671184 -6.703987848990595
-0.2158709016353679 -6.731649641301021
0.21587090163536543 -6.731649641301021
0.6467256450671158 -6.703987848990595
1.0749228541010698 -6.648777932607784
1.4987029745572993 -6.566246761541492
1.9163246030202867 -6.456733474076514
2.3260716426391315 -6.320688083801566
2.7262603549375637 -6.158669630406938
3.1152462786565454 -5.971343882470475
3.491430987198296 -5.7594806016716955
3.853268656904056 -5.523950379675929
4.199272419175057 -5.265721060686436
4.5280204703345595 -4.985853764364958
4.838161914124112 -4.685498525463426
5.128422312826052 -4.365889568084483
5.397608924201455 -4.028340233989905
5.644615602723836 -3.674237585797582
5.868427344968369 -3.3050367072437368
6.0681244604787095 -2.9222547239316765
6.242886350972328 -2.5274645691373085
6.3919948823548784 -2.122288520288905
6.514837335687232 -1.7083915326811694
6.610908924979019 -1.2874743978168177
6.6798148714625505 -0.8612667544894446
6.7212720258234455 -0.4315199813267347
6.100151280685991 0.0
6.087617865640649 0.39083803446917903
6.050069122995452 0.7800700316202288
5.987659348588109 1.1660965536868542
5.900644997568516 1.5473313348874536
5.789383630569531 1.9222077997314702
5.654332444413641 2.28918550041411
5.49604639339315 2.6467564468467986
5.315175908843952 2.993451303311916
5.112464226383657 3.3278454262784343
4.888744331797014 3.6485647185677688
4.644935538118648 3.95429127581383
4.382039707978603 4.243768802014754
4.101137136733904 4.515807771922646
3.8033821133032086 4.769290319057979
3.4899981769460453 5.003174829262737
3.16227308947755 5.216500220916419
2.8215535435789394 5.408389894226568
2.4692396289484275 5.578055333365345
2.106779079032328 5.724799346650207
1.735661321977787 5.8480189314540745
1.3574113602530544 5.947207752072471
0.97358350408522 6.021958220365538
0.5857549844660898 6.071963170625137
0.19551947197173966 6.097017121784622
-0.1955194719717389 6.097017121784622
-0.585754984466089 6.071963170625137
-0.9735835040852178 6.021958220365539
-1.3574113602530538 5.947207752072471
-1.7356613219777863 5.848018931454075
-2.106779079032326 5.724799346650207
-2.4692396289484266 5.578055333365345
-2.821553543578939 5.408389894226568
-3.1622730894775497 5.216500220916419
-3.4899981769460457 5.003174829262736
-3.8033821133032077 4.76929031905798
-4.101137136733905 4.515807771922646
-4.382039707978602 4.243768802014755
-4.644935538118646 3.9542912758138327
-4.888744331797014 3.6485647185677696
-5.112464226383657 3.3278454262784343
-5.315175908843951 2.9934513033119177
-5.496046393393149 2.6467564468467994
-5.65433244441364 2.289185500414112
-5.78938363056953 1.9222077997314737
-5.900644997568516 1.5473313348874536
-5.987659348588109 1.1660965536868555
-6.050069122995452 0.7800700316202291
-6.087617865640649 0.390838034469181
-6.100151280685991 7.470530740206727e-16
-6.087617865640649 -0.3908380344691796
-6.050069122995452 -0.7800700316202278
-5.987659348588109 -1.1660965536868542
-5.900644997568516 -1.547331334887452
-5.789383630569531 -1.9222077997314697
-5.654332444413641 -2.289185500414111
-5.49604639339315 -2.646756446846798
-5.315175908843953 -2.993451303311914
-5.112464226383658 -3.327845426278433
-4.888744331797015 -3.6485647185677688
-4.644935538118649 -3.954291275813829
-4.382039707978603 -4.243768802014754
-4.101137136733905 -4.515807771922645
-3.8033821133032095 -4.769290319057978
-3.489998176946047 -5.003174829262735
-3.162273089477553 -5.2165002209164175
-2.8215535435789403 -5.408389894226567
-2.4692396289484293 -5.578055333365344
-2.106779079032325 -5.724799346650208
-1.7356613219777863 -5.848018931454075
-1.3574113602530553 -5.947207752072471
-0.9735835040852152 -6.021958220365539
-0.5857549844660879 -6.071963170625137
-0.19551947197173902 -6.097017121784622
0.19551947197173677 -6.097017121784622
0.5857549844660855 -6.071963170625137
0.973583504085213 -6.02195822036554
1.357411360253053 -5.947207752072471
1.735661321977784 -5.848018931454076
2.106779079032328 -5.724799346650207
2.469239628948427 -5.578055333365345
2.821553543578938 -5.408389894226569
3.162273089477546 -5.216500220916421
3.4899981769460453 -5.003174829262737
3.8033821133032073 -4.76929031905798
4.101137136733902 -4.515807771922648
4.382039707978599 -4.243768802014758
4.644935538118643 -3.9542912758138353
4.88874433179701 -3.648564718567775
5.112464226383658 -3.3278454262784325
5.315175908843952 -2.993451303311916
5.496046393393149 -2.6467564468468
5.65433244441364 -2.289185500414113
5.789383630569529 -1.9222077997314746
5.900644997568516 -1.5473313348874544
5.987659348588109 -1.1660965536868562
6.050069122995452 -0.7800700316202327
6.087617865640649 -0.39083803446918447
7.1447937613684145 0.0
7.130114016308955 0.4577685080076995
7.086135103351823 0.9136559470249584
7.013037741283804 1.3657889777773058
6.911122302844973 1.8123096886591492
6.780807580432666 2.2513832302910832
6.6226290651936965 2.6812053553095625
6.437236746576367 3.10000983240633
6.225392441384404 3.5060757041517157
5.9879666633083 3.897734358777863
5.725935045797842 4.273376386862393
5.440374332974986 4.631458194736944
5.132457955061299 4.970508347444656
4.803451206501487 5.28913361518202
4.454706046597108 5.586024698378998
4.087655544015812 5.8599616078917975
3.70380798800479 6.109818678199946
3.3047406905067325 6.334569193007375
2.8920935046467293 6.533289604239905
2.467562086224023 6.705163327102388
2.0328909258986116 6.8494840956007845
1.5898661807049486 6.965658864740627
1.140308334349544 7.053210247476108
0.6860647164529232 7.111778476395858
0.22900191147597881 7.141122882084397
-0.22900191147597793 7.141122882084397
-0.6860647164529223 7.111778476395858
-1.1403083343495413 7.053210247476109
-1.5898661807049477 6.965658864740627
-2.0328909258986108 6.849484095600785
-2.467562086224021 6.7051633271023885
-2.8920935046467284 6.533289604239905
-3.3047406905067316 6.334569193007375
-3.703807988004789 6.109818678199946
-4.087655544015812 5.859961607891797
-4.454706046597108 5.586024698378999
-4.803451206501488 5.28913361518202
-5.132457955061298 4.970508347444657
-5.440374332974984 4.631458194736948
-5.725935045797841 4.2733763868623935
-5.9879666633083 3.897734358777863
-6.225392441384402 3.5060757041517174
-6.4372367465763665 3.1000098324063305
-6.622629065193696 2.681205355309565
-6.780807580432665 2.2513832302910872
-6.911122302844973 1.8123096886591492
-7.013037741283804 1.3657889777773076
-7.086135103351822 0.9136559470249589
-7.130114016308955 0.4577685080077018
-7.1447937613684145 8.749848810427807e-16
-7.130114016308955 -0.45776850800770014
-7.086135103351823 -0.9136559470249573
-7.013037741283804 -1.3657889777773058
-6.911122302844973 -1.8123096886591474
-6.780807580432666 -2.251383230291083
-6.6226290651936965 -2.6812053553095634
-6.437236746576367 -3.100009832406329
-6.225392441384405 -3.5060757041517134
-5.987966663308302 -3.897734358777861
-5.725935045797843 -4.273376386862393
-5.4403743329749865 -4.631458194736943
-5.132457955061299 -4.970508347444656
-4.803451206501489 -5.289133615182018
-4.454706046597109 -5.586024698378997
-4.0876555440158135 -5.859961607891796
-3.703807988004793 -6.109818678199944
-3.3047406905067334 -6.334569193007374
-2.892093504646732 -6.533289604239904
-2.4675620862240195 -6.705163327102389
-2.0328909258986108 -6.849484095600785
-1.5898661807049494 -6.965658864740627
-1.1403083343495384 -7.053210247476109
-0.6860647164529209 -7.111778476395858
-0.22900191147597806 -7.141122882084397
0.22900191147597543 -7.141122882084397
0.6860647164529182 -7.111778476395858
1.1403083343495357 -7.05321024747611
1.5898661807049468 -6.965658864740627
2.0328909258986085 -6.849484095600786
2.467562086224023 -6.705163327102388
2.892093504646729 -6.533289604239905
3.3047406905067307 -6.3345691930073755
3.703807988004785 -6.1098186781999475
4.087655544015812 -5.8599616078917975
4.454706046597107 -5.586024698378999
4.803451206501485 -5.289133615182022
5.132457955061295 -4.970508347444659
5.44037433297498 -4.63145819473695
5.725935045797837 -4.2733763868624
5.987966663308302 -3.89773435877786
6.225392441384404 -3.5060757041517157
6.4372367465763665 -3.1000098324063314
6.622629065193696 -2.681205355309566
6.780807580432664 -2.251383230291088
6.911122302844972 -1.8123096886591503
7.013037741283804 -1.3657889777773085
7.086135103351822 -0.913655947024963
7.130114016308955 -0.4577685080077059
7.795540944148986 0.0
7.779524169210087 0.49946202316027993
7.731539660757204 0.9968716497331264
7.651784597428212 1.4901849168689212
7.54058670988574 1.977374694537639
7.3984029341015685 2.45643901544096
7.225817533708723 2.9254093015253178
7.023539699136867 3.3823584532913813
6.792400633396718 3.8254087686592566
6.533350136488573 4.252739658849104
6.2474527024703885 4.662595129570945
5.935883145223352 5.053290996781858
5.59992177088965 5.423221807359477
5.240949116819909 5.770867436253225
4.860440278649096 6.094799333004226
4.459958848812143 6.393686391965556
4.041150491407249 6.666300422100868
3.605736179809098 6.911521193884813
3.1555051248201282 7.128341042566437
2.692307422419548 7.3158690088797975
2.218046451322111 7.47333450018669
1.7346710515867216 7.600090457007092
1.2441675164145904 7.695616011925361
0.7485514300444129 7.7595186299461725
0.24985938528440646 7.791535721505007
-0.2498593852844055 7.791535721505007
-0.7485514300444119 7.7595186299461725
-1.2441675164145878 7.695616011925362
-1.7346710515867207 7.600090457007092
-2.21804645132211 7.473334500186691
-2.692307422419545 7.315869008879798
-3.1555051248201273 7.128341042566437
-3.605736179809097 6.911521193884813
-4.041150491407248 6.666300422100869
-4.4599588488121436 6.393686391965555
-4.8604402786490954 6.094799333004227
-5.24094911681991 5.770867436253225
-5.599921770889649 5.423221807359478
-5.935883145223349 5.053290996781861
-6.247452702470388 4.662595129570946
-6.533350136488573 4.252739658849104
-6.792400633396716 3.825408768659259
-7.023539699136866 3.382358453291382
-7.225817533708722 2.925409301525321
-7.398402934101568 2.456439015440965
-7.54058670988574 1.977374694537639
-7.651784597428212 1.490184916868923
-7.731539660757203 0.9968716497331268
-7.779524169210087 0.49946202316028243
-7.795540944148986 9.546784264874192e-16
-7.779524169210087 -0.4994620231602806
-7.731539660757204 -0.996871649733125
-7.651784597428212 -1.4901849168689212
-7.54058670988574 -1.9773746945376374
-7.3984029341015685 -2.4564390154409597
-7.225817533708723 -2.925409301525319
-7.023539699136867 -3.3823584532913804
-6.792400633396719 -3.825408768659254
-6.533350136488575 -4.252739658849102
-6.247452702470389 -4.662595129570945
-5.935883145223353 -5.053290996781857
-5.59992177088965 -5.423221807359477
-5.240949116819911 -5.770867436253223
-4.860440278649097 -6.094799333004225
-4.459958848812145 -6.393686391965554
-4.041150491407253 -6.666300422100866
-3.605736179809099 -6.911521193884812
-3.155505124820131 -7.128341042566436
-2.692307422419544 -7.315869008879799
-2.21804645132211 -7.473334500186691
-1.7346710515867227 -7.600090457007092
-1.2441675164145845 -7.695616011925362
-0.7485514300444105 -7.7595186299461725
-0.24985938528440566 -7.791535721505007
0.24985938528440277 -7.791535721505007
0.7485514300444075 -7.7595186299461725
1.2441675164145816 -7.695616011925363
1.7346710515867199 -7.600090457007092
2.2180464513221074 -7.4733345001866915
2.692307422419548 -7.3158690088797975
3.155505124820128 -7.128341042566437
3.6057361798090963 -6.911521193884814
4.041150491407244 -6.66630042210087
4.459958848812143 -6.393686391965556
4.860440278649095 -6.094799333004227
5.240949116819906 -5.770867436253227
5.599921770889646 -5.423221807359481
5.935883145223346 -5.053290996781865
6.247452702470383 -4.662595129570953
6.533350136488575 -4.2527396588491015
6.792400633396718 -3.8254087686592566
7.023539699136866 -3.382358453291383
7.225817533708722 -2.9254093015253217
7.398402934101567 -2.456439015440966
7.540586709885739 -1.9773746945376403
7.651784597428212 -1.4901849168689238
7.731539660757203 -0.9968716497331314
7.779524169210087 -0.49946202316028687
6.9585569744708335 0.0
6.9442598728638885 0.4458362761026704
6.901427317900274 0.8898405153152537
6.830235317735889 1.3301882089802146
6.730976415570048 1.7650698739699997
6.604058487522715 2.1926984882413416
6.450003066584049 2.611316834092149
6.26944319952347 3.019204718945968
6.0631208455647 3.4146860439922557
5.831883827516161 3.796135691635921
5.576682347885201 4.161986203454101
5.298565084292169 4.510734221219047
4.9986748802291325 4.8409466645195485
4.678244048870837 5.151266619595736
4.3385893092355285 5.44041891518878
3.981106375504083 5.707215362493115
3.607264221731053 5.95055963767911
3.2185990455151785 6.169451786922843
2.816707955433954 6.362992335430851
2.4032424081818906 6.530385983574997
1.9799014223807252 6.670944874949234
1.5484245969474757 6.784091422919117
1.110584962709336 6.869360684049178
0.6681816966396933 6.926402268655235
0.22303272865403515 6.95498178063076
-0.22303272865403428 6.95498178063076
-0.6681816966396925 6.926402268655235
-1.1105849627093336 6.8693606840491785
-1.5484245969474748 6.784091422919117
-1.9799014223807243 6.670944874949235
-2.4032424081818884 6.530385983574998
-2.816707955433953 6.362992335430851
-3.2185990455151776 6.169451786922843
-3.607264221731052 5.950559637679111
-3.981106375504084 5.707215362493114
-4.338589309235528 5.440418915188781
-4.6782440488708374 5.151266619595736
-4.9986748802291325 4.840946664519549
-5.298565084292167 4.5107342212190495
-5.5766823478852 4.161986203454102
-5.831883827516161 3.796135691635921
-6.063120845564699 3.4146860439922575
-6.269443199523469 3.0192047189459683
-6.450003066584048 2.6113168340921518
-6.604058487522715 2.1926984882413456
-6.730976415570048 1.7650698739699997
-6.830235317735889 1.3301882089802164
-6.901427317900273 0.889840515315254
-6.9442598728638885 0.4458362761026726
-6.9585569744708335 8.521774525470197e-16
-6.9442598728638885 -0.44583627610267096
-6.901427317900274 -0.8898405153152524
-6.830235317735889 -1.3301882089802146
-6.730976415570048 -1.7650698739699981
-6.604058487522715 -2.192698488241341
-6.450003066584049 -2.61131683409215
-6.26944319952347 -3.019204718945967
-6.0631208455647005 -3.4146860439922535
-5.831883827516163 -3.7961356916359192
-5.5766823478852015 -4.161986203454101
-5.29856508429217 -4.510734221219046
-4.9986748802291325 -4.8409466645195485
-4.678244048870838 -5.151266619595734
-4.338589309235529 -5.440418915188779
-3.9811063755040856 -5.7072153624931135
-3.607264221731056 -5.950559637679109
-3.2185990455151794 -6.169451786922842
-2.816707955433956 -6.36299233543085
-2.403242408181887 -6.530385983574999
-1.9799014223807243 -6.670944874949235
-1.5484245969474766 -6.784091422919117
-1.1105849627093307 -6.8693606840491785
-0.6681816966396911 -6.926402268655235
-0.22303272865403442 -6.95498178063076
0.22303272865403187 -6.95498178063076
0.6681816966396885 -6.926402268655235
1.1105849627093283 -6.8693606840491785
1.5484245969474741 -6.784091422919117
1.979901422380722 -6.670944874949236
2.4032424081818906 -6.530385983574997
2.8167079554339534 -6.362992335430851
3.2185990455151767 -6.169451786922844
3.6072642217310484 -5.950559637679112
3.981106375504083 -5.707215362493115
4.338589309235527 -5.440418915188781
4.678244048870834 -5.151266619595738
4.998674880229129 -4.840946664519553
5.298565084292163 -4.510734221219053
5.576682347885196 -4.161986203454108
5.831883827516163 -3.7961356916359184
6.0631208455647 -3.4146860439922557
6.269443199523469 -3.019204718945969
6.450003066584048 -2.611316834092152
6.604058487522714 -2.1926984882413465
6.730976415570047 -1.7650698739700008
6.830235317735889 -1.330188208980217
6.901427317900273 -0.8898405153152581
6.9442598728638885 -0.44583627610267657
7.316468753487711 0.0
7.301436283744858 0.46876776251797003
7.256400646158926 0.9356092577493841
7.181546901824868 1.3986061338531495
7.077182640834234 1.855855837352837
6.943736718321495 2.3054794311370137
6.781757492206319 2.745629315414861
6.591910569873247 3.1744968199000274
6.374976073048183 3.590319636024792
6.131845432110883 3.9913890586439846
5.8635177230163205 4.376057007470941
5.571095561877277 4.742742799392913
5.255780574078228 5.089939643837042
4.9188684565388945 5.416220834496013
4.561743653417668 5.720245611970315
4.185873667133603 6.000764673236195
3.792803028084201 6.256625305299761
3.3841469478387007 6.486776121941933
2.9615846818872886 6.69027138408993
2.5268526292200817 6.866274886061989
2.0817371970912166 7.014063391715876
1.6280674602882772 7.133029606381323
1.16770764507164 7.222684672364097
0.7025494686688954 7.282660177767124
0.23450436580300377 7.312709670373995
-0.23450436580300285 7.312709670373995
-0.7025494686688946 7.282660177767124
-1.1677076450716373 7.222684672364098
-1.6280674602882763 7.133029606381323
-2.0817371970912157 7.014063391715877
-2.526852629220079 6.86627488606199
-2.961584681887288 6.69027138408993
-3.3841469478387 6.486776121941933
-3.7928030280842 6.256625305299762
-4.185873667133603 6.000764673236194
-4.561743653417667 5.720245611970316
-4.918868456538895 5.416220834496013
-5.255780574078227 5.089939643837043
-5.571095561877275 4.742742799392916
-5.86351772301632 4.3760570074709415
-6.131845432110883 3.9913890586439846
-6.374976073048181 3.590319636024794
-6.591910569873246 3.1744968199000283
-6.781757492206318 2.7456293154148637
-6.943736718321494 2.305479431137018
-7.077182640834234 1.855855837352837
-7.181546901824868 1.3986061338531512
-7.256400646158925 0.9356092577493844
-7.301436283744858 0.46876776251797236
-7.316468753487711 8.96009004002035e-16
-7.301436283744858 -0.46876776251797064
-7.256400646158926 -0.9356092577493829
-7.181546901824868 -1.3986061338531495
-7.077182640834234 -1.8558558373528355
-6.943736718321495 -2.3054794311370133
-6.781757492206319 -2.745629315414862
-6.591910569873247 -3.174496819900027
-6.374976073048184 -3.5903196360247898
-6.131845432110884 -3.9913890586439833
-5.863517723016321 -4.376057007470941
-5.571095561877278 -4.7427427993929125
-5.255780574078228 -5.089939643837042
-4.918868456538896 -5.416220834496011
-4.561743653417669 -5.720245611970315
-4.185873667133605 -6.000764673236193
-3.7928030280842044 -6.256625305299759
-3.384146947838701 -6.486776121941932
-2.9615846818872913 -6.690271384089929
-2.5268526292200777 -6.866274886061991
-2.0817371970912157 -7.014063391715877
-1.6280674602882783 -7.133029606381323
-1.1677076450716342 -7.222684672364098
-0.7025494686688931 -7.282660177767124
-0.234504365803003 -7.312709670373995
0.2345043658030003 -7.312709670373995
0.7025494686688903 -7.282660177767124
1.1677076450716315 -7.222684672364099
1.6280674602882756 -7.133029606381323
2.0817371970912135 -7.014063391715878
2.5268526292200817 -6.866274886061989
2.961584681887288 -6.69027138408993
3.384146947838699 -6.486776121941934
3.792803028084196 -6.256625305299764
4.185873667133603 -6.000764673236195
4.5617436534176665 -5.720245611970316
4.918868456538893 -5.416220834496015
5.255780574078225 -5.089939643837045
5.5710955618772715 -4.74274279939292
5.863517723016315 -4.376057007470948
6.131845432110884 -3.9913890586439824
6.374976073048183 -3.590319636024792
6.591910569873246 -3.174496819900029
6.781757492206318 -2.7456293154148645
6.943736718321493 -2.305479431137019
7.077182640834233 -1.8558558373528384
7.181546901824868 -1.3986061338531521
7.256400646158925 -0.9356092577493887
7.301436283744858 -0.4687677625179765
7.542781489470145 0.0
7.5272840359392506 0.4832676692968016
7.480855357707321 0.9645494880798727
7.403686240172128 1.4418677661212074
7.29609378779035 1.9132611002318838
7.158520121027332 2.3767924340884887
6.991530559589263 2.8305570180130455
6.79581129940324 3.272690235998011
6.572166592891016 3.7013752678134058
6.321515444123289 4.114850554710851
6.044887832434849 4.5114170380463126
5.743420480018562 4.889445141076521
5.418352180890048 5.2473814652393544
5.071018710417359 5.583755173401724
4.702847336333464 5.897184033844858
4.315350953786983 6.186380100150914
3.9101218685315167 6.45015500365108
3.488825253799741 6.6874248366873354
3.053192307749434 6.897214606621512
2.60501313959889 7.078662242289188
2.1461294136841644 7.2310221364350085
1.6784267816652974 7.3536682095728345
1.2038271339791533 7.44609648268064
0.7242807023793751 7.5079271481584255
0.2417580460157983 7.538906130539104
-0.24175804601579737 7.538906130539104
-0.7242807023793741 7.5079271481584255
-1.2038271339791506 7.446096482680641
-1.6784267816652965 7.3536682095728345
-2.146129413684164 7.231022136435009
-2.6050131395988876 7.078662242289189
-3.053192307749433 6.897214606621512
-3.48882525379974 6.6874248366873354
-3.910121868531516 6.450155003651081
-4.315350953786984 6.186380100150913
-4.7028473363334635 5.897184033844859
-5.07101871041736 5.583755173401724
-5.418352180890047 5.247381465239355
-5.74342048001856 4.889445141076525
-6.044887832434848 4.511417038046313
-6.321515444123289 4.114850554710851
-6.572166592891014 3.701375267813408
-6.795811299403239 3.2726902359980117
-6.991530559589262 2.8305570180130486
-7.1585201210273315 2.376792434088493
-7.29609378779035 1.9132611002318838
-7.403686240172128 1.4418677661212091
-7.48085535770732 0.9645494880798732
-7.5272840359392506 0.483267669296804
-7.542781489470145 9.237243207747519e-16
-7.5272840359392506 -0.4832676692968022
-7.480855357707321 -0.9645494880798714
-7.403686240172128 -1.4418677661212074
-7.29609378779035 -1.913261100231882
-7.158520121027332 -2.3767924340884883
-6.991530559589263 -2.830557018013047
-6.79581129940324 -3.27269023599801
-6.5721665928910165 -3.701375267813403
-6.32151544412329 -4.114850554710849
-6.04488783243485 -4.5114170380463126
-5.743420480018563 -4.8894451410765205
-5.418352180890048 -5.2473814652393544
-5.071018710417361 -5.583755173401722
-4.702847336333465 -5.897184033844857
-4.315350953786986 -6.186380100150912
-3.91012186853152 -6.450155003651078
-3.488825253799742 -6.687424836687335
-3.0531923077494367 -6.897214606621511
-2.6050131395988863 -7.07866224228919
-2.146129413684164 -7.231022136435009
-1.6784267816652982 -7.3536682095728345
-1.2038271339791475 -7.446096482680641
-0.7242807023793727 -7.5079271481584255
-0.2417580460157975 -7.538906130539104
0.24175804601579473 -7.538906130539104
0.7242807023793699 -7.5079271481584255
1.2038271339791446 -7.446096482680641
1.6784267816652956 -7.3536682095728345
2.1461294136841613 -7.23102213643501
2.60501313959889 -7.078662242289188
3.0531923077494336 -6.897214606621512
3.4888252537997397 -6.687424836687336
3.910121868531512 -6.450155003651082
4.315350953786983 -6.186380100150914
4.702847336333463 -5.897184033844859
5.071018710417357 -5.583755173401727
5.418352180890044 -5.247381465239359
5.743420480018557 -4.8894451410765285
6.044887832434845 -4.5114170380463205
6.32151544412329 -4.1148505547108485
6.572166592891016 -3.7013752678134058
6.795811299403239 -3.2726902359980126
6.991530559589262 -2.830557018013049
7.158520121027331 -2.376792434088494
7.296093787790349 -1.913261100231885
7.403686240172128 -1.44186776612121
7.48085535770732 -0.9645494880798775
7.5272840359392506 -0.48326766929680826
7.433623153232945 0.0
7.4183499772110455 0.47627387068135557
7.372593209901706 0.9505906298676566
7.296540875676595 1.421001208254781
7.19050548989022 1.8855725878733827
7.054922774687295 2.3423957452743616
6.890349868526991 2.789593496115696
6.697463036781498 3.225328208915563
6.477054892816554 3.6478093562742644
6.230031140973107 4.0553008725353825
5.9574068548339145 4.446128287651943
5.660302306068448 4.818685607943014
5.339938360996307 5.171441915466226
4.997631463785646 5.502947658887976
4.634788226901703 5.811840610000784
4.252899651034464 6.096851461411197
3.853534998257011 6.356809042396134
3.438335343591053 6.590645131494603
3.009006831477662 6.797398846058813
2.56731366486379 6.976220590727086
2.1150708557139355 7.126375548593439
1.6541367667366782 7.247246700727859
1.1864054749736779 7.3383373616394465
0.713798988630831 7.399273220263631
0.23825934913429886 7.429803878086623
-0.23825934913429792 7.429803878086623
-0.7137989886308301 7.399273220263631
-1.1864054749736752 7.338337361639447
-1.6541367667366773 7.247246700727859
-2.1150708557139346 7.1263755485934395
-2.5673136648637875 6.9762205907270864
-3.0090068314776612 6.797398846058813
-3.438335343591052 6.590645131494603
-3.85353499825701 6.356809042396135
-4.252899651034465 6.096851461411196
-4.634788226901703 5.811840610000785
-4.9976314637856465 5.502947658887976
-5.339938360996306 5.171441915466227
-5.660302306068445 4.818685607943017
-5.9574068548339145 4.446128287651944
-6.230031140973107 4.0553008725353825
-6.477054892816552 3.647809356274266
-6.697463036781497 3.2253282089155637
-6.89034986852699 2.7895934961156987
-7.054922774687294 2.342395745274366
-7.19050548989022 1.8855725878733827
-7.296540875676595 1.4210012082547827
-7.372593209901705 0.9505906298676571
-7.4183499772110455 0.47627387068135796
-7.433623153232945 9.10356280067438e-16
-7.4183499772110455 -0.4762738706813562
-7.372593209901706 -0.9505906298676554
-7.296540875676595 -1.421001208254781
-7.19050548989022 -1.8855725878733811
-7.054922774687295 -2.342395745274361
-6.890349868526991 -2.789593496115697
-6.697463036781498 -3.2253282089155624
-6.477054892816555 -3.6478093562742617
-6.230031140973109 -4.055300872535381
-5.957406854833915 -4.446128287651943
-5.6603023060684485 -4.818685607943013
-5.339938360996307 -5.171441915466226
-4.997631463785647 -5.502947658887974
-4.634788226901704 -5.811840610000783
-4.2528996510344665 -6.0968514614111955
-3.853534998257014 -6.356809042396132
-3.4383353435910533 -6.590645131494602
-3.009006831477665 -6.797398846058812
-2.567313664863786 -6.976220590727087
-2.1150708557139346 -7.1263755485934395
-1.6541367667366793 -7.247246700727859
-1.186405474973672 -7.338337361639447
-0.7137989886308287 -7.399273220263631
-0.23825934913429808 -7.429803878086623
0.23825934913429536 -7.429803878086623
0.7137989886308259 -7.399273220263631
1.1864054749736694 -7.338337361639448
1.6541367667366764 -7.247246700727859
2.115070855713932 -7.12637554859344
2.56731366486379 -6.976220590727086
3.0090068314776617 -6.797398846058813
3.438335343591051 -6.590645131494604
3.853534998257006 -6.3568090423961365
4.252899651034464 -6.096851461411197
4.634788226901702 -5.811840610000785
4.997631463785644 -5.502947658887979
5.339938360996302 -5.1714419154662306
5.660302306068442 -4.81868560794302
5.95740685483391 -4.44612828765195
6.230031140973109 -4.05530087253538
6.477054892816554 -3.6478093562742644
6.697463036781497 -3.2253282089155646
6.89034986852699 -2.7895934961156996
7.054922774687293 -2.342395745274367
7.190505489890219 -1.885572587873384
7.296540875676595 -1.4210012082547836
7.372593209901705 -0.9505906298676614
7.4183499772110455 -0.4762738706813622
7.649857651084682 0.0
7.634140198095868 0.49012806252613533
7.587052425515142 0.9782420837112111
7.508787827100332 1.4623362983420487
7.399668008874029 1.9404214594528462
7.260141367575452 2.4105330125676545
7.0907812481020684 2.8707391684761125
6.892283587512425 3.319148841369682
6.665464055271501 3.753919419718869
6.411254701489908 4.1732643379592425
6.1307001269300745 4.575460417872547
5.824953190517632 4.95885494949563
5.4952702719968105 5.321872482460186
5.143006109196578 5.663021299856246
4.769608231122306 5.980899548016938
4.376611009748594 6.274200997035897
3.9656293549557096 6.5417204083461415
3.5383520785184803 6.782358487303867
3.09653495441648 6.995126400425926
2.6419935039821194 7.179149838718728
2.176595535534063 7.333672610401424
1.7022534691522213 7.458059748260139
1.2209164781334105 7.551800118864453
0.7345624794201829 7.614508522924308
0.24519000591586174 7.645927278156511
-0.2451900059158608 7.645927278156511
-0.7345624794201819 7.614508522924308
-1.2209164781334079 7.5518001188644535
-1.7022534691522204 7.458059748260139
-2.1765955355340623 7.3336726104014245
-2.6419935039821167 7.179149838718729
-3.0965349544164793 6.995126400425926
-3.53835207851848 6.782358487303867
-3.9656293549557087 6.541720408346142
-4.376611009748595 6.274200997035896
-4.769608231122305 5.9808995480169385
-5.143006109196579 5.663021299856246
-5.49527027199681 5.321872482460187
-5.82495319051763 4.958854949495634
-6.130700126930074 4.575460417872548
-6.411254701489908 4.1732643379592425
-6.665464055271499 3.7539194197188714
-6.892283587512424 3.319148841369683
-7.090781248102068 2.8707391684761157
-7.260141367575451 2.4105330125676594
-7.399668008874029 1.9404214594528462
-7.508787827100332 1.4623362983420507
-7.587052425515141 0.9782420837112116
-7.634140198095868 0.4901280625261378
-7.649857651084682 9.368373686333745e-16
-7.634140198095868 -0.490128062526136
-7.587052425515142 -0.9782420837112099
-7.508787827100332 -1.4623362983420487
-7.399668008874029 -1.9404214594528446
-7.260141367575452 -2.410533012567654
-7.0907812481020684 -2.870739168476114
-6.892283587512425 -3.3191488413696812
-6.665464055271501 -3.753919419718867
-6.41125470148991 -4.173264337959241
-6.130700126930075 -4.575460417872547
-5.824953190517633 -4.958854949495629
-5.4952702719968105 -5.321872482460186
-5.1430061091965795 -5.663021299856244
-4.769608231122306 -5.980899548016937
-4.376611009748597 -6.274200997035895
-3.965629354955713 -6.54172040834614
-3.538352078518481 -6.782358487303866
-3.096534954416483 -6.995126400425925
-2.6419935039821154 -7.179149838718729
-2.1765955355340623 -7.3336726104014245
-1.7022534691522224 -7.458059748260139
-1.2209164781334048 -7.5518001188644535
-0.7345624794201805 -7.614508522924308
-0.24519000591586093 -7.645927278156511
0.24519000591585813 -7.645927278156511
0.7345624794201776 -7.614508522924308
1.2209164781334019 -7.551800118864454
1.7022534691522195 -7.458059748260139
2.17659553553406 -7.333672610401425
2.6419935039821194 -7.179149838718728
3.0965349544164797 -6.995126400425926
3.538352078518479 -6.782358487303868
3.9656293549557047 -6.541720408346144
4.376611009748594 -6.274200997035897
4.769608231122304 -5.9808995480169385
5.143006109196575 -5.663021299856249
5.495270271996806 -5.321872482460191
5.824953190517626 -4.958854949495637
6.130700126930069 -4.575460417872554
6.41125470148991 -4.17326433795924
6.665464055271501 -3.753919419718869
6.892283587512424 -3.319148841369684
7.090781248102068 -2.8707391684761165
7.26014136757545 -2.4105330125676603
7.399668008874028 -1.9404214594528475
7.508787827100332 -1.4623362983420516
7.587052425515141 -0.978242083711216
7.634140198095868 -0.4901280625261421
8.017343025888566 0.0
8.000870534784536 0.513672931329515
7.951520750471728 1.0252350704016988
7.869496461799378 1.532584298657369
7.755134724163799 2.033635809291555
7.608905474475447 2.5263306741718488
7.431409600087372 3.0086443044157405
7.223376469620177 3.478594769860609
6.9856609358299195 3.934250943239881
6.719239822834764 4.373740435599201
6.425207912135159 4.795257290344261
6.104773443921816 5.197069404303833
5.7592531521576005 5.577525645313231
5.3900668538352425 5.935062637070537
4.998731614644762 6.268211183385177
4.586855515025136 6.5756023054202055
4.156131042216851 6.85597286711999
3.708328135468782 7.108170765707213
3.2452869129781825 7.331159665920295
2.7689101104502973 7.5240232585372935
2.281155262349213 7.685969025687036
1.784026657968868 7.816331497475044
1.2795671053784128 7.914574986542078
0.7698495370856705 7.980295789318402
0.25696849191283727 8.013223844928337
-0.25696849191283627 8.013223844928337
-0.7698495370856695 7.980295789318402
-1.27956710537841 7.914574986542079
-1.784026657968867 7.816331497475044
-2.281155262349212 7.6859690256870365
-2.7689101104502947 7.524023258537294
-3.2452869129781816 7.331159665920295
-3.708328135468781 7.108170765707213
-4.15613104221685 6.855972867119991
-4.586855515025137 6.575602305420205
-4.998731614644761 6.268211183385178
-5.390066853835243 5.935062637070537
-5.7592531521576 5.577525645313232
-6.104773443921814 5.197069404303837
-6.425207912135158 4.795257290344262
-6.719239822834764 4.373740435599201
-6.985660935829918 3.934250943239883
-7.2233764696201765 3.4785947698606097
-7.431409600087371 3.0086443044157436
-7.6089054744754465 2.5263306741718536
-7.755134724163799 2.033635809291555
-7.869496461799378 1.532584298657371
-7.951520750471727 1.0252350704016993
-8.000870534784536 0.5136729313295175
-8.017343025888566 9.818413474320788e-16
-8.000870534784536 -0.5136729313295156
-7.951520750471728 -1.0252350704016975
-7.869496461799378 -1.532584298657369
-7.755134724163799 -2.033635809291553
-7.608905474475447 -2.5263306741718483
-7.431409600087372 -3.008644304415742
-7.223376469620177 -3.478594769860608
-6.98566093582992 -3.9342509432398782
-6.719239822834766 -4.373740435599199
-6.42520791213516 -4.795257290344261
-6.104773443921817 -5.197069404303832
-5.7592531521576005 -5.577525645313231
-5.390066853835244 -5.935062637070535
-4.998731614644763 -6.268211183385176
-4.586855515025139 -6.575602305420204
-4.156131042216854 -6.855972867119989
-3.7083281354687827 -7.108170765707212
-3.245286912978185 -7.331159665920294
-2.7689101104502933 -7.524023258537295
-2.281155262349212 -7.6859690256870365
-1.784026657968869 -7.816331497475044
-1.2795671053784066 -7.914574986542079
-0.769849537085668 -7.980295789318402
-0.25696849191283644 -8.013223844928337
0.2569684919128335 -8.013223844928337
0.769849537085665 -7.980295789318402
1.2795671053784035 -7.91457498654208
1.7840266579688662 -7.816331497475044
2.2811552623492095 -7.685969025687037
2.7689101104502973 -7.5240232585372935
3.245286912978182 -7.331159665920295
3.70832813546878 -7.1081707657072135
4.156131042216845 -6.855972867119993
4.586855515025136 -6.5756023054202055
4.99873161464476 -6.268211183385178
5.39006685383524 -5.93506263707054
5.759253152157596 -5.577525645313235
6.10477344392181 -5.19706940430384
6.4252079121351535 -4.795257290344269
6.719239822834766 -4.373740435599198
6.9856609358299195 -3.934250943239881
7.2233764696201765 -3.4785947698606106
7.431409600087371 -3.0086443044157445
7.608905474475446 -2.5263306741718545
7.755134724163798 -2.0336358092915563
7.869496461799378 -1.532584298657372
7.951520750471727 -1.025235070401704
8.000870534784536 -0.5136729313295221
8.219423310986253 0.0
8.202535624263446 0.5266202596494889
8.151941959222167 1.0510765236923867
8.067850216084377 1.5712136888442252
7.950605945860254 2.0848943999243232
7.800690930404961 2.590007832706686
7.618721202673679 3.084478367749519
7.4054445153100374 3.566274119560735
7.16173726797012 4.033415286051276
6.8886009060082865 4.483982283966567
6.587157805323405 4.916123636865855
6.258646660275532 5.328063583236047
5.904417393625087 5.718109373476669
5.5259256094106775 6.0846582257710615
5.124726611559875 6.426203912260664
4.70246901281176 6.741342948458371
4.260887960213564 7.0287803604673345
3.801798005029246 7.2873350063064795
3.32708564635915 7.515944429476254
2.8387015791105332 7.713669224820285
2.3386526781737684 7.8796968987426705
1.8289937517429633 8.013345207918439
1.3118190976683188 8.114064962777713
0.7892538975370373 8.181442284243458
0.26344548384634797 8.215200304449379
-0.263445483846347 8.215200304449379
-0.7892538975370363 8.181442284243458
-1.311819097668316 8.114064962777714
-1.8289937517429624 8.013345207918439
-2.3386526781737675 7.879696898742672
-2.8387015791105306 7.713669224820286
-3.327085646359149 7.515944429476254
-3.8017980050292453 7.2873350063064795
-4.260887960213563 7.028780360467335
-4.702469012811761 6.74134294845837
-5.124726611559874 6.4262039122606645
-5.525925609410678 6.0846582257710615
-5.904417393625086 5.71810937347667
-6.258646660275529 5.328063583236051
-6.587157805323404 4.916123636865856
-6.8886009060082865 4.483982283966567
-7.161737267970119 4.0334152860512775
-7.405444515310037 3.566274119560736
-7.618721202673678 3.084478367749522
-7.8006909304049605 2.590007832706691
-7.950605945860254 2.0848943999243232
-8.067850216084377 1.5712136888442272
-8.151941959222166 1.0510765236923871
-8.202535624263446 0.5266202596494916
-8.219423310986253 1.0065890448636454e-15
-8.202535624263446 -0.5266202596494896
-8.151941959222167 -1.0510765236923854
-8.067850216084377 -1.5712136888442252
-7.950605945860254 -2.0848943999243215
-7.800690930404961 -2.5900078327066858
-7.618721202673679 -3.0844783677495204
-7.4054445153100374 -3.566274119560734
-7.161737267970121 -4.033415286051273
-6.888600906008288 -4.483982283966565
-6.587157805323406 -4.916123636865855
-6.258646660275533 -5.328063583236046
-5.904417393625087 -5.718109373476669
-5.525925609410679 -6.08465822577106
-5.1247266115598755 -6.426203912260663
-4.702469012811763 -6.741342948458369
-4.260887960213568 -7.028780360467333
-3.801798005029247 -7.287335006306479
-3.327085646359153 -7.515944429476253
-2.8387015791105292 -7.713669224820287
-2.3386526781737675 -7.879696898742672
-1.8289937517429644 -8.013345207918439
-1.3118190976683124 -8.114064962777714
-0.7892538975370348 -8.181442284243458
-0.26344548384634714 -8.215200304449379
0.2634454838463441 -8.215200304449379
0.7892538975370317 -8.181442284243458
1.3118190976683095 -8.114064962777714
1.8289937517429615 -8.013345207918439
2.338652678173765 -7.879696898742673
2.8387015791105332 -7.713669224820285
3.3270856463591496 -7.515944429476254
3.8017980050292444 -7.28733500630648
4.260887960213559 -7.028780360467337
4.70246901281176 -6.741342948458371
5.124726611559873 -6.4262039122606645
5.525925609410675 -6.084658225771064
5.904417393625082 -5.718109373476674
6.2586466602755255 -5.328063583236054
6.5871578053233995 -4.916123636865863
6.888600906008288 -4.483982283966564
7.16173726797012 -4.033415286051276
7.405444515310037 -3.566274119560737
7.618721202673678 -3.084478367749523
7.80069093040496 -2.590007832706692
7.950605945860253 -2.0848943999243246
8.067850216084377 -1.571213688844228
8.151941959222166 -1.0510765236923918
8.202535624263446 -0.5266202596494962
8.114482180322796 0.0
8.097810106407838 0.5198966583228565
8.04786239379083 1.0376569497591808
7.964844288336665 1.5511532862122273
7.849096929247984 2.0582756010908905
7.70109594725101 2.55694002002594
7.521449510126883 3.0450974239567885
7.3108958236197825 3.5207418694012502
7.070300097991193 3.9819188313075786
6.800650992685343 4.426733234617154
6.503056553715485 4.853357241534386
6.178739660465156 5.260037762504289
5.829033000614472 5.645103660033501
5.455373593840607 6.006972615752698
5.059296886795685 6.344157632502182
4.642430443627139 6.65527314472217
4.206487257967524 6.939040712038881
3.7532587138762303 7.19429427265026
3.2846072246581524 7.419984934924036
2.8024585798079147 7.6151852875184325
2.3087940315277633 7.7790932103142945
1.8056421533372993 7.911035170498715
1.295070504229747 8.010468990255832
0.7791771326285588 8.07698607469178
0.26008195505643095 8.110313090838739
-0.26008195505642995 8.110313090838739
-0.7791771326285578 8.07698607469178
-1.295070504229744 8.010468990255834
-1.8056421533372984 7.911035170498715
-2.3087940315277624 7.779093210314295
-2.802458579807912 7.615185287518433
-3.284607224658151 7.419984934924036
-3.7532587138762294 7.19429427265026
-4.206487257967523 6.9390407120388815
-4.6424304436271395 6.655273144722169
-5.059296886795684 6.344157632502183
-5.455373593840608 6.006972615752698
-5.829033000614471 5.645103660033502
-6.178739660465153 5.260037762504293
-6.503056553715484 4.853357241534387
-6.800650992685343 4.426733234617154
-7.070300097991192 3.981918831307581
-7.310895823619782 3.520741869401251
-7.521449510126882 3.0450974239567916
-7.701095947251009 2.5569400200259453
-7.849096929247984 2.0582756010908905
-7.964844288336665 1.5511532862122293
-8.04786239379083 1.0376569497591812
-8.097810106407838 0.519896658322859
-8.114482180322796 9.937374628870547e-16
-8.097810106407838 -0.5198966583228571
-8.04786239379083 -1.0376569497591794
-7.964844288336665 -1.5511532862122273
-7.849096929247984 -2.0582756010908887
-7.70109594725101 -2.5569400200259396
-7.521449510126883 -3.04509742395679
-7.3108958236197825 -3.5207418694012493
-7.070300097991194 -3.9819188313075755
-6.800650992685345 -4.426733234617152
-6.503056553715486 -4.853357241534386
-6.1787396604651565 -5.260037762504288
-5.829033000614472 -5.645103660033501
-5.4553735938406085 -6.006972615752696
-5.059296886795686 -6.344157632502181
-4.642430443627142 -6.655273144722168
-4.206487257967527 -6.939040712038879
-3.7532587138762312 -7.194294272650259
-3.284607224658155 -7.419984934924035
-2.8024585798079107 -7.615185287518434
-2.3087940315277624 -7.779093210314295
-1.8056421533373004 -7.911035170498715
-1.2950705042297406 -8.010468990255834
-0.7791771326285563 -8.07698607469178
-0.2600819550564301 -8.110313090838739
0.2600819550564271 -8.110313090838739
0.7791771326285531 -8.07698607469178
1.2950705042297377 -8.010468990255834
1.8056421533372975 -7.911035170498715
2.3087940315277597 -7.779093210314296
2.8024585798079147 -7.6151852875184325
3.284607224658152 -7.419984934924036
3.7532587138762286 -7.194294272650261
4.2064872579675185 -6.939040712038883
4.642430443627139 -6.65527314472217
5.059296886795683 -6.344157632502183
5.455373593840604 -6.006972615752701
5.8290330006144675 -5.645103660033506
6.178739660465149 -5.260037762504297
6.50305655371548 -4.853357241534394
6.800650992685345 -4.426733234617151
7.070300097991193 -3.9819188313075786
7.310895823619782 -3.520741869401252
7.521449510126882 -3.0450974239567925
7.701095947251008 -2.5569400200259462
7.849096929247983 -2.0582756010908922
7.964844288336665 -1.5511532862122301
8.04786239379083 -1.037656949759186
8.097810106407838 -0.5198966583228637
7.932674105551802 0.0
7.916375575825317 0.508248174978009
7.867546960800529 1.014407849186142
7.786388907730281 1.5163991039521676
7.673234912462986 2.0121591495334656
7.528549949036654 2.4996508015625474
7.35292855900083 2.9768708522745926
7.147092408317842 3.441858302117847
6.911887321882563 3.8927024179214076
6.648279807846487 4.32755058450768
6.357353086028423 4.744615917485521
6.0403026367319095 5.14218460594149
5.69843128826021 5.518622954856508
5.333143863315372 5.872384098309108
4.9459414062804 6.202014355879318
4.538415015105917 6.5061592061333124
4.112239303147397 6.783568852642531
3.6691655178196774 7.033103359665287
3.2110143443457035 7.253737336387238
2.7396684241703975 7.4445641504721936
2.2570646187831382 7.6047996536088585
1.7651860507384585 7.733785403744434
1.2660539545800755 7.830991370764256
0.761719371154598 7.896018114499228
0.2542547194447552 7.928598426111147
-0.2542547194447542 7.928598426111147
-0.761719371154597 7.896018114499228
-1.2660539545800726 7.830991370764257
-1.7651860507384576 7.733785403744434
-2.2570646187831374 7.604799653608859
-2.739668424170395 7.444564150472194
-3.2110143443457027 7.253737336387238
-3.6691655178196765 7.033103359665287
-4.112239303147396 6.7835688526425315
-4.538415015105918 6.506159206133312
-4.945941406280399 6.202014355879319
-5.333143863315373 5.872384098309108
-5.698431288260209 5.518622954856509
-6.040302636731907 5.142184605941494
-6.357353086028422 4.744615917485522
-6.648279807846487 4.32755058450768
-6.911887321882562 3.89270241792141
-7.1470924083178415 3.441858302117848
-7.352928559000829 2.9768708522745957
-7.528549949036653 2.4996508015625523
-7.673234912462986 2.0121591495334656
-7.786388907730281 1.5163991039521696
-7.867546960800528 1.0144078491861424
-7.916375575825317 0.5082481749780116
-7.932674105551802 9.714723952043108e-16
-7.916375575825317 -0.5082481749780097
-7.867546960800529 -1.0144078491861406
-7.786388907730281 -1.5163991039521676
-7.673234912462986 -2.012159149533464
-7.528549949036654 -2.499650801562547
-7.35292855900083 -2.976870852274594
-7.147092408317842 -3.441858302117846
-6.911887321882564 -3.892702417921405
-6.648279807846489 -4.327550584507678
-6.357353086028424 -4.744615917485521
-6.04030263673191 -5.142184605941489
-5.69843128826021 -5.518622954856508
-5.333143863315374 -5.872384098309106
-4.945941406280401 -6.202014355879317
-4.53841501510592 -6.506159206133311
-4.1122393031474 -6.783568852642529
-3.6691655178196783 -7.0331033596652865
-3.211014344345706 -7.253737336387237
-2.7396684241703935 -7.444564150472195
-2.2570646187831374 -7.604799653608859
-1.7651860507384596 -7.733785403744434
-1.2660539545800695 -7.830991370764257
-0.7617193711545954 -7.896018114499228
-0.25425471944475436 -7.928598426111147
0.2542547194447514 -7.928598426111147
0.7617193711545924 -7.896018114499228
1.2660539545800666 -7.8309913707642576
1.7651860507384567 -7.733785403744434
2.2570646187831347 -7.60479965360886
2.7396684241703975 -7.4445641504721936
3.211014344345703 -7.253737336387238
3.6691655178196756 -7.033103359665288
4.112239303147391 -6.783568852642533
4.538415015105917 -6.5061592061333124
4.945941406280398 -6.202014355879319
5.333143863315369 -5.8723840983091105
5.698431288260205 -5.518622954856513
6.040302636731903 -5.142184605941497
6.357353086028418 -4.744615917485529
6.648279807846489 -4.327550584507677
6.911887321882563 -3.8927024179214076
7.1470924083178415 -3.441858302117849
7.352928559000829 -2.9768708522745966
7.528549949036652 -2.499650801562553
7.673234912462985 -2.012159149533467
7.786388907730281 -1.5163991039521705
7.867546960800528 -1.0144078491861468
7.916375575825317 -0.5082481749780161
1.0 0.5 0.4 0.32000000000000006 0.25600000000000006 0.20480000000000007 0.16384000000000007 0.13107200000000005 0.10485760000000005 0.08388608000000004 0.06710886400000003 0.05368709120000003 0.042949672960000025 0.03435973836800002 0.027487790694400018 0.021990232555520017 0.017592186044416015 0.014073748835532814 0.011258999068426251 0.009007199254741001 