0.0 0.0
2.615231180383879 0.0
2.6093910517295673 0.17467817839020236
2.5918967491989156 0.34857620163194103
2.5628264065938318 0.520917398939031
2.5223098591213233 0.6909320526878365
2.470528063517944 0.8578608361630303
2.407712289853081 1.0209582048950334
2.334143088620683 1.1794957264425998
2.250149037732648 1.3327653337489296
2.1561052750101086 1.480082487541029
2.0524318227268554 1.6207892336482792
1.9395917116878976 1.754257141585483
1.8180889132214892 1.8798901112759654
1.6884660883208347 1.9971270353792212
1.55130216398836 2.1054443053325085
1.4072097476071825 2.204358149913799
1.2568323908878276 2.2934267958814916
1.1008417156100623 2.3722524410409513
0.9399344139969896 2.4404830309256798
0.7748291371184565 2.497813831158024
0.6062632852209165 2.543988788466883
0.4349897143189277 2.5788016742837736
0.2617733737574317 2.6020970058096813
0.08738788976228114 2.6137707404389836
-0.0873878897622808 2.6137707404389836
-0.2617733737574314 2.6020970058096813
-0.4349897143189279 2.5788016742837736
-0.6062632852209157 2.543988788466883
-0.7748291371184556 2.497813831158024
-0.93993441399699 2.4404830309256798
-1.1008417156100618 2.3722524410409513
-1.2568323908878272 2.2934267958814916
-1.4072097476071823 2.204358149913799
-1.5513021639883597 2.1054443053325085
-1.6884660883208347 1.9971270353792212
-1.8180889132214892 1.8798901112759654
-1.9395917116878976 1.754257141585483
-2.0524318227268554 1.6207892336482792
-2.156105275010108 1.4800824875410297
-2.250149037732647 1.3327653337489305
-2.3341430886206824 1.1794957264426007
-2.407712289853081 1.0209582048950343
-2.4705280635179445 0.8578608361630299
-2.522309859121323 0.6909320526878371
-2.5628264065938313 0.5209173989390316
-2.591896749198915 0.34857620163194153
-2.6093910517295673 0.17467817839020275
-2.615231180383879 -8.411224990631763e-16
-2.6093910517295673 -0.17467817839020208
-2.5918967491989156 -0.3485762016319397
-2.5628264065938318 -0.5209173989390309
-2.5223098591213233 -0.6909320526878365
-2.470528063517944 -0.8578608361630303
-2.407712289853081 -1.0209582048950336
-2.3341430886206833 -1.1794957264425991
-2.250149037732648 -1.3327653337489298
-2.1561052750101095 -1.4800824875410281
-2.0524318227268554 -1.6207892336482785
-1.9395917116878971 -1.7542571415854835
-1.8180889132214895 -1.879890111275965
-1.688466088320835 -1.9971270353792208
-1.551302163988359 -2.105444305332509
-1.4072097476071828 -2.204358149913799
-1.2568323908878267 -2.2934267958814916
-1.1008417156100625 -2.3722524410409513
-0.9399344139969911 -2.4404830309256793
-0.7748291371184561 -2.497813831158024
-0.6062632852209174 -2.5439887884668826
-0.43498971431892797 -2.5788016742837736
-0.26177337375743265 -2.6020970058096813
-0.08738788976228089 -2.6137707404389836
0.08738788976227992 -2.6137707404389836
0.2617733737574317 -2.6020970058096813
0.434989714318927 -2.5788016742837736
0.6062632852209164 -2.543988788466883
0.7748291371184552 -2.4978138311580245
0.9399344139969881 -2.4404830309256806
1.1008417156100616 -2.3722524410409513
1.2568323908878258 -2.2934267958814925
1.4072097476071819 -2.204358149913799
1.5513021639883584 -2.1054443053325094
1.6884660883208344 -1.9971270353792212
1.8180889132214881 -1.8798901112759665
1.9395917116878971 -1.754257141585483
2.052431822726856 -1.6207892336482785
2.1561052750101086 -1.480082487541029
2.250149037732647 -1.3327653337489307
2.3341430886206815 -1.179495726442602
2.407712289853081 -1.0209582048950345
2.470528063517944 -0.8578608361630302
2.522309859121323 -0.6909320526878374
2.5628264065938318 -0.5209173989390307
2.591896749198915 -0.3485762016319418
2.6093910517295673 -0.17467817839020425
3.9325234254692893 0.0
3.9237416233429228 0.26266359685148105
3.897435438623935 0.524154074316865
3.8537223611192037 0.7833035524460124
3.792797624044377 1.038954606760105
3.7149333320649345 1.2899654375903389
3.6204772460107026 1.5352149696324195
3.5098512296915625 1.7736078589410171
3.3835493657512696 2.0040793850017256
3.242135748974425 2.225600206031343
3.0862419669022327 2.4371809562681537
2.916564279009217 2.6378766647195917
2.7338605070393953 2.826790975632088
2.5389466503903995 3.0030801518334616
2.332693241662083 3.165956843067946
2.1160214586466024 3.3146936024935725
1.8898990101247812 3.448626135636347
1.6553358138437775 3.567156267290637
1.413379485979264 3.6697546131148475
1.1651106622272775 3.7559629439903994
0.9116381714228663 3.825396232584213
0.6540940832413462 3.8777443729742394
0.3936286521003173 3.912773565657793
0.13140517984419822 3.930327361756884
-0.13140517984419775 3.930327361756884
-0.39362865210031683 3.912773565657793
-0.6540940832413465 3.8777443729742394
-0.911638171422865 3.825396232584213
-1.1651106622272762 3.7559629439903994
-1.4133794859792645 3.6697546131148475
-1.655335813843777 3.5671562672906374
-1.8898990101247808 3.4486261356363475
-2.116021458646602 3.314693602493573
-2.3326932416620827 3.1659568430679466
-2.5389466503903995 3.0030801518334616
-2.7338605070393953 2.826790975632088
-2.916564279009217 2.6378766647195917
-3.0862419669022327 2.4371809562681537
-3.242135748974424 2.225600206031344
-3.3835493657512687 2.004079385001727
-3.509851229691562 1.7736078589410185
-3.620477246010702 1.5352149696324207
-3.714933332064935 1.2899654375903382
-3.7927976240443764 1.0389546067601059
-3.8537223611192033 0.7833035524460131
-3.8974354386239347 0.5241540743168658
-3.9237416233429228 0.26266359685148166
-3.9325234254692893 -1.2647959981762233e-15
-3.9237416233429228 -0.26266359685148066
-3.897435438623935 -0.524154074316863
-3.8537223611192037 -0.7833035524460122
-3.792797624044377 -1.038954606760105
-3.7149333320649345 -1.2899654375903389
-3.6204772460107026 -1.5352149696324198
-3.5098512296915634 -1.773607858941016
-3.3835493657512696 -2.004079385001726
-3.242135748974426 -2.225600206031342
-3.086241966902233 -2.437180956268153
-2.9165642790092168 -2.637876664719592
-2.7338605070393958 -2.8267909756320875
-2.5389466503904 -3.0030801518334607
-2.332693241662082 -3.165956843067947
-2.116021458646603 -3.3146936024935725
-1.8898990101247801 -3.4486261356363475
-1.655335813843778 -3.567156267290637
-1.413379485979266 -3.669754613114847
-1.165110662227277 -3.7559629439903994
-0.9116381714228675 -3.8253962325842124
-0.6540940832413467 -3.8777443729742394
-0.3936286521003186 -3.912773565657793
-0.13140517984419786 -3.930327361756884
0.13140517984419642 -3.930327361756884
0.3936286521003172 -3.912773565657793
0.6540940832413452 -3.8777443729742394
0.9116381714228662 -3.825396232584213
1.1651106622272758 -3.7559629439904
1.4133794859792617 -3.669754613114849
1.6553358138437766 -3.5671562672906374
1.889899010124779 -3.4486261356363483
2.1160214586466015 -3.314693602493573
2.332693241662081 -3.165956843067948
2.538946650390399 -3.0030801518334616
2.7338605070393935 -2.8267909756320897
2.9165642790092168 -2.6378766647195917
3.086241966902233 -2.437180956268153
3.242135748974425 -2.225600206031343
3.3835493657512687 -2.0040793850017273
3.5098512296915607 -1.7736078589410205
3.620477246010702 -1.535214969632421
3.7149333320649345 -1.2899654375903387
3.7927976240443764 -1.0389546067601063
3.8537223611192037 -0.7833035524460119
3.8974354386239347 -0.5241540743168662
3.9237416233429228 -0.2626635968514839
4.863169121016899 0.0
4.852309074093535 0.3248238739406664
4.819777436929318 0.6481970056081185
4.765719503713 0.9686751320963076
4.690376710297086 1.2848269202950882
4.594085555886715 1.5952403595713505
4.477276100152515 1.8985290681512772
4.3404700424797245 2.1933384850378963
4.184278391932084 2.478351919809318
4.009398738337039 2.7522964332777886
3.816612136680228 3.013948522745115
3.60677961872431 3.262139586462725
3.380838347432094 3.4957611428907582
3.13979743136925 3.713769781445713
2.8847334177804873 3.9151918226253977
2.616785484468224 4.099127666697962
2.3371503519479835 4.264755811532671
2.047076938604063 4.411336521627849
1.7478607827168484 4.538215131949203
1.4408382562743607 4.644824971822786
1.1273805964105417 4.730689895823788
0.8088877811273482 4.795426410357598
0.4867822766531454 4.838745386435274
0.162502684363213 4.860453350993817
-0.16250268436321239 4.860453350993817
-0.48678227665314483 4.838745386435274
-0.8088877811273486 4.795426410357598
-1.12738059641054 4.730689895823788
-1.440838256274359 4.644824971822786
-1.7478607827168489 4.538215131949203
-2.0470769386040626 4.41133652162785
-2.337150351947983 4.264755811532671
-2.6167854844682235 4.099127666697963
-2.884733417780487 3.9151918226253986
-3.13979743136925 3.713769781445713
-3.380838347432094 3.4957611428907582
-3.60677961872431 3.262139586462725
-3.816612136680228 3.013948522745115
-4.009398738337038 2.7522964332777895
-4.184278391932082 2.47835191980932
-4.340470042479724 2.193338485037898
-4.477276100152515 1.8985290681512785
-4.594085555886715 1.5952403595713496
-4.690376710297086 1.2848269202950893
-4.765719503712999 0.9686751320963086
-4.819777436929318 0.6481970056081195
-4.852309074093535 0.3248238739406672
-4.863169121016899 -1.564114482543059e-15
-4.852309074093535 -0.324823873940666
-4.819777436929318 -0.6481970056081161
-4.765719503713 -0.9686751320963075
-4.690376710297086 -1.2848269202950882
-4.594085555886715 -1.5952403595713505
-4.477276100152515 -1.8985290681512776
-4.340470042479725 -2.193338485037895
-4.184278391932084 -2.4783519198093185
-4.00939873833704 -2.752296433277787
-3.816612136680229 -3.0139485227451135
-3.6067796187243095 -3.2621395864627254
-3.380838347432095 -3.495761142890758
-3.1397974313692507 -3.713769781445712
-2.8847334177804855 -3.915191822625399
-2.6167854844682243 -4.099127666697962
-2.337150351947982 -4.264755811532671
-2.0470769386040635 -4.411336521627849
-1.747860782716851 -4.538215131949202
-1.44083825627436 -4.644824971822786
-1.1273805964105432 -4.730689895823788
-0.8088877811273487 -4.795426410357598
-0.48678227665314705 -4.838745386435274
-0.1625026843632125 -4.860453350993817
0.16250268436321072 -4.860453350993817
0.48678227665314533 -4.838745386435274
0.8088877811273469 -4.795426410357598
1.1273805964105414 -4.730689895823788
1.4408382562743585 -4.644824971822786
1.7478607827168453 -4.538215131949205
2.047076938604062 -4.41133652162785
2.337150351947981 -4.264755811532673
2.6167854844682226 -4.099127666697963
2.8847334177804846 -3.9151918226254
3.1397974313692494 -3.713769781445713
3.3808383474320918 -3.4957611428907605
3.6067796187243095 -3.262139586462725
3.8166121366802295 -3.0139485227451135
4.009398738337039 -2.7522964332777886
4.184278391932082 -2.4783519198093202
4.340470042479722 -2.1933384850379007
4.477276100152515 -1.8985290681512792
4.594085555886715 -1.59524035957135
4.690376710297086 -1.2848269202950897
4.765719503713 -0.9686751320963071
4.819777436929318 -0.6481970056081201
4.852309074093535 -0.3248238739406699
5.596676623733106 0.0
5.584178565525348 0.3738167719188888
5.546740210263982 0.7459639873889856
5.484528766731902 1.11477954660589
5.397822086337982 1.4786162297507999
5.287007422165226 1.8358490538740915
5.152579699404502 2.1848825304636423
4.995139304898482 2.524157791283838
4.815389405668269 2.852159550659533
4.614132808398777 3.167422873109717
4.392268373909193 3.4685397161049902
4.1507870026223594 3.7541652187273113
3.8907672089629384 4.023023708145322
3.613370304450177 4.273914397078893
3.319835210998754 4.5057167468066
3.011472927592749 4.717395471763688
2.6896606750459395 4.908005163378704
2.355835744999311 5.076694512497688
2.011489080627686 5.222710111537513
1.6581586177255756 5.3453998193870405
1.2974224159125722 5.444215674027635
0.9308916106360182 5.518716339864559
0.5602032174489894 5.568569078838871
0.18701282070143188 5.593551236516377
-0.1870128207014312 5.593551236516377
-0.5602032174489887 5.568569078838871
-0.9308916106360188 5.518716339864559
-1.2974224159125702 5.444215674027635
-1.6581586177255738 5.3453998193870405
-2.011489080627687 5.222710111537513
-2.35583574499931 5.0766945124976885
-2.689660675045939 4.9080051633787045
-3.0114729275927488 4.717395471763688
-3.319835210998753 4.505716746806601
-3.613370304450177 4.273914397078893
-3.8907672089629384 4.023023708145322
-4.1507870026223594 3.7541652187273113
-4.392268373909193 3.4685397161049902
-4.614132808398775 3.167422873109718
-4.815389405668268 2.852159550659535
-4.995139304898482 2.52415779128384
-5.152579699404501 2.184882530463644
-5.287007422165227 1.8358490538740906
-5.397822086337981 1.4786162297508012
-5.484528766731902 1.1147795466058912
-5.546740210263981 0.7459639873889867
-5.584178565525348 0.3738167719188896
-5.596676623733106 -1.8000284883081948e-15
-5.584178565525348 -0.37381677191888824
-5.546740210263982 -0.7459639873889828
-5.484528766731902 -1.1147795466058898
-5.397822086337982 -1.4786162297507999
-5.287007422165226 -1.8358490538740915
-5.152579699404502 -2.184882530463643
-4.995139304898483 -2.5241577912838364
-4.815389405668269 -2.852159550659534
-4.614132808398778 -3.167422873109715
-4.392268373909194 -3.468539716104989
-4.1507870026223594 -3.7541652187273122
-3.890767208962939 -4.023023708145322
-3.6133703044501777 -4.273914397078891
-3.3198352109987517 -4.505716746806602
-3.01147292759275 -4.717395471763688
-2.6896606750459378 -4.9080051633787045
-2.3558357449993115 -5.076694512497688
-2.011489080627689 -5.222710111537512
-1.658158617725575 -5.3453998193870405
-1.297422415912574 -5.444215674027635
-0.9308916106360189 -5.518716339864559
-0.5602032174489913 -5.568569078838871
-0.18701282070143133 -5.593551236516377
0.18701282070142927 -5.593551236516377
0.5602032174489893 -5.568569078838871
0.9308916106360169 -5.518716339864559
1.297422415912572 -5.444215674027635
1.6581586177255732 -5.345399819387041
2.011489080627683 -5.2227101115375145
2.3558357449993097 -5.0766945124976885
2.689660675045936 -4.908005163378705
3.0114729275927483 -4.717395471763688
3.319835210998751 -4.505716746806603
3.6133703044501764 -4.273914397078893
3.8907672089629357 -4.023023708145325
4.1507870026223594 -3.7541652187273113
4.392268373909195 -3.468539716104989
4.614132808398777 -3.167422873109717
4.815389405668268 -2.8521595506595356
4.99513930489848 -2.5241577912838427
5.152579699404501 -2.1848825304636446
5.287007422165226 -1.835849053874091
5.397822086337981 -1.4786162297508016
5.484528766731902 -1.1147795466058894
5.546740210263981 -0.7459639873889873
5.584178565525348 -0.37381677191889284
6.219223628042368 0.0
6.205335346811196 0.41539832596683995
6.163732531553088 0.8289413821704339
6.0946009905402265 1.2387821849326726
5.99824948201671 1.6430902857380505
5.875108335209289 2.0400599464610867
5.725727528372574 2.4279182042311405
5.550774232452641 2.8049327899149854
5.351029831339627 3.1694198648512755
5.127386432017593 3.5197515412827607
4.880842880198174 3.8543631528981885
4.612500299233152 4.171760243011882
4.32355717223027 4.470525239170075
4.015303989336735 4.749323784373622
3.689117484096947 5.006910696640263
3.3464544846262854 5.242135530289644
2.988845407063097 5.4539477141129895
2.6178874203587017 5.6414012434791525
2.2352373129331435 5.803658905420949
1.8426040930559138 5.9399960178315
1.441741356000145 6.04980366607044
1.034439452060439 6.132591422524524
0.6225174904138355 6.187989536976394
0.2078152145366226 6.215750587998811
-0.20781521453662183 6.215750587998811
-0.6225174904138349 6.187989536976394
-1.0344394520604394 6.132591422524524
-1.4417413560001429 6.04980366607044
-1.8426040930559116 5.9399960178315
-2.235237312933144 5.803658905420949
-2.6178874203587013 5.641401243479153
-2.988845407063096 5.45394771411299
-3.346454484626285 5.242135530289645
-3.689117484096946 5.006910696640264
-4.015303989336735 4.749323784373622
-4.32355717223027 4.470525239170075
-4.612500299233152 4.171760243011882
-4.880842880198174 3.8543631528981885
-5.127386432017592 3.519751541282762
-5.351029831339625 3.1694198648512772
-5.550774232452641 2.8049327899149876
-5.725727528372573 2.4279182042311422
-5.87510833520929 2.040059946461086
-5.998249482016709 1.643090285738052
-6.094600990540226 1.2387821849326737
-6.163732531553088 0.8289413821704351
-6.205335346811196 0.4153983259668409
-6.219223628042368 -2.0002548759318077e-15
-6.205335346811196 -0.41539832596683934
-6.163732531553088 -0.8289413821704308
-6.0946009905402265 -1.2387821849326723
-5.99824948201671 -1.6430902857380505
-5.875108335209289 -2.0400599464610867
-5.725727528372574 -2.427918204231141
-5.550774232452643 -2.8049327899149836
-5.351029831339627 -3.169419864851276
-5.127386432017595 -3.5197515412827585
-4.880842880198175 -3.854363152898187
-4.612500299233152 -4.1717602430118825
-4.323557172230271 -4.470525239170075
-4.0153039893367355 -4.749323784373621
-3.6891174840969447 -5.006910696640265
-3.3464544846262863 -5.242135530289644
-2.9888454070630948 -5.45394771411299
-2.6178874203587026 -5.6414012434791525
-2.235237312933147 -5.803658905420948
-1.842604093055913 -5.9399960178315
-1.441741356000147 -6.0498036660704395
-1.0344394520604396 -6.132591422524524
-0.6225174904138377 -6.187989536976394
-0.207815214536622 -6.215750587998811
0.20781521453661972 -6.215750587998811
0.6225174904138354 -6.187989536976394
1.0344394520604374 -6.132591422524524
1.4417413560001449 -6.04980366607044
1.8426040930559109 -5.9399960178315
2.2352373129331395 -5.803658905420951
2.6178874203587004 -5.641401243479153
2.988845407063093 -5.453947714112991
3.346454484626284 -5.242135530289645
3.6891174840969434 -5.006910696640266
4.015303989336734 -4.749323784373622
4.3235571722302675 -4.470525239170078
4.612500299233152 -4.171760243011882
4.880842880198175 -3.854363152898187
5.127386432017593 -3.5197515412827607
5.351029831339625 -3.169419864851278
5.550774232452638 -2.8049327899149907
5.725727528372573 -2.4279182042311427
5.875108335209289 -2.0400599464610862
5.998249482016709 -1.6430902857380527
6.0946009905402265 -1.238782184932672
6.163732531553088 -0.8289413821704358
6.205335346811196 -0.41539832596684445
6.8011567986174 0.0
6.785968989983121 0.4542671750931954
6.740473396520539 0.90650548270739
6.664873212594283 1.354695116778259
6.559506086977989 1.796834353600353
6.4248426148329205 2.2309484920110916
6.2614842359157326 2.6550986728855217
6.0701605484025185 3.0673905385518347
5.851726050326245 3.465982693452593
5.607156323181101 3.849094928264291
5.337543674738722 4.215016170744348
5.044092260536517 4.5621121277951175
4.728112705826729 4.888832584613584
4.391016252005895 5.193718328326999
4.034308453668189 5.475407665191796
3.6595824544331212 5.732642502248412
3.2685118715793977 5.964273966269845
2.862843321263871 6.169267534908381
2.444388617709788 6.3467076571235355
2.01501668120465 6.495801842255249
1.5766451910485082 6.61588419947956
1.1312320207326985 6.706418411838669
0.6807664936015478 6.767000131562666
0.22726049805139054 6.7973587859848275
-0.22726049805138968 6.7973587859848275
-0.6807664936015472 6.767000131562666
-1.1312320207326991 6.706418411838669
-1.576645191048506 6.61588419947956
-2.015016681204648 6.495801842255249
-2.444388617709789 6.3467076571235355
-2.86284332126387 6.169267534908382
-3.2685118715793973 5.964273966269846
-3.659582454433121 5.732642502248413
-4.034308453668189 5.4754076651917964
-4.391016252005895 5.193718328326999
-4.728112705826729 4.888832584613584
-5.044092260536517 4.5621121277951175
-5.337543674738722 4.215016170744348
-5.6071563231810995 3.849094928264292
-5.851726050326244 3.4659826934525952
-6.0701605484025185 3.0673905385518374
-6.261484235915732 2.6550986728855235
-6.424842614832921 2.2309484920110902
-6.559506086977988 1.7968343536003544
-6.664873212594282 1.3546951167782604
-6.740473396520538 0.9065054827073913
-6.785968989983121 0.4542671750931965
-6.8011567986174 -2.187418858371777e-15
-6.785968989983121 -0.45426717509319475
-6.740473396520539 -0.9065054827073865
-6.664873212594283 -1.3546951167782588
-6.559506086977989 -1.796834353600353
-6.4248426148329205 -2.2309484920110916
-6.2614842359157326 -2.655098672885522
-6.07016054840252 -3.067390538551833
-5.851726050326245 -3.465982693452594
-5.607156323181102 -3.8490949282642886
-5.337543674738723 -4.215016170744347
-5.044092260536517 -4.562112127795118
-4.72811270582673 -4.888832584613583
-4.391016252005896 -5.193718328326997
-4.034308453668187 -5.475407665191797
-3.659582454433122 -5.732642502248412
-3.2685118715793955 -5.964273966269846
-2.8628433212638718 -6.169267534908381
-2.444388617709792 -6.346707657123535
-2.0150166812046497 -6.495801842255249
-1.5766451910485106 -6.615884199479559
-1.1312320207326994 -6.706418411838669
-0.6807664936015503 -6.767000131562666
-0.22726049805138987 -6.7973587859848275
0.22726049805138737 -6.7973587859848275
0.6807664936015478 -6.767000131562666
1.131232020732697 -6.706418411838669
1.5766451910485082 -6.61588419947956
2.015016681204647 -6.49580184225525
2.444388617709784 -6.346707657123537
2.8628433212638695 -6.169267534908382
3.2685118715793937 -5.964273966269848
3.65958245443312 -5.732642502248413
4.034308453668185 -5.475407665191799
4.391016252005894 -5.193718328326999
4.728112705826725 -4.888832584613587
5.044092260536517 -4.5621121277951175
5.337543674738724 -4.215016170744347
5.607156323181101 -3.849094928264291
5.851726050326244 -3.465982693452596
6.070160548402516 -3.0673905385518405
6.261484235915732 -2.6550986728855244
6.4248426148329205 -2.230948492011091
6.559506086977988 -1.7968343536003553
6.664873212594283 -1.3546951167782584
6.740473396520538 -0.906505482707392
6.785968989983121 -0.45426717509320036
1.0 0.5 0.4 0.32000000000000006 0.25600000000000006 0.20480000000000007 0.16384000000000007 