0.0 0.0
1.543002234075756 0.0
1.509283933188103 0.3208082034222705
1.4096026820722922 0.6275955489464331
1.2483150297257972 0.906953957444068
1.0324700205001835 1.146674125953457
0.7715011170378783 1.3362791328057475
0.4768139126879193 1.4674823293757275
0.1612876523464949 1.534549506390501
-0.1612876523464947 1.5345495063905013
-0.4768139126879191 1.4674823293757278
-0.7715011170378777 1.3362791328057477
-1.032470020500183 1.1466741259534576
-1.2483150297257972 0.9069539574440681
-1.4096026820722922 0.6275955489464329
-1.509283933188103 0.3208082034222705
-1.543002234075756 8.741939176313929e-16
-1.509283933188103 -0.3208082034222701
-1.4096026820722922 -0.6275955489464331
-1.2483150297257974 -0.9069539574440678
-1.032470020500184 -1.1466741259534567
-0.7715011170378787 -1.336279132805747
-0.47681391268791945 -1.4674823293757275
-0.16128765234649609 -1.534549506390501
0.16128765234649417 -1.5345495063905013
0.47681391268791895 -1.4674823293757278
0.7715011170378783 -1.3362791328057475
1.032470020500184 -1.1466741259534567
1.2483150297257972 -0.9069539574440684
1.4096026820722922 -0.6275955489464331
1.509283933188103 -0.32080820342226996
2.4344661011957354 0.0
2.3812671759523907 0.5061539633381237
2.223995448532256 0.9901865696821845
1.9695244480970704 1.4309432714888088
1.628975778453188 1.809160885903737
1.217233050597868 2.108309488287565
0.7522913974992028 2.3153148492418607
0.25447100043518595 2.4211298411709934
-0.25447100043518567 2.4211298411709934
-0.7522913974992025 2.315314849241861
-1.2172330505978672 2.108309488287565
-1.628975778453187 1.8091608859037378
-1.9695244480970702 1.430943271488809
-2.2239954485322566 0.9901865696821843
-2.3812671759523907 0.5061539633381237
-2.4344661011957354 1.3792562391329862e-15
-2.3812671759523907 -0.5061539633381231
-2.223995448532256 -0.9901865696821848
-1.9695244480970708 -1.4309432714888084
-1.6289757784531884 -1.8091608859037367
-1.2172330505978688 -2.108309488287564
-0.752291397499203 -2.3153148492418607
-0.25447100043518783 -2.4211298411709934
0.2544710004351848 -2.4211298411709934
0.7522913974992023 -2.315314849241861
1.217233050597868 -2.108309488287565
1.6289757784531884 -1.8091608859037367
1.9695244480970702 -1.4309432714888093
2.2239954485322566 -0.9901865696821845
2.3812671759523907 -0.5061539633381229
3.0244738074847732 0.0
2.9583817982734693 0.6288234631481855
2.7629943085867366 1.2301643235270405
2.4468507092970846 1.7777410999844143
2.023767992718771 2.2476220598242214
1.512236903742387 2.6192711503624593
0.9346138055546981 2.876445522972407
0.31614359928965213 3.007905423511455
-0.31614359928965174 3.0079054235114553
-0.9346138055546978 2.8764455229724075
-1.512236903742386 2.6192711503624593
-2.02376799271877 2.2476220598242227
-2.446850709297084 1.7777410999844145
-2.762994308586737 1.23016432352704
-2.9583817982734693 0.6288234631481855
-3.0244738074847732 1.713527400122247e-15
-2.9583817982734693 -0.6288234631481847
-2.7629943085867366 -1.2301643235270407
-2.446850709297085 -1.7777410999844139
-2.0237679927187715 -2.2476220598242214
-1.512236903742388 -2.6192711503624584
-0.9346138055546984 -2.876445522972407
-0.31614359928965446 -3.007905423511455
0.3161435992896507 -3.0079054235114553
0.9346138055546974 -2.8764455229724075
1.512236903742387 -2.6192711503624593
2.0237679927187715 -2.2476220598242214
2.446850709297084 -1.777741099984415
2.762994308586737 -1.2301643235270405
2.9583817982734693 -0.6288234631481845
3.4665628987772776 0.0
3.390810182231821 0.7207389536108968
3.166862789810349 1.4099781564597846
2.804508297180498 2.0375945480455293
2.3195833344399612 2.5761582804182495
1.7332814493886393 3.002131534157746
1.0712268477918596 3.2968972340291467
0.362354492629851 3.4475727045053137
-0.36235449262985053 3.447572704505314
-1.0712268477918592 3.296897234029147
-1.7332814493886382 3.0021315341577464
-2.31958333443996 2.576158280418251
-2.8045082971804978 2.0375945480455298
-3.1668627898103496 1.4099781564597844
-3.390810182231821 0.7207389536108968
-3.4665628987772776 1.9639946944166004e-15
-3.390810182231821 -0.720738953610896
-3.166862789810349 -1.4099781564597849
-2.8045082971804987 -2.037594548045529
-2.3195833344399617 -2.576158280418249
-1.7332814493886404 -3.002131534157745
-1.0712268477918598 -3.2968972340291467
-0.36235449262985364 -3.4475727045053137
0.3623544926298493 -3.447572704505314
1.0712268477918587 -3.296897234029147
1.7332814493886393 -3.002131534157746
2.3195833344399617 -2.576158280418249
2.8045082971804978 -2.0375945480455298
3.1668627898103496 -1.4099781564597846
3.390810182231821 -0.7207389536108957
3.821604855876687 0.0
3.7380936207284425 0.7945563272226814
3.491209756991054 1.5543867302414607
3.0917432741900615 2.246282974373619
2.557152774476725 2.8400058736640426
1.910802427938344 3.3096068884151792
1.1809408462517181 3.6345622008867244
0.3994664828009924 3.8006697046150797
-0.3994664828009919 3.80066970461508
-1.1809408462517177 3.634562200886725
-1.9108024279383427 3.3096068884151797
-2.5571527744767235 2.840005873664044
-3.091743274190061 2.2462829743736195
-3.4912097569910543 1.5543867302414602
-3.7380936207284425 0.7945563272226814
-3.821604855876687 2.165145096240977e-15
-3.7380936207284425 -0.7945563272226804
-3.491209756991054 -1.554386730241461
-3.091743274190062 -2.2462829743736186
-2.5571527744767257 -2.840005873664042
-1.9108024279383453 -3.3096068884151784
-1.1809408462517186 -3.6345622008867244
-0.39946648280099534 -3.8006697046150797
0.39946648280099056 -3.80066970461508
1.1809408462517172 -3.634562200886725
1.910802427938344 -3.3096068884151792
2.5571527744767257 -2.840005873664042
3.091743274190061 -2.24628297437362
3.4912097569910543 -1.5543867302414607
3.7380936207284425 -0.7945563272226801
4.1160217924675475 0.0
4.02607684087019 0.8557690503146722
3.760173012066684 1.674136886695088
3.329931579323879 2.419336907726855
2.7541561577800846 3.0588002966244465
2.058010896233774 3.5645794348072566
1.2719206830901053 3.914569346939119
0.4302414327428052 4.093473794421943
-0.4302414327428047 4.093473794421944
-1.2719206830901049 3.9145693469391194
-2.058010896233773 3.564579434807257
-2.7541561577800833 3.058800296624448
-3.3299315793238784 2.4193369077268554
-3.7601730120666845 1.6741368866950876
-4.02607684087019 0.8557690503146722
-4.1160217924675475 2.331948156879165e-15
-4.02607684087019 -0.8557690503146712
-3.760173012066684 -1.6741368866950883
-3.3299315793238793 -2.4193369077268545
-2.7541561577800855 -3.058800296624446
-2.0580108962337755 -3.5645794348072557
-1.2719206830901058 -3.914569346939119
-0.4302414327428084 -4.093473794421943
0.43024143274280324 -4.093473794421944
1.2719206830901044 -3.9145693469391194
2.058010896233774 -3.5645794348072566
2.7541561577800855 -3.058800296624446
3.3299315793238784 -2.419336907726856
3.7601730120666845 -1.674136886695088
4.02607684087019 -0.8557690503146709
4.715388876867559 0.0
4.612346316434877 0.9803844742527893
4.307722089480804 1.9179214425740785
3.8148297364724515 2.7716360406467198
3.1552110183962054 3.5042168439577877
2.35769443843378 4.083646556089878
1.4571352980386723 4.4846013182105775
0.4928923530083523 4.689557483220798
-0.4928923530083517 4.689557483220798
-1.4571352980386718 4.4846013182105775
-2.3576944384337786 4.083646556089879
-3.1552110183962037 3.504216843957789
-3.814829736472451 2.77163604064672
-4.307722089480804 1.917921442574078
-4.612346316434877 0.9803844742527893
-4.715388876867559 2.6715219099429773e-15
-4.612346316434877 -0.9803844742527881
-4.307722089480804 -1.9179214425740787
-3.8148297364724524 -2.7716360406467193
-3.1552110183962063 -3.504216843957787
-2.3576944384337817 -4.083646556089877
-1.4571352980386727 -4.4846013182105775
-0.492892353008356 -4.689557483220798
0.4928923530083501 -4.689557483220798
1.4571352980386711 -4.4846013182105775
2.35769443843378 -4.083646556089878
3.1552110183962063 -3.504216843957787
3.814829736472451 -2.7716360406467206
4.307722089480804 -1.9179214425740785
4.612346316434877 -0.9803844742527877
4.493550538671703 0.0
4.395355678177826 0.9342616902702868
4.105062683290996 1.827691661590782
3.635358750868107 2.641242737062125
3.0067721966455707 3.339358830835033
2.246775269335852 3.891528919678943
1.3885834815322557 4.27362052110532
0.4697039324228895 4.468934398652907
-0.46970393242288894 4.468934398652908
-1.388583481532255 4.273620521105321
-2.2467752693358505 3.8915289196789433
-3.006772196645569 3.3393588308350344
-3.6353587508681064 2.6412427370621256
-4.105062683290996 1.8276916615907814
-4.395355678177826 0.9342616902702868
-4.493550538671703 2.5458385365391562e-15
-4.395355678177826 -0.9342616902702857
-4.105062683290996 -1.8276916615907821
-3.6353587508681073 -2.6412427370621248
-3.0067721966455716 -3.3393588308350326
-2.246775269335853 -3.891528919678942
-1.3885834815322562 -4.27362052110532
-0.469703932422893 -4.468934398652907
0.4697039324228874 -4.468934398652908
1.3885834815322546 -4.273620521105321
2.246775269335852 -3.891528919678943
3.0067721966455716 -3.3393588308350326
3.6353587508681064 -2.6412427370621265
4.105062683290996 -1.827691661590782
4.395355678177826 -0.9342616902702854
5.146287309095886 0.0
5.033828584078973 1.0699732958681023
4.70136739494831 2.0931836244052535
4.16343389099469 3.024911784346478
3.4435383476322268 3.8244367841745905
2.5731436545479434 4.456815544850497
1.5902902364467468 4.894410080042693
0.5379335039536205 5.118095408751731
-0.5379335039536198 5.118095408751731
-1.5902902364467462 4.894410080042694
-2.5731436545479416 4.456815544850497
-3.4435383476322254 3.824436784174592
-4.163433890994689 3.0249117843464783
-4.701367394948311 2.0931836244052526
-5.033828584078973 1.0699732958681023
-5.146287309095886 2.9156490928154893e-15
-5.033828584078973 -1.0699732958681012
-4.70136739494831 -2.0931836244052535
-4.16343389099469 -3.0249117843464775
-3.443538347632228 -3.8244367841745897
-2.573143654547945 -4.456815544850495
-1.5902902364467473 -4.894410080042693
-0.5379335039536245 -5.118095408751731
0.537933503953618 -5.118095408751731
1.5902902364467457 -4.894410080042694
2.5731436545479434 -4.456815544850497
3.443538347632228 -3.8244367841745897
4.163433890994689 -3.0249117843464792
4.701367394948311 -2.0931836244052535
5.033828584078973 -1.0699732958681007
4.31993318976664 0.0
4.225532284900575 0.8981646137041385
3.946455342830826 1.757075123917417
3.494899365085587 2.539193019833613
2.890599514698309 3.2103359963831326
2.1599665948833207 3.7411718849894524
1.3349327702022666 4.108500610087272
0.4515559777452393 4.29626814375103
-0.45155597774523876 4.29626814375103
-1.3349327702022662 4.108500610087272
-2.1599665948833193 3.741171884989453
-2.8905995146983074 3.210335996383134
-3.4948993650855864 2.5391930198336135
-3.9464553428308267 1.7570751239174165
-4.225532284900575 0.8981646137041385
-4.31993318976664 2.4474749521863412e-15
-4.225532284900575 -0.8981646137041375
-3.946455342830826 -1.7570751239174172
-3.4948993650855873 -2.5391930198336126
-2.8905995146983097 -3.210335996383132
-2.159966594883322 -3.7411718849894515
-1.3349327702022673 -4.108500610087272
-0.45155597774524264 -4.29626814375103
0.45155597774523726 -4.29626814375103
1.3349327702022658 -4.108500610087272
2.1599665948833207 -3.7411718849894524
2.8905995146983097 -3.210335996383132
3.4948993650855864 -2.539193019833614
3.9464553428308267 -1.757075123917417
4.225532284900575 -0.8981646137041371
5.350965318068834 0.0
5.2340338874788355 1.1125282467868804
4.888350060324878 2.1764336706863485
4.329021878628633 3.1452184994893635
3.5804946678846195 3.9765421874318525
2.6754826590344174 4.634071900217089
1.6535392195942158 5.089070434218733
0.5593281816962457 5.321652170175712
-0.559328181696245 5.321652170175713
-1.6535392195942151 5.089070434218734
-2.6754826590344156 4.63407190021709
-3.5804946678846177 3.9765421874318543
-4.329021878628632 3.145218499489364
-4.888350060324878 2.176433670686348
-5.2340338874788355 1.1125282467868804
-5.350965318068834 3.0316102149484274e-15
-5.2340338874788355 -1.1125282467868791
-4.888350060324878 -2.176433670686349
-4.329021878628633 -3.1452184994893626
-3.580494667884621 -3.9765421874318516
-2.675482659034419 -4.634071900217088
-1.6535392195942162 -5.089070434218733
-0.5593281816962499 -5.321652170175712
0.5593281816962432 -5.321652170175713
1.6535392195942145 -5.089070434218734
2.6754826590344174 -4.634071900217089
3.580494667884621 -3.9765421874318516
4.329021878628632 -3.1452184994893644
4.888350060324878 -2.1764336706863485
5.2340338874788355 -1.1125282467868787
4.894926459587089 0.0
4.787960572213533 1.0177124366413401
4.471737832650363 1.990945956275364
3.9600786920215496 2.8771655840014994
3.275345109985528 3.6376392695345263
2.447463229793545 4.239130663659042
1.512615462228005 4.655351706175867
0.511659140628814 4.868111540276863
-0.5116591406288135 4.868111540276864
-1.5126154622280044 4.655351706175868
-2.4474632297935437 4.239130663659042
-3.2753451099855266 3.6376392695345277
-3.960078692021549 2.8771655840015002
-4.471737832650364 1.9909459562753635
-4.787960572213533 1.0177124366413401
-4.894926459587089 2.7732396257916966e-15
-4.787960572213533 -1.0177124366413388
-4.471737832650363 -1.9909459562753642
-3.96007869202155 -2.877165584001499
-3.2753451099855293 -3.6376392695345254
-2.447463229793547 -4.23913066365904
-1.5126154622280055 -4.655351706175867
-0.5116591406288178 -4.868111540276863
0.5116591406288117 -4.868111540276864
1.512615462228004 -4.655351706175868
2.447463229793545 -4.239130663659042
3.2753451099855293 -3.6376392695345254
3.960078692021549 -2.8771655840015007
4.471737832650364 -1.990945956275364
4.787960572213533 -1.0177124366413386
5.544715228571448 0.0
5.423549897579357 1.1528111182752685
5.065349410983202 2.2552388588804186
4.485768848883873 3.2591018395157865
3.7101386629812083 4.120526430858578
2.7723576142857245 4.801864244693314
1.7134112345981487 5.2733375491338474
0.5795805620993294 5.5143406983962056
-0.5795805620993286 5.5143406983962056
-1.713411234598148 5.273337549133848
-2.7723576142857227 4.801864244693315
-3.7101386629812065 4.12052643085858
-4.485768848883872 3.259101839515787
-5.0653494109832025 2.255238858880418
-5.423549897579357 1.1528111182752685
-5.544715228571448 3.141379980385265e-15
-5.423549897579357 -1.1528111182752672
-5.065349410983202 -2.255238858880419
-4.485768848883874 -3.259101839515786
-3.7101386629812096 -4.120526430858578
-2.7723576142857267 -4.801864244693313
-1.7134112345981491 -5.2733375491338474
-0.5795805620993336 -5.5143406983962056
0.5795805620993267 -5.5143406983962056
1.7134112345981474 -5.273337549133848
2.7723576142857245 -4.801864244693314
3.7101386629812096 -4.120526430858578
4.485768848883872 -3.259101839515788
5.0653494109832025 -2.2552388588804186
5.423549897579357 -1.1528111182752667
5.0027615646141665 0.0
4.893439221470647 1.0401326156570305
4.570250103022262 2.034806444899804
4.047319124578663 2.9405494684158255
3.3475008791990675 3.71777636984021
2.5013807823070837 4.332518604032253
1.5459383422715791 4.757908985497241
0.5229309784436005 4.975355913315629
-0.5229309784435998 4.97535591331563
-1.5459383422715787 4.757908985497242
-2.501380782307082 4.332518604032254
-3.347500879199066 3.7177763698402115
-4.047319124578662 2.940549468415826
-4.570250103022263 2.0348064448998033
-4.893439221470647 1.0401326156570305
-5.0027615646141665 2.8343340239979827e-15
-4.893439221470647 -1.0401326156570292
-4.570250103022262 -2.0348064448998042
-4.047319124578663 -2.940549468415825
-3.347500879199069 -3.7177763698402093
-2.5013807823070855 -4.332518604032252
-1.5459383422715798 -4.757908985497241
-0.5229309784436044 -4.975355913315629
0.522930978443598 -4.97535591331563
1.545938342271578 -4.757908985497242
2.5013807823070837 -4.332518604032253
3.347500879199069 -3.7177763698402093
4.047319124578662 -2.9405494684158264
4.570250103022263 -2.034806444899804
4.893439221470647 -1.0401326156570287
1.0 0.5 0.4 0.32000000000000006 0.25600000000000006 0.20480000000000007 0.16384000000000007 0.13107200000000005 0.10485760000000005 0.08388608000000004 0.06710886400000003 0.05368709120000003 0.042949672960000025 0.03435973836800002 0.027487790694400018 