0.0 0.0
2.5330600280642566 0.0
2.5278555845667623 0.16229371322242775
2.5122636402489613 0.32392052676533223
2.486348265754516 0.4842162813830229
2.450215952916055 0.642522287436444
2.404015177157388 0.7981880315901904
2.3479357873761435 0.9505738499113369
2.2822082258139234 1.0990535563857464
2.2071025811197043 1.2430170160507181
2.1229274784976453 1.3818726521704239
2.030028811499924 1.515049877151607
1.9287883206759346 1.6420014372103942
1.8196220249184902 1.7622056611554808
1.7029785119529557 1.8751686040469504
1.5793370949940615 1.9804260769219868
1.4492058431450918 2.0775455542468895
1.3131194936329609 2.166127951257268
1.1716372544582432 2.245809263882942
1.0253405064895544 2.3162620645187446
0.8748304144448515 2.3771968474947847
0.7207254565766582 2.428363218717344
0.5636588832122664 2.469550924591917
0.4042761145923048 2.5005907160003296
0.2432320887005275 2.521355043781671
0.08118856998316096 2.531758582859152
-0.08118856998316064 2.531758582859152
-0.2432320887005272 2.521355043781671
-0.4042761145923039 2.50059071600033
-0.5636588832122662 2.469550924591917
-0.720725456576658 2.4283632187173443
-0.8748304144448507 2.3771968474947847
-1.025340506489554 2.3162620645187446
-1.171637254458243 2.245809263882942
-1.3131194936329607 2.166127951257268
-1.449205843145092 2.0775455542468895
-1.5793370949940613 1.9804260769219872
-1.7029785119529561 1.8751686040469504
-1.81962202491849 1.762205661155481
-1.9287883206759338 1.6420014372103953
-2.0300288114999234 1.5150498771516072
-2.1229274784976453 1.3818726521704239
-2.207102581119704 1.2430170160507188
-2.282208225813923 1.0990535563857466
-2.347935787376143 0.9505738499113379
-2.404015177157388 0.7981880315901919
-2.450215952916055 0.642522287436444
-2.486348265754516 0.48421628138302353
-2.512263640248961 0.3239205267653324
-2.5278555845667623 0.16229371322242855
-2.5330600280642566 3.1021038554169964e-16
-2.5278555845667623 -0.16229371322242794
-2.5122636402489613 -0.32392052676533184
-2.486348265754516 -0.4842162813830229
-2.450215952916055 -0.6425222874364435
-2.404015177157388 -0.7981880315901903
-2.3479357873761435 -0.9505738499113373
-2.2822082258139234 -1.099053556385746
-2.2071025811197047 -1.2430170160507172
-2.1229274784976457 -1.3818726521704234
-2.030028811499924 -1.515049877151607
-1.9287883206759349 -1.642001437210394
-1.8196220249184902 -1.7622056611554808
-1.7029785119529564 -1.8751686040469497
-1.5793370949940617 -1.9804260769219866
-1.4492058431450927 -2.077545554246889
-1.313119493632962 -2.166127951257267
-1.1716372544582436 -2.2458092638829417
-1.0253405064895553 -2.316262064518744
-0.8748304144448502 -2.377196847494785
-0.720725456576658 -2.4283632187173443
-0.5636588832122668 -2.469550924591917
-0.40427611459230284 -2.50059071600033
-0.2432320887005267 -2.521355043781671
-0.0811885699831607 -2.531758582859152
0.08118856998315975 -2.531758582859152
0.24323208870052576 -2.521355043781671
0.4042761145923019 -2.5005907160003304
0.5636588832122659 -2.469550924591917
0.7207254565766571 -2.4283632187173447
0.8748304144448515 -2.3771968474947847
1.0253405064895542 -2.3162620645187446
1.1716372544582427 -2.2458092638829426
1.313119493632959 -2.166127951257269
1.4492058431450918 -2.0775455542468895
1.5793370949940608 -1.9804260769219872
1.702978511952955 -1.875168604046951
1.819622024918489 -1.7622056611554822
1.9287883206759326 -1.6420014372103966
2.030028811499922 -1.5150498771516094
2.1229274784976457 -1.381872652170423
2.2071025811197043 -1.2430170160507181
2.282208225813923 -1.0990535563857469
2.347935787376143 -0.9505738499113381
2.4040151771573877 -0.7981880315901922
2.450215952916055 -0.6425222874364445
2.486348265754516 -0.4842162813830238
2.512263640248961 -0.32392052676533384
2.5278555845667623 -0.16229371322243
3.9072012400137845 0.0
3.8991734760201573 0.2503352429565974
3.8751231718434758 0.49964180470314506
3.8351491553423753 0.7468952311013365
3.77941568832506 0.9910795047864077
3.708151791562293 1.2311912202004247
3.6216503036919323 1.4662437068009493
3.5202666778821476 1.6952710835019404
3.404417521198111 1.9173322276863147
3.274578882674202 2.1315146424806533
3.1312842971264185 2.3369382064005815
2.975122592743367 2.532758789958736
2.8067354714649375 2.7181717243738945
2.6268148720913884 2.8924151081275933
2.436100126958393 3.0547729377809016
2.2353749238618863 3.2045780501861274
2.0254640857168145 3.341214864003302
1.807230181182847 3.4641219092559474
1.5815699801847423 3.57279413453164
1.3494107688923622 3.6667849823466034
1.1117065393028995 3.7457082241461928
0.8694340690831373 3.809239547400871
0.6235889077804904 3.8571178882759587
0.3751812858963704 3.889146504398928
0.1252319636323697 3.905193783316013
-0.12523196363236924 3.905193783316013
-0.37518128589636995 3.889146504398928
-0.623588907780489 3.857117888275959
-0.8694340690831368 3.809239547400871
-1.111706539302899 3.745708224146193
-1.349410768892361 3.666784982346604
-1.5815699801847418 3.57279413453164
-1.8072301811828466 3.4641219092559474
-2.025464085716814 3.3412148640033026
-2.2353749238618867 3.204578050186127
-2.4361001269583924 3.054772937780902
-2.626814872091389 2.8924151081275933
-2.806735471464937 2.718171724373895
-2.9751225927433658 2.532758789958738
-3.131284297126418 2.336938206400582
-3.274578882674202 2.1315146424806533
-3.40441752119811 1.9173322276863158
-3.520266677882147 1.695271083501941
-3.621650303691932 1.4662437068009508
-3.7081517915622926 1.231191220200427
-3.77941568832506 0.9910795047864077
-3.8351491553423753 0.7468952311013374
-3.8751231718434753 0.4996418047031453
-3.8991734760201573 0.2503352429565987
-3.9072012400137845 4.784941492207451e-16
-3.8991734760201573 -0.25033524295659776
-3.8751231718434758 -0.4996418047031444
-3.8351491553423753 -0.7468952311013365
-3.77941568832506 -0.9910795047864068
-3.708151791562293 -1.2311912202004245
-3.6216503036919323 -1.46624370680095
-3.5202666778821476 -1.69527108350194
-3.4044175211981114 -1.9173322276863134
-3.274578882674203 -2.1315146424806524
-3.131284297126419 -2.3369382064005815
-2.9751225927433675 -2.5327587899587356
-2.8067354714649375 -2.7181717243738945
-2.6268148720913893 -2.8924151081275924
-2.4361001269583933 -3.054772937780901
-2.2353749238618876 -3.2045780501861265
-2.0254640857168162 -3.3412148640033013
-1.8072301811828475 -3.464121909255947
-1.5815699801847436 -3.5727941345316396
-1.3494107688923602 -3.6667849823466043
-1.111706539302899 -3.745708224146193
-0.8694340690831378 -3.809239547400871
-0.6235889077804874 -3.857117888275959
-0.3751812858963692 -3.889146504398928
-0.12523196363236933 -3.905193783316013
0.12523196363236788 -3.905193783316013
0.37518128589636773 -3.889146504398928
0.6235889077804859 -3.8571178882759596
0.8694340690831364 -3.809239547400871
1.1117065393028978 -3.7457082241461936
1.3494107688923622 -3.6667849823466034
1.581569980184742 -3.57279413453164
1.8072301811828462 -3.464121909255948
2.025464085716812 -3.3412148640033035
2.2353749238618863 -3.2045780501861274
2.436100126958392 -3.054772937780902
2.626814872091387 -2.8924151081275946
2.8067354714649353 -2.7181717243738968
2.975122592743364 -2.5327587899587396
3.131284297126416 -2.3369382064005855
3.274578882674203 -2.131514642480652
3.404417521198111 -1.9173322276863147
3.520266677882147 -1.6952710835019413
3.621650303691932 -1.4662437068009513
3.708151791562292 -1.2311912202004274
3.7794156883250594 -0.9910795047864083
3.8351491553423753 -0.7468952311013378
3.8751231718434753 -0.49964180470314756
3.8991734760201573 -0.2503352429566009
4.751429296070171 0.0
4.741666974992201 0.30442512022201973
4.712420127229612 0.6075992923260638
4.663808934353288 0.9082767086083006
4.596033150181828 1.2052218210701227
4.509371279950251 1.497214418549898
4.404179435872254 1.7830546408323658
4.28088987379873 2.061567909131633
4.14000921698577 2.331609752687348
3.9821163742710217 2.592070511640548
3.807860161213111 2.841879896864035
3.6179566339693334 3.0800113880099813
3.413186146867311 3.305486451702224
3.1943901457616777 3.517378562539802
2.962467710352573 3.714817010388569
2.718371859674298 3.896990478315899
2.4631056359356864 4.063150376465993
2.197717982804512 4.2126139181761655
1.923299435072966 4.3447669256937
1.640977637416271 4.459066353963977
1.3519127106588311 4.5550425221190824
1.0572924845889282 4.632301043497244
0.7583276169113238 4.690524446262216
0.45624661839506475 4.72947347796316
0.15229080465922878 4.748988088674273
-0.15229080465922817 4.748988088674273
-0.45624661839506414 4.72947347796316
-0.758327616911322 4.690524446262217
-1.0572924845889276 4.632301043497244
-1.3519127106588305 4.5550425221190824
-1.6409776374162695 4.459066353963977
-1.9232994350729655 4.3447669256937
-2.1977179828045115 4.2126139181761655
-2.463105635935686 4.063150376465993
-2.7183718596742983 3.8969904783158986
-2.9624677103525725 3.7148170103885696
-3.194390145761678 3.517378562539802
-3.41318614686731 3.305486451702225
-3.617956633969332 3.080011388009983
-3.8078601612131107 2.8418798968640355
-3.9821163742710217 2.592070511640548
-4.140009216985769 2.331609752687349
-4.2808898737987295 2.0615679091316332
-4.404179435872253 1.7830546408323678
-4.509371279950251 1.4972144185499008
-4.596033150181828 1.2052218210701227
-4.663808934353288 0.9082767086083017
-4.712420127229611 0.607599292326064
-4.741666974992201 0.3044251202220213
-4.751429296070171 5.818822678807296e-16
-4.741666974992201 -0.3044251202220201
-4.712420127229612 -0.607599292326063
-4.663808934353288 -0.9082767086083006
-4.596033150181828 -1.2052218210701215
-4.509371279950251 -1.4972144185498977
-4.404179435872254 -1.7830546408323666
-4.28088987379873 -2.0615679091316323
-4.14000921698577 -2.3316097526873465
-3.982116374271023 -2.5920705116405465
-3.807860161213112 -2.841879896864035
-3.6179566339693343 -3.0800113880099804
-3.413186146867311 -3.305486451702224
-3.1943901457616786 -3.5173785625398013
-2.9624677103525734 -3.7148170103885687
-2.7183718596742996 -3.896990478315898
-2.4631056359356887 -4.063150376465991
-2.1977179828045124 -4.2126139181761655
-1.9232994350729675 -4.3447669256937
-1.6409776374162686 -4.459066353963978
-1.3519127106588305 -4.5550425221190824
-1.0572924845889289 -4.632301043497244
-0.75832761691132 -4.690524446262217
-0.4562466183950632 -4.72947347796316
-0.15229080465922828 -4.748988088674273
0.15229080465922654 -4.748988088674273
0.4562466183950614 -4.72947347796316
0.7583276169113183 -4.690524446262217
1.057292484588927 -4.632301043497244
1.351912710658829 -4.555042522119083
1.640977637416271 -4.459066353963977
1.9232994350729657 -4.3447669256937
2.197717982804511 -4.212613918176166
2.4631056359356833 -4.063150376465994
2.718371859674298 -3.896990478315899
2.962467710352572 -3.7148170103885696
3.194390145761676 -3.517378562539804
3.413186146867308 -3.305486451702227
3.61795663396933 -3.0800113880099853
3.807860161213108 -2.8418798968640395
3.982116374271023 -2.592070511640546
4.14000921698577 -2.331609752687348
4.2808898737987295 -2.061567909131634
4.404179435872253 -1.7830546408323682
4.50937127995025 -1.4972144185499012
4.596033150181827 -1.2052218210701233
4.663808934353288 -0.9082767086083022
4.712420127229611 -0.6075992923260668
4.741666974992201 -0.30442512022202395
5.393963772490203 0.0
5.382881295418821 0.34559244547144335
5.349679404480147 0.6897647774550976
5.29449453336583 1.0311027180141081
5.217553448548397 1.368203636333959
5.1191723174491734 1.6996823124333542
4.999755409238533 2.024176629330248
4.85979343360716 2.340353170272699
4.699861524334672 2.646912698034318
4.520616875941557 2.9425954937587213
4.32279604313592 3.226186533414516
4.107211914152195 3.4965204805896684
3.874750370419024 3.7524864751087876
3.626366646282454 3.99303269779586
3.3630814037431036 4.217170692624862
3.0859765383370736 4.423979428497591
2.7961907333951252 4.612609083958012
2.4949147809486236 4.782284539290905
2.183386688509663 4.9323085616550335
1.8628865918326418 5.062064670162453
1.5347314945618569 5.171019669130709
1.2002698563810452 5.2587258390982665
0.8608760519032883 5.324822776599813
0.5179447230709242 5.369038875141409
0.17288504827266837 5.391192441289821
-0.17288504827266768 5.391192441289821
-0.5179447230709235 5.369038875141409
-0.8608760519032863 5.324822776599814
-1.2002698563810446 5.2587258390982665
-1.5347314945618562 5.171019669130709
-1.86288659183264 5.062064670162454
-2.1833866885096627 4.9323085616550335
-2.494914780948623 4.782284539290905
-2.796190733395125 4.612609083958013
-3.085976538337074 4.42397942849759
-3.363081403743103 4.217170692624863
-3.6263666462824546 3.99303269779586
-3.8747503704190236 3.7524864751087885
-4.1072119141521926 3.4965204805896706
-4.322796043135919 3.2261865334145163
-4.520616875941557 2.9425954937587213
-4.699861524334671 2.646912698034319
-4.85979343360716 2.3403531702726994
-4.999755409238532 2.02417662933025
-5.1191723174491734 1.6996823124333575
-5.217553448548397 1.368203636333959
-5.29449453336583 1.0311027180141095
-5.349679404480146 0.6897647774550979
-5.382881295418821 0.3455924454714451
-5.393963772490203 6.605700468696909e-16
-5.382881295418821 -0.34559244547144385
-5.349679404480147 -0.6897647774550967
-5.29449453336583 -1.0311027180141081
-5.217553448548397 -1.3682036363339578
-5.1191723174491734 -1.6996823124333538
-4.999755409238533 -2.024176629330249
-4.85979343360716 -2.340353170272698
-4.699861524334673 -2.646912698034316
-4.520616875941559 -2.94259549375872
-4.322796043135921 -3.226186533414516
-4.107211914152195 -3.4965204805896675
-3.874750370419024 -3.7524864751087876
-3.626366646282455 -3.993032697795859
-3.3630814037431045 -4.217170692624861
-3.0859765383370754 -4.4239794284975895
-2.796190733395128 -4.612609083958011
-2.4949147809486245 -4.782284539290904
-2.1833866885096653 -4.932308561655033
-1.862886591832639 -5.062064670162454
-1.5347314945618562 -5.171019669130709
-1.2002698563810459 -5.2587258390982665
-0.8608760519032841 -5.324822776599814
-0.5179447230709225 -5.369038875141409
-0.17288504827266782 -5.391192441289821
0.17288504827266582 -5.391192441289821
0.5179447230709205 -5.369038875141409
0.8608760519032821 -5.324822776599815
1.2002698563810439 -5.2587258390982665
1.5347314945618544 -5.17101966913071
1.8628865918326418 -5.062064670162453
2.183386688509663 -4.9323085616550335
2.4949147809486227 -4.782284539290905
2.7961907333951217 -4.612609083958014
3.0859765383370736 -4.423979428497591
3.3630814037431023 -4.217170692624863
3.6263666462824524 -3.993032697795862
3.8747503704190214 -3.7524864751087907
4.107211914152191 -3.4965204805896732
4.3227960431359165 -3.226186533414521
4.520616875941559 -2.9425954937587195
4.699861524334672 -2.646912698034318
4.85979343360716 -2.3403531702727
4.999755409238532 -2.0241766293302508
5.119172317449173 -1.699682312433358
5.217553448548396 -1.3682036363339598
5.29449453336583 -1.03110271801411
5.349679404480146 -0.689764777455101
5.382881295418821 -0.3455924454714482
5.900914815946976 0.0
5.888790753586483 0.37807291034517077
5.85246838687785 0.7545922380053484
5.792096972217001 1.1280107843000347
5.70792458869641 1.4967940923244774
5.600297118694879 1.859426752362233
5.469656826572668 2.214418629028745
5.316540541312359 2.560310984557271
5.141577450573428 2.8956824730652677
4.945486515225186 3.219154981169497
4.729073514982352 3.529399290949522
4.49322773728337 3.8251405419892612
4.238918323017562 4.105163470051894
3.967190284117346 4.368317400861281
3.6791602093800453 4.613520978469386
3.376011676165011 4.839766608779812
3.058990386820383 5.04612459996808
2.729399049824927 5.231746982784749
2.388592026679482 5.395870995042944
2.037969766545029 5.5378222159718105
1.678973051496696 5.657017337556108
1.3130770760411745 5.752966561473976
0.9417853852260515 5.825275611783287
0.5666236962507004 5.873647355086082
0.18913362896705474 5.8978830215134215
-0.18913362896705402 5.8978830215134215
-0.5666236962506996 5.873647355086082
-0.9417853852260494 5.825275611783288
-1.3130770760411739 5.752966561473976
-1.6789730514966954 5.657017337556109
-2.037969766545027 5.537822215971811
-2.3885920266794813 5.395870995042944
-2.7293990498249263 5.231746982784749
-3.058990386820382 5.046124599968081
-3.376011676165012 4.8397666087798115
-3.679160209380045 4.613520978469386
-3.967190284117347 4.368317400861281
-4.238918323017561 4.105163470051895
-4.493227737283369 3.825140541989264
-4.729073514982352 3.5293992909495224
-4.945486515225186 3.219154981169497
-5.141577450573426 2.895682473065269
-5.316540541312358 2.560310984557272
-5.469656826572667 2.214418629028747
-5.600297118694879 1.8594267523622368
-5.70792458869641 1.4967940923244774
-5.792096972217001 1.128010784300036
-5.852468386877849 0.7545922380053487
-5.888790753586483 0.37807291034517265
-5.900914815946976 7.226536441390657e-16
-5.888790753586483 -0.37807291034517126
-5.85246838687785 -0.7545922380053474
-5.792096972217001 -1.1280107843000347
-5.70792458869641 -1.496794092324476
-5.600297118694879 -1.8594267523622328
-5.469656826572668 -2.2144186290287458
-5.316540541312359 -2.5603109845572707
-5.141577450573429 -2.8956824730652655
-4.945486515225187 -3.2191549811694955
-4.729073514982353 -3.529399290949522
-4.493227737283371 -3.825140541989261
-4.238918323017562 -4.105163470051894
-3.9671902841173474 -4.36831740086128
-3.679160209380046 -4.613520978469385
-3.3760116761650134 -4.839766608779811
-3.058990386820385 -5.046124599968079
-2.7293990498249276 -5.231746982784748
-2.388592026679484 -5.395870995042944
-2.037969766545026 -5.537822215971811
-1.6789730514966954 -5.657017337556109
-1.3130770760411752 -5.752966561473976
-0.9417853852260469 -5.825275611783288
-0.5666236962506985 -5.873647355086082
-0.18913362896705413 -5.8978830215134215
0.18913362896705196 -5.8978830215134215
0.5666236962506963 -5.873647355086082
0.9417853852260448 -5.8252756117832885
1.3130770760411732 -5.752966561473976
1.6789730514966934 -5.65701733755611
2.037969766545029 -5.5378222159718105
2.388592026679482 -5.395870995042944
2.729399049824926 -5.231746982784749
3.058990386820379 -5.046124599968082
3.376011676165011 -4.839766608779812
3.679160209380044 -4.613520978469386
3.9671902841173443 -4.368317400861283
4.238918323017558 -4.105163470051898
4.493227737283366 -3.8251405419892666
4.729073514982349 -3.5293992909495278
4.945486515225187 -3.2191549811694946
5.141577450573428 -2.8956824730652677
5.316540541312358 -2.5603109845572725
5.469656826572667 -2.2144186290287475
5.600297118694878 -1.8594267523622374
5.707924588696409 -1.4967940923244782
5.792096972217001 -1.1280107843000367
5.852468386877849 -0.7545922380053521
5.888790753586483 -0.37807291034517604
6.5277238045054355 0.0
6.514311895852897 0.41823270012799946
6.4741312823047785 0.8347467923805402
6.407347074620865 1.2478307310105639
6.314233703435698 1.6557870655080125
6.19517379156423 2.056939415788077
6.050656581722615 2.4496393607965476
5.8812759261249345 2.8322732122255103
5.6877278462170775 3.203268645504739
5.470807672575316 3.56110116082062
5.231406776722379 3.904300347612885
4.970508908290654 4.231455926807009
4.689186152583946 4.541223545953435
4.388594525148994 4.832330303460142
4.069969221459632 5.103579979218332
3.7346195412336325 5.353857950127441
3.383923508239325 5.582135770320548
3.0193222077003443 5.7874753972690405
2.6423138645673414 5.9690330464005745
2.2544476869902863 6.126062658390874
1.857317500289873 6.257918964881528
1.4525551975874158 6.364060140026075
1.0418240340059604 6.444050026968635
0.6268117919982172 6.497559930105986
0.20922384588644705 6.5243699657682965
-0.2092238458864462 6.5243699657682965
-0.6268117919982163 6.497559930105986
-1.0418240340059581 6.444050026968635
-1.452555197587415 6.364060140026075
-1.8573175002898723 6.2579189648815285
-2.254447686990284 6.126062658390875
-2.6423138645673405 5.9690330464005745
-3.0193222077003434 5.7874753972690405
-3.3839235082393246 5.582135770320549
-3.7346195412336334 5.35385795012744
-4.0699692214596315 5.103579979218333
-4.388594525148995 4.832330303460142
-4.689186152583945 4.541223545953436
-4.970508908290652 4.231455926807012
-5.231406776722378 3.9043003476128852
-5.470807672575316 3.56110116082062
-5.687727846217076 3.2032686455047408
-5.881275926124934 2.832273212225511
-6.050656581722614 2.4496393607965503
-6.195173791564229 2.056939415788081
-6.314233703435698 1.6557870655080125
-6.407347074620865 1.2478307310105654
-6.4741312823047785 0.8347467923805405
-6.514311895852897 0.41823270012800157
-6.5277238045054355 7.994156062905564e-16
-6.514311895852897 -0.418232700128
-6.4741312823047785 -0.8347467923805391
-6.407347074620865 -1.2478307310105639
-6.314233703435698 -1.6557870655080111
-6.19517379156423 -2.0569394157880767
-6.050656581722615 -2.4496393607965485
-5.8812759261249345 -2.8322732122255094
-5.687727846217078 -3.2032686455047368
-5.470807672575318 -3.5611011608206184
-5.231406776722379 -3.904300347612885
-4.970508908290655 -4.231455926807008
-4.689186152583946 -4.541223545953435
-4.388594525148996 -4.83233030346014
-4.069969221459633 -5.103579979218331
-3.7346195412336347 -5.35385795012744
-3.383923508239328 -5.582135770320546
-3.0193222077003448 -5.78747539726904
-2.6423138645673436 -5.969033046400574
-2.254447686990283 -6.126062658390876
-1.8573175002898723 -6.2579189648815285
-1.4525551975874167 -6.364060140026075
-1.0418240340059555 -6.444050026968635
-0.6268117919982151 -6.497559930105986
-0.20922384588644635 -6.5243699657682965
0.20922384588644397 -6.5243699657682965
0.6268117919982127 -6.497559930105986
1.041824034005953 -6.444050026968636
1.4525551975874142 -6.364060140026075
1.85731750028987 -6.257918964881529
2.2544476869902863 -6.126062658390874
2.642313864567341 -5.9690330464005745
3.0193222077003425 -5.787475397269041
3.3839235082393206 -5.58213577032055
3.7346195412336325 -5.353857950127441
4.0699692214596315 -5.103579979218333
4.388594525148992 -4.832330303460144
4.689186152583942 -4.541223545953439
4.9705089082906495 -4.2314559268070155
5.231406776722374 -3.9043003476128915
5.470807672575318 -3.5611011608206176
5.6877278462170775 -3.203268645504739
5.881275926124934 -2.8322732122255116
6.050656581722614 -2.4496393607965508
6.195173791564229 -2.056939415788082
6.314233703435697 -1.6557870655080136
6.407347074620865 -1.2478307310105663
6.4741312823047785 -0.8347467923805444
6.514311895852897 -0.41823270012800523
6.8744270255465665 0.0
6.860302777942595 0.44044605176812646
6.8179880746937265 0.8790822162341559
6.747656795992085 1.3141060433111351
6.649597948147869 1.7437299267812865
6.5242144760004255 2.1661884499533977
6.372021607131481 2.5797456401386847
6.193644734684485 2.9827021021349376
5.989816847490041 3.373402001405923
5.761375518057575 3.7502398682606723
5.509259460810238 4.111667195072809
5.234504674705984 4.456198799430543
4.938240186095631 4.782418927069774
4.621683409311412 5.088987069512031
4.286135144050352 5.3746434725013605
3.932974230109283 5.638214312604773
3.563651881436369 5.878616520704513
3.179685722781699 6.094862232561392
2.7826535534516728 6.286062848160825
2.374186863793199 6.451432683160914
1.9559641310499114 6.590292197437924
1.5297039221391506 6.702070787462418
1.0971578316918595 6.786309131031553
0.6601032843745265 6.842661074722536
0.22033623106998962 6.870895056311287
-0.22033623106998876 6.870895056311287
-0.6601032843745256 6.842661074722536
-1.097157831691857 6.786309131031554
-1.52970392213915 6.702070787462418
-1.9559641310499107 6.5902921974379245
-2.374186863793197 6.451432683160914
-2.782653553451672 6.286062848160825
-3.1796857227816986 6.094862232561392
-3.563651881436368 5.878616520704514
-3.9329742301092834 5.638214312604772
-4.286135144050351 5.374643472501361
-4.621683409311413 5.088987069512031
-4.93824018609563 4.782418927069775
-5.234504674705982 4.456198799430546
-5.509259460810237 4.111667195072809
-5.761375518057575 3.7502398682606723
-5.989816847490039 3.373402001405925
-6.193644734684484 2.9827021021349385
-6.37202160713148 2.5797456401386873
-6.524214476000425 2.1661884499534017
-6.649597948147869 1.7437299267812865
-6.747656795992085 1.314106043311137
-6.817988074693726 0.8790822162341563
-6.860302777942595 0.4404460517681286
-6.8744270255465665 8.418745052807662e-16
-6.860302777942595 -0.440446051768127
-6.8179880746937265 -0.8790822162341547
-6.747656795992085 -1.3141060433111351
-6.649597948147869 -1.7437299267812851
-6.5242144760004255 -2.166188449953397
-6.372021607131481 -2.5797456401386856
-6.193644734684485 -2.9827021021349367
-5.989816847490041 -3.3734020014059207
-5.7613755180575765 -3.750239868260671
-5.509259460810238 -4.111667195072809
-5.234504674705985 -4.456198799430542
-4.938240186095631 -4.782418927069774
-4.621683409311414 -5.088987069512029
-4.286135144050353 -5.37464347250136
-3.932974230109285 -5.638214312604771
-3.563651881436372 -5.8786165207045125
-3.1796857227817 -6.0948622325613915
-2.782653553451675 -6.286062848160825
-2.374186863793196 -6.451432683160915
-1.9559641310499107 -6.5902921974379245
-1.5297039221391517 -6.702070787462418
-1.0971578316918542 -6.786309131031554
-0.6601032843745243 -6.842661074722536
-0.2203362310699889 -6.870895056311287
0.22033623106998637 -6.870895056311287
0.6601032843745217 -6.842661074722536
1.0971578316918518 -6.786309131031555
1.529703922139149 -6.702070787462418
1.9559641310499083 -6.590292197437925
2.374186863793199 -6.451432683160914
2.7826535534516723 -6.286062848160825
3.1796857227816977 -6.094862232561393
3.563651881436364 -5.878616520704516
3.932974230109283 -5.638214312604773
4.28613514405035 -5.374643472501361
4.6216834093114105 -5.088987069512033
4.938240186095627 -4.782418927069777
5.2345046747059785 -4.456198799430549
5.509259460810233 -4.111667195072815
5.7613755180575765 -3.75023986826067
5.989816847490041 -3.373402001405923
6.193644734684484 -2.982702102134939
6.37202160713148 -2.579745640138688
6.524214476000424 -2.1661884499534025
6.649597948147868 -1.7437299267812878
6.747656795992085 -1.3141060433111378
6.817988074693726 -0.8790822162341603
6.860302777942595 -0.44044605176813256
7.275784098760331 0.0
7.26083522000403 0.46616108773974746
7.216050011884463 0.9304066195787326
7.141612506428189 1.3908289110462748
7.037828583311923 1.8455359881864617
6.90512471293733 2.292659362084963
6.744046203972673 2.7303617068907657
6.555254962562518 3.1568444097822055
6.339526772413414 3.570354961852847
6.097748106932235 3.9691941595464986
5.830912486516803 4.351723087049096
5.540116395967471 4.716369850945332
5.226554778795864 5.061636039465876
4.891516126945703 5.386102879782728
4.536377186103003 5.688437068051108
4.162597298352751 5.9673962482409415
3.771712405429248 6.2218341172442715
3.3653287372020597 6.4507051352806135
2.9451162113329596 6.653068822244174
2.512801571226048 6.828093622338345
2.0701612904687186 6.975060321116842
1.6190142729206505 7.093365000890121
1.161214378447681 7.1825215223527215
0.6986428050139631 7.24216352223394
0.23320035843603312 7.272045918763095
-0.23320035843603223 7.272045918763095
-0.6986428050139623 7.24216352223394
-1.1612143784476783 7.182521522352722
-1.6190142729206498 7.093365000890121
-2.0701612904687177 6.975060321116842
-2.5128015712260456 6.828093622338346
-2.9451162113329588 6.653068822244174
-3.365328737202059 6.4507051352806135
-3.771712405429247 6.221834117244272
-4.162597298352752 5.967396248240941
-4.536377186103003 5.688437068051109
-4.891516126945704 5.386102879782728
-5.2265547787958635 5.061636039465877
-5.540116395967468 4.716369850945336
-5.8309124865168025 4.351723087049097
-6.097748106932235 3.9691941595464986
-6.339526772413413 3.570354961852849
-6.555254962562518 3.156844409782206
-6.7440462039726725 2.7303617068907684
-6.905124712937329 2.2926593620849673
-7.037828583311923 1.8455359881864617
-7.141612506428189 1.3908289110462766
-7.216050011884462 0.930406619578733
-7.26083522000403 0.4661610877397498
-7.275784098760331 8.91026570783405e-16
-7.26083522000403 -0.46616108773974807
-7.216050011884463 -0.9304066195787314
-7.141612506428189 -1.3908289110462748
-7.037828583311923 -1.8455359881864601
-6.90512471293733 -2.2926593620849625
-6.744046203972673 -2.730361706890767
-6.555254962562518 -3.1568444097822046
-6.339526772413415 -3.5703549618528445
-6.097748106932236 -3.969194159546497
-5.830912486516804 -4.351723087049096
-5.540116395967471 -4.716369850945331
-5.226554778795864 -5.061636039465876
-4.891516126945705 -5.386102879782726
-4.536377186103004 -5.688437068051107
-4.162597298352753 -5.96739624824094
-3.771712405429251 -6.22183411724427
-3.3653287372020606 -6.450705135280613
-2.9451162113329623 -6.653068822244173
-2.5128015712260443 -6.828093622338347
-2.0701612904687177 -6.975060321116842
-1.6190142729206516 -7.093365000890121
-1.1612143784476752 -7.182521522352722
-0.6986428050139609 -7.24216352223394
-0.23320035843603237 -7.272045918763095
0.2332003584360297 -7.272045918763095
0.6986428050139581 -7.24216352223394
1.1612143784476725 -7.182521522352722
1.619014272920649 -7.093365000890121
2.0701612904687154 -6.9750603211168425
2.512801571226048 -6.828093622338345
2.945116211332959 -6.653068822244174
3.365328737202058 -6.450705135280614
3.771712405429243 -6.221834117244274
4.162597298352751 -5.9673962482409415
4.536377186103002 -5.688437068051109
4.8915161269457 -5.3861028797827295
5.226554778795861 -5.0616360394658795
5.540116395967464 -4.7163698509453384
5.830912486516799 -4.351723087049103
6.097748106932236 -3.969194159546496
6.339526772413414 -3.570354961852847
6.555254962562518 -3.156844409782207
6.7440462039726725 -2.7303617068907693
6.905124712937329 -2.2926593620849682
7.0378285833119225 -1.845535988186463
7.141612506428189 -1.3908289110462775
7.216050011884462 -0.9304066195787373
7.26083522000403 -0.4661610877397539
6.231046063870199 0.0
6.218243711454383 0.39922449202211896
6.179889261819108 0.7968084849731342
6.116140321624928 1.1911182209445106
6.027258848941208 1.5805333966519688
5.913610076804218 1.963453821609234
5.775661012396257 2.3383059936539827
5.613978518012958 2.7035495648057446
5.429226981704528 3.057683670886157
5.2221655871627375 3.3992530988918075
4.9936451940722915 3.726854266776608
4.7446048417458675 4.0391409910714895
4.476067890410161 4.334830018641035
4.189137815999208 4.6127062998458594
3.884993675735072 4.871627981442219
3.5648852631288097 5.110531098701909
3.230127972310861 5.328433947471548
2.882097392794408 5.524441118205531
2.522223656883012 5.697747175395903
2.151985562950207 5.847639967279636
1.7729044987397817 5.9735035522229785
1.3865381896572138 6.074820729757743
0.9944742977418365 6.151175165868972
0.5983238976229673 6.202253103800712
0.1997148562686933 6.227844653349815
-0.19971485626869254 6.227844653349815
-0.5983238976229666 6.202253103800712
-0.9944742977418343 6.151175165868973
-1.3865381896572129 6.074820729757743
-1.772904498739781 5.973503552222979
-2.151985562950205 5.847639967279637
-2.5222236568830114 5.697747175395903
-2.882097392794407 5.524441118205531
-3.2301279723108602 5.328433947471549
-3.5648852631288106 5.110531098701908
-3.8849936757350716 4.87162798144222
-4.189137815999209 4.6127062998458594
-4.47606789041016 4.334830018641035
-4.744604841745865 4.039140991071492
-4.993645194072291 3.7268542667766087
-5.2221655871627375 3.3992530988918075
-5.4292269817045264 3.0576836708861586
-5.613978518012957 2.7035495648057455
-5.775661012396257 2.338305993653985
-5.9136100768042175 1.9634538216092379
-6.027258848941208 1.5805333966519688
-6.116140321624928 1.1911182209445121
-6.179889261819108 0.7968084849731345
-6.218243711454383 0.39922449202212096
-6.231046063870199 7.630830617458354e-16
-6.218243711454383 -0.39922449202211946
-6.179889261819108 -0.7968084849731331
-6.116140321624928 -1.1911182209445106
-6.027258848941208 -1.5805333966519675
-5.913610076804218 -1.9634538216092337
-5.775661012396257 -2.3383059936539836
-5.613978518012958 -2.703549564805744
-5.429226981704529 -3.0576836708861546
-5.222165587162739 -3.399253098891806
-4.9936451940722915 -3.726854266776608
-4.7446048417458675 -4.039140991071489
-4.476067890410161 -4.334830018641035
-4.18913781599921 -4.612706299845858
-3.884993675735073 -4.871627981442219
-3.564885263128812 -5.110531098701907
-3.230127972310864 -5.328433947471547
-2.8820973927944085 -5.52444111820553
-2.522223656883014 -5.697747175395902
-2.151985562950204 -5.847639967279637
-1.772904498739781 -5.973503552222979
-1.3865381896572144 -6.074820729757743
-0.9944742977418317 -6.151175165868973
-0.5983238976229653 -6.202253103800712
-0.19971485626869265 -6.227844653349815
0.19971485626869037 -6.227844653349815
0.598323897622963 -6.202253103800712
0.9944742977418294 -6.151175165868974
1.3865381896572122 -6.074820729757743
1.772904498739779 -5.973503552222979
2.151985562950207 -5.847639967279636
2.5222236568830114 -5.697747175395903
2.8820973927944067 -5.524441118205532
3.2301279723108567 -5.3284339474715505
3.5648852631288097 -5.110531098701909
3.8849936757350707 -4.87162798144222
4.1891378159992065 -4.612706299845861
4.476067890410158 -4.334830018641038
4.744604841745862 -4.039140991071495
4.993645194072287 -3.726854266776614
5.222165587162739 -3.3992530988918053
5.429226981704528 -3.057683670886157
5.613978518012957 -2.7035495648057464
5.775661012396257 -2.338305993653986
5.913610076804217 -1.9634538216092385
6.027258848941207 -1.58053339665197
6.116140321624928 -1.1911182209445128
6.179889261819108 -0.796808484973138
6.218243711454383 -0.3992244920221245
7.533821824711279 0.0
7.518342779772553 0.4826936216047476
7.471969251672274 0.9634037515808642
7.394891799184493 1.4401550488922785
7.287427150094548 1.910988440195505
7.150016899696642 2.3739691700922334
6.983225696184068 2.827194751454263
6.787738920388659 3.2688027831511945
6.564359869403941 3.6969786030561593
6.314006455665065 4.109962744881743
6.037707435049724 4.5060581682043646
5.736598179499582 4.883637231967386
5.411916011533424 5.241148382807355
5.064995119823531 5.577122530719564
4.697261076728238 5.890179085864017
4.310224980309327 6.179031631705202
3.9054772449059674 6.4424932111735815
3.4846810657810443 6.67948120412679
3.0495655846950847 6.889021776068016
2.6019187844918474 7.07025387984084
2.1435801418933016 7.222432793856699
1.676433068695219 7.344933182315624
1.202397172424104 7.437251664845187
0.7234203682581104 7.499008884998423
0.2414708746257635 7.5299510691108384
-0.24147087462576255 7.5299510691108384
-0.7234203682581094 7.499008884998423
-1.2023971724241014 7.437251664845188
-1.6764330686952182 7.344933182315624
-2.1435801418933007 7.2224327938567
-2.601918784491845 7.070253879840841
-3.0495655846950838 6.889021776068016
-3.4846810657810434 6.67948120412679
-3.9054772449059665 6.442493211173582
-4.310224980309328 6.179031631705201
-4.697261076728237 5.890179085864018
-5.064995119823532 5.577122530719564
-5.411916011533423 5.2411483828073555
-5.7365981794995795 4.8836372319673895
-6.0377074350497235 4.5060581682043646
-6.314006455665065 4.109962744881743
-6.56435986940394 3.696978603056161
-6.787738920388658 3.2688027831511954
-6.983225696184067 2.8271947514542655
-7.150016899696641 2.373969170092238
-7.287427150094548 1.910988440195505
-7.394891799184493 1.4401550488922805
-7.471969251672273 0.9634037515808647
-7.518342779772553 0.48269362160475004
-7.533821824711279 9.22627078297914e-16
-7.518342779772553 -0.48269362160474827
-7.471969251672274 -0.963403751580863
-7.394891799184493 -1.4401550488922785
-7.287427150094548 -1.9109884401955033
-7.150016899696642 -2.373969170092233
-6.983225696184068 -2.827194751454264
-6.787738920388659 -3.2688027831511937
-6.564359869403941 -3.6969786030561567
-6.314006455665067 -4.1099627448817415
-6.037707435049725 -4.5060581682043646
-5.736598179499583 -4.883637231967385
-5.411916011533424 -5.241148382807355
-5.064995119823533 -5.577122530719563
-4.697261076728239 -5.890179085864016
-4.3102249803093295 -6.1790316317052
-3.9054772449059705 -6.44249321117358
-3.484681065781045 -6.679481204126789
-3.0495655846950873 -6.889021776068015
-2.601918784491844 -7.070253879840842
-2.1435801418933007 -7.2224327938567
-1.67643306869522 -7.344933182315624
-1.2023971724240983 -7.437251664845188
-0.723420368258108 -7.499008884998423
-0.2414708746257627 -7.5299510691108384
0.24147087462575995 -7.5299510691108384
0.7234203682581052 -7.499008884998423
1.2023971724240956 -7.4372516648451885
1.6764330686952174 -7.344933182315624
2.143580141893298 -7.222432793856701
2.6019187844918474 -7.07025387984084
3.049565584695084 -6.889021776068016
3.4846810657810425 -6.679481204126791
3.905477244905962 -6.442493211173584
4.310224980309327 -6.179031631705202
4.697261076728236 -5.890179085864018
5.064995119823529 -5.577122530719567
5.411916011533419 -5.241148382807359
5.736598179499576 -4.883637231967393
6.037707435049719 -4.506058168204372
6.314006455665067 -4.1099627448817415
6.564359869403941 -3.6969786030561593
6.787738920388658 -3.268802783151196
6.983225696184067 -2.8271947514542664
7.150016899696641 -2.3739691700922387
7.287427150094547 -1.9109884401955062
7.394891799184493 -1.4401550488922812
7.471969251672273 -0.9634037515808691
7.518342779772553 -0.4826936216047543
7.931489905883272 0.0
7.915193809222011 0.5081723030447453
7.866372483394908 1.0142564170936625
7.785226545701929 1.5161727339674227
7.672089442206804 2.011858771859279
7.527426077535627 2.4992776505152126
7.351830904484026 2.9764264612118043
7.146025481283117 3.4413444971378033
6.910855506561957 3.892121310358983
6.647287344190475 4.326904562258496
6.356404052283052 4.743907635193569
6.0394009326804055 5.141416974090634
5.697580619197935 5.517799127810681
5.332347724823972 5.871507461350352
4.945203069863707 6.201088511296933
4.53773751474664 6.50518795842128
4.111625422839835 6.782556192866034
3.6686177801296918 7.0320534490605615
3.2105350000449513 7.252654489262163
2.73925944298743 7.443452816477877
2.256727681309362 7.603664399455062
1.7649225415222263 7.732630894433988
1.2658649564372797 7.829822350423558
0.7616056607191468 7.8948393868836115
0.25421676397721893 7.927414834865222
-0.254216763977218 7.927414834865222
-0.7616056607191458 7.8948393868836115
-1.2658649564372768 7.829822350423559
-1.7649225415222254 7.732630894433988
-2.2567276813093615 7.603664399455063
-2.7392594429874273 7.443452816477878
-3.2105350000449504 7.252654489262163
-3.668617780129691 7.0320534490605615
-4.111625422839834 6.782556192866035
-4.537737514746641 6.5051879584212795
-4.945203069863706 6.201088511296934
-5.332347724823973 5.871507461350352
-5.697580619197934 5.517799127810682
-6.039400932680403 5.141416974090638
-6.356404052283051 4.74390763519357
-6.647287344190475 4.326904562258496
-6.910855506561955 3.892121310358985
-7.146025481283116 3.441344497137804
-7.351830904484025 2.9764264612118074
-7.527426077535626 2.4992776505152174
-7.672089442206804 2.011858771859279
-7.785226545701929 1.5161727339674247
-7.866372483394907 1.014256417093663
-7.915193809222011 0.5081723030447477
-7.931489905883272 9.713273725709492e-16
-7.915193809222011 -0.5081723030447459
-7.866372483394908 -1.0142564170936612
-7.785226545701929 -1.5161727339674227
-7.672089442206804 -2.011858771859277
-7.527426077535627 -2.499277650515212
-7.351830904484026 -2.9764264612118057
-7.146025481283117 -3.4413444971378024
-6.9108555065619575 -3.8921213103589802
-6.6472873441904765 -4.326904562258494
-6.356404052283053 -4.743907635193569
-6.039400932680406 -5.1414169740906335
-5.697580619197935 -5.517799127810681
-5.332347724823974 -5.87150746135035
-4.945203069863708 -6.201088511296932
-4.5377375147466426 -6.505187958421279
-4.111625422839839 -6.782556192866032
-3.6686177801296926 -7.032053449060561
-3.210535000044954 -7.252654489262162
-2.739259442987426 -7.443452816477879
-2.2567276813093615 -7.603664399455063
-1.7649225415222274 -7.732630894433988
-1.2658649564372735 -7.829822350423559
-0.7616056607191443 -7.8948393868836115
-0.25421676397721815 -7.927414834865222
0.2542167639772152 -7.927414834865222
0.7616056607191414 -7.8948393868836115
1.2658649564372706 -7.82982235042356
1.7649225415222245 -7.732630894433988
2.256727681309359 -7.603664399455064
2.73925944298743 -7.443452816477877
3.210535000044951 -7.252654489262163
3.66861778012969 -7.032053449060562
4.11162542283983 -6.7825561928660365
4.53773751474664 -6.50518795842128
4.945203069863705 -6.201088511296934
5.332347724823969 -5.871507461350354
5.697580619197931 -5.517799127810686
6.039400932680399 -5.1414169740906415
6.356404052283047 -4.743907635193577
6.6472873441904765 -4.326904562258493
6.910855506561957 -3.892121310358983
7.146025481283116 -3.441344497137805
7.351830904484025 -2.9764264612118083
7.527426077535625 -2.4992776505152183
7.672089442206803 -2.01185877185928
7.785226545701929 -1.5161727339674256
7.866372483394907 -1.0142564170936674
7.915193809222011 -0.5081723030447522
3.285960410236973 0.0
3.2792090521559922 0.2105322063317965
3.2589827206915674 0.42019929066875905
3.2253645301782186 0.6281396859878985
3.1784926249718457 0.8334989206017734
3.1185596117849337 1.035433129365938
3.0458117682242585 1.2331125213018284
2.9605480307833743 1.425724789385883
2.8631187664484403 1.6124784484933428
2.75392433296512 1.792606087780401
2.6334134336827293 1.9653675241399697
2.5020812737359264 2.1300528437728348
2.3604675251405918 2.285985319375736
2.2091541091657585 2.4325241909590085
2.0487628050942934 2.569067298866828
1.8799526951984515 2.6950535581803963
1.7034174564294513 2.809965264336226
1.519882509950083 2.913330220485239
1.3301020402235544 3.004723677850906
1.1348558959077553 3.0837700811130753
0.9349463852898433 3.1501446116453433
0.7311949794294054 3.2035745222644607
0.5244389365576617 3.243840258007013
0.31552786160380186 3.2707763583278617
0.10532021498609873 3.284272137013012
-0.10532021498609831 3.284272137013012
-0.3155278616038015 3.2707763583278617
-0.5244389365576605 3.2438402580070136
-0.731194979429405 3.2035745222644607
-0.9349463852898429 3.1501446116453438
-1.1348558959077542 3.0837700811130757
-1.3301020402235542 3.004723677850906
-1.5198825099500826 2.913330220485239
-1.7034174564294509 2.809965264336226
-1.8799526951984518 2.695053558180396
-2.048762805094293 2.569067298866828
-2.209154109165759 2.4325241909590085
-2.3604675251405918 2.2859853193757362
-2.5020812737359255 2.130052843772836
-2.633413433682729 1.96536752413997
-2.75392433296512 1.792606087780401
-2.86311876644844 1.6124784484933437
-2.9605480307833743 1.4257247893858835
-3.045811768224258 1.2331125213018295
-3.1185596117849332 1.03543312936594
-3.1784926249718457 0.8334989206017734
-3.2253645301782186 0.6281396859878994
-3.258982720691567 0.4201992906687592
-3.2792090521559922 0.21053220633179756
-3.285960410236973 4.0241408985216324e-16
-3.2792090521559922 -0.21053220633179678
-3.2589827206915674 -0.4201992906687585
-3.2253645301782186 -0.6281396859878985
-3.1784926249718457 -0.8334989206017728
-3.1185596117849337 -1.0354331293659378
-3.0458117682242585 -1.2331125213018288
-2.9605480307833743 -1.4257247893858827
-2.8631187664484408 -1.6124784484933417
-2.7539243329651204 -1.7926060877804004
-2.6334134336827293 -1.9653675241399697
-2.502081273735927 -2.1300528437728343
-2.3604675251405918 -2.285985319375736
-2.2091541091657594 -2.4325241909590076
-2.048762805094294 -2.5690672988668277
-1.8799526951984527 -2.6950535581803954
-1.7034174564294529 -2.809965264336225
-1.5198825099500832 -2.9133302204852387
-1.3301020402235555 -3.0047236778509054
-1.1348558959077535 -3.083770081113076
-0.9349463852898429 -3.1501446116453438
-0.7311949794294059 -3.2035745222644607
-0.5244389365576592 -3.2438402580070136
-0.3155278616038008 -3.2707763583278617
-0.10532021498609838 -3.284272137013012
0.10532021498609717 -3.284272137013012
0.3155278616037996 -3.2707763583278617
0.5244389365576579 -3.2438402580070136
0.7311949794294047 -3.2035745222644607
0.9349463852898419 -3.150144611645344
1.1348558959077553 -3.0837700811130753
1.3301020402235544 -3.004723677850906
1.5198825099500821 -2.9133302204852396
1.703417456429449 -2.8099652643362267
1.8799526951984515 -2.6950535581803963
2.0487628050942925 -2.569067298866828
2.2091541091657576 -2.4325241909590094
2.36046752514059 -2.2859853193757376
2.5020812737359237 -2.130052843772838
2.633413433682727 -1.9653675241399728
2.7539243329651204 -1.7926060877804002
2.8631187664484403 -1.6124784484933428
2.9605480307833743 -1.4257247893858838
3.045811768224258 -1.23311252130183
3.118559611784933 -1.0354331293659405
3.1784926249718457 -0.833498920601774
3.2253645301782186 -0.6281396859878997
3.258982720691567 -0.42019929066876116
3.2792090521559922 -0.21053220633179942
7.729513567955967 0.0
7.71363245334287 0.4952316346428439
7.666054368410017 0.988428256272088
7.58697482171386 1.477563214179114
7.476718768074287 1.9606265479027623
7.335739273265548 2.4356332465880026
7.164615652271824 2.90063140582132
6.964051088757675 3.3537102484246324
6.734869745535549 3.793007976248575
6.478013377903985 4.216719420700454
6.194537463773103 4.623103460569195
5.88560686647946 5.010490176665874
5.552491048112736 5.377287713879861
5.196558853023723 5.721988822452919
4.819272882949258 6.043177051591764
4.422183486867962 6.339532569968206
4.006922390283744 6.609837589189176
3.5751959901156907 6.852981367950453
3.1287783427471183 7.0679647763109275
2.66950387404735 7.253904401331849
2.199259841322332 7.410036177210085
1.719978578169566 7.535718524988389
1.2336295541048552 7.63043498894096
0.7422112815896145 7.693796358800802
0.24774310371450303 7.725542269108188
-0.24774310371450206 7.725542269108188
-0.7422112815896135 7.693796358800802
-1.2336295541048525 7.630434988940961
-1.7199785781695651 7.535718524988389
-2.199259841322331 7.410036177210086
-2.669503874047347 7.25390440133185
-3.1287783427471174 7.0679647763109275
-3.57519599011569 6.852981367950453
-4.006922390283743 6.609837589189177
-4.422183486867963 6.339532569968205
-4.8192728829492575 6.043177051591765
-5.196558853023724 5.721988822452919
-5.552491048112735 5.377287713879862
-5.885606866479457 5.010490176665877
-6.194537463773102 4.623103460569196
-6.478013377903985 4.216719420700454
-6.734869745535547 3.7930079762485773
-6.9640510887576745 3.3537102484246333
-7.164615652271823 2.900631405821323
-7.335739273265547 2.4356332465880075
-7.476718768074287 1.9606265479027623
-7.58697482171386 1.477563214179116
-7.666054368410016 0.9884282562720884
-7.71363245334287 0.49523163464284636
-7.729513567955967 9.465924049963312e-16
-7.71363245334287 -0.49523163464284453
-7.666054368410017 -0.9884282562720866
-7.58697482171386 -1.477563214179114
-7.476718768074287 -1.9606265479027605
-7.335739273265548 -2.435633246588002
-7.164615652271824 -2.900631405821321
-6.964051088757675 -3.3537102484246315
-6.7348697455355495 -3.7930079762485724
-6.478013377903987 -4.216719420700453
-6.194537463773104 -4.623103460569195
-5.885606866479461 -5.010490176665873
-5.552491048112736 -5.377287713879861
-5.196558853023725 -5.721988822452917
-4.819272882949259 -6.043177051591763
-4.422183486867965 -6.339532569968204
-4.006922390283748 -6.6098375891891745
-3.5751959901156916 -6.852981367950452
-3.128778342747121 -7.067964776310927
-2.669503874047346 -7.253904401331851
-2.199259841322331 -7.410036177210086
-1.7199785781695671 -7.535718524988389
-1.2336295541048492 -7.630434988940961
-0.7422112815896119 -7.693796358800802
-0.24774310371450223 -7.725542269108188
0.2477431037144994 -7.725542269108188
0.742211281589609 -7.693796358800802
1.2336295541048465 -7.630434988940962
1.7199785781695645 -7.535718524988389
2.1992598413223288 -7.4100361772100864
2.66950387404735 -7.253904401331849
3.128778342747118 -7.0679647763109275
3.575195990115689 -6.852981367950454
4.006922390283739 -6.609837589189179
4.422183486867962 -6.339532569968206
4.819272882949257 -6.043177051591765
5.196558853023721 -5.721988822452921
5.552491048112732 -5.377287713879865
5.885606866479454 -5.01049017666588
6.194537463773098 -4.623103460569203
6.478013377903987 -4.216719420700452
6.734869745535549 -3.793007976248575
6.9640510887576745 -3.353710248424634
7.164615652271823 -2.900631405821324
7.335739273265546 -2.4356332465880084
7.476718768074286 -1.9606265479027636
7.58697482171386 -1.4775632141791168
7.666054368410016 -0.9884282562720929
7.71363245334287 -0.4952316346428508
7.083166294115811 0.0
7.068613169297348 0.4538200226239711
7.025013596753472 0.9057752014308907
6.952546736479844 1.3540083556469595
6.851510370349423 1.7966775990957933
6.7223196784628705 2.2319639089038064
6.565505533084465 2.6580786002553762
6.381712317174096 3.0732706764824256
6.1716952764794595 3.4758340242853154
5.936317416069282 3.864114424518357
5.676545954060384 4.236516349731108
5.393448347110965 4.591509520532906
5.088187904012223 4.927635193839132
4.762019005403012 5.243512157159437
4.4162819492507275 5.537842404296145
4.052397443279464 5.809416469130129
3.67186076697724 6.057118395576532
3.27623562717184 6.279930323287692
2.867147732424055 6.476936670259631
2.44627811264248 6.6473278951549135
2.0153562113710457 6.790403823881644
1.5761527791345369 6.905576526758993
1.1304725970448555 6.992372734446367
0.6801470605683017 7.0504357827086555
0.22702665392878735 7.079527078026061
-0.22702665392878646 7.079527078026061
-0.6801470605683008 7.0504357827086555
-1.1304725970448528 6.992372734446368
-1.5761527791345362 6.905576526758993
-2.015356211371045 6.790403823881645
-2.446278112642478 6.647327895154914
-2.867147732424054 6.476936670259631
-3.276235627171839 6.279930323287692
-3.671860766977239 6.057118395576533
-4.052397443279465 5.809416469130128
-4.416281949250727 5.537842404296146
-4.762019005403013 5.243512157159437
-5.088187904012222 4.927635193839133
-5.393448347110962 4.5915095205329095
-5.6765459540603835 4.236516349731109
-5.936317416069282 3.864114424518357
-6.171695276479458 3.475834024285317
-6.381712317174095 3.0732706764824265
-6.5655055330844645 2.658078600255379
-6.72231967846287 2.2319639089038104
-6.851510370349423 1.7966775990957933
-6.952546736479844 1.3540083556469613
-7.025013596753471 0.9057752014308911
-7.068613169297348 0.4538200226239733
-7.083166294115811 8.674376929917347e-16
-7.068613169297348 -0.45382002262397164
-7.025013596753472 -0.9057752014308895
-6.952546736479844 -1.3540083556469595
-6.851510370349423 -1.7966775990957917
-6.7223196784628705 -2.231963908903806
-6.565505533084465 -2.6580786002553776
-6.381712317174096 -3.0732706764824247
-6.1716952764794595 -3.4758340242853127
-5.936317416069284 -3.864114424518356
-5.676545954060385 -4.236516349731108
-5.393448347110966 -4.591509520532905
-5.088187904012223 -4.927635193839132
-4.762019005403014 -5.2435121571594365
-4.416281949250728 -5.5378424042961445
-4.052397443279466 -5.809416469130128
-3.671860766977243 -6.057118395576531
-3.276235627171841 -6.279930323287691
-2.867147732424057 -6.47693667025963
-2.4462781126424766 -6.647327895154915
-2.015356211371045 -6.790403823881645
-1.576152779134538 -6.905576526758993
-1.13047259704485 -6.992372734446368
-0.6801470605682993 -7.0504357827086555
-0.2270266539287866 -7.079527078026061
0.22702665392878402 -7.079527078026061
0.6801470605682967 -7.0504357827086555
1.1304725970448473 -6.992372734446369
1.5761527791345353 -6.905576526758993
2.015356211371042 -6.790403823881646
2.44627811264248 -6.6473278951549135
2.8671477324240544 -6.476936670259631
3.2762356271718387 -6.279930323287693
3.671860766977235 -6.057118395576535
4.052397443279464 -5.809416469130129
4.416281949250726 -5.537842404296146
4.762019005403009 -5.24351215715944
5.088187904012218 -4.927635193839135
5.39344834711096 -4.591509520532912
5.676545954060379 -4.236516349731115
5.936317416069284 -3.864114424518355
6.1716952764794595 -3.4758340242853154
6.381712317174095 -3.073270676482427
6.5655055330844645 -2.65807860025538
6.722319678462869 -2.2319639089038112
6.8515103703494225 -1.7966775990957944
6.952546736479844 -1.354008355646962
7.025013596753471 -0.9057752014308953
7.068613169297348 -0.45382002262397736
1.0 0.5 0.4 0.32000000000000006 0.25600000000000006 0.20480000000000007 0.16384000000000007 0.13107200000000005 0.10485760000000005 0.08388608000000004 0.06710886400000003 0.05368709120000003 0.042949672960000025 0.03435973836800002 0.027487790694400018 