0.0 0.0
2.4823358475216284 0.0
2.4767924902760146 0.165801749095898
2.460187176518303 0.3308629873313467
2.4325940696107358 0.4944465111471614
2.3941364070670916 0.6558217168154759
2.34498595014403 0.8142678634933483
2.285362216713624 0.9690772922263281
2.2155315008432552 1.1195585865251327
2.1358056834616654 1.2650396603995342
2.046540839423017 1.404870760057541
1.9481356471901579 1.5384273658635645
1.841029608239823 1.665112981594716
1.7257010841423515 1.7843617985377387
1.602665160082788 1.8956412225280748
1.4724713443654074 1.9984542526446911
1.335701114176233 2.0923417009368452
1.1929653185647686 2.176884243268939
1.0449014502438563 2.251704292123903
0.8921707983924683 2.3164676830007074
0.7354554951777035 2.3708851668741446
0.5754554691869364 2.4147137020511904
0.4128853193768393 2.447757539654205
0.24847112350096995 2.4698690978829396
0.08294719527026176 2.480949621150683
-0.08294719527026145 2.480949621150683
-0.2484711235009697 2.4698690978829396
-0.41288531937683953 2.447757539654205
-0.5754554691869356 2.4147137020511904
-0.7354554951777026 2.3708851668741446
-0.8921707983924685 2.3164676830007074
-1.044901450243856 2.251704292123903
-1.1929653185647682 2.1768842432689395
-1.3357011141762327 2.0923417009368457
-1.4724713443654072 1.9984542526446913
-1.602665160082788 1.8956412225280748
-1.7257010841423515 1.7843617985377387
-1.841029608239823 1.665112981594716
-1.9481356471901579 1.5384273658635645
-2.0465408394230167 1.4048707600575416
-2.135805683461665 1.2650396603995349
-2.2155315008432552 1.1195585865251336
-2.2853622167136236 0.9690772922263288
-2.34498595014403 0.814267863493348
-2.394136407067091 0.6558217168154764
-2.4325940696107358 0.49444651114716187
-2.4601871765183025 0.3308629873313472
-2.4767924902760146 0.1658017490958984
-2.4823358475216284 -7.983801001007561e-16
-2.4767924902760146 -0.1658017490958978
-2.460187176518303 -0.3308629873313455
-2.4325940696107358 -0.4944465111471613
-2.3941364070670916 -0.6558217168154759
-2.34498595014403 -0.8142678634933483
-2.285362216713624 -0.9690772922263282
-2.215531500843256 -1.119558586525132
-2.1358056834616654 -1.2650396603995344
-2.046540839423018 -1.40487076005754
-1.9481356471901583 -1.5384273658635639
-1.8410296082398228 -1.6651129815947163
-1.7257010841423517 -1.7843617985377385
-1.6026651600827881 -1.895641222528074
-1.4724713443654065 -1.9984542526446918
-1.3357011141762332 -2.0923417009368452
-1.1929653185647677 -2.1768842432689395
-1.0449014502438565 -2.251704292123903
-0.8921707983924696 -2.3164676830007074
-0.7354554951777031 -2.3708851668741446
-0.5754554691869372 -2.41471370205119
-0.4128853193768396 -2.447757539654205
-0.24847112350097084 -2.4698690978829396
-0.08294719527026152 -2.480949621150683
0.0829471952702606 -2.480949621150683
0.24847112350096992 -2.4698690978829396
0.4128853193768387 -2.447757539654205
0.5754554691869364 -2.4147137020511904
0.7354554951777024 -2.370885166874145
0.8921707983924667 -2.3164676830007083
1.0449014502438556 -2.251704292123903
1.192965318564767 -2.17688424326894
1.3357011141762325 -2.0923417009368457
1.472471344365406 -1.9984542526446922
1.6026651600827877 -1.8956412225280748
1.7257010841423503 -1.7843617985377398
1.8410296082398228 -1.665112981594716
1.9481356471901585 -1.5384273658635639
2.046540839423017 -1.404870760057541
2.135805683461665 -1.2650396603995353
2.2155315008432543 -1.1195585865251347
2.2853622167136236 -0.969077292226329
2.34498595014403 -0.8142678634933482
2.394136407067091 -0.6558217168154767
2.4325940696107358 -0.49444651114716115
2.4601871765183025 -0.3308629873313475
2.4767924902760146 -0.16580174909589981
3.7064639599524565 0.0
3.6981869760509745 0.2475644897665973
3.6733929913659003 0.4940232964247026
3.632192741851669 0.7382756751149954
3.5747702378241235 0.9792307354210773
3.5013819421257764 1.215812313550891
3.4123556247004965 1.4469637787454561
3.308088898693372 1.6716527524483422
3.1890474446138835 1.8888757191589138
3.055762930493703 2.0976625083761644
2.9088306373281996 2.2970806276156845
2.7489068004070063 2.486239427147466
2.5767056784079165 2.6642940778538025
2.3929963633442357 2.830449344441216
2.1985993456131534 2.983963137154321
1.9943828494864506 3.1241498261288223
1.7812589554101381 3.250383303580922
1.560179526431773 3.3620997801566763
1.3321319569490206 3.458800302952111
1.0981347627665818 3.5400529839580126
0.8592330321573569 3.60549492897662
0.6164937582445241 3.654833858395206
0.37100107355123585 3.6878494125777794
0.12385140800158605 3.704394136044715
-0.12385140800158559 3.704394136044715
-0.3710010735512354 3.6878494125777794
-0.6164937582445243 3.654833858395206
-0.8592330321573557 3.60549492897662
-1.0981347627665807 3.5400529839580126
-1.332131956949021 3.458800302952111
-1.5601795264317726 3.3620997801566768
-1.7812589554101377 3.2503833035809224
-1.9943828494864502 3.1241498261288227
-2.198599345613153 2.9839631371543214
-2.3929963633442357 2.830449344441216
-2.5767056784079165 2.6642940778538025
-2.7489068004070063 2.486239427147466
-2.9088306373281996 2.2970806276156845
-3.055762930493702 2.0976625083761653
-3.1890474446138826 1.8888757191589152
-3.3080888986933714 1.6716527524483433
-3.412355624700496 1.4469637787454572
-3.501381942125777 1.2158123135508903
-3.574770237824123 0.9792307354210781
-3.6321927418516684 0.738275675114996
-3.6733929913659 0.49402329642470333
-3.6981869760509745 0.24756448976659787
-3.7064639599524565 -1.1920897288419406e-15
-3.6981869760509745 -0.24756448976659695
-3.6733929913659003 -0.4940232964247008
-3.632192741851669 -0.7382756751149953
-3.5747702378241235 -0.9792307354210773
-3.5013819421257764 -1.215812313550891
-3.4123556247004965 -1.4469637787454563
-3.3080888986933727 -1.671652752448341
-3.1890474446138835 -1.8888757191589143
-3.055762930493704 -2.097662508376163
-2.9088306373282 -2.2970806276156837
-2.748906800407006 -2.4862394271474666
-2.576705678407917 -2.664294077853802
-2.392996363344236 -2.8304493444412153
-2.1985993456131525 -2.983963137154322
-1.994382849486451 -3.1241498261288223
-1.781258955410137 -3.2503833035809224
-1.5601795264317735 -3.3620997801566763
-1.3321319569490226 -3.4588003029521106
-1.0981347627665814 -3.5400529839580126
-0.8592330321573581 -3.6054949289766194
-0.6164937582445245 -3.654833858395206
-0.3710010735512371 -3.6878494125777794
-0.12385140800158569 -3.704394136044715
0.12385140800158433 -3.704394136044715
0.3710010735512358 -3.6878494125777794
0.6164937582445231 -3.654833858395206
0.8592330321573568 -3.60549492897662
1.0981347627665803 -3.540052983958013
1.3321319569490184 -3.4588003029521124
1.5601795264317722 -3.3620997801566768
1.781258955410136 -3.2503833035809233
1.9943828494864497 -3.1241498261288227
2.1985993456131516 -2.9839631371543227
2.3929963633442353 -2.830449344441216
2.5767056784079148 -2.6642940778538042
2.748906800407006 -2.486239427147466
2.9088306373282005 -2.2970806276156837
3.055762930493703 -2.0976625083761644
3.1890474446138826 -1.8888757191589156
3.30808889869337 -1.671652752448345
3.412355624700496 -1.4469637787454577
3.5013819421257764 -1.2158123135508907
3.574770237824123 -0.9792307354210785
3.632192741851669 -0.7382756751149949
3.6733929913659 -0.4940232964247038
3.6981869760509745 -0.24756448976659998
4.543997210214919 0.0
4.533849912908456 0.3035055414007392
4.503453341282131 0.6056555533764915
4.452943253803706 0.9051005606257416
4.3825452407853716 1.200503169054733
4.292573716842645 1.4905440389041473
4.183430516642374 1.773927777240745
4.055603100211568 2.049388723496665
3.909662375822584 2.315696602216766
3.746260150178194 2.5716620177674643
3.5661262172846193 2.816141766466359
3.3700650990143397 3.048043942407399
3.1589524519161114 3.266332814177722
2.9337311563202504 3.4700334506855723
2.6954071052061885 3.6582360754392225
2.4450447116402447 3.830100129829642
2.1837621548484805 3.984858027269289
1.912726386156834 4.121818581420146
1.6331479171032155 4.2403700931996955
1.3462754129991263 4.339983082777513
1.0533901160872525 4.420212654360721
0.7558001232025906 4.480700483206607
0.4548345434944362 4.521176415987898
0.15183756230226925 4.541459677363114
-0.1518375623022687 4.541459677363114
-0.4548345434944357 4.521176415987898
-0.7558001232025909 4.480700483206607
-1.053390116087251 4.420212654360721
-1.3462754129991248 4.339983082777513
-1.6331479171032162 4.2403700931996955
-1.9127263861568335 4.121818581420147
-2.18376215484848 3.9848580272692895
-2.4450447116402443 3.830100129829643
-2.695407105206188 3.658236075439223
-2.9337311563202504 3.4700334506855723
-3.1589524519161114 3.266332814177722
-3.3700650990143397 3.048043942407399
-3.5661262172846193 2.816141766466359
-3.746260150178193 2.571662017767465
-3.9096623758225832 2.315696602216768
-4.055603100211568 2.049388723496666
-4.183430516642374 1.7739277772407462
-4.292573716842646 1.4905440389041467
-4.3825452407853716 1.200503169054734
-4.4529432538037055 0.9051005606257425
-4.50345334128213 0.6056555533764924
-4.533849912908456 0.3035055414007399
-4.543997210214919 -1.4614609667628122e-15
-4.533849912908456 -0.30350554140073877
-4.503453341282131 -0.6056555533764891
-4.452943253803706 -0.9051005606257415
-4.3825452407853716 -1.200503169054733
-4.292573716842645 -1.4905440389041473
-4.183430516642374 -1.7739277772407451
-4.0556031002115684 -2.0493887234966635
-3.909662375822584 -2.3156966022167667
-3.7462601501781947 -2.571662017767463
-3.5661262172846198 -2.8161417664663575
-3.3700650990143393 -3.0480439424073995
-3.1589524519161123 -3.266332814177721
-2.933731156320251 -3.470033450685571
-2.695407105206187 -3.6582360754392234
-2.445044711640245 -3.830100129829642
-2.183762154848479 -3.9848580272692895
-1.9127263861568347 -4.121818581420146
-1.6331479171032182 -4.2403700931996955
-1.346275412999126 -4.339983082777513
-1.053390116087254 -4.420212654360721
-0.755800123202591 -4.480700483206607
-0.45483454349443775 -4.521176415987898
-0.1518375623022688 -4.541459677363114
0.15183756230226714 -4.541459677363114
0.45483454349443614 -4.521176415987898
0.7558001232025895 -4.480700483206607
1.0533901160872523 -4.420212654360721
1.3462754129991243 -4.339983082777513
1.6331479171032128 -4.240370093199697
1.912726386156833 -4.121818581420147
2.183762154848478 -3.9848580272692904
2.4450447116402434 -3.830100129829643
2.695407105206186 -3.6582360754392247
2.93373115632025 -3.4700334506855723
3.1589524519161096 -3.2663328141777237
3.3700650990143393 -3.048043942407399
3.56612621728462 -2.8161417664663575
3.746260150178194 -2.5716620177674643
3.9096623758225832 -2.3156966022167684
4.055603100211566 -2.0493887234966683
4.183430516642374 -1.7739277772407467
4.292573716842645 -1.490544038904147
4.3825452407853716 -1.2005031690547345
4.452943253803706 -0.9051005606257412
4.50345334128213 -0.6056555533764928
4.533849912908456 -0.3035055414007425
5.172463256325068 0.0
5.160912518056414 0.3454824438398191
5.126311891651543 0.6894218792183101
5.06881591190741 1.0302821891245046
4.988681369826913 1.366541008669262
4.88626616572794 1.6966965243364251
4.7620277107736655 2.0192741814465536
4.61652088406326 2.332833269876075
4.450395554407132 2.6359733586184375
4.264393677855062 2.927340550448941
4.059345983940375 3.2056335287584075
3.836168265440178 3.46960936954906
3.59585728822251 3.7180890926348154
3.339486339448001 3.9499629272530044
3.0682004340088738 4.16419526856999
2.7832112006144745 4.359829302943759
2.4857914703633313 4.535991281285915
2.1772695919704845 4.691894421437209
1.859023499039662 4.8268424221276645
1.5324745558773085 4.940232572827071
1.1990812093345466 5.031558445596526
0.8603324750295033 5.1004121569185505
0.5177412870420941 5.146486189403885
0.17283774078314407 5.169574765238811
-0.17283774078314343 5.169574765238811
-0.5177412870420935 5.146486189403885
-0.8603324750295037 5.1004121569185505
-1.1990812093345449 5.031558445596526
-1.5324745558773067 4.940232572827071
-1.8590234990396624 4.8268424221276645
-2.177269591970484 4.69189442143721
-2.485791470363331 4.5359912812859156
-2.7832112006144736 4.359829302943759
-3.0682004340088733 4.16419526856999
-3.339486339448001 3.9499629272530044
-3.59585728822251 3.7180890926348154
-3.836168265440178 3.46960936954906
-4.059345983940375 3.2056335287584075
-4.264393677855061 2.927340550448942
-4.450395554407131 2.6359733586184393
-4.6165208840632594 2.332833269876077
-4.7620277107736655 2.019274181446555
-4.886266165727941 1.6966965243364243
-4.988681369826913 1.366541008669263
-5.06881591190741 1.0302821891245055
-5.126311891651543 0.6894218792183111
-5.160912518056414 0.34548244383981985
-5.172463256325068 -1.6635910634233026e-15
-5.160912518056414 -0.3454824438398186
-5.126311891651543 -0.6894218792183076
-5.06881591190741 -1.0302821891245044
-4.988681369826913 -1.366541008669262
-4.88626616572794 -1.6966965243364251
-4.7620277107736655 -2.0192741814465536
-4.616520884063261 -2.332833269876074
-4.450395554407132 -2.6359733586184384
-4.264393677855063 -2.9273405504489394
-4.059345983940375 -3.2056335287584066
-3.8361682654401776 -3.4696093695490604
-3.5958572882225104 -3.718089092634815
-3.3394863394480017 -3.949962927253003
-3.068200434008872 -4.164195268569991
-2.783211200614475 -4.359829302943759
-2.48579147036333 -4.5359912812859156
-2.1772695919704854 -4.691894421437209
-1.8590234990396648 -4.826842422127664
-1.5324745558773079 -4.940232572827071
-1.1990812093345484 -5.031558445596525
-0.8603324750295038 -5.1004121569185505
-0.5177412870420959 -5.146486189403885
-0.17283774078314357 -5.169574765238811
0.17283774078314168 -5.169574765238811
0.517741287042094 -5.146486189403885
0.8603324750295019 -5.1004121569185505
1.1990812093345466 -5.031558445596526
1.532474555877306 -4.940232572827071
1.8590234990396588 -4.826842422127666
2.1772695919704836 -4.69189442143721
2.485791470363328 -4.535991281285916
2.783211200614473 -4.359829302943759
3.068200434008871 -4.1641952685699914
3.3394863394480003 -3.9499629272530044
3.5958572882225073 -3.718089092634818
3.8361682654401776 -3.46960936954906
4.059345983940376 -3.2056335287584066
4.264393677855062 -2.927340550448941
4.450395554407131 -2.6359733586184397
4.616520884063259 -2.3328332698760796
4.7620277107736655 -2.0192741814465553
4.88626616572794 -1.696696524336425
4.988681369826913 -1.3665410086692638
5.06881591190741 -1.030282189124504
5.126311891651543 -0.6894218792183117
5.160912518056414 -0.3454824438398228
5.664467047856659 0.0
5.651817605403646 0.37834467288879975
5.613925773525301 0.7549995666239112
5.550960786341173 1.128282449015547
5.463203860769012 1.496526148095147
5.35104694054174 1.858085998110104
5.214990945691598 2.2113471850002626
5.055643535319684 2.554731958549512
4.873716393642889 2.8867066790012608
4.670022051439429 3.205788666665881
4.445470257089138 3.5105528239281307
4.201063913416362 3.799638000079053
3.937894598482485 4.071753070545462
3.657137690333327 4.325682703365719
3.360047117475458 4.56029278715729
3.047949758527094 4.774535496333498
2.722239516056087 4.967453970946954
2.384371091072675 5.1381865902583606
2.035853485981643 5.285970820943899
1.678243265011265 5.410146622754162
1.3131376022195937 5.510159396414129
0.9421671481274055 5.5855624605981635
0.5669887468371274 5.636019046917247
0.18927803616486094 5.661303804008359
-0.18927803616486022 5.661303804008359
-0.5669887468371267 5.636019046917247
-0.9421671481274061 5.5855624605981635
-1.313137602219592 5.510159396414129
-1.678243265011263 5.410146622754162
-2.0358534859816437 5.285970820943899
-2.384371091072674 5.138186590258361
-2.722239516056086 4.967453970946955
-3.0479497585270936 4.774535496333499
-3.360047117475457 4.56029278715729
-3.657137690333327 4.325682703365719
-3.937894598482485 4.071753070545462
-4.201063913416362 3.799638000079053
-4.445470257089138 3.5105528239281307
-4.670022051439427 3.205788666665882
-4.873716393642888 2.8867066790012625
-5.055643535319683 2.554731958549514
-5.214990945691598 2.211347185000264
-5.351046940541741 1.8580859981101032
-5.463203860769012 1.4965261480951482
-5.5509607863411725 1.128282449015548
-5.6139257735253 0.7549995666239123
-5.651817605403646 0.37834467288880064
-5.664467047856659 -1.821831551601049e-15
-5.651817605403646 -0.3783446728887992
-5.613925773525301 -0.7549995666239084
-5.550960786341173 -1.1282824490155468
-5.463203860769012 -1.496526148095147
-5.35104694054174 -1.858085998110104
-5.214990945691598 -2.2113471850002626
-5.0556435353196845 -2.5547319585495103
-4.873716393642889 -2.886706679001261
-4.67002205143943 -3.205788666665879
-4.445470257089139 -3.5105528239281294
-4.201063913416361 -3.7996380000790535
-3.937894598482486 -4.071753070545462
-3.6571376903333275 -4.325682703365718
-3.3600471174754563 -4.560292787157291
-3.047949758527095 -4.774535496333498
-2.7222395160560846 -4.967453970946955
-2.3843710910726754 -5.1381865902583606
-2.035853485981646 -5.285970820943899
-1.6782432650112644 -5.410146622754162
-1.3131376022195957 -5.510159396414128
-0.9421671481274062 -5.5855624605981635
-0.5669887468371294 -5.636019046917247
-0.18927803616486039 -5.661303804008359
0.1892780361648583 -5.661303804008359
0.5669887468371273 -5.636019046917247
0.9421671481274042 -5.5855624605981635
1.3131376022195937 -5.510159396414129
1.6782432650112624 -5.410146622754163
2.0358534859816393 -5.285970820943902
2.3843710910726736 -5.138186590258361
2.7222395160560833 -4.967453970946956
3.0479497585270927 -4.774535496333499
3.360047117475455 -4.560292787157293
3.657137690333326 -4.325682703365719
3.9378945984824827 -4.071753070545465
4.201063913416361 -3.799638000079053
4.445470257089139 -3.5105528239281294
4.670022051439429 -3.205788666665881
4.873716393642888 -2.886706679001263
5.055643535319681 -2.554731958549517
5.214990945691598 -2.211347185000265
5.35104694054174 -1.8580859981101039
5.463203860769012 -1.4965261480951488
5.550960786341173 -1.1282824490155463
5.6139257735253 -0.754999566623913
5.651817605403646 -0.37834467288880386
6.059313569698097 0.0
6.045782387036586 0.4047175120076901
6.005249272598564 0.8076274573600828
5.937895257112674 1.206930342433357
5.844021159962513 1.6008427836105252
5.724046245654237 1.9876054723055903
5.578506351279501 2.3654910324627685
5.408051493336927 2.732811735437282
5.2134429646006355 3.0879270378011903
4.995549934001901 3.4292509084085845
4.755345564709716 3.7552589119957007
4.493902667747836 4.064495017678873
4.212388910560323 4.355578101941912
3.9120616019252803 4.627208117069007
3.594262076508636 4.878171897473409
3.260409704137908 5.107348577989449
2.9119955505520023 5.313714599928456
2.550575717939655 5.496348282540336
2.1777643950093126 5.654433939463544
1.7952266476305092 5.787265521778384
1.4046709822454868 5.894249771392879
1.0078417152646857 5.974908870677429
0.6065111825262158 6.028882576514336
0.20247182361375288 6.055929829231017
-0.20247182361375213 6.055929829231017
-0.6065111825262152 6.028882576514336
-1.0078417152646861 5.974908870677429
-1.4046709822454848 5.894249771392879
-1.7952266476305072 5.787265521778384
-2.177764395009313 5.654433939463544
-2.550575717939654 5.496348282540337
-2.9119955505520014 5.313714599928457
-3.2604097041379076 5.10734857798945
-3.594262076508635 4.87817189747341
-3.9120616019252803 4.627208117069007
-4.212388910560323 4.355578101941912
-4.493902667747836 4.064495017678873
-4.755345564709716 3.7552589119957007
-4.995549934001899 3.429250908408586
-5.213442964600634 3.0879270378011925
-5.408051493336926 2.7328117354372843
-5.5785063512795 2.3654910324627703
-5.724046245654238 1.9876054723055891
-5.844021159962513 1.6008427836105266
-5.937895257112674 1.2069303424333582
-6.005249272598563 0.8076274573600839
-6.045782387036586 0.40471751200769096
-6.059313569698097 -1.9488238785849008e-15
-6.045782387036586 -0.40471751200768946
-6.005249272598564 -0.8076274573600797
-5.937895257112674 -1.2069303424333568
-5.844021159962513 -1.6008427836105252
-5.724046245654237 -1.9876054723055903
-5.578506351279501 -2.365491032462769
-5.408051493336928 -2.7328117354372803
-5.2134429646006355 -3.087927037801191
-4.995549934001902 -3.4292509084085823
-4.7553455647097165 -3.7552589119956994
-4.493902667747835 -4.0644950176788734
-4.212388910560324 -4.355578101941911
-3.9120616019252807 -4.6272081170690065
-3.5942620765086337 -4.878171897473411
-3.260409704137909 -5.107348577989449
-2.911995550552 -5.313714599928457
-2.5505757179396555 -5.496348282540336
-2.1777643950093157 -5.6544339394635434
-1.7952266476305085 -5.787265521778384
-1.4046709822454888 -5.894249771392878
-1.0078417152646864 -5.974908870677429
-0.6065111825262179 -6.028882576514336
-0.2024718236137523 -6.055929829231017
0.20247182361375007 -6.055929829231017
0.6065111825262157 -6.028882576514336
1.0078417152646841 -5.974908870677429
1.4046709822454868 -5.894249771392879
1.7952266476305065 -5.787265521778384
2.1777643950093086 -5.654433939463546
2.5505757179396538 -5.496348282540337
2.9119955505519983 -5.313714599928459
3.2604097041379068 -5.10734857798945
3.5942620765086324 -4.878171897473412
3.9120616019252794 -4.627208117069007
4.21238891056032 -4.355578101941915
4.493902667747835 -4.064495017678873
4.755345564709717 -3.7552589119956994
4.995549934001901 -3.4292509084085845
5.213442964600634 -3.087927037801193
5.408051493336925 -2.732811735437287
5.5785063512795 -2.3654910324627707
5.724046245654237 -1.9876054723055898
5.844021159962513 -1.6008427836105272
5.937895257112674 -1.2069303424333564
6.005249272598563 -0.8076274573600846
6.045782387036586 -0.4047175120076944
6.382017452548643 0.0
6.367765632947948 0.4262717542630552
6.325073826231878 0.8506396753925286
6.254132704372823 1.271208433235776
6.155259107642224 1.6860996656256497
6.028894629525011 2.0934603676019177
5.875603644455899 2.4914711673812384
5.69607078718616 2.878354452113206
5.491097895038624 3.252382307130861
5.26160042670755 3.6118842332370518
5.008603373597861 3.9552546075593664
4.733236681964716 4.280959854651656
4.436730206299227 4.5875452958142535
4.1204082164997615 4.87364164604218
3.785683483361095 5.137971129584369
3.4340509687970875 5.379353186800366
3.0670811489778758 5.596709746826257
2.6864130002020508 5.7890700425008585
2.293746678830645 5.9555749460475145
1.8908359279761044 6.095480806147307
1.4794802448598154 6.208162769266365
1.061516843820687 6.293117570403436
0.6388124508699233 6.34996578079355
0.2132549664394912 6.378453502528992
-0.21325496643949043 6.378453502528992
-0.6388124508699226 6.34996578079355
-1.0615168438206875 6.293117570403436
-1.4794802448598132 6.208162769266365
-1.8908359279761022 6.095480806147307
-2.2937466788306455 5.9555749460475145
-2.6864130002020503 5.7890700425008585
-3.067081148977875 5.596709746826258
-3.4340509687970866 5.379353186800367
-3.785683483361094 5.13797112958437
-4.1204082164997615 4.87364164604218
-4.436730206299227 4.5875452958142535
-4.733236681964716 4.280959854651656
-5.008603373597861 3.9552546075593664
-5.261600426707548 3.611884233237053
-5.491097895038623 3.2523823071308633
-5.69607078718616 2.878354452113208
-5.875603644455898 2.49147116738124
-6.028894629525012 2.0934603676019163
-6.155259107642223 1.686099665625651
-6.2541327043728225 1.2712084332357771
-6.325073826231877 0.8506396753925299
-6.367765632947948 0.4262717542630562
-6.382017452548643 -2.0526133632150127e-15
-6.367765632947948 -0.4262717542630546
-6.325073826231878 -0.8506396753925255
-6.254132704372823 -1.2712084332357758
-6.155259107642224 -1.6860996656256497
-6.028894629525011 -2.0934603676019177
-5.875603644455899 -2.491471167381239
-5.696070787186161 -2.878354452113204
-5.491097895038624 -3.252382307130862
-5.261600426707551 -3.61188423323705
-5.008603373597862 -3.955254607559365
-4.733236681964715 -4.280959854651657
-4.436730206299228 -4.587545295814253
-4.120408216499762 -4.873641646042179
-3.7856834833610926 -5.137971129584371
-3.434050968797088 -5.379353186800366
-3.0670811489778735 -5.596709746826258
-2.6864130002020516 -5.7890700425008585
-2.2937466788306486 -5.955574946047514
-1.8908359279761038 -6.095480806147307
-1.4794802448598174 -6.208162769266364
-1.0615168438206877 -6.293117570403436
-0.6388124508699256 -6.34996578079355
-0.2132549664394906 -6.378453502528992
0.21325496643948824 -6.378453502528992
0.6388124508699232 -6.34996578079355
1.0615168438206855 -6.293117570403436
1.4794802448598152 -6.208162769266365
1.8908359279761016 -6.095480806147307
2.293746678830641 -5.955574946047517
2.6864130002020494 -5.7890700425008585
3.0670811489778718 -5.596709746826259
3.434050968797086 -5.379353186800367
3.7856834833610913 -5.137971129584373
4.1204082164997615 -4.87364164604218
4.436730206299225 -4.587545295814256
4.733236681964715 -4.280959854651656
5.008603373597863 -3.955254607559365
5.26160042670755 -3.6118842332370518
5.491097895038623 -3.252382307130864
5.696070787186157 -2.878354452113211
5.875603644455898 -2.491471167381241
6.028894629525011 -2.0934603676019172
6.155259107642223 -1.6860996656256517
6.254132704372823 -1.2712084332357754
6.325073826231877 -0.8506396753925306
6.367765632947948 -0.4262717542630598
6.648486580888031 0.0
6.63363970338057 0.4440699291566097
6.589165380617272 0.8861565342099904
6.515262245719903 1.3242853490638176
6.412260368029172 1.7564995840735655
6.280619778934934 2.1808688655440793
6.120928417264324 2.5954978572471004
5.933899503404228 2.9985347254529637
5.720368353885906 3.3881794096695748
5.481288650658583 3.762691662149535
5.217728181714354 4.120398820259036
4.9308640720877985 4.459703276995226
4.621977526529832 4.779089616286913
4.292448107336267 5.077131381210607
3.9437475728877067 5.352497444893416
3.577433304419338 5.6039579556488075
3.1951413503782846 5.830389829792778
2.7985791194340766 6.030781767608227
2.3895177547770574 6.204238770054988
1.9697842237629453 6.349986136052806
1.5412531582331097 6.467372922484421
1.1058384819537066 6.555874851465558
0.6654848625675249 6.615096651897212
0.22215902623620698 6.644773824842348
-0.22215902623620615 6.644773824842348
-0.6654848625675243 6.615096651897212
-1.105838481953707 6.555874851465558
-1.5412531582331075 6.467372922484421
-1.969784223762943 6.349986136052806
-2.3895177547770583 6.204238770054988
-2.7985791194340757 6.030781767608228
-3.1951413503782837 5.830389829792779
-3.5774333044193374 5.6039579556488075
-3.943747572887706 5.352497444893417
-4.292448107336267 5.077131381210607
-4.621977526529832 4.779089616286913
-4.9308640720877985 4.459703276995226
-5.217728181714354 4.120398820259036
-5.481288650658582 3.7626916621495363
-5.720368353885905 3.388179409669577
-5.933899503404227 2.998534725452966
-6.120928417264323 2.595497857247102
-6.280619778934935 2.180868865544078
-6.412260368029171 1.7564995840735669
-6.515262245719902 1.324285349063819
-6.589165380617271 0.8861565342099916
-6.63363970338057 0.44406992915661075
-6.648486580888031 -2.1383163713594447e-15
-6.63363970338057 -0.4440699291566091
-6.589165380617272 -0.8861565342099871
-6.515262245719903 -1.3242853490638173
-6.412260368029172 -1.7564995840735655
-6.280619778934934 -2.1808688655440793
-6.120928417264324 -2.595497857247101
-5.933899503404229 -2.998534725452962
-5.720368353885906 -3.3881794096695756
-5.481288650658585 -3.7626916621495328
-5.217728181714354 -4.120398820259034
-4.930864072087798 -4.459703276995227
-4.621977526529833 -4.779089616286912
-4.292448107336268 -5.077131381210605
-3.9437475728877045 -5.352497444893418
-3.5774333044193387 -5.6039579556488075
-3.1951413503782824 -5.830389829792779
-2.7985791194340774 -6.030781767608227
-2.3895177547770614 -6.204238770054987
-1.9697842237629444 -6.349986136052806
-1.541253158233112 -6.467372922484421
-1.1058384819537073 -6.555874851465558
-0.6654848625675273 -6.615096651897212
-0.22215902623620631 -6.644773824842348
0.22215902623620387 -6.644773824842348
0.6654848625675249 -6.615096651897212
1.1058384819537048 -6.555874851465558
1.5412531582331095 -6.467372922484421
1.9697842237629422 -6.349986136052806
2.3895177547770534 -6.20423877005499
2.7985791194340752 -6.030781767608228
3.19514135037828 -5.83038982979278
3.5774333044193365 -5.6039579556488075
3.9437475728877027 -5.352497444893419
4.292448107336267 -5.077131381210607
4.62197752652983 -4.779089616286916
4.930864072087798 -4.459703276995226
5.217728181714355 -4.120398820259034
5.481288650658583 -3.762691662149535
5.720368353885905 -3.388179409669578
5.933899503404224 -2.9985347254529695
6.120928417264323 -2.595497857247103
6.280619778934934 -2.180868865544079
6.412260368029171 -1.7564995840735678
6.515262245719903 -1.3242853490638167
6.589165380617271 -0.8861565342099924
6.63363970338057 -0.44406992915661453
7.01652010146418 0.0
7.000851360434525 0.46865185730238007
6.953915117746643 0.9352106016430782
6.875921002054323 1.3975924684110106
6.767217354011608 1.8537323479442853
6.628289670498869 2.3015930088112664
6.459758436275882 2.7391741965806924
6.262376352746266 3.1645215674435345
6.037024976210294 3.575735416786875
5.784710780620455 3.9709791637358656
5.506560662424457 4.348487553769751
5.20381690757213 4.706574542777087
4.877831643164811 5.043640827338024
4.530060798527469 5.358180987601631
4.1620576026749125 5.64879021085638
3.7754656472139527 5.914170565764758
3.3720115456643045 6.15313679923968
2.9534972219834614 6.364621630072512
2.52179186273688 6.547680515670031
2.0788235688570285 6.701495870610937
1.62657074427656 6.825380718180819
1.1670532598960945 6.918781758576925
0.7023234323504465 6.981281840079398
0.23445685786431253 7.012601822152125
-0.23445685786431167 7.012601822152125
-0.7023234323504457 6.981281840079398
-1.167053259896095 6.918781758576925
-1.6265707442765576 6.825380718180819
-2.0788235688570262 6.701495870610937
-2.521791862736881 6.547680515670031
-2.953497221983461 6.364621630072513
-3.3720115456643036 6.153136799239681
-3.775465647213952 5.914170565764759
-4.162057602674912 5.648790210856381
-4.530060798527469 5.358180987601631
-4.877831643164811 5.043640827338024
-5.20381690757213 4.706574542777087
-5.506560662424457 4.348487553769751
-5.784710780620453 3.9709791637358673
-6.037024976210293 3.5757354167868773
-6.262376352746265 3.1645215674435367
-6.459758436275881 2.739174196580694
-6.62828967049887 2.3015930088112655
-6.767217354011607 1.8537323479442869
-6.875921002054323 1.397592468411012
-6.953915117746642 0.9352106016430796
-7.000851360434525 0.4686518573023812
-7.01652010146418 -2.256684979415192e-15
-7.000851360434525 -0.4686518573023794
-6.953915117746643 -0.9352106016430748
-6.875921002054323 -1.3975924684110104
-6.767217354011608 -1.8537323479442853
-6.628289670498869 -2.3015930088112664
-6.459758436275882 -2.739174196580693
-6.2623763527462675 -3.1645215674435323
-6.037024976210294 -3.575735416786876
-5.784710780620457 -3.9709791637358633
-5.506560662424457 -4.34848755376975
-5.203816907572129 -4.706574542777088
-4.877831643164812 -5.043640827338023
-4.53006079852747 -5.358180987601629
-4.16205760267491 -5.648790210856382
-3.7754656472139536 -5.914170565764758
-3.3720115456643023 -6.153136799239681
-2.9534972219834623 -6.364621630072512
-2.521791862736884 -6.54768051567003
-2.078823568857028 -6.701495870610937
-1.6265707442765622 -6.825380718180818
-1.1670532598960952 -6.918781758576925
-0.7023234323504489 -6.981281840079398
-0.23445685786431186 -7.012601822152125
0.23445685786430928 -7.012601822152125
0.7023234323504464 -6.981281840079398
1.1670532598960928 -6.918781758576925
1.6265707442765598 -6.825380718180819
2.0788235688570254 -6.7014958706109375
2.521791862736876 -6.547680515670033
2.95349722198346 -6.364621630072513
3.3720115456643005 -6.153136799239682
3.775465647213951 -5.914170565764759
4.162057602674909 -5.648790210856383
4.530060798527468 -5.358180987601631
4.877831643164807 -5.043640827338027
5.203816907572129 -4.706574542777087
5.506560662424458 -4.34848755376975
5.784710780620455 -3.9709791637358656
6.037024976210293 -3.5757354167868782
6.262376352746263 -3.1645215674435403
6.459758436275881 -2.739174196580695
6.628289670498869 -2.301593008811266
6.767217354011607 -1.8537323479442878
6.875921002054323 -1.39759246841101
6.953915117746642 -0.9352106016430803
7.000851360434525 -0.4686518573023851
7.952974704933787 0.0
7.9352147471106775 0.5312001266508586
7.882014193924282 1.0600277845853014
7.79361065195976 1.5841211011081264
7.670398952895813 2.101139348242154
7.512929390090557 2.6087733969875946
7.321905260837796 3.10475603045271
7.098179725270586 3.586872069794829
6.842751995940971 4.0529682677468015
6.5567628750941624 4.500962925542
6.241489659568776 4.928855190286351
5.898340436079088 5.3347339912530805
5.528847792357942 5.716786575188492
5.134661972247901 6.073306602508056
4.717543505311644 6.402701768223207
4.279355343879552 6.703500913561971
3.822054542652378 6.9743605965211595
3.347683518019861 7.214071092004487
2.858360926133328 7.42156179474852
2.3562722004730126 7.595906000905668
1.843659791171603 7.736325046928531
1.3228131496875952 7.842191787270332
0.7960585035593076 7.913033395369159
0.26574846690798054 7.948533475406184
-0.26574846690797954 7.948533475406184
-0.7960585035593067 7.913033395369159
-1.322813149687596 7.842191787270332
-1.8436597911716004 7.736325046928531
-2.35627220047301 7.595906000905668
-2.858360926133329 7.42156179474852
-3.3476835180198603 7.214071092004488
-3.8220545426523773 6.97436059652116
-4.279355343879551 6.703500913561972
-4.717543505311643 6.402701768223208
-5.134661972247901 6.073306602508056
-5.528847792357942 5.716786575188492
-5.898340436079088 5.3347339912530805
-6.241489659568776 4.928855190286351
-6.556762875094161 4.500962925542002
-6.8427519959409695 4.052968267746804
-7.098179725270585 3.5868720697948318
-7.321905260837795 3.1047560304527124
-7.512929390090558 2.6087733969875933
-7.6703989528958125 2.101139348242156
-7.793610651959759 1.584121101108128
-7.882014193924281 1.060027784585303
-7.9352147471106775 0.5312001266508598
-7.952974704933787 -2.5578717510618777e-15
-7.9352147471106775 -0.5312001266508578
-7.882014193924282 -1.0600277845852975
-7.79361065195976 -1.5841211011081262
-7.670398952895813 -2.101139348242154
-7.512929390090557 -2.6087733969875946
-7.321905260837796 -3.1047560304527106
-7.098179725270588 -3.586872069794827
-6.842751995940971 -4.052968267746802
-6.556762875094164 -4.500962925541997
-6.241489659568777 -4.928855190286349
-5.898340436079087 -5.334733991253081
-5.528847792357943 -5.716786575188491
-5.134661972247902 -6.073306602508055
-4.7175435053116415 -6.402701768223209
-4.279355343879553 -6.703500913561971
-3.8220545426523755 -6.97436059652116
-3.347683518019862 -7.214071092004487
-2.8583609261333325 -7.421561794748519
-2.3562722004730117 -7.595906000905668
-1.8436597911716057 -7.73632504692853
-1.3228131496875961 -7.842191787270332
-0.7960585035593104 -7.913033395369159
-0.26574846690797976 -7.948533475406184
0.2657484669079768 -7.948533475406184
0.7960585035593075 -7.913033395369159
1.3228131496875932 -7.842191787270332
1.8436597911716028 -7.736325046928531
2.356272200473009 -7.595906000905669
2.858360926133323 -7.421561794748523
3.3476835180198594 -7.214071092004488
3.8220545426523733 -6.974360596521162
4.27935534387955 -6.703500913561972
4.71754350531164 -6.402701768223211
5.1346619722479 -6.073306602508056
5.528847792357938 -5.716786575188496
5.898340436079087 -5.3347339912530805
6.241489659568778 -4.928855190286349
6.5567628750941624 -4.500962925542
6.8427519959409695 -4.052968267746805
7.098179725270582 -3.5868720697948357
7.321905260837795 -3.1047560304527133
7.512929390090557 -2.608773396987594
7.6703989528958125 -2.1011393482421568
7.79361065195976 -1.5841211011081255
7.882014193924281 -1.060027784585304
7.9352147471106775 -0.5312001266508644
6.841926109042484 0.0
6.826647257589575 0.45699026471245924
6.780878942290434 0.9119394999666378
6.704825575551613 1.3628157920372834
6.598826830171205 1.8076054179521233
6.463356122277666 2.244321839267497
6.299018496938462 2.6710145744312856
6.106547925881925 3.0857779101070104
5.886804029401334 3.486759412552212
5.640768237082015 3.872168201037229
5.369539404498562 4.24028294635328
5.074328905459096 4.58945955868657
4.756455221715764 4.918138530522506
4.4173380543051755 5.2248519017848345
4.058491982818932 5.508229816101692
3.6815197009234986 5.767006638916707
3.2881048583412356 6.000026610120158
2.8800045412620205 6.20624900595419
2.459041424769789 6.38475278713776
2.0270956323331486 6.534740712451651
1.5860963387175548 6.655542899411287
1.138013153822502 6.7466198161245305
0.6848473259255843 6.807564690972081
0.22862280362186346 6.838105329348277
-0.2286228036218626 6.838105329348277
-0.6848473259255835 6.807564690972081
-1.1380131538225025 6.7466198161245305
-1.5860963387175524 6.655542899411287
-2.0270956323331464 6.534740712451651
-2.4590414247697896 6.38475278713776
-2.8800045412620197 6.206249005954191
-3.2881048583412347 6.000026610120159
-3.6815197009234977 5.767006638916708
-4.058491982818931 5.508229816101693
-4.4173380543051755 5.2248519017848345
-4.756455221715764 4.918138530522506
-5.074328905459096 4.58945955868657
-5.369539404498562 4.24028294635328
-5.640768237082013 3.8721682010372307
-5.886804029401333 3.4867594125522143
-6.106547925881924 3.0857779101070126
-6.299018496938461 2.671014574431288
-6.463356122277666 2.2443218392674957
-6.5988268301712045 1.8076054179521248
-6.704825575551613 1.3628157920372848
-6.780878942290433 0.9119394999666391
-6.826647257589575 0.4569902647124603
-6.841926109042484 -2.200531268673032e-15
-6.826647257589575 -0.45699026471245857
-6.780878942290434 -0.9119394999666344
-6.704825575551613 -1.3628157920372832
-6.598826830171205 -1.8076054179521233
-6.463356122277666 -2.244321839267497
-6.299018496938462 -2.671014574431286
-6.106547925881927 -3.085777910107008
-5.886804029401334 -3.4867594125522126
-5.640768237082016 -3.8721682010372267
-5.369539404498563 -4.240282946353278
-5.074328905459095 -4.5894595586865705
-4.756455221715765 -4.918138530522505
-4.417338054305176 -5.224851901784833
-4.058491982818929 -5.508229816101694
-3.6815197009234994 -5.767006638916707
-3.2881048583412333 -6.000026610120159
-2.8800045412620214 -6.20624900595419
-2.4590414247697927 -6.384752787137759
-2.027095632333148 -6.534740712451651
-1.586096338717557 -6.655542899411286
-1.1380131538225027 -6.7466198161245305
-0.6848473259255866 -6.807564690972081
-0.2286228036218628 -6.838105329348277
0.22862280362186027 -6.838105329348277
0.6848473259255842 -6.807564690972081
1.1380131538225002 -6.7466198161245305
1.5860963387175546 -6.655542899411287
2.027095632333146 -6.534740712451652
2.4590414247697847 -6.384752787137762
2.880004541262019 -6.206249005954191
3.288104858341231 -6.00002661012016
3.6815197009234972 -5.767006638916708
4.0584919828189285 -5.508229816101696
4.417338054305175 -5.2248519017848345
4.756455221715761 -4.9181385305225085
5.074328905459095 -4.58945955868657
5.369539404498564 -4.240282946353278
5.640768237082015 -3.872168201037229
5.886804029401333 -3.4867594125522148
6.106547925881922 -3.085777910107016
6.299018496938461 -2.6710145744312883
6.463356122277666 -2.2443218392674966
6.5988268301712045 -1.8076054179521255
6.704825575551613 -1.3628157920372828
6.780878942290433 -0.9119394999666399
6.826647257589575 -0.4569902647124642
7.33034055217497 0.0
7.313971011988341 0.4896127517284349
7.264935501768694 0.9770387740523465
7.18345302600822 1.4601011040315692
7.069887505223837 1.9366422680352506
6.924746150599819 2.404533917542823
6.748677198659517 2.861686334865159
6.542467016083683 3.3060577663310586
6.307036587605986 3.7356635412547905
6.043437402671613 4.148584935957155
5.752846759230157 4.5429777432512175
5.436562505637179 4.917080509119294
5.095997244148395 5.269222399794186
4.732672021895091 5.5978306641083995
4.3482095375183905 5.9014376577826315
3.944326893803205 6.1786873982814186
3.5228279286803725 6.428341620960293
3.085595158848561 6.649285309456285
2.63458137199771 6.840531675621677
2.1718009051851594 7.001226566759412
1.6993206483173589 7.130652280476389
1.2192508129178072 7.228230770116579
0.7337355074101293 7.29352622645771
0.24494316100935168 7.3262470241410504
-0.24494316100935076 7.3262470241410504
-0.7337355074101285 7.29352622645771
-1.219250812917808 7.228230770116579
-1.6993206483173564 7.130652280476389
-2.1718009051851572 7.001226566759412
-2.6345813719977107 6.840531675621677
-3.08559515884856 6.649285309456286
-3.5228279286803716 6.4283416209602935
-3.944326893803204 6.178687398281419
-4.34820953751839 5.901437657782632
-4.732672021895091 5.5978306641083995
-5.095997244148395 5.269222399794186
-5.436562505637179 4.917080509119294
-5.752846759230157 4.5429777432512175
-6.043437402671612 4.148584935957157
-6.307036587605985 3.7356635412547927
-6.542467016083682 3.3060577663310613
-6.748677198659516 2.861686334865161
-6.92474615059982 2.4045339175428215
-7.069887505223836 1.9366422680352524
-7.183453026008219 1.4601011040315706
-7.264935501768693 0.977038774052348
-7.313971011988341 0.489612751728436
-7.33034055217497 -2.3576173343591423e-15
-7.313971011988341 -0.48961275172843416
-7.264935501768694 -0.9770387740523429
-7.18345302600822 -1.460101104031569
-7.069887505223837 -1.9366422680352506
-6.924746150599819 -2.404533917542823
-6.748677198659517 -2.8616863348651593
-6.542467016083685 -3.306057766331057
-6.307036587605986 -3.7356635412547914
-6.043437402671615 -4.148584935957153
-5.752846759230158 -4.542977743251216
-5.436562505637178 -4.917080509119295
-5.095997244148396 -5.269222399794185
-4.732672021895092 -5.597830664108398
-4.348209537518388 -5.901437657782633
-3.944326893803206 -6.1786873982814186
-3.52282792868037 -6.4283416209602935
-3.085595158848562 -6.649285309456285
-2.634581371997714 -6.840531675621676
-2.1718009051851586 -7.001226566759412
-1.6993206483173613 -7.130652280476388
-1.219250812917808 -7.228230770116579
-0.7337355074101318 -7.29352622645771
-0.24494316100935098 -7.3262470241410504
0.2449431610093483 -7.3262470241410504
0.7337355074101292 -7.29352622645771
1.2192508129178055 -7.228230770116579
1.6993206483173586 -7.130652280476389
2.1718009051851563 -7.001226566759413
2.6345813719977054 -6.84053167562168
3.0855951588485593 -6.649285309456286
3.522827928680368 -6.428341620960295
3.9443268938032032 -6.178687398281419
4.348209537518386 -5.901437657782635
4.732672021895091 -5.5978306641083995
5.095997244148392 -5.26922239979419
5.436562505637178 -4.917080509119294
5.752846759230159 -4.542977743251216
6.043437402671613 -4.148584935957155
6.307036587605985 -3.7356635412547936
6.54246701608368 -3.306057766331065
6.748677198659516 -2.861686334865162
6.924746150599819 -2.4045339175428224
7.069887505223836 -1.936642268035253
7.18345302600822 -1.4601011040315683
7.264935501768693 -0.9770387740523487
7.313971011988341 -0.48961275172844015
7.548648375173364 0.0
7.531791327120465 0.5041941061936615
7.481295470630481 1.0061363591140802
7.397386332456551 1.5035849628113782
7.280438671179015 1.994318191063957
7.130974803442614 2.476144310147137
6.949662271163566 2.9469113676480228
6.737310860125315 3.4045168036073723
6.494868983278648 3.8469168410627828
6.223419444899222 4.2721356140527345
5.92417460452082 4.678273992313625
5.5984709622433595 5.063518063256553
5.2477631895990156 5.426147233341263
4.873617632636024 5.764541912664589
4.477705316236999 6.077190748442112
4.061794480916154 6.362697375076591
3.6277426854279247 6.61978665066569
3.177488510458637 6.847310352095254
2.7130429004545684 7.04425230328248
2.236480182255887 7.209732913664983
1.7499288006494236 7.343013106665761
1.2555618122175782 7.443497620588616
0.7555871799401048 7.51073766720138
0.25223791189543854 7.544432936133113
-0.2522379118954376 7.544432936133113
-0.7555871799401039 7.51073766720138
-1.255561812217579 7.443497620588616
-1.7499288006494211 7.343013106665761
-2.2364801822558844 7.209732913664983
-2.7130429004545693 7.04425230328248
-3.177488510458636 6.8473103520952545
-3.6277426854279238 6.619786650665691
-4.061794480916153 6.362697375076592
-4.477705316236998 6.077190748442113
-4.873617632636024 5.764541912664589
-5.2477631895990156 5.426147233341263
-5.5984709622433595 5.063518063256553
-5.92417460452082 4.678273992313625
-6.22341944489922 4.272135614052736
-6.494868983278646 3.846916841062785
-6.737310860125314 3.4045168036073745
-6.949662271163565 2.9469113676480245
-7.130974803442615 2.4761443101471357
-7.280438671179014 1.9943181910639587
-7.39738633245655 1.5035849628113798
-7.48129547063048 1.0061363591140817
-7.531791327120465 0.5041941061936626
-7.548648375173364 -2.4278304853122057e-15
-7.531791327120465 -0.5041941061936607
-7.481295470630481 -1.0061363591140764
-7.397386332456551 -1.503584962811378
-7.280438671179015 -1.994318191063957
-7.130974803442614 -2.476144310147137
-6.949662271163566 -2.9469113676480228
-6.737310860125317 -3.40451680360737
-6.494868983278648 -3.846916841062783
-6.223419444899224 -4.272135614052732
-5.924174604520821 -4.678273992313624
-5.598470962243359 -5.063518063256554
-5.2477631895990156 -5.426147233341262
-4.873617632636025 -5.764541912664587
-4.477705316236997 -6.0771907484421135
-4.061794480916155 -6.362697375076591
-3.627742685427922 -6.619786650665691
-3.177488510458638 -6.847310352095254
-2.713042900454573 -7.044252303282479
-2.236480182255886 -7.209732913664983
-1.749928800649426 -7.34301310666576
-1.2555618122175791 -7.443497620588616
-0.7555871799401075 -7.51073766720138
-0.2522379118954378 -7.544432936133113
0.25223791189543504 -7.544432936133113
0.7555871799401047 -7.51073766720138
1.2555618122175765 -7.443497620588616
1.7499288006494234 -7.343013106665761
2.2364801822558835 -7.2097329136649835
2.713042900454564 -7.044252303282483
3.1774885104586357 -6.8473103520952545
3.6277426854279198 -6.6197866506656915
4.061794480916152 -6.362697375076592
4.477705316236995 -6.077190748442115
4.873617632636023 -5.764541912664589
5.247763189599012 -5.426147233341267
5.598470962243359 -5.063518063256553
5.924174604520821 -4.678273992313624
6.223419444899222 -4.2721356140527345
6.494868983278646 -3.846916841062786
6.737310860125312 -3.4045168036073785
6.949662271163565 -2.9469113676480254
7.130974803442614 -2.4761443101471365
7.280438671179014 -1.9943181910639596
7.397386332456551 -1.5035849628113773
7.48129547063048 -1.0061363591140826
7.531791327120465 -0.5041941061936669
7.658744257292366 0.0
7.641641351771603 0.5115477001248819
7.590409020937165 1.0208107040409125
7.505276080815395 1.5255145195471274
7.386622755783212 2.02340501688476
7.234978980393744 2.512258496227944
7.051022032559966 2.989891619266945
6.8355735086671325 3.4541711605270646
6.589595654123874 3.9030235348714633
6.314187065740614 4.334444058635746
6.010577785129524 4.746505903031856
5.680123805040086 5.137368699833187
5.324301013166305 5.505286760905833
4.944698600473986 5.848616874875581
4.543011963488102 6.1658256461087815
4.121035132240343 6.4554963432295125
3.6806527576955004 6.716335226585798
3.2238316944427368 6.947177326404966
2.75261221624554 7.146991645831454
2.2690989036838105 7.314885765609038
1.7754512445860866 7.450109829841874
1.273873989232692 7.552059895032956
0.7666073034057714 7.620280627442385
0.2559167632650846 7.6544673367183895
-0.25591676326508367 7.6544673367183895
-0.7666073034057707 7.620280627442385
-1.2738739892326927 7.552059895032956
-1.775451244586084 7.450109829841874
-2.269098903683808 7.314885765609038
-2.752612216245541 7.146991645831454
-3.223831694442736 6.947177326404967
-3.6806527576954995 6.716335226585799
-4.121035132240342 6.455496343229513
-4.543011963488101 6.165825646108782
-4.944698600473986 5.848616874875581
-5.324301013166305 5.505286760905833
-5.680123805040086 5.137368699833187
-6.010577785129524 4.746505903031856
-6.3141870657406125 4.334444058635748
-6.589595654123873 3.903023534871466
-6.835573508667132 3.4541711605270673
-7.051022032559965 2.989891619266947
-7.234978980393745 2.5122584962279433
-7.386622755783211 2.023405016884762
-7.505276080815394 1.525514519547129
-7.590409020937164 1.0208107040409138
-7.641641351771603 0.5115477001248832
-7.658744257292366 -2.4632400216465446e-15
-7.641641351771603 -0.5115477001248813
-7.590409020937165 -1.0208107040409087
-7.505276080815395 -1.5255145195471271
-7.386622755783212 -2.02340501688476
-7.234978980393744 -2.512258496227944
-7.051022032559966 -2.9898916192669454
-6.835573508667134 -3.454171160527063
-6.589595654123874 -3.903023534871464
-6.314187065740616 -4.334444058635744
-6.010577785129525 -4.746505903031855
-5.680123805040085 -5.137368699833187
-5.3243010131663056 -5.5052867609058325
-4.944698600473987 -5.848616874875579
-4.543011963488099 -6.165825646108783
-4.121035132240344 -6.4554963432295125
-3.6806527576954977 -6.716335226585799
-3.2238316944427376 -6.947177326404966
-2.7526122162455446 -7.146991645831453
-2.2690989036838096 -7.314885765609038
-1.775451244586089 -7.450109829841873
-1.273873989232693 -7.552059895032956
-0.7666073034057741 -7.620280627442385
-0.2559167632650839 -7.6544673367183895
0.25591676326508106 -7.6544673367183895
0.7666073034057713 -7.620280627442385
1.2738739892326902 -7.552059895032956
1.7754512445860864 -7.450109829841874
2.269098903683807 -7.314885765609039
2.7526122162455353 -7.146991645831457
3.223831694442735 -6.947177326404967
3.6806527576954955 -6.7163352265858
4.121035132240341 -6.455496343229513
4.543011963488097 -6.165825646108785
4.944698600473985 -5.848616874875581
5.324301013166301 -5.505286760905837
5.680123805040085 -5.137368699833187
6.0105777851295255 -4.746505903031855
6.314187065740614 -4.334444058635746
6.589595654123873 -3.903023534871467
6.83557350866713 -3.4541711605270713
7.051022032559965 -2.989891619266948
7.234978980393744 -2.5122584962279437
7.386622755783211 -2.023405016884763
7.505276080815395 -1.5255145195471265
7.590409020937164 -1.0208107040409147
7.641641351771603 -0.5115477001248875
7.761406825752097 0.0
7.744074662255105 0.5184048034593463
7.692155581413753 1.034494285221762
7.605881466446628 1.545963464379069
7.4856376384945325 2.0505279954161173
7.331961135682734 2.5459343706523927
7.145538314578329 3.029969984954362
6.927201784755198 3.5004730177671193
6.67792669015753 3.9553420883297745
6.3988263538702475 4.392545640952047
6.09114730574785 4.810131018435149
5.7562637151094735 5.206233183112848
5.39567125336514 5.5790830465624275
5.010980413984151 5.927015370783045
4.603909319640305 6.24847620555287
4.176276048658951 6.542029828748017
3.729990515037851 6.806365158626072
3.2670459383076165 7.040301609435418
2.789509941329431 7.242794364197807
2.2995153157894284 7.412939041114603
1.7992504966332719 7.549975732755448
1.2909497879844456 7.653292399989311
0.7768833841996546 7.722427605499823
0.2593472306297154 7.757072574676347
-0.2593472306297144 7.757072574676347
-0.7768833841996537 7.722427605499823
-1.2909497879844463 7.653292399989311
-1.7992504966332692 7.549975732755448
-2.2995153157894257 7.412939041114603
-2.789509941329432 7.242794364197807
-3.2670459383076156 7.040301609435419
-3.72999051503785 6.806365158626073
-4.17627604865895 6.542029828748018
-4.603909319640304 6.248476205552871
-5.010980413984151 5.927015370783045
-5.39567125336514 5.5790830465624275
-5.7562637151094735 5.206233183112848
-6.09114730574785 4.810131018435149
-6.398826353870246 4.392545640952049
-6.677926690157528 3.955342088329777
-6.927201784755197 3.500473017767122
-7.145538314578328 3.029969984954364
-7.331961135682735 2.5459343706523914
-7.485637638494532 2.050527995416119
-7.605881466446627 1.5459634643790705
-7.692155581413752 1.0344942852217636
-7.744074662255105 0.5184048034593475
-7.761406825752097 -2.496258821969359e-15
-7.744074662255105 -0.5184048034593455
-7.692155581413753 -1.0344942852217582
-7.605881466446628 -1.5459634643790687
-7.4856376384945325 -2.0505279954161173
-7.331961135682734 -2.5459343706523927
-7.145538314578329 -3.0299699849543624
-6.9272017847552 -3.500473017767117
-6.67792669015753 -3.9553420883297754
-6.398826353870249 -4.3925456409520445
-6.0911473057478505 -4.810131018435147
-5.756263715109473 -5.2062331831128486
-5.3956712533651405 -5.579083046562427
-5.010980413984152 -5.927015370783043
-4.6039093196403025 -6.248476205552872
-4.176276048658952 -6.542029828748017
-3.7299905150378487 -6.806365158626073
-3.2670459383076174 -7.040301609435418
-2.789509941329435 -7.242794364197806
-2.2995153157894275 -7.412939041114603
-1.7992504966332745 -7.549975732755447
-1.2909497879844465 -7.653292399989311
-0.7768833841996573 -7.722427605499823
-0.2593472306297146 -7.757072574676347
0.25934723062971177 -7.757072574676347
0.7768833841996545 -7.722427605499823
1.2909497879844436 -7.653292399989311
1.7992504966332716 -7.549975732755448
2.299515315789425 -7.412939041114604
2.789509941329426 -7.24279436419781
3.2670459383076147 -7.040301609435419
3.7299905150378465 -6.8063651586260745
4.176276048658949 -6.542029828748018
4.603909319640301 -6.2484762055528735
5.01098041398415 -5.927015370783045
5.395671253365136 -5.579083046562431
5.756263715109473 -5.206233183112848
6.091147305747851 -4.810131018435147
6.3988263538702475 -4.392545640952047
6.677926690157528 -3.955342088329778
6.927201784755194 -3.500473017767126
7.145538314578328 -3.029969984954365
7.331961135682734 -2.5459343706523923
7.485637638494532 -2.05052799541612
7.605881466446628 -1.545963464379068
7.692155581413752 -1.0344942852217645
7.744074662255105 -0.5184048034593519
7.424177679418357 0.0
7.407598589536939 0.4958803806000968
7.35793536613273 0.9895460390436395
7.275409817217384 1.4787921446608574
7.160390521925739 1.9614336055777644
7.013391184351926 2.435314827866909
6.8350683392221825 2.8983193429531293
6.626218419651387 3.3483792602759954
6.3877742000794315 3.783484502991036
6.12080063027414 4.201691785460881
5.826490079007082 4.601133292440656
5.506157008645192 4.980025021194289
5.16123210444274 5.3366747492838
4.793255884753689 5.669489592445503
4.403871820702759 5.976983118797803
3.9948189960444176 6.257781987606824
3.5679243399926754 6.510632082959502
3.1250944677117136 6.734404114949695
2.668307164909726 6.92809866336105
2.199602554567833 7.090850641320293
1.721073985255594 7.221933158985216
1.2348586817281348 7.3207607700111605
0.7431281995615747 7.386892086296517
0.2480787264586557 7.420031749329136
-0.24807872645865478 7.420031749329136
-0.7431281995615738 7.386892086296517
-1.2348586817281355 7.3207607700111605
-1.7210739852555916 7.221933158985216
-2.199602554567831 7.090850641320293
-2.6683071649097267 6.92809866336105
-3.1250944677117127 6.734404114949696
-3.5679243399926746 6.510632082959503
-3.9948189960444167 6.257781987606825
-4.403871820702758 5.976983118797804
-4.793255884753689 5.669489592445503
-5.16123210444274 5.3366747492838
-5.506157008645192 4.980025021194289
-5.826490079007082 4.601133292440656
-6.120800630274138 4.201691785460882
-6.38777420007943 3.7834845029910382
-6.626218419651386 3.3483792602759976
-6.835068339222182 2.8983193429531315
-7.013391184351927 2.4353148278669075
-7.160390521925738 1.961433605577766
-7.275409817217383 1.4787921446608587
-7.35793536613273 0.9895460390436409
-7.407598589536939 0.4958803806000979
-7.424177679418357 -2.3877976562992783e-15
-7.407598589536939 -0.4958803806000961
-7.35793536613273 -0.9895460390436357
-7.275409817217384 -1.4787921446608572
-7.160390521925739 -1.9614336055777644
-7.013391184351926 -2.435314827866909
-6.8350683392221825 -2.8983193429531298
-6.626218419651389 -3.348379260275993
-6.3877742000794315 -3.7834845029910364
-6.120800630274141 -4.201691785460878
-5.826490079007083 -4.601133292440654
-5.506157008645191 -4.98002502119429
-5.161232104442741 -5.336674749283799
-4.79325588475369 -5.669489592445501
-4.403871820702756 -5.976983118797805
-3.9948189960444185 -6.257781987606824
-3.567924339992673 -6.510632082959503
-3.1250944677117145 -6.734404114949695
-2.66830716490973 -6.928098663361049
-2.1996025545678326 -7.090850641320293
-1.7210739852555965 -7.221933158985215
-1.2348586817281357 -7.3207607700111605
-0.7431281995615773 -7.386892086296517
-0.24807872645865497 -7.420031749329136
0.24807872645865225 -7.420031749329136
0.7431281995615746 -7.386892086296517
1.2348586817281328 -7.3207607700111605
1.7210739852555939 -7.221933158985216
2.19960255456783 -7.090850641320294
2.6683071649097214 -6.928098663361052
3.125094467711712 -6.734404114949696
3.567924339992671 -6.510632082959504
3.994818996044416 -6.257781987606825
4.403871820702754 -5.976983118797807
4.793255884753688 -5.669489592445503
5.161232104442737 -5.336674749283803
5.506157008645191 -4.980025021194289
5.826490079007084 -4.601133292440654
6.12080063027414 -4.201691785460881
6.38777420007943 -3.783484502991039
6.626218419651384 -3.3483792602760016
6.835068339222182 -2.8983193429531324
7.013391184351926 -2.4353148278669083
7.160390521925738 -1.9614336055777668
7.275409817217384 -1.4787921446608565
7.35793536613273 -0.9895460390436417
7.407598589536939 -0.49588038060010214
7.218301581510181 0.0
7.202182237943983 0.4821293737956412
7.153896200146787 0.9621054407692246
7.073659125285008 1.4377845112896834
6.961829371612826 1.9070420871552214
6.818906397957226 2.3677823501180137
6.645528533013635 2.817947522317268
6.442470124415006 3.2555270568146826
6.210638080307321 3.678566617185146
5.951067818877649 4.085176806057627
5.664918643925176 4.473541603622494
5.353468567129008 4.841926478416837
5.018108600137772 5.1886861341630315
4.6603365419739236 5.512271858061331
4.281750289499711 5.811238437717172
3.8840407008218927 6.084250615810574
3.4689840435089785 6.3300890536794565
3.038434061349063 6.547655777182106
2.5943136950800705 6.735979080516237
2.1386064940696206 6.894217866092979
1.6733477573020281 7.021665401082898
1.2006154432389746 7.117752473856369
0.7225208891525852 7.182049936220893
0.24119938138062422 7.214270620101105
-0.2411993813806233 7.214270620101105
-0.7225208891525843 7.182049936220893
-1.200615443238975 7.117752473856369
-1.6733477573020257 7.021665401082898
-2.1386064940696183 6.894217866092979
-2.5943136950800714 6.735979080516237
-3.038434061349062 6.547655777182107
-3.4689840435089776 6.330089053679457
-3.8840407008218922 6.084250615810575
-4.28175028949971 5.811238437717173
-4.6603365419739236 5.512271858061331
-5.018108600137772 5.1886861341630315
-5.353468567129008 4.841926478416837
-5.664918643925176 4.473541603622494
-5.951067818877648 4.085176806057628
-6.210638080307319 3.6785666171851483
-6.4424701244150056 3.2555270568146852
-6.645528533013634 2.8179475223172696
-6.818906397957226 2.3677823501180124
-6.961829371612825 1.907042087155223
-7.073659125285007 1.4377845112896848
-7.153896200146786 0.962105440769226
-7.202182237943983 0.48212937379564225
-7.218301581510181 -2.321582853084642e-15
-7.202182237943983 -0.48212937379564047
-7.153896200146787 -0.962105440769221
-7.073659125285008 -1.4377845112896832
-6.961829371612826 -1.9070420871552214
-6.818906397957226 -2.3677823501180137
-6.645528533013635 -2.8179475223172683
-6.442470124415007 -3.255527056814681
-6.210638080307321 -3.678566617185147
-5.951067818877651 -4.085176806057625
-5.664918643925177 -4.473541603622492
-5.353468567129007 -4.841926478416838
-5.018108600137773 -5.188686134163031
-4.660336541973924 -5.512271858061329
-4.281750289499708 -5.811238437717174
-3.8840407008218936 -6.084250615810574
-3.468984043508976 -6.330089053679457
-3.0384340613490637 -6.547655777182106
-2.5943136950800745 -6.735979080516236
-2.1386064940696197 -6.894217866092979
-1.6733477573020306 -7.021665401082897
-1.2006154432389753 -7.117752473856369
-0.7225208891525876 -7.182049936220893
-0.24119938138062352 -7.214270620101105
0.24119938138062086 -7.214270620101105
0.722520889152585 -7.182049936220893
1.2006154432389726 -7.117752473856369
1.673347757302028 -7.021665401082898
2.1386064940696174 -6.89421786609298
2.594313695080066 -6.7359790805162385
3.038434061349061 -6.547655777182107
3.468984043508974 -6.330089053679459
3.8840407008218913 -6.084250615810575
4.281750289499707 -5.811238437717176
4.660336541973923 -5.512271858061331
5.0181086001377695 -5.188686134163034
5.353468567129007 -4.841926478416837
5.664918643925178 -4.473541603622492
5.951067818877649 -4.085176806057627
6.210638080307319 -3.678566617185149
6.442470124415003 -3.255527056814689
6.645528533013634 -2.8179475223172705
6.818906397957226 -2.3677823501180133
6.961829371612825 -1.9070420871552238
7.073659125285008 -1.4377845112896825
7.153896200146786 -0.9621054407692268
7.202182237943983 -0.48212937379564635
7.125476648114561 0.0
7.109564593891434 0.47592935201693226
7.061899498318922 0.9497330880141486
6.982694245284729 1.419295085489079
6.872302584676275 1.8825181665730903
6.73121755244782 2.337333464536948
6.56006926860221 2.781709663851852
6.3596221229219765 3.2136620725376974
6.130771361019013 3.631261486279252
5.874539085950345 4.032642804720945
5.592069693257761 4.416013361457817
5.284624759819515 4.779660930518864
4.953577409341735 5.1219613735838685
4.6004061796546205 5.4413858937794055
4.226688419203578 5.736507863656798
3.8340932422281444 6.006009196856628
3.4243740740926243 6.248686235002379
2.9993608200627517 6.463455123530944
2.56095169250456 6.649356652450216
2.111104733007163 6.805560540403757
1.6518290672936822 6.931369142908896
1.185175931978059 7.026220568206343
0.7132295132443897 7.089691186805183
0.23809763836547065 7.12149752351503
-0.23809763836546977 7.12149752351503
-0.7132295132443889 7.089691186805183
-1.1851759319780597 7.026220568206343
-1.65182906729368 6.931369142908896
-2.111104733007161 6.805560540403757
-2.560951692504561 6.649356652450216
-2.999360820062751 6.463455123530945
-3.424374074092624 6.2486862350023795
-3.8340932422281435 6.0060091968566285
-4.226688419203577 5.736507863656799
-4.6004061796546205 5.4413858937794055
-4.953577409341735 5.1219613735838685
-5.284624759819515 4.779660930518864
-5.592069693257761 4.416013361457817
-5.874539085950343 4.032642804720946
-6.130771361019011 3.6312614862792545
-6.359622122921976 3.2136620725377
-6.560069268602209 2.781709663851854
-6.731217552447821 2.337333464536947
-6.872302584676274 1.882518166573092
-6.982694245284728 1.4192950854890802
-7.061899498318921 0.94973308801415
-7.109564593891434 0.4759293520169333
-7.125476648114561 -2.2917280775149972e-15
-7.109564593891434 -0.47592935201693154
-7.061899498318922 -0.949733088014145
-6.982694245284729 -1.4192950854890787
-6.872302584676275 -1.8825181665730903
-6.73121755244782 -2.337333464536948
-6.56006926860221 -2.7817096638518524
-6.359622122921978 -3.2136620725376956
-6.130771361019013 -3.6312614862792527
-5.874539085950347 -4.032642804720942
-5.592069693257762 -4.416013361457815
-5.284624759819514 -4.779660930518865
-4.953577409341736 -5.121961373583868
-4.600406179654621 -5.441385893779404
-4.226688419203575 -5.7365078636568
-3.8340932422281453 -6.006009196856628
-3.424374074092622 -6.2486862350023795
-2.999360820062752 -6.463455123530944
-2.560951692504564 -6.649356652450216
-2.111104733007162 -6.805560540403757
-1.6518290672936846 -6.9313691429088955
-1.18517593197806 -7.026220568206343
-0.7132295132443922 -7.089691186805183
-0.23809763836546996 -7.12149752351503
0.23809763836546732 -7.12149752351503
0.7132295132443895 -7.089691186805183
1.1851759319780573 -7.026220568206343
1.651829067293682 -6.931369142908896
2.11110473300716 -6.805560540403758
2.560951692504556 -6.649356652450218
2.99936082006275 -6.463455123530945
3.4243740740926203 -6.248686235002381
3.834093242228143 -6.0060091968566285
4.226688419203573 -5.736507863656802
4.6004061796546205 -5.4413858937794055
4.953577409341731 -5.121961373583871
5.284624759819514 -4.779660930518864
5.592069693257763 -4.416013361457815
5.874539085950345 -4.032642804720945
6.130771361019011 -3.631261486279255
6.359622122921974 -3.2136620725377036
6.560069268602209 -2.781709663851855
6.73121755244782 -2.3373334645369477
6.872302584676274 -1.8825181665730926
6.982694245284729 -1.419295085489078
7.061899498318921 -0.9497330880141508
7.109564593891434 -0.47592935201693737
7.170956120928887 0.0
7.1549425055228095 0.47896704578754074
7.106973179998347 0.9557949084775746
7.027262387008021 1.4283539590836034
6.916166134303416 1.8945336341701653
6.774180604718136 2.352251862141486
6.601939940094823 2.7994643622786546
6.40021340905374 3.234173774993572
6.1699019712523775 3.654438582521739
5.9120342534809085 4.058381780211899
5.627761955565242 4.444199259684466
5.318354706596019 4.810167866417496
4.985194394456888 5.154653095773088
4.629768993977761 5.47611639309188
4.253665921278005 5.773122025251641
3.8585649439807064 6.044343492999933
3.4462306789626984 6.288569455421779
3.018504711147216 6.504709140082247
2.577297368538581 6.691797214680938
2.1245791902335998 6.848998098460374
1.6623721255155872 6.9756096941124985
1.192740503338047 7.0710665235156975
0.717781812530439 7.134942253297358
0.2396173339038825 7.166951598942207
-0.23961733390388162 7.166951598942207
-0.7177818125304383 7.134942253297358
-1.1927405033380474 7.0710665235156975
-1.6623721255155848 6.9756096941124985
-2.1245791902335975 6.848998098460374
-2.577297368538582 6.691797214680938
-3.018504711147215 6.504709140082248
-3.4462306789626975 6.288569455421779
-3.858564943980706 6.044343492999934
-4.253665921278004 5.7731220252516415
-4.629768993977761 5.47611639309188
-4.985194394456888 5.154653095773088
-5.318354706596019 4.810167866417496
-5.627761955565242 4.444199259684466
-5.912034253480907 4.058381780211901
-6.169901971252376 3.6544385825217414
-6.400213409053739 3.2341737749935744
-6.601939940094822 2.7994643622786564
-6.774180604718137 2.3522518621414847
-6.916166134303415 1.8945336341701668
-7.02726238700802 1.428353959083605
-7.106973179998346 0.9557949084775761
-7.1549425055228095 0.4789670457875418
-7.170956120928887 -2.3063553915806113e-15
-7.1549425055228095 -0.47896704578754
-7.106973179998347 -0.9557949084775711
-7.027262387008021 -1.4283539590836032
-6.916166134303416 -1.8945336341701653
-6.774180604718136 -2.352251862141486
-6.601939940094823 -2.799464362278655
-6.400213409053741 -3.23417377499357
-6.1699019712523775 -3.6544385825217396
-5.912034253480909 -4.0583817802118975
-5.6277619555652425 -4.444199259684464
-5.318354706596018 -4.810167866417497
-4.985194394456889 -5.154653095773087
-4.629768993977762 -5.476116393091878
-4.253665921278003 -5.773122025251642
-3.8585649439807073 -6.044343492999933
-3.4462306789626957 -6.288569455421779
-3.0185047111472163 -6.504709140082247
-2.577297368538585 -6.691797214680938
-2.124579190233599 -6.848998098460374
-1.6623721255155897 -6.975609694112498
-1.1927405033380476 -7.0710665235156975
-0.7177818125304415 -7.134942253297358
-0.23961733390388182 -7.166951598942207
0.23961733390387918 -7.166951598942207
0.7177818125304389 -7.134942253297358
1.1927405033380452 -7.0710665235156975
1.662372125515587 -6.9756096941124985
2.1245791902335966 -6.848998098460375
2.5772973685385767 -6.691797214680941
3.018504711147214 -6.504709140082248
3.446230678962694 -6.288569455421781
3.858564943980705 -6.044343492999934
4.253665921278001 -5.773122025251644
4.62976899397776 -5.47611639309188
4.985194394456886 -5.154653095773091
5.318354706596018 -4.810167866417496
5.627761955565243 -4.444199259684464
5.9120342534809085 -4.058381780211899
6.169901971252376 -3.6544385825217423
6.400213409053737 -3.234173774993578
6.601939940094822 -2.7994643622786572
6.774180604718136 -2.3522518621414856
6.916166134303415 -1.8945336341701677
7.027262387008021 -1.4283539590836027
7.106973179998346 -0.9557949084775769
7.1549425055228095 -0.4789670457875459
7.477870267024887 0.0
7.461171275078306 0.4994666499389276
7.41114888099034 0.9967025605718537
7.328026496916105 1.489486955616038
7.2121753676011435 1.9756189403379807
7.064112912312265 2.452927331283579
6.884500413917499 2.919280353310495
6.674140065436271 3.3725951606134372
6.4339713872506525 3.8108471392191476
6.1650670309792535 4.232078949403887
5.8686279887547075 4.63440926764779
5.545978229301262 5.0160411890824115
5.198558784769057 5.3752702529040635
4.827921314734726 5.7104920549095395
4.435721176113058 6.020209413154748
4.023710029931169 6.3030390547327375
3.593728017985136 6.557717793806278
3.147695544320031 6.7831081733024625
2.6876046982392716 6.978203545072115
2.2155103571502104 7.142132565824791
1.7335210089827922 7.274163088759431
1.243789335170627 7.373705433509713
0.7485025962531378 7.44031501979971
0.24987286303901043 7.473694353047329
-0.24987286303900952 7.473694353047329
-0.7485025962531369 7.44031501979971
-1.2437893351706277 7.373705433509713
-1.7335210089827897 7.274163088759431
-2.215510357150208 7.142132565824791
-2.6876046982392725 6.978203545072115
-3.14769554432003 6.783108173302463
-3.5937280179851356 6.557717793806279
-4.023710029931169 6.303039054732738
-4.4357211761130575 6.020209413154749
-4.827921314734726 5.7104920549095395
-5.198558784769057 5.3752702529040635
-5.545978229301262 5.0160411890824115
-5.8686279887547075 4.63440926764779
-6.165067030979252 4.232078949403888
-6.433971387250651 3.8108471392191503
-6.67414006543627 3.3725951606134394
-6.884500413917498 2.919280353310497
-7.0641129123122655 2.4529273312835778
-7.212175367601143 1.9756189403379822
-7.328026496916104 1.4894869556160393
-7.411148880990339 0.9967025605718551
-7.461171275078306 0.4994666499389287
-7.477870267024887 -2.40506650954924e-15
-7.461171275078306 -0.49946664993892687
-7.41114888099034 -0.9967025605718499
-7.328026496916105 -1.4894869556160377
-7.2121753676011435 -1.9756189403379807
-7.064112912312265 -2.452927331283579
-6.884500413917499 -2.919280353310495
-6.674140065436273 -3.372595160613435
-6.4339713872506525 -3.8108471392191485
-6.165067030979255 -4.232078949403884
-5.868627988754708 -4.634409267647788
-5.545978229301261 -5.016041189082412
-5.198558784769057 -5.3752702529040635
-4.827921314734727 -5.710492054909538
-4.435721176113056 -6.02020941315475
-4.02371002993117 -6.3030390547327375
-3.593728017985134 -6.557717793806279
-3.1476955443200314 -6.7831081733024625
-2.687604698239276 -6.978203545072115
-2.21551035715021 -7.142132565824791
-1.7335210089827946 -7.27416308875943
-1.243789335170628 -7.373705433509713
-0.7485025962531403 -7.44031501979971
-0.2498728630390097 -7.473694353047329
0.24987286303900696 -7.473694353047329
0.7485025962531376 -7.44031501979971
1.243789335170625 -7.373705433509713
1.733521008982792 -7.274163088759431
2.2155103571502073 -7.142132565824792
2.687604698239267 -6.978203545072118
3.147695544320029 -6.783108173302463
3.5937280179851316 -6.5577177938062805
4.023710029931168 -6.303039054732738
4.435721176113054 -6.020209413154752
4.827921314734725 -5.7104920549095395
5.1985587847690535 -5.375270252904067
5.545978229301261 -5.0160411890824115
5.868627988754709 -4.634409267647788
6.1650670309792535 -4.232078949403887
6.433971387250651 -3.810847139219151
6.674140065436268 -3.3725951606134434
6.884500413917498 -2.919280353310498
7.064112912312265 -2.4529273312835786
7.212175367601143 -1.9756189403379831
7.328026496916105 -1.489486955616037
7.411148880990339 -0.9967025605718559
7.461171275078306 -0.49946664993893297
7.261533790916946 0.0
7.245317904579754 0.48501696692453966
7.196742669653025 0.967867730335134
7.116025034927761 1.4463957615085852
7.003525504955147 1.9184638380932253
6.859746529945719 2.3819635894627584
6.6853302617047445 2.8348249132112913
6.481055685626383 3.2750252207332036
6.247835141555807 3.7005984705948527
5.986710249057985 4.109643949352877
5.698847255291844 4.500334760601843
5.385531826267349 4.8709259843370765
5.048163304749 5.219762470190984
4.688248460451354 5.545286229736401
4.307394760439702 5.846043394841098
3.907303189791937 6.1206907109958095
3.48976065458628 6.368001536614935
3.0566320011449517 6.586871321515644
2.609851687177801 6.77632254010712
2.1514151420245793 6.9355090572571525
1.6833698545831017 7.063719907337033
1.2078062287268045 7.160382469566648
0.7268482470535932 7.2250650254778845
0.24264398466394224 7.257478687074117
-0.24264398466394135 7.257478687074117
-0.7268482470535924 7.2250650254778845
-1.2078062287268052 7.160382469566648
-1.6833698545830993 7.063719907337033
-2.151415142024577 6.9355090572571525
-2.6098516871778017 6.77632254010712
-3.056632001144951 6.586871321515645
-3.4897606545862794 6.368001536614936
-3.907303189791936 6.12069071099581
-4.307394760439701 5.846043394841099
-4.688248460451354 5.545286229736401
-5.048163304749 5.219762470190984
-5.385531826267349 4.8709259843370765
-5.698847255291844 4.500334760601843
-5.9867102490579835 4.109643949352879
-6.2478351415558055 3.700598470594855
-6.481055685626382 3.275025220733206
-6.685330261704744 2.8348249132112935
-6.85974652994572 2.381963589462757
-7.003525504955146 1.918463838093227
-7.11602503492776 1.4463957615085867
-7.196742669653025 0.9678677303351354
-7.245317904579754 0.48501696692454077
-7.261533790916946 -2.335487392113158e-15
-7.245317904579754 -0.48501696692453894
-7.196742669653025 -0.9678677303351304
-7.116025034927761 -1.446395761508585
-7.003525504955147 -1.9184638380932253
-6.859746529945719 -2.3819635894627584
-6.6853302617047445 -2.8348249132112917
-6.481055685626385 -3.2750252207332013
-6.247835141555807 -3.700598470594853
-5.986710249057986 -4.109643949352875
-5.698847255291845 -4.500334760601842
-5.385531826267348 -4.8709259843370765
-5.048163304749001 -5.219762470190983
-4.688248460451355 -5.5452862297364
-4.307394760439699 -5.8460433948411
-3.907303189791938 -6.1206907109958095
-3.4897606545862776 -6.368001536614936
-3.056632001144952 -6.586871321515644
-2.609851687177805 -6.776322540107119
-2.1514151420245784 -6.9355090572571525
-1.6833698545831042 -7.063719907337033
-1.2078062287268054 -7.160382469566648
-0.7268482470535956 -7.2250650254778845
-0.24264398466394155 -7.257478687074117
0.24264398466393888 -7.257478687074117
0.7268482470535931 -7.2250650254778845
1.2078062287268028 -7.160382469566648
1.6833698545831015 -7.063719907337033
2.151415142024576 -6.935509057257153
2.6098516871777964 -6.776322540107123
3.05663200114495 -6.586871321515645
3.4897606545862754 -6.368001536614938
3.9073031897919352 -6.12069071099581
4.307394760439698 -5.846043394841102
4.688248460451353 -5.545286229736401
5.048163304748997 -5.219762470190988
5.385531826267348 -4.8709259843370765
5.698847255291846 -4.500334760601842
5.986710249057985 -4.109643949352877
6.2478351415558055 -3.700598470594856
6.48105568562638 -3.2750252207332093
6.685330261704744 -2.834824913211294
6.859746529945719 -2.381963589462758
7.003525504955146 -1.9184638380932277
7.116025034927761 -1.4463957615085845
7.196742669653025 -0.9678677303351362
7.245317904579754 -0.4850169669245449
7.832853530488598 0.0
7.815361817827954 0.5231769170411072
7.762964802080941 1.0440171989675797
7.675896501039455 1.5601946466444319
7.554545782872099 2.069403886286356
7.399454629344543 2.569370665816689
7.211315715197393 3.0578620122292652
6.990969314492644 3.532696204587926
6.739399547745748 3.9917525181218463
6.457729986604486 4.432980695897166
6.147218635705241 4.85441010576217
5.809252314118908 5.254158541668858
5.445340461480261 5.630440630062059
5.057108396464134 5.981575803791142
4.646290057717656 6.3059958079308736
4.2147202596693365 6.602251703988612
3.764326497802424 6.869020341215349
3.297120339992163 7.105110266118158
2.815188442355356 7.309467043780724
2.3206832297376 7.481177967225641
1.8158132824614073 7.6194761337853425
1.3028334722703592 7.723743870275584
0.7840348915245174 7.79351549167382
0.26173462062575964 7.82847938098157
-0.2617346206257587 7.82847938098157
-0.7840348915245166 7.79351549167382
-1.3028334722703598 7.723743870275584
-1.8158132824614046 7.6194761337853425
-2.320683229737597 7.481177967225641
-2.815188442355357 7.309467043780724
-3.297120339992162 7.105110266118159
-3.764326497802423 6.86902034121535
-4.214720259669336 6.602251703988613
-4.646290057717655 6.305995807930874
-5.057108396464134 5.981575803791142
-5.445340461480261 5.630440630062059
-5.809252314118908 5.254158541668858
-6.147218635705241 4.85441010576217
-6.457729986604484 4.432980695897168
-6.739399547745746 3.991752518121849
-6.990969314492643 3.532696204587929
-7.211315715197392 3.0578620122292675
-7.399454629344544 2.5693706658166877
-7.554545782872098 2.069403886286358
-7.675896501039454 1.5601946466444334
-7.7629648020809405 1.0440171989675813
-7.815361817827954 0.5231769170411084
-7.832853530488598 -2.5192378347956644e-15
-7.815361817827954 -0.5231769170411065
-7.762964802080941 -1.0440171989675757
-7.675896501039455 -1.5601946466444316
-7.554545782872099 -2.069403886286356
-7.399454629344543 -2.569370665816689
-7.211315715197393 -3.0578620122292657
-6.990969314492646 -3.532696204587924
-6.739399547745748 -3.991752518121847
-6.4577299866044875 -4.432980695897164
-6.147218635705242 -4.8544101057621685
-5.809252314118907 -5.2541585416688585
-5.445340461480262 -5.630440630062058
-5.057108396464135 -5.981575803791141
-4.646290057717653 -6.305995807930875
-4.214720259669337 -6.602251703988612
-3.764326497802421 -6.86902034121535
-3.297120339992164 -7.105110266118158
-2.8151884423553604 -7.309467043780723
-2.320683229737599 -7.481177967225641
-1.81581328246141 -7.619476133785342
-1.30283347227036 -7.723743870275584
-0.7840348915245202 -7.79351549167382
-0.2617346206257589 -7.82847938098157
0.26173462062575603 -7.82847938098157
0.7840348915245173 -7.79351549167382
1.3028334722703574 -7.723743870275584
1.815813282461407 -7.6194761337853425
2.3206832297375963 -7.4811779672256415
2.8151884423553515 -7.309467043780726
3.297120339992161 -7.105110266118159
3.764326497802419 -6.869020341215352
4.214720259669335 -6.602251703988613
4.646290057717652 -6.305995807930877
5.057108396464133 -5.981575803791142
5.445340461480257 -5.630440630062061
5.809252314118907 -5.254158541668858
6.147218635705243 -4.8544101057621685
6.457729986604486 -4.432980695897166
6.739399547745746 -3.99175251812185
6.990969314492641 -3.532696204587933
7.211315715197392 -3.057862012229268
7.399454629344543 -2.5693706658166886
7.554545782872098 -2.069403886286359
7.675896501039455 -1.560194646644431
7.7629648020809405 -1.0440171989675822
7.815361817827954 -0.5231769170411129
1.0 0.5 0.4 0.32000000000000006 0.25600000000000006 0.20480000000000007 0.16384000000000007 0.13107200000000005 0.10485760000000005 0.08388608000000004 0.06710886400000003 0.05368709120000003 0.042949672960000025 0.03435973836800002 0.027487790694400018 0.021990232555520017 0.017592186044416015 0.014073748835532814 0.011258999068426251 0.009007199254741001 0.007205759403792801 0.0057646075230342415 0.0046116860184273935 