0.0 0.0
1.9875480221145294 0.0
1.957352701662468 0.3451340920656998
1.8676842098386508 0.6797814593902607
1.7212670783926978 0.9937740110572646
1.5225501177729508 1.2775712422722072
1.2775712422722074 1.5225501177729508
0.9937740110572649 1.7212670783926975
0.6797814593902609 1.8676842098386506
0.34513409206569995 1.957352701662468
1.2170221617171057e-16 1.9875480221145294
-0.3451340920656997 1.957352701662468
-0.6797814593902602 1.8676842098386508
-0.9937740110572643 1.7212670783926978
-1.2775712422722074 1.5225501177729508
-1.5225501177729506 1.2775712422722076
-1.7212670783926973 0.9937740110572654
-1.8676842098386506 0.679781459390261
-1.957352701662468 0.34513409206569967
-1.9875480221145294 2.4340443234342113e-16
-1.9573527016624683 -0.34513409206569917
-1.8676842098386508 -0.6797814593902606
-1.7212670783926975 -0.9937740110572649
-1.5225501177729515 -1.2775712422722065
-1.2775712422722076 -1.5225501177729506
-0.9937740110572656 -1.721267078392697
-0.6797814593902604 -1.8676842098386508
-0.3451340920656998 -1.957352701662468
-3.6510664851513165e-16 -1.9875480221145294
0.34513409206569906 -1.9573527016624683
0.6797814593902612 -1.8676842098386506
0.9937740110572634 -1.7212670783926984
1.2775712422722072 -1.522550117772951
1.5225501177729504 -1.2775712422722079
1.721267078392698 -0.993774011057264
1.8676842098386508 -0.6797814593902605
1.957352701662468 -0.3451340920656999
3.2503047865815464 0.0
3.200925353478197 0.5644095030519864
3.054287423255796 1.1116697089587275
2.8148465152217774 1.625152393290773
2.4898779202038095 2.0892556445194694
2.08925564451947 2.4898779202038095
1.6251523932907737 2.8148465152217774
1.111669708958728 3.0542874232557957
0.5644095030519867 3.200925353478197
1.9902376765702058e-16 3.2503047865815464
-0.5644095030519863 3.200925353478197
-1.1116697089587269 3.054287423255796
-1.6251523932907725 2.8148465152217774
-2.08925564451947 2.4898779202038095
-2.489877920203809 2.08925564451947
-2.814846515221777 1.6251523932907743
-3.0542874232557957 1.1116697089587282
-3.200925353478197 0.5644095030519862
-3.2503047865815464 3.9804753531404117e-16
-3.2009253534781976 -0.5644095030519855
-3.054287423255796 -1.1116697089587273
-2.8148465152217774 -1.6251523932907737
-2.4898779202038104 -2.089255644519468
-2.08925564451947 -2.489877920203809
-1.6251523932907748 -2.8148465152217765
-1.111669708958727 -3.054287423255796
-0.5644095030519864 -3.200925353478197
-5.970713029710617e-16 -3.2503047865815464
0.5644095030519852 -3.2009253534781976
1.1116697089587284 -3.0542874232557957
1.625152393290771 -2.8148465152217788
2.0892556445194694 -2.48987792020381
2.4898779202038086 -2.0892556445194703
2.814846515221778 -1.625152393290772
3.054287423255796 -1.1116697089587273
3.200925353478197 -0.5644095030519867
1.0 0.5 0.4 