0.0 0.0
1.0975700658528136 0.0
0.9888764596749929 0.47621780411572323
0.6843237428846478 0.8581148316982384
0.24423231613606167 1.0700516927751502
-0.24423231613606153 1.0700516927751504
-0.6843237428846477 0.8581148316982385
-0.9888764596749929 0.47621780411572334
-1.0975700658528136 1.3441356679865978e-16
-0.9888764596749929 -0.4762178041157231
-0.6843237428846479 -0.8581148316982383
-0.2442323161360618 -1.0700516927751502
0.24423231613606045 -1.0700516927751507
0.6843237428846476 -0.8581148316982385
0.9888764596749932 -0.47621780411572256
1.8055395845871947 0.0
1.6267349554785286 0.7833942660854546
1.12573551784237 1.4116276900725173
0.4017703546574386 1.760270937563231
-0.40177035465743843 1.7602709375632313
-1.1257355178423698 1.4116276900725175
-1.6267349554785286 0.7833942660854547
-1.8055395845871947 2.2111482729985497e-16
-1.6267349554785286 -0.7833942660854545
-1.1257355178423702 -1.411627690072517
-0.4017703546574389 -1.760270937563231
0.4017703546574366 -1.7602709375632317
1.1257355178423696 -1.4116276900725175
1.626734955478529 -0.7833942660854535
2.2852512081451306 0.0
2.0589401938751535 0.9915333390129264
1.424830822963839 1.7866813398759638
0.5085162331612505 2.2279551891679223
-0.5085162331612503 2.227955189167923
-1.4248308229638385 1.7866813398759642
-2.0589401938751535 0.9915333390129265
-2.2852512081451306 2.798625577302556e-16
-2.0589401938751535 -0.9915333390129261
-1.4248308229638391 -1.7866813398759636
-0.5085162331612508 -2.2279551891679223
0.5085162331612479 -2.2279551891679232
1.4248308229638382 -1.7866813398759642
2.0589401938751544 -0.991533339012925
2.96879222145627 0.0
2.674789366802963 1.288110669708568
1.851011673915519 2.3210952236407114
0.6606184178406908 2.8943584021659996
-0.6606184178406904 2.894358402166
-1.8510116739155187 2.3210952236407114
-2.674789366802963 1.2881106697085682
-2.96879222145627 3.635721891339981e-16
-2.674789366802963 -1.2881106697085678
-1.8510116739155194 -2.321095223640711
-0.6606184178406912 -2.8943584021659996
0.6606184178406874 -2.8943584021660005
1.8510116739155182 -2.3210952236407114
2.6747893668029636 -1.2881106697085662
2.643171312635428 0.0
2.3814150652172925 1.1468290522545237
1.6479903579937514 2.066514545774725
0.588160949094173 2.576901489366548
-0.5881609490941728 2.5769014893665485
-1.6479903579937512 2.0665145457747256
-2.3814150652172925 1.146829052254524
-2.643171312635428 3.2369512876170847e-16
-2.3814150652172925 -1.1468290522545235
-1.6479903579937518 -2.0665145457747247
-0.5881609490941735 -2.576901489366548
0.5881609490941702 -2.576901489366549
1.647990357993751 -2.0665145457747256
2.381415065217293 -1.1468290522545221
3.51429898351097 0.0
3.1662739766445007 1.5247971833427734
2.1911295769016035 2.7475895841142726
0.7820050920125877 3.4261881707770554
-0.7820050920125873 3.426188170777056
-2.191129576901603 2.747589584114273
-3.1662739766445007 1.5247971833427736
-3.51429898351097 4.3037750014035064e-16
-3.1662739766445007 -1.5247971833427731
-2.1911295769016035 -2.747589584114272
-0.7820050920125882 -3.4261881707770554
0.7820050920125838 -3.4261881707770567
2.1911295769016026 -2.747589584114273
3.1662739766445016 -1.5247971833427714
3.2582155395844765 0.0
2.9355507660814952 1.413686741165845
2.0314641611885715 2.547375485513703
0.7250211648993148 3.176525273445468
-0.7250211648993145 3.1765252734454683
-2.031464161188571 2.5473754855137036
-2.9355507660814952 1.4136867411658451
-3.2582155395844765 3.9901632314842956e-16
-2.9355507660814952 -1.4136867411658445
-2.031464161188572 -2.5473754855137027
-0.7250211648993153 -3.176525273445468
0.7250211648993112 -3.176525273445469
2.031464161188571 -2.5473754855137036
2.935550766081496 -1.413686741165843
3.77333183480651 0.0
3.399654511425779 1.6371873254171647
2.352633918030762 2.950109622250585
0.8396453240082383 3.678726527677121
-0.8396453240082379 3.6787265276771213
-2.3526339180307616 2.9501096222505856
-3.399654511425779 1.637187325417165
-3.77333183480651 4.620998753616602e-16
-3.399654511425779 -1.6371873254171643
-2.3526339180307625 -2.9501096222505847
-0.8396453240082389 -3.678726527677121
0.8396453240082341 -3.678726527677122
2.352633918030761 -2.9501096222505856
3.39965451142578 -1.6371873254171623
4.2227139259854045 0.0
3.8045337853708494 1.8321669074303308
2.6328190690187543 3.301450688791564
0.9396422466406076 4.116841671602063
-0.9396422466406071 4.116841671602063
-2.632819069018754 3.3014506887915642
-3.8045337853708494 1.832166907430331
-4.2227139259854045 5.171333093172979e-16
-3.8045337853708494 -1.8321669074303304
-2.6328190690187547 -3.301450688791563
-0.9396422466406082 -4.116841671602063
0.9396422466406029 -4.116841671602064
2.6328190690187534 -3.3014506887915642
3.8045337853708503 -1.8321669074303284
3.989153370587022 0.0
3.594102996186908 1.730828780343707
2.487196444611401 3.1188456935183897
0.887670133718004 3.8891369669594904
-0.8876701337180035 3.889136966959491
-2.4871964446114005 3.11884569351839
-3.594102996186908 1.7308287803437072
-3.989153370587022 4.885303906597271e-16
-3.594102996186908 -1.7308287803437066
-2.4871964446114014 -3.1188456935183893
-0.8876701337180045 -3.8891369669594904
0.8876701337179995 -3.8891369669594917
2.4871964446114 -3.11884569351839
3.594102996186909 -1.7308287803437046
1.0 0.5 0.4 0.32000000000000006 0.25600000000000006 0.20480000000000007 0.16384000000000007 0.13107200000000005 0.10485760000000005 0.08388608000000004 0.06710886400000003 