0.0 0.0
2.231694280120952 0.0
1.3665186284127902e-16 2.231694280120952
-2.231694280120952 2.7330372568255805e-16
-4.09955588523837e-16 -2.231694280120952
1.4036753727329314 0.0
8.595032761296762e-17 1.4036753727329314
-1.4036753727329314 1.7190065522593523e-16
-2.5785098283890284e-16 -1.4036753727329314
2.7951721958659066 0.0
1.7115493413664307e-16 2.7951721958659066
-2.7951721958659066 3.4230986827328614e-16
-5.134648024099291e-16 -2.7951721958659066
1.7701987268653343 0.0
1.0839341023551757e-16 1.7701987268653343
-1.7701987268653343 2.1678682047103513e-16
-3.251802307065527e-16 -1.7701987268653343
0.3906993386730273 0.0
2.392343472674553e-17 0.3906993386730273
-0.3906993386730273 4.784686945349106e-17
-7.177030418023659e-17 -0.3906993386730273
1.2696039954354734 0.0
7.774082345973717e-17 1.2696039954354734
-1.2696039954354734 1.5548164691947434e-16
-2.3322247037921147e-16 -1.2696039954354734
0.6749859418758961 0.0
4.133096865938888e-17 0.6749859418758961
-0.6749859418758961 8.266193731877776e-17
-1.2399290597816663e-16 -0.6749859418758961
0.18156989604793788 0.0
1.1117949600831239e-17 0.18156989604793788
-0.18156989604793788 2.2235899201662478e-17
-3.335384880249371e-17 -0.18156989604793788
0.8722943674591125 0.0
5.341262525115336e-17 0.8722943674591125
-0.8722943674591125 1.0682525050230672e-16
-1.6023787575346009e-16 -0.8722943674591125
0.5676533235293846 0.0
3.475874128428089e-17 0.5676533235293846
-0.5676533235293846 6.951748256856178e-17
-1.0427622385284265e-16 -0.5676533235293846
-1.3219119201800666 -0.0
-8.09437600901625e-17 -1.3219119201800666
1.3219119201800666 -1.61887520180325e-16
2.428312802704875e-16 1.3219119201800666
1.1093073813001426 0.0
6.792548668898761e-17 1.1093073813001426
-1.1093073813001426 1.3585097337797522e-16
-2.037764600669628e-16 -1.1093073813001426
0.7834918221556889 0.0
4.7975037608054585e-17 0.7834918221556889
-0.7834918221556889 9.595007521610917e-17
-1.4392511282416375e-16 -0.7834918221556889
1.0460460372269385 0.0
6.405184656253716e-17 1.0460460372269385
-1.0460460372269385 1.2810369312507433e-16
-1.9215553968761147e-16 -1.0460460372269385
1.9678372618835795 0.0
1.2049528020043087e-16 1.9678372618835795
-1.9678372618835795 2.4099056040086173e-16
-3.614858406012926e-16 -1.9678372618835795
0.9542567210038562 0.0
5.843137194711106e-17 0.9542567210038562
-0.9542567210038562 1.1686274389422213e-16
-1.7529411584133318e-16 -0.9542567210038562
1.006074828446489 0.0
6.160431591798577e-17 1.006074828446489
-1.006074828446489 1.2320863183597153e-16
-1.848129477539573e-16 -1.006074828446489
-0.6139408011384758 -0.0
-3.759303184900981e-17 -0.6139408011384758
0.6139408011384758 -7.518606369801961e-17
1.127790955470294e-16 0.6139408011384758
-0.2734344528077165 -0.0
-1.67430313703789e-17 -0.2734344528077165
0.2734344528077165 -3.34860627407578e-17
5.0229094111136697e-17 0.2734344528077165
0.9812798472032707 0.0
6.008606119726446e-17 0.9812798472032707
-0.9812798472032707 1.2017212239452893e-16
-1.8025818359179338e-16 -0.9812798472032707
0.9265339300106378 0.0
5.673384058444727e-17 0.9265339300106378
-0.9265339300106378 1.1346768116889454e-16
-1.7020152175334178e-16 -0.9265339300106378
1.0 0.5 0.4 0.32000000000000006 0.25600000000000006 0.20480000000000007 0.16384000000000007 0.13107200000000005 0.10485760000000005 0.08388608000000004 0.06710886400000003 0.05368709120000003 0.042949672960000025 0.03435973836800002 0.027487790694400018 0.021990232555520017 0.017592186044416015 0.014073748835532814 0.011258999068426251 0.009007199254741001 0.007205759403792801 0.0057646075230342415 