0.0 0.0
2.2045905547139673 0.0
2.1951861600659255 0.20341395377174867
2.1670532111010408 0.40509245141165684
2.1204317282204834 0.603314843087696
2.0557194694779186 0.7963899652453332
1.9734685370480376 0.9826705690186902
1.8743806668854706 1.1605673739770632
1.7593012417610454 1.3285626273051945
1.6292120787540612 1.4852230527351467
1.4852230527351467 1.6292120787540612
1.328562627305195 1.7593012417610452
1.1605673739770639 1.8743806668854701
0.9826705690186903 1.9734685370480376
0.7963899652453331 2.0557194694779186
0.6033148430876963 2.1204317282204834
0.40509245141165723 2.1670532111010408
0.20341395377174873 2.1951861600659255
1.349922383130474e-16 2.2045905547139673
-0.20341395377174845 2.1951861600659255
-0.40509245141165645 2.1670532111010408
-0.6033148430876961 2.1204317282204834
-0.7963899652453332 2.0557194694779186
-0.9826705690186892 1.973468537048038
-1.1605673739770628 1.8743806668854708
-1.3285626273051945 1.7593012417610454
-1.4852230527351467 1.6292120787540612
-1.6292120787540616 1.4852230527351464
-1.7593012417610452 1.328562627305195
-1.8743806668854701 1.1605673739770639
-1.9734685370480374 0.9826705690186904
-2.055719469477918 0.7963899652453341
-2.1204317282204834 0.6033148430876965
-2.1670532111010408 0.4050924514116569
-2.1951861600659255 0.20341395377174834
-2.2045905547139673 2.699844766260948e-16
-2.1951861600659255 -0.20341395377174784
-2.1670532111010408 -0.40509245141165634
-2.1204317282204834 -0.603314843087696
-2.0557194694779186 -0.7963899652453328
-1.9734685370480376 -0.9826705690186899
-1.8743806668854703 -1.1605673739770634
-1.7593012417610463 -1.3285626273051936
-1.6292120787540612 -1.4852230527351467
-1.4852230527351473 -1.629212078754061
-1.3285626273051965 -1.759301241761044
-1.160567373977064 -1.8743806668854701
-0.9826705690186915 -1.973468537048037
-0.7963899652453333 -2.0557194694779186
-0.6033148430876967 -2.1204317282204834
-0.405092451411658 -2.1670532111010408
-0.2034139537717485 -2.1951861600659255
-4.0497671493914217e-16 -2.2045905547139673
0.20341395377174964 -2.1951861600659255
0.4050924514116572 -2.1670532111010408
0.6033148430876959 -2.1204317282204834
0.7963899652453343 -2.055719469477918
0.982670569018689 -1.973468537048038
1.1605673739770617 -1.8743806668854717
1.3285626273051943 -1.7593012417610459
1.485223052735146 -1.6292120787540618
1.6292120787540598 -1.485223052735148
1.759301241761045 -1.3285626273051951
1.87438066688547 -1.160567373977064
1.9734685370480378 -0.9826705690186898
2.0557194694779186 -0.7963899652453335
2.1204317282204834 -0.6033148430876968
2.1670532111010408 -0.40509245141165623
2.1951861600659255 -0.20341395377174862
3.343626011916464 0.0
3.329362692814291 0.30851088677835514
3.286694425117249 0.6143896674485922
3.2159852394409207 0.9150266921038531
3.1178384016261402 1.2078570316514086
2.993091265887543 1.4903823608833084
2.842808130802649 1.7601922733061712
2.668271159091662 2.014984845879501
2.4709694386572165 2.2525862782114334
2.2525862782114334 2.4709694386572165
2.014984845879501 2.6682711590916615
1.7601922733061723 2.842808130802648
1.4903823608833087 2.993091265887543
1.2078570316514083 3.1178384016261402
0.9150266921038537 3.2159852394409207
0.6143896674485929 3.286694425117249
0.30851088677835525 3.329362692814291
2.0473804465196636e-16 3.343626011916464
-0.3085108867783548 3.3293626928142914
-0.6143896674485917 3.286694425117249
-0.9150266921038533 3.2159852394409207
-1.2078570316514086 3.1178384016261402
-1.490382360883307 2.9930912658875433
-1.7601922733061706 2.842808130802649
-2.014984845879501 2.668271159091662
-2.2525862782114334 2.4709694386572165
-2.4709694386572174 2.252586278211433
-2.6682711590916615 2.014984845879501
-2.842808130802648 1.7601922733061723
-2.9930912658875424 1.4903823608833089
-3.11783840162614 1.20785703165141
-3.2159852394409207 0.9150266921038539
-3.286694425117249 0.6143896674485924
-3.3293626928142914 0.3085108867783547
-3.343626011916464 4.094760893039327e-16
-3.3293626928142914 -0.30851088677835387
-3.286694425117249 -0.6143896674485916
-3.2159852394409207 -0.9150266921038531
-3.1178384016261407 -1.207857031651408
-2.993091265887543 -1.490382360883308
-2.8428081308026485 -1.7601922733061717
-2.668271159091663 -2.0149848458794994
-2.4709694386572165 -2.2525862782114334
-2.252586278211434 -2.470969438657216
-2.014984845879504 -2.6682711590916597
-1.7601922733061728 -2.842808130802648
-1.4903823608833104 -2.9930912658875415
-1.2078570316514088 -3.1178384016261402
-0.9150266921038541 -3.2159852394409207
-0.614389667448594 -3.2866944251172487
-0.3085108867783549 -3.3293626928142914
-6.14214133955899e-16 -3.343626011916464
0.30851088677835664 -3.329362692814291
0.6143896674485928 -3.286694425117249
0.915026692103853 -3.2159852394409207
1.2078570316514103 -3.1178384016261393
1.4903823608833067 -2.9930912658875433
1.760192273306169 -2.8428081308026503
2.0149848458795008 -2.6682711590916623
2.252586278211432 -2.4709694386572174
2.4709694386572147 -2.252586278211435
2.668271159091661 -2.0149848458795017
2.8428081308026476 -1.7601922733061728
2.993091265887543 -1.490382360883308
3.1178384016261402 -1.207857031651409
3.2159852394409203 -0.9150266921038542
3.286694425117249 -0.6143896674485914
3.3293626928142914 -0.3085108867783551
4.1237151015503715 0.0
4.106124059917653 0.38048842731409654
4.053501015584285 0.7577306615227901
3.966294929810153 1.1285082048956774
3.8452498141710842 1.4896577141651808
3.6913983829144055 1.838097989055943
3.506053242205112 2.1708562599991765
3.290795691432879 2.4850935507544563
3.04746223212322 2.7781288995540057
2.7781288995540057 3.04746223212322
2.4850935507544567 3.2907956914328786
2.170856259999178 3.506053242205111
1.8380979890559432 3.6913983829144055
1.4896577141651806 3.8452498141710842
1.128508204895678 3.966294929810153
0.757730661522791 4.053501015584285
0.38048842731409666 4.106124059917653
2.5250472498546326e-16 4.1237151015503715
-0.38048842731409616 4.106124059917654
-0.7577306615227895 4.053501015584285
-1.1285082048956776 3.966294929810153
-1.4896577141651808 3.8452498141710842
-1.8380979890559412 3.6913983829144064
-2.1708562599991756 3.5060532422051125
-2.4850935507544563 3.290795691432879
-2.7781288995540057 3.04746223212322
-3.047462232123221 2.778128899554005
-3.2907956914328786 2.4850935507544567
-3.506053242205111 2.170856259999178
-3.691398382914405 1.8380979890559435
-3.845249814171084 1.4896577141651823
-3.966294929810153 1.1285082048956783
-4.053501015584285 0.7577306615227902
-4.106124059917654 0.380488427314096
-4.1237151015503715 5.050094499709265e-16
-4.106124059917654 -0.380488427314095
-4.053501015584285 -0.7577306615227892
-3.966294929810153 -1.1285082048956774
-3.8452498141710847 -1.48965771416518
-3.6913983829144055 -1.8380979890559426
-3.5060532422051116 -2.170856259999177
-3.2907956914328804 -2.485093550754454
-3.04746223212322 -2.7781288995540057
-2.7781288995540065 -3.0474622321232196
-2.48509355075446 -3.2907956914328764
-2.1708562599991783 -3.506053242205111
-1.8380979890559455 -3.691398382914404
-1.489657714165181 -3.8452498141710842
-1.1285082048956785 -3.966294929810153
-0.7577306615227923 -4.053501015584284
-0.38048842731409627 -4.106124059917654
-7.575141749563897e-16 -4.1237151015503715
0.3804884273140984 -4.106124059917653
0.7577306615227908 -4.053501015584285
1.1285082048956772 -3.966294929810153
1.4896577141651828 -3.8452498141710834
1.8380979890559408 -3.6913983829144064
2.170856259999174 -3.506053242205114
2.485093550754456 -3.2907956914328795
2.7781288995540043 -3.0474622321232214
3.047462232123218 -2.778128899554008
3.290795691432878 -2.485093550754457
3.5060532422051107 -2.1708562599991783
3.691398382914406 -1.8380979890559423
3.8452498141710842 -1.4896577141651812
3.9662949298101524 -1.1285082048956787
4.053501015584285 -0.757730661522789
4.106124059917654 -0.3804884273140965
4.71166821792808 0.0
4.6915690719541105 0.43473789680360364
4.631443112858891 0.865766763155944
4.531803314125606 1.2894092127458006
4.3934997673850456 1.7020508775653933
4.217712429733542 2.1001712444238345
4.005941056755068 2.4803736907243756
3.7599924071353943 2.839414463250787
3.481964828034023 3.1742303527260853
3.1742303527260853 3.481964828034023
2.8394144632507876 3.759992407135394
2.4803736907243774 4.005941056755067
2.100171244423835 4.217712429733542
1.702050877565393 4.3934997673850456
1.2894092127458012 4.531803314125606
0.8657667631559449 4.631443112858891
0.43473789680360375 4.6915690719541105
2.885064700864969e-16 4.71166821792808
-0.43473789680360314 4.6915690719541105
-0.8657667631559433 4.631443112858891
-1.2894092127458008 4.531803314125606
-1.7020508775653933 4.3934997673850456
-2.1001712444238327 4.217712429733543
-2.4803736907243747 4.005941056755069
-2.839414463250787 3.7599924071353943
-3.1742303527260853 3.481964828034023
-3.481964828034024 3.174230352726085
-3.759992407135394 2.8394144632507876
-4.005941056755067 2.4803736907243774
-4.217712429733541 2.1001712444238354
-4.393499767385045 1.702050877565395
-4.531803314125606 1.2894092127458014
-4.631443112858891 0.8657667631559441
-4.6915690719541105 0.434737896803603
-4.71166821792808 5.770129401729938e-16
-4.6915690719541105 -0.43473789680360186
-4.631443112858891 -0.865766763155943
-4.531803314125606 -1.2894092127458006
-4.3934997673850456 -1.7020508775653922
-4.217712429733542 -2.100171244423834
-4.005941056755068 -2.480373690724376
-3.759992407135396 -2.839414463250785
-3.481964828034023 -3.1742303527260853
-3.1742303527260862 -3.4819648280340227
-2.8394144632507916 -3.759992407135391
-2.480373690724378 -4.005941056755067
-2.1001712444238376 -4.21771242973354
-1.7020508775653935 -4.3934997673850456
-1.289409212745802 -4.531803314125606
-0.8657667631559465 -4.63144311285889
-0.4347378968036033 -4.6915690719541105
-8.655194102594906e-16 -4.71166821792808
0.4347378968036057 -4.6915690719541105
0.8657667631559448 -4.631443112858891
1.2894092127458003 -4.531803314125606
1.7020508775653957 -4.393499767385045
2.1001712444238323 -4.217712429733543
2.4803736907243725 -4.00594105675507
2.8394144632507867 -3.759992407135395
3.1742303527260836 -3.4819648280340245
3.4819648280340205 -3.174230352726088
3.7599924071353934 -2.8394144632507885
4.005941056755066 -2.480373690724378
4.217712429733542 -2.100171244423834
4.3934997673850456 -1.7020508775653937
4.5318033141256056 -1.2894092127458021
4.631443112858891 -0.8657667631559427
4.6915690719541105 -0.43473789680360353
5.172908304831469 0.0
5.1508415899611055 0.4772957629408901
5.084829710780787 0.9505194067221147
4.975435857368545 1.4156335540688891
4.823593339510507 1.8686700150706805
4.630597624030874 2.3057636423783787
4.3980952823257455 2.723185307278666
4.128069942396533 3.1173737153053476
3.822825365235259 3.4849657899480575
3.4849657899480575 3.822825365235259
3.117373715305348 4.128069942396533
2.723185307278668 4.398095282325745
2.305763642378379 4.630597624030874
1.8686700150706803 4.823593339510507
1.41563355406889 4.975435857368545
0.9505194067221157 5.084829710780787
0.47729576294089027 5.1508415899611055
3.1674927988973095e-16 5.172908304831469
-0.4772957629408896 5.150841589961106
-0.9505194067221139 5.084829710780787
-1.4156335540688894 4.975435857368545
-1.8686700150706805 4.823593339510507
-2.3057636423783765 4.630597624030875
-2.7231853072786647 4.398095282325746
-3.1173737153053476 4.128069942396533
-3.4849657899480575 3.822825365235259
-3.82282536523526 3.484965789948057
-4.128069942396533 3.117373715305348
-4.398095282325745 2.723185307278668
-4.630597624030873 2.305763642378379
-4.823593339510507 1.8686700150706825
-4.975435857368545 1.4156335540688902
-5.084829710780787 0.9505194067221149
-5.150841589961106 0.4772957629408894
-5.172908304831469 6.334985597794619e-16
-5.150841589961106 -0.47729576294088816
-5.084829710780787 -0.9505194067221135
-4.975435857368545 -1.4156335540688891
-4.8235933395105075 -1.8686700150706794
-4.630597624030874 -2.3057636423783783
-4.3980952823257455 -2.7231853072786665
-4.128069942396535 -3.117373715305345
-3.822825365235259 -3.4849657899480575
-3.484965789948059 -3.8228253652352584
-3.117373715305352 -4.12806994239653
-2.7231853072786683 -4.398095282325745
-2.305763642378382 -4.630597624030872
-1.868670015070681 -4.823593339510507
-1.4156335540688907 -4.975435857368545
-0.9505194067221174 -5.084829710780786
-0.47729576294088977 -5.150841589961106
-9.502478396691928e-16 -5.172908304831469
0.47729576294089243 -5.1508415899611055
0.9505194067221155 -5.084829710780787
1.415633554068889 -4.975435857368545
1.8686700150706832 -4.823593339510506
2.305763642378376 -4.630597624030875
2.7231853072786625 -4.398095282325748
3.1173737153053467 -4.128069942396534
3.484965789948056 -3.8228253652352606
3.822825365235256 -3.4849657899480606
4.128069942396532 -3.1173737153053485
4.398095282325744 -2.7231853072786683
4.630597624030875 -2.305763642378378
4.823593339510507 -1.8686700150706812
4.975435857368544 -1.415633554068891
5.084829710780787 -0.9505194067221132
5.150841589961106 -0.47729576294089004
5.987226710641384 0.0
5.9616862570121265 0.5524315863257423
5.8852827982694125 1.1001500211388449
5.758668181784131 1.6384823638735622
5.582922638821079 2.1628357527923203
5.359545568386684 2.668736589662662
5.090442744885357 3.1518687069200197
4.777910058724227 3.608110191687541
4.424613928585697 4.033568552483406
4.033568552483406 4.424613928585697
3.6081101916875418 4.777910058724226
3.1518687069200215 5.0904427448853555
2.6687365896626623 5.359545568386684
2.16283575279232 5.582922638821079
1.638482363873563 5.758668181784131
1.100150021138846 5.8852827982694125
0.5524315863257425 5.9616862570121265
3.666119013478253e-16 5.987226710641384
-0.5524315863257417 5.961686257012127
-1.1001500211388437 5.8852827982694125
-1.6384823638735624 5.758668181784131
-2.1628357527923203 5.582922638821079
-2.668736589662659 5.359545568386686
-3.1518687069200184 5.090442744885357
-3.608110191687541 4.777910058724227
-4.033568552483406 4.424613928585697
-4.424613928585699 4.0335685524834055
-4.777910058724226 3.6081101916875418
-5.0904427448853555 3.1518687069200215
-5.359545568386684 2.6687365896626627
-5.582922638821079 2.1628357527923225
-5.758668181784131 1.6384823638735635
-5.8852827982694125 1.1001500211388449
-5.961686257012127 0.5524315863257415
-5.987226710641384 7.332238026956506e-16
-5.961686257012127 -0.5524315863257401
-5.8852827982694125 -1.1001500211388435
-5.758668181784131 -1.6384823638735622
-5.5829226388210795 -2.162835752792319
-5.359545568386684 -2.6687365896626614
-5.090442744885356 -3.15186870692002
-4.7779100587242285 -3.608110191687538
-4.424613928585697 -4.033568552483406
-4.033568552483408 -4.424613928585696
-3.608110191687546 -4.777910058724222
-3.1518687069200224 -5.0904427448853555
-2.6687365896626654 -5.359545568386682
-2.1628357527923208 -5.582922638821079
-1.6384823638735637 -5.758668181784131
-1.100150021138848 -5.885282798269412
-0.552431586325742 -5.961686257012127
-1.099835704043476e-15 -5.987226710641384
0.552431586325745 -5.9616862570121265
1.1001500211388457 -5.8852827982694125
1.6384823638735617 -5.758668181784131
2.1628357527923234 -5.582922638821078
2.6687365896626587 -5.359545568386686
3.1518687069200158 -5.09044274488536
3.6081101916875404 -4.777910058724227
4.033568552483405 -4.424613928585699
4.424613928585694 -4.03356855248341
4.777910058724225 -3.608110191687542
5.090442744885355 -3.1518687069200224
5.359545568386685 -2.668736589662661
5.582922638821079 -2.162835752792321
5.75866818178413 -1.6384823638735642
5.8852827982694125 -1.100150021138843
5.961686257012127 -0.5524315863257423
5.665133210923838 0.0
5.640966751380892 0.5227125475130109
5.568673552464021 1.040965495873894
5.448870394256518 1.550337293658077
5.282579395062808 2.046482160286303
5.071219291055455 2.5251671626922523
4.816593332118378 2.9823083292149755
4.520873897154642 3.414005492605136
4.186583960115621 3.8165755648768225
3.8165755648768225 4.186583960115621
3.4140054926051366 4.520873897154642
2.9823083292149772 4.816593332118377
2.5251671626922527 5.071219291055455
2.0464821602863026 5.282579395062808
1.5503372936580782 5.448870394256518
1.0409654958738952 5.568673552464021
0.5227125475130111 5.640966751380892
3.468893626750623e-16 5.665133210923838
-0.5227125475130103 5.640966751380892
-1.0409654958738932 5.568673552464021
-1.5503372936580775 5.448870394256518
-2.046482160286303 5.282579395062808
-2.52516716269225 5.071219291055457
-2.982308329214974 4.816593332118379
-3.414005492605136 4.520873897154642
-3.8165755648768225 4.186583960115621
-4.186583960115623 3.816575564876822
-4.520873897154642 3.4140054926051366
-4.816593332118377 2.9823083292149772
-5.071219291055455 2.525167162692253
-5.2825793950628075 2.0464821602863053
-5.448870394256518 1.5503372936580784
-5.568673552464021 1.0409654958738943
-5.640966751380892 0.5227125475130101
-5.665133210923838 6.937787253501246e-16
-5.640966751380892 -0.5227125475130088
-5.568673552464021 -1.040965495873893
-5.448870394256518 -1.550337293658077
-5.282579395062809 -2.0464821602863017
-5.071219291055455 -2.525167162692252
-4.816593332118377 -2.982308329214976
-4.520873897154644 -3.4140054926051335
-4.186583960115621 -3.8165755648768225
-3.816575564876824 -4.1865839601156205
-3.414005492605141 -4.5208738971546385
-2.9823083292149777 -4.816593332118377
-2.525167162692256 -5.071219291055454
-2.0464821602863035 -5.282579395062808
-1.5503372936580786 -5.448870394256518
-1.0409654958738972 -5.56867355246402
-0.5227125475130106 -5.640966751380892
-1.0406680880251869e-15 -5.665133210923838
0.5227125475130134 -5.640966751380892
1.0409654958738952 -5.568673552464021
1.5503372936580768 -5.448870394256518
2.0464821602863057 -5.282579395062807
2.525167162692249 -5.071219291055457
2.9823083292149715 -4.816593332118381
3.4140054926051353 -4.520873897154643
3.8165755648768207 -4.186583960115623
4.186583960115619 -3.8165755648768256
4.520873897154641 -3.414005492605137
4.8165933321183765 -2.9823083292149777
5.071219291055456 -2.5251671626922514
5.282579395062808 -2.0464821602863035
5.4488703942565175 -1.550337293658079
5.568673552464021 -1.0409654958738925
5.640966751380892 -0.5227125475130109
6.557152810267092 0.0
6.529181152371973 0.6050177325535249
6.445504823009251 1.2048736671361473
6.3068377191176035 1.7944500444172533
6.114362899534792 2.3687168066246564
5.869722491556787 2.9227745122239606
5.575003680886677 3.4518961362262366
5.232720904502176 3.9515673994985274
4.845794398365886 4.41752528300172
4.41752528300172 4.845794398365886
3.9515673994985283 5.232720904502175
3.451896136226239 5.575003680886676
2.922774512223961 5.869722491556787
2.368716806624656 6.114362899534792
1.7944500444172544 6.3068377191176035
1.2048736671361486 6.445504823009251
0.6050177325535251 6.529181152371973
4.015098100306833e-16 6.557152810267092
-0.6050177325535242 6.529181152371974
-1.2048736671361462 6.445504823009251
-1.7944500444172535 6.3068377191176035
-2.3687168066246564 6.114362899534792
-2.922774512223958 5.8697224915567885
-3.4518961362262353 5.575003680886678
-3.9515673994985274 5.232720904502176
-4.41752528300172 4.845794398365886
-4.845794398365887 4.417525283001719
-5.232720904502175 3.9515673994985283
-5.575003680886676 3.451896136226239
-5.869722491556786 2.9227745122239615
-6.114362899534791 2.368716806624659
-6.3068377191176035 1.7944500444172546
-6.445504823009251 1.2048736671361475
-6.529181152371974 0.605017732553524
-6.557152810267092 8.030196200613666e-16
-6.529181152371974 -0.6050177325535224
-6.445504823009251 -1.2048736671361457
-6.3068377191176035 -1.7944500444172533
-6.114362899534793 -2.368716806624655
-5.869722491556787 -2.92277451222396
-5.5750036808866765 -3.4518961362262375
-5.232720904502178 -3.9515673994985248
-4.845794398365886 -4.41752528300172
-4.417525283001721 -4.845794398365885
-3.951567399498533 -5.232720904502171
-3.4518961362262397 -5.575003680886676
-2.9227745122239646 -5.869722491556784
-2.368716806624657 -6.114362899534792
-1.794450044417255 -6.3068377191176035
-1.2048736671361508 -6.44550482300925
-0.6050177325535244 -6.529181152371974
-1.2045294300920498e-15 -6.557152810267092
0.6050177325535278 -6.529181152371973
1.2048736671361484 -6.445504823009251
1.7944500444172529 -6.3068377191176035
2.36871680662466 -6.1143628995347905
2.922774512223957 -5.8697224915567885
3.451896136226232 -5.57500368088668
3.951567399498527 -5.232720904502177
4.4175252830017175 -4.8457943983658875
4.845794398365882 -4.417525283001724
5.232720904502174 -3.9515673994985288
5.575003680886676 -3.4518961362262397
5.869722491556788 -2.9227745122239597
6.114362899534792 -2.3687168066246573
6.306837719117603 -1.7944500444172555
6.445504823009251 -1.2048736671361455
6.529181152371974 -0.6050177325535248
6.285803122748717 0.0
6.25898899478295 0.5799807420453248
6.178775379571056 1.155013292894969
6.0458466313954995 1.7201916775758495
5.861336851466358 2.2706939933861556
5.626820212169671 2.801823548669043
5.344297526783679 3.309048933329844
5.016179179245403 3.788042679229267
4.645264559604767 4.234718180615737
4.234718180615737 4.645264559604767
3.788042679229268 5.016179179245403
3.309048933329846 5.344297526783678
2.8018235486690433 5.626820212169671
2.270693993386155 5.861336851466358
1.7201916775758506 6.0458466313954995
1.1550132928949701 6.178775379571056
0.579980742045325 6.25898899478295
3.848944337172327e-16 6.285803122748717
-0.5799807420453242 6.258988994782951
-1.155013292894968 6.178775379571056
-1.72019167757585 6.0458466313954995
-2.2706939933861556 5.861336851466358
-2.80182354866904 5.626820212169672
-3.3090489333298425 5.34429752678368
-3.788042679229267 5.016179179245403
-4.234718180615737 4.645264559604767
-4.645264559604769 4.234718180615736
-5.016179179245403 3.788042679229268
-5.344297526783678 3.309048933329846
-5.62682021216967 2.8018235486690437
-5.8613368514663575 2.270693993386158
-6.0458466313954995 1.720191677575851
-6.178775379571056 1.155013292894969
-6.258988994782951 0.5799807420453239
-6.285803122748717 7.697888674344654e-16
-6.258988994782951 -0.5799807420453225
-6.178775379571056 -1.1550132928949675
-6.0458466313954995 -1.7201916775758495
-5.861336851466359 -2.2706939933861543
-5.626820212169671 -2.8018235486690424
-5.344297526783678 -3.3090489333298447
-5.016179179245405 -3.7880426792292643
-4.645264559604767 -4.234718180615737
-4.2347181806157375 -4.645264559604767
-3.7880426792292727 -5.016179179245399
-3.309048933329847 -5.344297526783678
-2.801823548669047 -5.626820212169669
-2.270693993386156 -5.861336851466358
-1.7201916775758512 -6.0458466313954995
-1.1550132928949723 -6.178775379571055
-0.5799807420453243 -6.258988994782951
-1.1546833011516981e-15 -6.285803122748717
0.5799807420453276 -6.25898899478295
1.15501329289497 -6.178775379571056
1.7201916775758492 -6.0458466313954995
2.2706939933861587 -5.861336851466357
2.8018235486690393 -5.626820212169672
3.30904893332984 -5.344297526783682
3.7880426792292665 -5.016179179245404
4.234718180615734 -4.64526455960477
4.6452645596047635 -4.23471818061574
5.016179179245402 -3.7880426792292683
5.344297526783677 -3.309048933329847
5.6268202121696715 -2.801823548669042
5.861336851466358 -2.2706939933861565
6.045846631395499 -1.7201916775758517
6.178775379571056 -1.1550132928949672
6.258988994782951 -0.5799807420453247
6.859562272428142 0.0
6.83030058908073 0.6329205575133044
6.74276518940344 1.2604412599914085
6.597702894562202 1.8772083220583364
6.396351324909078 2.4779597046064747
6.140428341041786 3.057570008658894
5.8321173876227785 3.611094203466256
5.474048864999245 4.1338098157655985
5.069277687554805 4.621257220257117
4.621257220257117 5.069277687554805
4.133809815765599 5.4740488649992445
3.611094203466258 5.832117387622777
3.0575700086588946 6.140428341041786
2.4779597046064747 6.396351324909078
1.8772083220583378 6.597702894562202
1.2604412599914099 6.74276518940344
0.6329205575133046 6.83030058908073
4.200270490240534e-16 6.859562272428142
-0.6329205575133038 6.830300589080731
-1.2604412599914074 6.74276518940344
-1.8772083220583369 6.597702894562202
-2.4779597046064747 6.396351324909078
-3.057570008658891 6.140428341041788
-3.6110942034662545 5.832117387622779
-4.1338098157655985 5.474048864999245
-4.621257220257117 5.069277687554805
-5.0692776875548065 4.6212572202571165
-5.4740488649992445 4.133809815765599
-5.832117387622777 3.611094203466258
-6.140428341041785 3.057570008658895
-6.3963513249090775 2.4779597046064774
-6.597702894562202 1.877208322058338
-6.74276518940344 1.2604412599914088
-6.830300589080731 0.6329205575133035
-6.859562272428142 8.400540980481068e-16
-6.830300589080731 -0.6329205575133019
-6.74276518940344 -1.260441259991407
-6.597702894562202 -1.8772083220583364
-6.396351324909079 -2.4779597046064734
-6.140428341041786 -3.0575700086588937
-5.832117387622778 -3.6110942034662568
-5.474048864999247 -4.133809815765595
-5.069277687554805 -4.621257220257117
-4.621257220257119 -5.069277687554804
-4.133809815765605 -5.474048864999241
-3.611094203466259 -5.832117387622777
-3.0575700086588986 -6.140428341041784
-2.477959704606475 -6.396351324909078
-1.8772083220583384 -6.597702894562202
-1.260441259991412 -6.742765189403439
-0.6329205575133039 -6.830300589080731
-1.2600811470721602e-15 -6.859562272428142
0.6329205575133074 -6.83030058908073
1.2604412599914097 -6.74276518940344
1.8772083220583362 -6.597702894562202
2.4779597046064783 -6.396351324909077
3.0575700086588906 -6.140428341041788
3.6110942034662514 -5.832117387622781
4.133809815765598 -5.474048864999246
4.621257220257116 -5.069277687554807
5.069277687554801 -4.621257220257121
5.474048864999244 -4.133809815765599
5.832117387622776 -3.611094203466259
6.140428341041787 -3.0575700086588933
6.396351324909078 -2.4779597046064756
6.597702894562201 -1.8772083220583389
6.74276518940344 -1.2604412599914068
6.830300589080731 -0.6329205575133043
5.442091912297729 0.0
5.418876907613648 0.5021328927962154
5.3494299557959915 0.999981764798165
5.23434355375136 1.4892991449664958
5.074599578083678 1.9659103499420612
4.871560908069201 2.4257491009723866
4.626959798051074 2.8648922159682586
4.342883098456051 3.2795930807100335
4.021754451522451 3.6663136136391423
3.6663136136391423 4.021754451522451
3.2795930807100344 4.34288309845605
2.8648922159682604 4.6269597980510735
2.425749100972387 4.871560908069201
1.9659103499420607 5.074599578083678
1.4892991449664967 5.23434355375136
0.999981764798166 5.3494299557959915
0.5021328927962155 5.418876907613648
3.3323202205305564e-16 5.442091912297729
-0.5021328927962149 5.418876907613649
-0.999981764798164 5.3494299557959915
-1.489299144966496 5.23434355375136
-1.9659103499420612 5.074599578083678
-2.4257491009723844 4.871560908069202
-2.8648922159682573 4.626959798051075
-3.2795930807100335 4.342883098456051
-3.6663136136391423 4.021754451522451
-4.021754451522452 3.6663136136391414
-4.34288309845605 3.2795930807100344
-4.6269597980510735 2.8648922159682604
-4.8715609080692 2.4257491009723875
-5.074599578083677 1.9659103499420632
-5.23434355375136 1.489299144966497
-5.3494299557959915 0.9999817647981651
-5.418876907613649 0.5021328927962146
-5.442091912297729 6.664640441061113e-16
-5.418876907613649 -0.5021328927962134
-5.3494299557959915 -0.9999817647981638
-5.23434355375136 -1.4892991449664958
-5.074599578083678 -1.9659103499420598
-4.871560908069201 -2.425749100972386
-4.6269597980510735 -2.864892215968259
-4.342883098456053 -3.2795930807100313
-4.021754451522451 -3.6663136136391423
-3.666313613639143 -4.02175445152245
-3.2795930807100384 -4.342883098456047
-2.864892215968261 -4.6269597980510735
-2.42574910097239 -4.871560908069199
-1.9659103499420614 -5.074599578083678
-1.4892991449664974 -5.23434355375136
-0.9999817647981678 -5.3494299557959915
-0.502132892796215 -5.418876907613649
-9.996960661591668e-16 -5.442091912297729
0.5021328927962179 -5.418876907613648
0.9999817647981659 -5.3494299557959915
1.4892991449664954 -5.23434355375136
1.9659103499420638 -5.074599578083676
2.4257491009723835 -4.871560908069202
2.864892215968255 -4.626959798051077
3.279593080710033 -4.342883098456052
3.6663136136391405 -4.021754451522453
4.021754451522448 -3.666313613639145
4.34288309845605 -3.279593080710035
4.626959798051073 -2.864892215968261
4.871560908069202 -2.4257491009723857
5.074599578083678 -1.9659103499420616
5.234343553751359 -1.4892991449664976
5.3494299557959915 -0.9999817647981635
5.418876907613649 -0.5021328927962153
1.0 0.5 0.4 0.32000000000000006 0.25600000000000006 0.20480000000000007 0.16384000000000007 0.13107200000000005 0.10485760000000005 0.08388608000000004 0.06710886400000003 0.05368709120000003 