0.0 0.0
1.1891607610761639 0.0
1.0986412880238121 0.4550721216825088
0.8408636380779114 0.8408636380779112
0.45507212168250893 1.0986412880238121
7.281509598617772e-17 1.1891607610761639
-0.45507212168250877 1.0986412880238121
-0.8408636380779112 0.8408636380779114
-1.0986412880238121 0.455072121682509
-1.1891607610761639 1.4563019197235545e-16
-1.0986412880238123 -0.4550721216825087
-0.8408636380779115 -0.8408636380779112
-0.4550721216825095 -1.098641288023812
-2.1844528795853316e-16 -1.1891607610761639
0.4550721216825091 -1.0986412880238121
0.8408636380779111 -0.8408636380779115
1.098641288023812 -0.45507212168250954
1.9479524283255218 0.0
1.799673378835609 0.7454491213555222
1.3774103714977788 1.3774103714977786
0.7454491213555223 1.799673378835609
1.192776853120082e-16 1.9479524283255218
-0.7454491213555221 1.799673378835609
-1.3774103714977786 1.3774103714977788
-1.799673378835609 0.7454491213555224
-1.9479524283255218 2.385553706240164e-16
-1.7996733788356092 -0.745449121355522
-1.377410371497779 -1.3774103714977786
-0.7454491213555233 -1.7996733788356085
-3.578330559360246e-16 -1.9479524283255218
0.7454491213555227 -1.7996733788356087
1.3774103714977783 -1.377410371497779
1.7996733788356085 -0.7454491213555234
2.462062885888181 0.0
2.2746495080277622 0.9421906758703875
1.7409413623192538 1.7409413623192536
0.9421906758703876 2.2746495080277622
1.507578716251228e-16 2.462062885888181
-0.9421906758703873 2.2746495080277622
-1.7409413623192536 1.7409413623192538
-2.2746495080277622 0.9421906758703877
-2.462062885888181 3.015157432502456e-16
-2.2746495080277627 -0.9421906758703872
-1.7409413623192542 -1.7409413623192536
-0.9421906758703888 -2.274649508027762
-4.5227361487536835e-16 -2.462062885888181
0.9421906758703881 -2.274649508027762
1.7409413623192533 -1.7409413623192542
2.274649508027762 -0.942190675870389
2.8753259285720145 0.0
2.656454774706694 1.1003395955142774
2.0331624622147784 2.033162462214778
1.1003395955142776 2.656454774706694
1.7606293474655544e-16 2.8753259285720145
-1.1003395955142774 2.656454774706694
-2.033162462214778 2.0331624622147784
-2.656454774706694 1.1003395955142778
-2.8753259285720145 3.521258694931109e-16
-2.6564547747066944 -1.1003395955142772
-2.0331624622147784 -2.033162462214778
-1.1003395955142792 -2.6564547747066936
-5.281888042396663e-16 -2.8753259285720145
1.100339595514278 -2.656454774706694
2.0331624622147775 -2.0331624622147784
2.6564547747066936 -1.1003395955142792
3.2293648343551777 0.0
2.9835440734724505 1.235824419170159
2.283505773297918 2.2835057732979176
1.2358244191701593 2.9835440734724505
1.9774156538360454e-16 3.2293648343551777
-1.2358244191701588 2.9835440734724505
-2.2835057732979176 2.283505773297918
-2.9835440734724505 1.2358244191701593
-3.2293648343551777 3.954831307672091e-16
-2.983544073472451 -1.2358244191701586
-2.2835057732979185 -2.2835057732979176
-1.2358244191701608 -2.9835440734724497
-5.932246961508136e-16 -3.2293648343551777
1.2358244191701597 -2.98354407347245
2.2835057732979176 -2.2835057732979185
2.9835440734724497 -1.235824419170161
3.8213467454951173 0.0
3.530464044791556 1.4623660888232366
2.7021001970047416 2.702100197004741
1.4623660888232368 3.530464044791556
2.3399000301513754e-16 3.8213467454951173
-1.4623660888232364 3.530464044791556
-2.702100197004741 2.7021001970047416
-3.530464044791556 1.462366088823237
-3.8213467454951173 4.679800060302751e-16
-3.5304640447915565 -1.4623660888232362
-2.702100197004742 -2.702100197004741
-1.4623660888232388 -3.530464044791555
-7.019700090454126e-16 -3.8213467454951173
1.4623660888232375 -3.5304640447915556
2.7021001970047407 -2.702100197004742
3.530464044791555 -1.462366088823239
3.5256250980973505 0.0
3.2572528674402395 1.3491983137724004
2.4929934147861235 2.492993414786123
1.3491983137724006 3.2572528674402395
2.1588227456892467e-16 3.5256250980973505
-1.3491983137724002 3.2572528674402395
-2.492993414786123 2.4929934147861235
-3.2572528674402395 1.3491983137724008
-3.5256250980973505 4.3176454913784934e-16
-3.25725286744024 -1.3491983137724
-2.492993414786124 -2.492993414786123
-1.3491983137724024 -3.257252867440239
-6.476468237067739e-16 -3.5256250980973505
1.3491983137724013 -3.257252867440239
2.4929934147861226 -2.492993414786124
3.257252867440239 -1.3491983137724026
4.161545044049832 0.0
3.8447662898214205 1.5925543413989183
2.9426567208609056 2.942656720860905
1.5925543413989185 3.8447662898214205
2.5482114088515786e-16 4.161545044049832
-1.592554341398918 3.8447662898214205
-2.942656720860905 2.9426567208609056
-3.8447662898214205 1.5925543413989187
-4.161545044049832 5.096422817703157e-16
-3.844766289821421 -1.5925543413989178
-2.942656720860906 -2.942656720860905
-1.5925543413989207 -3.8447662898214197
-7.644634226554735e-16 -4.161545044049832
1.5925543413989192 -3.84476628982142
2.9426567208609047 -2.942656720860906
3.8447662898214197 -1.592554341398921
1.0 0.5 0.4 0.32000000000000006 0.25600000000000006 0.20480000000000007 0.16384000000000007 0.13107200000000005 0.10485760000000005 