0.0 0.0
2.460315327213713 0.0
2.454046725737336 0.17551688585597833
2.435272864664436 0.3501393778937042
2.4040894112876874 0.5229776399208094
2.360655269337611 0.6931509277720781
2.305191769245587 0.8597920773798274
2.2379815402947147 1.0220519236432248
2.1593670704057635 1.179103627578997
2.0697489608972397 1.3301468897033577
1.9695838851128897 1.4744120281747346
1.8593822613190212 1.6111639009160064
1.7397056517300162 1.739705651730016
1.6111639009160064 1.8593822613190212
1.474412028174735 1.9695838851128897
1.3301468897033581 2.0697489608972393
1.1791036275789974 2.1593670704057635
1.022051923643225 2.2379815402947143
0.8597920773798277 2.305191769245587
0.6931509277720783 2.360655269337611
0.5229776399208098 2.4040894112876874
0.35013937789370414 2.435272864664436
0.17551688585597836 2.454046725737336
6.969506093404404e-16 2.460315327213713
-0.1755168858559781 2.454046725737336
-0.35013937789370386 2.4352728646644364
-0.5229776399208096 2.4040894112876874
-0.6931509277720781 2.360655269337611
-0.8597920773798273 2.305191769245587
-1.0220519236432248 2.2379815402947147
-1.1791036275789972 2.1593670704057635
-1.330146889703357 2.06974896089724
-1.474412028174735 1.9695838851128897
-1.6111639009160061 1.8593822613190212
-1.739705651730016 1.7397056517300162
-1.859382261319021 1.6111639009160066
-1.9695838851128893 1.4744120281747353
-2.0697489608972393 1.3301468897033584
-2.1593670704057635 1.1791036275789966
-2.2379815402947143 1.0220519236432257
-2.305191769245587 0.8597920773798282
-2.360655269337611 0.6931509277720781
-2.4040894112876874 0.5229776399208105
-2.435272864664436 0.35013937789370425
-2.454046725737336 0.17551688585597855
-2.460315327213713 1.3939012186808808e-15
-2.454046725737336 -0.1755168858559779
-2.4352728646644364 -0.35013937789370364
-2.4040894112876874 -0.5229776399208099
-2.360655269337611 -0.6931509277720773
-2.3051917692455874 -0.8597920773798267
-2.2379815402947143 -1.0220519236432253
-2.1593670704057644 -1.1791036275789961
-2.0697489608972397 -1.3301468897033577
-1.9695838851128897 -1.4744120281747346
-1.8593822613190216 -1.6111639009160061
-1.7397056517300156 -1.7397056517300165
-1.6111639009160066 -1.859382261319021
-1.4744120281747355 -1.9695838851128893
-1.3301468897033575 -2.0697489608972397
-1.1791036275789977 -2.159367070405763
-1.0220519236432268 -2.237981540294714
-0.8597920773798283 -2.305191769245587
-0.6931509277720782 -2.360655269337611
-0.5229776399208085 -2.404089411287688
-0.3501393778937044 -2.435272864664436
-0.17551688585597977 -2.454046725737336
-4.51952593554817e-16 -2.460315327213713
0.1755168858559767 -2.454046725737336
0.35013937789370353 -2.4352728646644364
0.5229776399208098 -2.4040894112876874
0.6931509277720772 -2.360655269337611
0.8597920773798274 -2.305191769245587
1.0220519236432242 -2.237981540294715
1.179103627578997 -2.1593670704057635
1.3301468897033586 -2.0697489608972393
1.4744120281747346 -1.96958388511289
1.611163900916005 -1.8593822613190223
1.7397056517300156 -1.7397056517300165
1.8593822613190203 -1.6111639009160075
1.969583885112889 -1.4744120281747355
2.0697489608972397 -1.3301468897033575
2.159367070405763 -1.179103627578998
2.237981540294714 -1.022051923643227
2.305191769245588 -0.8597920773798264
2.360655269337611 -0.6931509277720783
2.4040894112876874 -0.5229776399208108
2.435272864664436 -0.3501393778937046
2.454046725737336 -0.1755168858559799
3.6877276042326863 0.0
3.678331696948497 0.2630794751472218
3.650191854485715 0.524818357592304
3.6034514710313017 0.7838828859862259
3.5383487248654863 1.0389529268751945
3.4552153646598454 1.2887287017981242
3.354475018962116 1.5319374106597368
3.2366410374822205 1.7673397176280976
3.1023138751798154 1.9937360665059318
2.9521780324834532 2.209972793394044
2.7869985672333013 2.414948005498105
2.6076171961217534 2.607617196121753
2.414948005498105 2.7869985672333013
2.2099727933940443 2.9521780324834532
1.9937360665059323 3.102313875179815
1.7673397176280983 3.23664103748222
1.531937410659737 3.3544750189621158
1.2887287017981244 3.4552153646598454
1.038952926875195 3.5383487248654863
0.7838828859862265 3.6034514710313017
0.5248183575923039 3.650191854485715
0.26307947514722185 3.678331696948497
1.044648209285524e-15 3.6877276042326863
-0.2630794751472214 3.678331696948497
-0.5248183575923036 3.6501918544857155
-0.783882885986226 3.6034514710313017
-1.0389529268751945 3.5383487248654863
-1.288728701798124 3.4552153646598454
-1.5319374106597365 3.354475018962116
-1.7673397176280978 3.23664103748222
-1.9937360665059307 3.1023138751798163
-2.2099727933940443 2.9521780324834532
-2.4149480054981045 2.7869985672333013
-2.607617196121753 2.6076171961217534
-2.786998567233301 2.4149480054981054
-2.952178032483453 2.2099727933940447
-3.102313875179815 1.9937360665059327
-3.2366410374822205 1.7673397176280972
-3.3544750189621153 1.5319374106597379
-3.455215364659845 1.2887287017981253
-3.5383487248654863 1.0389529268751945
-3.6034514710313017 0.7838828859862275
-3.650191854485715 0.5248183575923041
-3.678331696948497 0.2630794751472221
-3.6877276042326863 2.089296418571048e-15
-3.678331696948497 -0.2630794751472212
-3.6501918544857155 -0.5248183575923032
-3.6034514710313017 -0.7838828859862266
-3.538348724865487 -1.0389529268751936
-3.455215364659846 -1.288728701798123
-3.3544750189621158 -1.5319374106597372
-3.2366410374822214 -1.7673397176280963
-3.1023138751798154 -1.9937360665059318
-2.9521780324834532 -2.209972793394044
-2.7869985672333017 -2.4149480054981045
-2.6076171961217525 -2.607617196121754
-2.4149480054981054 -2.786998567233301
-2.209972793394045 -2.952178032483453
-1.9937360665059314 -3.1023138751798154
-1.7673397176280987 -3.2366410374822197
-1.5319374106597397 -3.354475018962115
-1.2887287017981255 -3.455215364659845
-1.0389529268751947 -3.5383487248654863
-0.7838828859862246 -3.603451471031302
-0.5248183575923043 -3.650191854485715
-0.2630794751472239 -3.678331696948497
-6.774245709976345e-16 -3.6877276042326863
0.2630794751472193 -3.6783316969484976
0.524818357592303 -3.6501918544857155
0.7838828859862264 -3.6034514710313017
1.0389529268751934 -3.538348724865487
1.2887287017981242 -3.4552153646598454
1.5319374106597354 -3.3544750189621166
1.7673397176280974 -3.2366410374822205
1.9937360665059332 -3.1023138751798145
2.209972793394044 -2.9521780324834537
2.4149480054981027 -2.786998567233303
2.6076171961217525 -2.607617196121754
2.7869985672332995 -2.4149480054981063
2.9521780324834523 -2.209972793394045
3.1023138751798154 -1.9937360665059314
3.2366410374822197 -1.767339717628099
3.354475018962115 -1.5319374106597397
3.4552153646598462 -1.2887287017981226
3.5383487248654863 -1.038952926875195
3.6034514710313017 -0.7838828859862279
3.650191854485715 -0.5248183575923047
3.678331696948497 -0.26307947514722413
4.709645406563433 0.0
4.697645769841163 0.3359822564622518
4.661708007072528 0.6702524243595952
4.602015248858926 1.0011071395380025
4.518871675813407 1.3268604422076105
4.412700968525999 1.645852368207352
4.284044148584537 1.9564574078018229
4.133556821652661 2.257092788906295
3.9620058366536326 2.546226542530454
3.7702653780840043 2.8223853093412172
3.559312511369802 3.0841618475641703
3.330222203965078 3.3302222039650777
3.0841618475641703 3.559312511369802
2.822385309341218 3.7702653780840043
2.546226542530455 3.962005836653632
2.257092788906296 4.13355682165266
1.956457407801823 4.284044148584537
1.6458523682073525 4.412700968525999
1.326860442207611 4.518871675813407
1.0011071395380033 4.602015248858926
0.6702524243595951 4.661708007072528
0.3359822564622519 4.697645769841163
1.3341339622507132e-15 4.709645406563433
-0.3359822564622513 4.697645769841163
-0.6702524243595945 4.661708007072529
-1.001107139538003 4.602015248858926
-1.3268604422076105 4.518871675813407
-1.6458523682073518 4.412700968525999
-1.9564574078018226 4.284044148584537
-2.2570927889062955 4.13355682165266
-2.546226542530453 3.9620058366536335
-2.822385309341218 3.7702653780840043
-3.08416184756417 3.559312511369802
-3.3302222039650777 3.330222203965078
-3.5593125113698014 3.0841618475641708
-3.770265378084004 2.8223853093412186
-3.962005836653632 2.5462265425304555
-4.133556821652661 2.2570927889062946
-4.284044148584536 1.9564574078018244
-4.412700968525999 1.6458523682073534
-4.518871675813407 1.3268604422076105
-4.602015248858925 1.0011071395380047
-4.661708007072528 0.6702524243595953
-4.697645769841163 0.3359822564622522
-4.709645406563433 2.6682679245014263e-15
-4.697645769841163 -0.335982256462251
-4.661708007072529 -0.6702524243595942
-4.602015248858926 -1.0011071395380036
-4.518871675813407 -1.3268604422076091
-4.412700968526 -1.6458523682073505
-4.284044148584537 -1.9564574078018233
-4.133556821652662 -2.2570927889062933
-3.9620058366536326 -2.546226542530454
-3.7702653780840043 -2.8223853093412172
-3.5593125113698023 -3.08416184756417
-3.3302222039650773 -3.3302222039650786
-3.0841618475641708 -3.5593125113698014
-2.822385309341219 -3.770265378084004
-2.5462265425304538 -3.9620058366536326
-2.2570927889062964 -4.133556821652659
-1.9564574078018266 -4.2840441485845355
-1.6458523682073536 -4.412700968525999
-1.3268604422076107 -4.518871675813407
-1.001107139538001 -4.602015248858926
-0.6702524243595955 -4.661708007072528
-0.33598225646225455 -4.697645769841163
-8.651478258400414e-16 -4.709645406563433
0.33598225646224866 -4.697645769841164
0.6702524243595939 -4.661708007072529
1.0011071395380031 -4.602015248858926
1.326860442207609 -4.518871675813407
1.645852368207352 -4.412700968525999
1.9564574078018213 -4.284044148584538
2.257092788906295 -4.133556821652661
2.546226542530456 -3.9620058366536317
2.8223853093412172 -3.7702653780840047
3.0841618475641677 -3.559312511369804
3.3302222039650773 -3.3302222039650786
3.5593125113697996 -3.084161847564172
3.7702653780840034 -2.822385309341219
3.9620058366536326 -2.5462265425304538
4.133556821652659 -2.257092788906297
4.2840441485845355 -1.9564574078018269
4.412700968526 -1.64585236820735
4.518871675813407 -1.326860442207611
4.602015248858925 -1.0011071395380051
4.661708007072528 -0.670252424359596
4.697645769841163 -0.3359822564622548
5.344631755366626 0.0
5.331014246203552 0.38128166392853446
5.290231110419614 0.7606204038952654
5.222490169526435 1.1360831966335407
5.1281366158311945 1.505756769815338
5.007651253415753 1.8677573516484869
4.8616480480692665 2.2202402701459216
4.690870998659248 2.5614093531512943
4.496190345883892 2.889526081220558
4.278598137724941 3.202918446718555
4.03920317419858 3.499989473986666
3.7792253571647025 3.7792253571647016
3.499989473986666 4.03920317419858
3.202918446718556 4.278598137724941
2.8895260812205583 4.496190345883891
2.561409353151295 4.690870998659247
2.220240270145922 4.861648048069266
1.867757351648487 5.007651253415753
1.5057567698153385 5.1281366158311945
1.1360831966335416 5.222490169526435
0.7606204038952653 5.290231110419614
0.3812816639285345 5.331014246203552
1.514010955181711e-15 5.344631755366626
-0.3812816639285339 5.331014246203552
-0.7606204038952648 5.290231110419614
-1.136083196633541 5.222490169526435
-1.505756769815338 5.1281366158311945
-1.8677573516484867 5.007651253415753
-2.220240270145921 4.8616480480692665
-2.5614093531512943 4.690870998659247
-2.889526081220556 4.4961903458838925
-3.202918446718556 4.278598137724941
-3.4999894739866653 4.03920317419858
-3.7792253571647016 3.7792253571647025
-4.039203174198579 3.4999894739866666
-4.2785981377249405 3.2029184467185563
-4.496190345883891 2.889526081220559
-4.690870998659248 2.5614093531512934
-4.861648048069265 2.2202402701459234
-5.007651253415753 1.8677573516484884
-5.1281366158311945 1.505756769815338
-5.222490169526435 1.1360831966335432
-5.290231110419614 0.7606204038952656
-5.331014246203552 0.3812816639285349
-5.344631755366626 3.028021910363422e-15
-5.331014246203552 -0.3812816639285336
-5.290231110419614 -0.7606204038952643
-5.222490169526435 -1.1360831966335418
-5.128136615831195 -1.5057567698153365
-5.007651253415754 -1.867757351648485
-4.861648048069266 -2.220240270145922
-4.690870998659249 -2.561409353151292
-4.496190345883892 -2.889526081220558
-4.278598137724941 -3.202918446718555
-4.0392031741985805 -3.4999894739866653
-3.779225357164701 -3.779225357164703
-3.4999894739866666 -4.039203174198579
-3.2029184467185567 -4.2785981377249405
-2.8895260812205574 -4.496190345883892
-2.5614093531512956 -4.690870998659247
-2.220240270145926 -4.861648048069264
-1.8677573516484887 -5.007651253415753
-1.5057567698153382 -5.1281366158311945
-1.1360831966335387 -5.222490169526436
-0.7606204038952659 -5.290231110419614
-0.3812816639285376 -5.331014246203552
-9.817929257746557e-16 -5.344631755366626
0.38128166392853086 -5.331014246203552
0.760620403895264 -5.290231110419614
1.1360831966335414 -5.222490169526435
1.5057567698153362 -5.128136615831195
1.8677573516484869 -5.007651253415753
2.22024027014592 -4.8616480480692665
2.561409353151294 -4.690870998659248
2.8895260812205597 -4.49619034588389
3.202918446718555 -4.278598137724942
3.499989473986663 -4.039203174198582
3.779225357164701 -3.779225357164703
4.039203174198577 -3.4999894739866684
4.2785981377249405 -3.2029184467185567
4.496190345883892 -2.8895260812205574
4.690870998659247 -2.561409353151296
4.861648048069264 -2.220240270145926
5.007651253415755 -1.8677573516484844
5.1281366158311945 -1.5057567698153385
5.222490169526435 -1.1360831966335436
5.290231110419614 -0.7606204038952663
5.331014246203552 -0.38128166392853785
6.2508571265041 0.0
6.2349306589580875 0.44593104169990305
6.187232413947992 0.889589721027843
6.10800545079697 1.3287152550496317
5.997653491948792 1.7610699607004723
5.856738865690818 2.1844506575049327
5.685979640657936 2.596699894479635
5.486245966719398 2.995716944008936
5.25855564089454 3.3794685066713246
5.0040689208924745 3.7459990724672
4.7240826127047555 4.093440885649591
4.420023462379307 4.420023462379306
4.093440885649591 4.7240826127047555
3.745999072467201 5.0040689208924745
3.379468506671325 5.2585556408945395
2.9957169440089375 5.486245966719397
2.5966998944796353 5.685979640657935
2.184450657504933 5.856738865690818
1.761069960700473 5.997653491948792
1.3287152550496328 6.10800545079697
0.8895897210278427 6.187232413947992
0.44593104169990316 6.2349306589580875
1.770723709692453e-15 6.2508571265041
-0.44593104169990244 6.2349306589580875
-0.8895897210278421 6.187232413947993
-1.3287152550496322 6.10800545079697
-1.7610699607004723 5.997653491948792
-2.1844506575049327 5.856738865690818
-2.5966998944796345 5.685979640657936
-2.9957169440089366 5.486245966719397
-3.3794685066713224 5.258555640894541
-3.745999072467201 5.0040689208924745
-4.09344088564959 4.7240826127047555
-4.420023462379306 4.420023462379307
-4.7240826127047555 4.093440885649592
-5.004068920892474 3.7459990724672014
-5.2585556408945395 3.379468506671326
-5.486245966719398 2.9957169440089353
-5.685979640657935 2.596699894479637
-5.856738865690817 2.1844506575049345
-5.997653491948792 1.7610699607004723
-6.108005450796969 1.3287152550496346
-6.187232413947992 0.8895897210278432
-6.2349306589580875 0.44593104169990355
-6.2508571265041 3.541447419384906e-15
-6.2349306589580875 -0.445931041699902
-6.187232413947993 -0.8895897210278415
-6.10800545079697 -1.3287152550496328
-5.9976534919487925 -1.7610699607004705
-5.856738865690819 -2.184450657504931
-5.685979640657935 -2.596699894479636
-5.486245966719399 -2.995716944008934
-5.25855564089454 -3.3794685066713246
-5.0040689208924745 -3.7459990724672
-4.724082612704756 -4.09344088564959
-4.420023462379305 -4.420023462379307
-4.093440885649592 -4.7240826127047555
-3.7459990724672023 -5.004068920892474
-3.3794685066713237 -5.25855564089454
-2.995716944008938 -5.486245966719396
-2.59669989447964 -5.6859796406579335
-2.184450657504935 -5.856738865690817
-1.7610699607004725 -5.997653491948792
-1.3287152550496295 -6.10800545079697
-0.8895897210278435 -6.187232413947992
-0.4459310416999067 -6.2349306589580875
-1.1482638257851002e-15 -6.2508571265041
0.4459310416998989 -6.234930658958088
0.8895897210278412 -6.187232413947993
1.3287152550496326 -6.10800545079697
1.76106996070047 -5.9976534919487925
2.1844506575049327 -5.856738865690818
2.596699894479633 -5.685979640657937
2.9957169440089357 -5.486245966719398
3.3794685066713264 -5.258555640894539
3.7459990724672 -5.004068920892475
4.093440885649588 -4.724082612704758
4.420023462379305 -4.420023462379307
4.724082612704753 -4.093440885649594
5.004068920892473 -3.7459990724672023
5.25855564089454 -3.3794685066713237
5.486245966719396 -2.9957169440089384
5.6859796406579335 -2.5966998944796402
5.856738865690819 -2.18445065750493
5.997653491948792 -1.761069960700473
6.108005450796969 -1.3287152550496353
6.187232413947992 -0.889589721027844
6.2349306589580875 -0.44593104169990705
5.8196782053075555 0.0
5.804850332235226 0.4151710896490154
5.760442272460563 0.8282265625909071
5.68668031927694 1.237061582816348
5.583940346690028 1.6395928207756403
5.452745894050021 2.033769069548558
5.293765498215115 2.417581697324633
5.107809286840915 2.789074882930445
4.895824850155609 3.146355582246002
4.658892412257365 3.4876031747236547
4.398219326539939 3.8110787408530853
4.115133923296529 4.115133923296529
3.8110787408530853 4.398219326539939
3.4876031747236556 4.658892412257365
3.1463555822460023 4.895824850155608
2.789074882930446 5.107809286840914
2.4175816973246333 5.293765498215114
2.0337690695485584 5.452745894050021
1.639592820775641 5.583940346690028
1.237061582816349 5.68668031927694
0.828226562590907 5.760442272460563
0.41517108964901545 5.804850332235226
1.648580662198207e-15 5.8196782053075555
-0.41517108964901484 5.804850332235226
-0.8282265625909063 5.760442272460564
-1.2370615828163485 5.68668031927694
-1.6395928207756403 5.583940346690028
-2.0337690695485575 5.452745894050021
-2.4175816973246325 5.293765498215115
-2.789074882930445 5.107809286840914
-3.1463555822459996 4.895824850155611
-3.4876031747236556 4.658892412257365
-3.811078740853085 4.398219326539939
-4.115133923296529 4.115133923296529
-4.398219326539938 3.811078740853086
-4.658892412257365 3.487603174723656
-4.895824850155608 3.146355582246003
-5.107809286840915 2.7890748829304437
-5.293765498215113 2.417581697324635
-5.45274589405002 2.0337690695485597
-5.583940346690028 1.6395928207756403
-5.686680319276939 1.2370615828163507
-5.760442272460563 0.8282265625909072
-5.804850332235226 0.4151710896490159
-5.8196782053075555 3.297161324396414e-15
-5.804850332235226 -0.4151710896490144
-5.760442272460564 -0.8282265625909058
-5.68668031927694 -1.2370615828163491
-5.583940346690029 -1.6395928207756387
-5.452745894050022 -2.033769069548556
-5.293765498215114 -2.417581697324634
-5.107809286840917 -2.789074882930443
-4.895824850155609 -3.146355582246002
-4.658892412257365 -3.4876031747236547
-4.398219326539939 -3.811078740853085
-4.115133923296528 -4.11513392329653
-3.811078740853086 -4.398219326539938
-3.487603174723657 -4.658892412257365
-3.146355582246001 -4.895824850155609
-2.7890748829304464 -5.107809286840914
-2.4175816973246373 -5.293765498215112
-2.03376906954856 -5.45274589405002
-1.6395928207756407 -5.583940346690028
-1.237061582816346 -5.686680319276941
-0.8282265625909075 -5.760442272460563
-0.4151710896490188 -5.804850332235226
-1.0690575429296266e-15 -5.8196782053075555
0.4151710896490115 -5.804850332235227
0.8282265625909054 -5.760442272460564
1.237061582816349 -5.68668031927694
1.6395928207756383 -5.583940346690029
2.033769069548558 -5.452745894050021
2.417581697324631 -5.293765498215115
2.7890748829304446 -5.107809286840915
3.1463555822460036 -4.895824850155608
3.4876031747236547 -4.658892412257366
3.811078740853082 -4.398219326539941
4.115133923296528 -4.11513392329653
4.3982193265399365 -3.811078740853088
4.658892412257364 -3.487603174723657
4.895824850155609 -3.146355582246001
5.107809286840914 -2.789074882930447
5.293765498215112 -2.417581697324638
5.452745894050022 -2.0337690695485553
5.583940346690028 -1.639592820775641
5.686680319276939 -1.2370615828163514
5.760442272460563 -0.8282265625909081
5.804850332235226 -0.4151710896490191
6.665242181901042 0.0
6.648259908726654 0.4754929330818895
6.597399626974903 0.948562863169525
6.512920508983377 1.416799134336509
6.395253040973011 1.87781572187433
6.244996829388993 2.329263390927352
6.0629175454437485 2.768841667655143
5.8499430234319565 3.194310561919855
5.607158532699662 3.60350198176251
5.335801247360451 3.9943307815026543
5.03725394193976 4.364805387162789
4.713037945072847 4.713037945072847
4.364805387162789 5.03725394193976
3.994330781502655 5.335801247360451
3.603501981762511 5.607158532699661
3.194310561919856 5.8499430234319565
2.7688416676551433 6.0629175454437485
2.3292633909273524 6.244996829388993
1.8778157218743308 6.395253040973011
1.41679913433651 6.512920508983377
0.9485628631695248 6.597399626974903
0.4754929330818896 6.648259908726654
1.888109442190222e-15 6.665242181901042
-0.47549293308188884 6.648259908726654
-0.9485628631695241 6.597399626974904
-1.4167991343365092 6.512920508983377
-1.87781572187433 6.395253040973011
-2.3292633909273515 6.244996829388993
-2.7688416676551424 6.0629175454437485
-3.1943105619198553 5.8499430234319565
-3.603501981762508 5.607158532699663
-3.994330781502655 5.335801247360451
-4.364805387162789 5.03725394193976
-4.713037945072847 4.713037945072847
-5.03725394193976 4.36480538716279
-5.335801247360451 3.9943307815026556
-5.607158532699661 3.6035019817625114
-5.8499430234319565 3.194310561919854
-6.062917545443748 2.768841667655145
-6.244996829388992 2.3292633909273537
-6.395253040973011 1.87781572187433
-6.512920508983376 1.4167991343365118
-6.597399626974903 0.9485628631695252
-6.648259908726654 0.47549293308189006
-6.665242181901042 3.776218884380444e-15
-6.648259908726654 -0.4754929330818884
-6.597399626974904 -0.9485628631695235
-6.512920508983377 -1.41679913433651
-6.395253040973012 -1.877815721874328
-6.2449968293889935 -2.3292633909273497
-6.0629175454437485 -2.7688416676551437
-5.849943023431958 -3.1943105619198526
-5.607158532699662 -3.60350198176251
-5.335801247360451 -3.9943307815026543
-5.037253941939761 -4.364805387162789
-4.713037945072846 -4.7130379450728475
-4.36480538716279 -5.03725394193976
-3.9943307815026565 -5.335801247360451
-3.603501981762509 -5.607158532699662
-3.194310561919857 -5.849943023431956
-2.768841667655148 -6.062917545443746
-2.329263390927354 -6.244996829388992
-1.8778157218743303 -6.395253040973011
-1.4167991343365065 -6.512920508983377
-0.9485628631695255 -6.597399626974903
-0.4754929330818934 -6.648259908726654
-1.2243851255410547e-15 -6.665242181901042
0.47549293308188506 -6.648259908726655
0.9485628631695231 -6.597399626974904
1.4167991343365098 -6.512920508983377
1.8778157218743279 -6.395253040973012
2.329263390927352 -6.244996829388993
2.7688416676551406 -6.062917545443749
3.194310561919855 -5.8499430234319565
3.6035019817625122 -5.6071585326996605
3.9943307815026543 -5.335801247360452
4.364805387162786 -5.037253941939763
4.713037945072846 -4.7130379450728475
5.037253941939757 -4.364805387162793
5.33580124736045 -3.9943307815026565
5.607158532699662 -3.603501981762509
5.849943023431956 -3.194310561919857
6.062917545443746 -2.7688416676551486
6.244996829388994 -2.329263390927349
6.395253040973011 -1.8778157218743308
6.512920508983376 -1.4167991343365125
6.597399626974903 -0.9485628631695261
6.648259908726654 -0.4754929330818938
7.009127805816674 0.0
6.991269351485368 0.5000254526059891
6.937784991081198 0.997502890121586
6.848947268645073 1.4898972815572413
6.725208880847098 1.9746994979610915
6.567200370148116 2.4494390983649525
6.375726911699859 2.911696918585217
6.1517642103569345 3.3591173987290164
5.896453528708543 3.7894205865874855
5.61109587146592 4.200413755749613
5.297145355840548 4.590002579233413
4.9562018016961575 4.956201801696157
4.590002579233413 5.297145355840548
4.200413755749614 5.61109587146592
3.7894205865874864 5.896453528708542
3.3591173987290177 6.151764210356934
2.9116969185852173 6.375726911699858
2.449439098364953 6.567200370148116
1.9746994979610921 6.725208880847098
1.4898972815572424 6.848947268645073
0.9975028901215858 6.937784991081198
0.5000254526059892 6.991269351485368
1.98552431112202e-15 7.009127805816674
-0.5000254526059884 6.991269351485368
-0.997502890121585 6.937784991081199
-1.4898972815572418 6.848947268645073
-1.9746994979610915 6.725208880847098
-2.449439098364952 6.567200370148116
-2.911696918585217 6.375726911699859
-3.359117398729017 6.151764210356934
-3.7894205865874833 5.896453528708544
-4.200413755749614 5.61109587146592
-4.5900025792334125 5.297145355840548
-4.956201801696157 4.9562018016961575
-5.297145355840547 4.590002579233413
-5.611095871465919 4.200413755749615
-5.896453528708542 3.7894205865874873
-6.1517642103569345 3.359117398729015
-6.375726911699857 2.9116969185852195
-6.567200370148115 2.4494390983649543
-6.725208880847098 1.9746994979610915
-6.848947268645072 1.4898972815572444
-6.937784991081198 0.9975028901215861
-6.991269351485368 0.5000254526059897
-7.009127805816674 3.97104862224404e-15
-6.991269351485368 -0.500025452605988
-6.937784991081199 -0.9975028901215843
-6.848947268645073 -1.4898972815572427
-6.725208880847099 -1.9746994979610895
-6.567200370148117 -2.4494390983649503
-6.375726911699858 -2.9116969185852177
-6.151764210356935 -3.3591173987290137
-5.896453528708543 -3.7894205865874855
-5.61109587146592 -4.200413755749613
-5.297145355840549 -4.5900025792334125
-4.956201801696156 -4.956201801696158
-4.590002579233413 -5.297145355840547
-4.200413755749615 -5.611095871465919
-3.7894205865874846 -5.896453528708543
-3.359117398729018 -6.151764210356933
-2.9116969185852226 -6.375726911699856
-2.4494390983649548 -6.567200370148115
-1.9746994979610917 -6.725208880847098
-1.4898972815572387 -6.848947268645074
-0.9975028901215865 -6.937784991081198
-0.5000254526059932 -6.991269351485368
-1.287555889831215e-15 -7.009127805816674
0.5000254526059844 -6.991269351485369
0.997502890121584 -6.937784991081199
1.4898972815572422 -6.848947268645073
1.974699497961089 -6.725208880847099
2.4494390983649525 -6.567200370148116
2.9116969185852146 -6.37572691169986
3.359117398729016 -6.1517642103569345
3.7894205865874877 -5.896453528708541
4.200413755749613 -5.6110958714659205
4.590002579233409 -5.297145355840551
4.956201801696156 -4.956201801696158
5.297145355840545 -4.590002579233416
5.611095871465918 -4.200413755749615
5.896453528708543 -3.7894205865874846
6.151764210356933 -3.3591173987290186
6.375726911699856 -2.911696918585223
6.567200370148117 -2.4494390983649494
6.725208880847098 -1.9746994979610921
6.848947268645072 -1.489897281557245
6.937784991081198 -0.9975028901215871
6.991269351485368 -0.5000254526059936
7.3478060511124905 0.0
7.32908468342817 0.5241864819927419
7.273015980173607 1.04570182982754
7.1798856546084915 1.5618885208338404
7.050168277524521 2.0701161859548507
6.884524858941433 2.567795013505317
6.6837994797514595 3.0523889462582345
6.449014990476577 3.521428604611163
6.181367799056713 3.972523869978643
5.882221774229118 4.403376064288647
5.553101295565908 4.811789663519132
5.19568348558519 5.195683485585189
4.811789663519132 5.553101295565908
4.403376064288648 5.882221774229118
3.972523869978644 6.181367799056713
3.5214286046111645 6.449014990476576
3.052388946258235 6.683799479751459
2.5677950135053176 6.884524858941433
2.0701161859548516 7.050168277524521
1.5618885208338418 7.1798856546084915
1.0457018298275398 7.273015980173607
0.524186481992742 7.32908468342817
2.081464049747551e-15 7.3478060511124905
-0.5241864819927412 7.32908468342817
-1.0457018298275391 7.273015980173608
-1.5618885208338409 7.1798856546084915
-2.0701161859548507 7.050168277524521
-2.5677950135053167 6.884524858941433
-3.052388946258234 6.6837994797514595
-3.5214286046111636 6.449014990476576
-3.9725238699786405 6.181367799056715
-4.403376064288648 5.882221774229118
-4.811789663519132 5.553101295565908
-5.195683485585189 5.19568348558519
-5.553101295565908 4.811789663519133
-5.882221774229117 4.403376064288649
-6.181367799056713 3.972523869978645
-6.449014990476577 3.521428604611162
-6.683799479751458 3.052388946258237
-6.8845248589414325 2.5677950135053194
-7.050168277524521 2.0701161859548507
-7.179885654608491 1.5618885208338438
-7.273015980173607 1.0457018298275402
-7.32908468342817 0.5241864819927425
-7.3478060511124905 4.162928099495102e-15
-7.32908468342817 -0.5241864819927406
-7.273015980173608 -1.0457018298275385
-7.1798856546084915 -1.561888520833842
-7.050168277524522 -2.0701161859548485
-6.884524858941433 -2.567795013505315
-6.683799479751459 -3.0523889462582354
-6.449014990476579 -3.5214286046111605
-6.181367799056713 -3.972523869978643
-5.882221774229118 -4.403376064288647
-5.5531012955659085 -4.811789663519132
-5.195683485585189 -5.1956834855851906
-4.811789663519133 -5.553101295565908
-4.40337606428865 -5.882221774229117
-3.9725238699786423 -6.181367799056713
-3.5214286046111654 -6.4490149904765754
-3.0523889462582403 -6.683799479751456
-2.56779501350532 -6.8845248589414325
-2.070116185954851 -7.050168277524521
-1.5618885208338378 -7.179885654608492
-1.0457018298275407 -7.273015980173607
-0.5241864819927462 -7.32908468342817
-1.3497700741875695e-15 -7.3478060511124905
0.524186481992737 -7.329084683428171
1.045701829827538 -7.273015980173608
1.5618885208338416 -7.1798856546084915
2.070116185954848 -7.050168277524522
2.567795013505317 -6.884524858941433
3.0523889462582323 -6.68379947975146
3.5214286046111627 -6.449014990476577
3.9725238699786454 -6.181367799056712
4.403376064288647 -5.8822217742291185
4.811789663519129 -5.553101295565911
5.195683485585189 -5.1956834855851906
5.553101295565905 -4.811789663519136
5.882221774229116 -4.40337606428865
6.181367799056713 -3.9725238699786423
6.4490149904765754 -3.521428604611166
6.683799479751456 -3.0523889462582408
6.884524858941434 -2.567795013505314
7.050168277524521 -2.0701161859548516
7.179885654608491 -1.5618885208338447
7.273015980173607 -1.0457018298275413
7.32908468342817 -0.5241864819927466
4.245085464640639 0.0
4.234269473407056 0.30284092965839693
4.201876615518387 0.604138651356606
4.1480719575533245 0.90235782096847
4.073129675715728 1.1959787819635959
3.9774316586955325 1.4835053092286983
3.861465561651528 1.7634722334878101
3.72582232123244 2.0344529074690683
3.571193144299234 2.2950664757721904
3.3983659856933826 2.543984911391079
3.208221532999612 2.7799397830350308
3.001728718763842 3.0017287187638417
2.7799397830350308 3.208221532999612
2.5439849113910795 3.3983659856933826
2.295066475772191 3.5711931442992335
2.0344529074690687 3.7258223212324397
1.7634722334878103 3.8614655616515274
1.4835053092286985 3.9774316586955325
1.1959787819635963 4.073129675715728
0.9023578209684706 4.1480719575533245
0.6041386513566059 4.201876615518387
0.302840929658397 4.234269473407056
1.2025348411880795e-15 4.245085464640639
-0.3028409296583965 4.234269473407056
-0.6041386513566055 4.201876615518387
-0.9023578209684702 4.1480719575533245
-1.1959787819635959 4.073129675715728
-1.483505309228698 3.9774316586955325
-1.76347223348781 3.861465561651528
-2.0344529074690683 3.7258223212324397
-2.295066475772189 3.5711931442992353
-2.5439849113910795 3.3983659856933826
-2.7799397830350303 3.208221532999612
-3.0017287187638417 3.001728718763842
-3.2082215329996115 2.779939783035031
-3.398365985693382 2.54398491139108
-3.5711931442992335 2.2950664757721913
-3.72582232123244 2.0344529074690674
-3.861465561651527 1.7634722334878115
-3.977431658695532 1.4835053092286994
-4.073129675715728 1.1959787819635959
-4.148071957553324 0.9023578209684718
-4.201876615518387 0.6041386513566063
-4.234269473407056 0.30284092965839726
-4.245085464640639 2.405069682376159e-15
-4.234269473407056 -0.3028409296583962
-4.201876615518387 -0.6041386513566052
-4.1480719575533245 -0.9023578209684707
-4.073129675715728 -1.1959787819635945
-3.977431658695533 -1.483505309228697
-3.8614655616515274 -1.7634722334878106
-3.725822321232441 -2.0344529074690665
-3.571193144299234 -2.2950664757721904
-3.3983659856933826 -2.543984911391079
-3.2082215329996124 -2.7799397830350303
-3.0017287187638413 -3.0017287187638426
-2.779939783035031 -3.2082215329996115
-2.5439849113910804 -3.398365985693382
-2.29506647577219 -3.571193144299234
-2.034452907469069 -3.7258223212324393
-1.7634722334878135 -3.8614655616515257
-1.4835053092286998 -3.977431658695532
-1.195978781963596 -4.073129675715728
-0.9023578209684684 -4.1480719575533245
-0.6041386513566065 -4.201876615518387
-0.30284092965839937 -4.234269473407056
-7.79809548956867e-16 -4.245085464640639
0.3028409296583941 -4.234269473407057
0.6041386513566049 -4.201876615518387
0.9023578209684705 -4.1480719575533245
1.1959787819635943 -4.073129675715728
1.4835053092286983 -3.9774316586955325
1.7634722334878086 -3.8614655616515283
2.034452907469068 -3.72582232123244
2.2950664757721917 -3.571193144299233
2.543984911391079 -3.398365985693383
2.7799397830350285 -3.2082215329996138
3.0017287187638413 -3.0017287187638426
3.2082215329996098 -2.7799397830350325
3.3983659856933817 -2.5439849113910804
3.571193144299234 -2.29506647577219
3.7258223212324393 -2.0344529074690696
3.8614655616515257 -1.7634722334878137
3.9774316586955334 -1.4835053092286965
4.073129675715728 -1.1959787819635963
4.148071957553324 -0.9023578209684723
4.201876615518387 -0.6041386513566068
4.234269473407056 -0.3028409296583996
1.0 0.5 0.4 0.32000000000000006 0.25600000000000006 0.20480000000000007 0.16384000000000007 0.13107200000000005 0.10485760000000005 0.08388608000000004 0.06710886400000003 