0.0 0.0
1.331744321670343 0.0
1.2777993192936992 0.37519573280324114
1.1203346154330411 0.7199953387097046
0.8721070639165067 1.0064652042510622
0.553226584701874 1.2113972446230437
0.18952697775988067 1.3181890846924835
-0.1895269777598805 1.3181890846924837
-0.5532265847018738 1.2113972446230439
-0.8721070639165066 1.0064652042510622
-1.120334615433041 0.7199953387097048
-1.2777993192936992 0.37519573280324114
-1.331744321670343 7.545049256145152e-16
-1.2777993192936994 -0.37519573280324076
-1.1203346154330411 -0.7199953387097046
-0.8721070639165068 -1.006465204251062
-0.5532265847018749 -1.2113972446230432
-0.1895269777598808 -1.3181890846924835
0.18952697775988034 -1.3181890846924837
0.5532265847018735 -1.2113972446230439
0.8721070639165059 -1.0064652042510627
1.1203346154330411 -0.7199953387097043
1.2777993192936992 -0.37519573280324126
2.1329732486470703 0.0
2.046572844984552 0.6009280070157096
1.7943712808587493 1.1531724007594737
1.3968004270946794 1.611993624774043
0.8860691098193987 1.9402207122046438
0.30355374292245135 2.1112626564693002
-0.30355374292245113 2.1112626564693007
-0.8860691098193985 1.940220712204644
-1.3968004270946792 1.611993624774043
-1.794371280858749 1.1531724007594741
-2.046572844984552 0.6009280070157096
-2.1329732486470703 1.2084442907852552e-15
-2.0465728449845524 -0.600928007015709
-1.7943712808587493 -1.1531724007594737
-1.3968004270946797 -1.6119936247740425
-0.8860691098194002 -1.940220712204643
-0.30355374292245163 -2.1112626564693002
0.30355374292245085 -2.1112626564693007
0.8860691098193978 -1.9402207122046442
1.3968004270946783 -1.6119936247740438
1.7943712808587493 -1.1531724007594735
2.046572844984552 -0.6009280070157099
2.656071309663271 0.0
2.548481759040964 0.748301761224598
2.234429372705769 1.4359805640767103
1.7393568072571042 2.0073247617325745
1.1033718976377052 2.41604744521289
0.377998358877041 2.629036333469476
-0.3779983588770407 2.629036333469476
-1.103371897637705 2.41604744521289
-1.739356807257104 2.0073247617325745
-2.2344293727057685 1.435980564076711
-2.548481759040964 0.748301761224598
-2.656071309663271 1.5048075319824074e-15
-2.5484817590409645 -0.7483017612245972
-2.234429372705769 -1.4359805640767103
-1.7393568072571044 -2.007324761732574
-1.1033718976377072 -2.416047445212889
-0.37799835887704125 -2.629036333469476
0.3779983588770403 -2.629036333469476
1.1033718976377043 -2.4160474452128904
1.7393568072571026 -2.0073247617325753
2.234429372705769 -1.43598056407671
2.548481759040964 -0.7483017612245983
3.0542527421975003 0.0
2.9305340457813123 0.8604824342992498
2.56940090953297 1.651253699257657
2.0001101924098545 2.308250209886087
1.268782442611022 2.7782460162021216
0.4346654850515748 3.0231648531507225
-0.4346654850515745 3.0231648531507225
-1.2687824426110215 2.7782460162021216
-2.0001101924098545 2.308250209886087
-2.5694009095329697 1.6512536992576576
-2.9305340457813123 0.8604824342992498
-3.0542527421975003 1.7303987714167945e-15
-2.9305340457813127 -0.8604824342992489
-2.56940090953297 -1.651253699257657
-2.000110192409855 -2.3082502098860864
-1.2687824426110241 -2.7782460162021203
-0.43466548505157515 -3.0231648531507225
0.4346654850515741 -3.0231648531507225
1.2687824426110208 -2.778246016202122
2.000110192409853 -2.308250209886088
2.56940090953297 -1.6512536992576567
2.9305340457813123 -0.8604824342992501
3.377085119961508 0.0
3.2402894439011387 0.9514348255179019
2.840984787839232 1.8257900598731245
2.211520440253694 2.552230641969009
1.402891859017287 3.071904676152639
0.48060932268243967 3.3427112627949422
-0.4806093226824393 3.3427112627949427
-1.4028918590172867 3.0719046761526396
-2.211520440253694 2.552230641969009
-2.8409847878392314 1.8257900598731251
-3.2402894439011387 0.9514348255179019
-3.377085119961508 1.9133007107810118e-15
-3.240289443901139 -0.9514348255179009
-2.840984787839232 -1.8257900598731245
-2.2115204402536945 -2.5522306419690084
-1.4028918590172894 -3.0719046761526383
-0.48060932268244005 -3.3427112627949422
0.48060932268243883 -3.3427112627949427
1.4028918590172856 -3.07190467615264
2.2115204402536923 -2.55223064196901
2.840984787839232 -1.825790059873124
3.2402894439011387 -0.9514348255179023
3.647040289488694 0.0
3.4993095322533843 1.0274899856613575
3.0680855279100174 1.9717388434026666
2.388303480702591 2.756249146433911
1.5150352892763495 3.3174645356659207
0.5190279489747384 3.6099186779395533
-0.519027948974738 3.609918677939554
-1.515035289276349 3.317464535665921
-2.3883034807025907 2.756249146433911
-3.0680855279100174 1.9717388434026675
-3.4993095322533843 1.0274899856613575
-3.647040289488694 2.0662448621387543e-15
-3.4993095322533847 -1.0274899856613566
-3.0680855279100174 -1.9717388434026666
-2.3883034807025916 -2.7562491464339107
-1.5150352892763521 -3.31746453566592
-0.5190279489747388 -3.6099186779395533
0.5190279489747375 -3.609918677939554
1.5150352892763481 -3.3174645356659216
2.3883034807025894 -2.756249146433913
3.0680855279100174 -1.9717388434026664
3.4993095322533843 -1.027489985661358
3.877094778523359 0.0
3.720045198030619 1.0923038250699424
3.261619679554102 2.096115690413698
2.5389571322392395 2.930112728600146
1.6106033778298272 3.5267294595667873
0.5517681163757501 3.8376315439870266
-0.5517681163757496 3.837631543987027
-1.6106033778298268 3.5267294595667877
-2.538957132239239 2.930112728600146
-3.2616196795541015 2.096115690413699
-3.720045198030619 1.0923038250699424
-3.877094778523359 2.196583127759197e-15
-3.7200451980306193 -1.0923038250699413
-3.261619679554102 -2.096115690413698
-2.53895713223924 -2.9301127286001454
-1.61060337782983 -3.5267294595667864
-0.5517681163757505 -3.8376315439870266
0.5517681163757491 -3.837631543987027
1.6106033778298257 -3.526729459566788
2.5389571322392372 -2.9301127286001476
3.261619679554102 -2.0961156904136975
3.720045198030619 -1.0923038250699428
4.07569338258072 0.0
3.9105991631933046 1.1482555175761615
3.428691456832698 2.2034862020568102
2.669011559852752 3.0802035390838465
1.6931042195164725 3.707381104050107
0.5800316445934736 4.034208700610624
-0.5800316445934731 4.034208700610625
-1.693104219516472 3.7073811040501075
-2.6690115598527515 3.0802035390838465
-3.4286914568326976 2.203486202056811
-3.9105991631933046 1.1482555175761615
-4.07569338258072 2.3090999393897538e-15
-3.910599163193305 -1.1482555175761604
-3.428691456832698 -2.2034862020568102
-2.6690115598527524 -3.080203539083846
-1.6931042195164754 -3.7073811040501052
-0.580031644593474 -4.034208700610624
0.5800316445934726 -4.034208700610625
1.6931042195164707 -3.707381104050108
2.6690115598527497 -3.0802035390838483
3.428691456832698 -2.20348620205681
3.9105991631933046 -1.148255517576162
4.248765707628802 0.0
4.076660843004063 1.1970156262304488
3.5742891617147037 2.297056165349746
2.7823498296593563 3.2110028750714363
1.765001061676588 3.8648132284242394
0.6046624045422728 4.205519398939402
-0.6046624045422724 4.205519398939403
-1.7650010616765877 3.86481322842424
-2.782349829659356 3.2110028750714363
-3.5742891617147032 2.297056165349747
-4.076660843004063 1.1970156262304488
-4.248765707628802 2.4071547383563823e-15
-4.076660843004064 -1.1970156262304474
-3.5742891617147037 -2.297056165349746
-2.7823498296593567 -3.211002875071436
-1.7650010616765912 -3.864813228424238
-0.6046624045422733 -4.205519398939402
0.6046624045422717 -4.205519398939403
1.7650010616765865 -3.8648132284242402
2.7823498296593536 -3.211002875071438
3.5742891617147037 -2.2970561653497454
4.076660843004063 -1.1970156262304492
4.400702260695381 0.0
4.222442898106652 1.2398210998035695
3.7021063237481546 2.379199267601047
2.881847112313652 3.3258288603803563
1.8281177868442027 4.0030195783574785
0.6262852305197433 4.355909456970182
-0.6262852305197428 4.355909456970182
-1.8281177868442022 4.003019578357479
-2.8818471123136518 3.3258288603803563
-3.702106323748154 2.379199267601048
-4.222442898106652 1.2398210998035695
-4.400702260695381 2.493234983493708e-15
-4.222442898106652 -1.2398210998035681
-3.7021063237481546 -2.379199267601047
-2.881847112313653 -3.3258288603803554
-1.8281177868442058 -4.003019578357478
-0.6262852305197438 -4.355909456970182
0.6262852305197422 -4.355909456970182
1.828117786844201 -4.00301957835748
2.88184711231365 -3.325828860380358
3.7021063237481546 -2.3791992676010465
4.222442898106652 -1.23982109980357
4.534883629742167 0.0
4.351188978897016 1.2776243599856039
3.814986874498888 2.4517431926498126
2.9697172221294137 3.427236372923736
1.8838587420113841 4.1250752448229075
0.6453812303549247 4.488725053153629
-0.6453812303549241 4.48872505315363
-1.8838587420113837 4.125075244822908
-2.9697172221294132 3.427236372923736
-3.8149868744988873 2.4517431926498134
-4.351188978897016 1.2776243599856039
-4.534883629742167 2.5692559600611302e-15
-4.351188978897017 -1.2776243599856025
-3.814986874498888 -2.4517431926498126
-2.969717222129414 -3.4272363729237356
-1.8838587420113875 -4.125075244822907
-0.6453812303549251 -4.488725053153629
0.6453812303549235 -4.48872505315363
1.8838587420113824 -4.125075244822908
2.9697172221294115 -3.4272363729237383
3.814986874498888 -2.4517431926498117
4.351188978897016 -1.2776243599856043
4.653990547252437 0.0
4.465471229357003 1.3111806563932737
3.9151859896390353 2.5161372538971816
3.04771566554815 3.517251375134771
1.933337543697528 4.233418707858301
0.6623319120576283 4.606619633981639
-0.6623319120576278 4.606619633981639
-1.9333375436975273 4.233418707858302
-3.0477156655481497 3.517251375134771
-3.915185989639035 2.5161372538971825
-4.465471229357003 1.3111806563932737
-4.653990547252437 2.636736447474469e-15
-4.465471229357004 -1.3111806563932724
-3.9151859896390353 -2.5161372538971816
-3.0477156655481505 -3.5172513751347707
-1.9333375436975313 -4.233418707858299
-0.6623319120576289 -4.606619633981639
0.6623319120576272 -4.606619633981639
1.933337543697526 -4.233418707858302
3.0477156655481474 -3.5172513751347734
3.9151859896390353 -2.516137253897181
4.465471229357003 -1.3111806563932742
4.760188648058306 0.0
4.567367560891438 1.341100118865015
4.004525517121934 2.573552281929098
3.1172606317854767 3.597510544616037
1.9774538291245733 4.330019898197204
0.6774454775987455 4.71173679124632
-0.677445477598745 4.71173679124632
-1.977453829124573 4.330019898197205
-3.1172606317854763 3.597510544616037
-4.004525517121934 2.5735522819290995
-4.567367560891438 1.341100118865015
-4.760188648058306 2.696903394571668e-15
-4.567367560891439 -1.3411001188650136
-4.004525517121934 -2.573552281929098
-3.117260631785477 -3.5975105446160365
-1.977453829124577 -4.330019898197202
-0.6774454775987461 -4.71173679124632
0.6774454775987443 -4.71173679124632
1.9774538291245716 -4.330019898197205
3.117260631785474 -3.597510544616039
4.004525517121934 -2.5735522819290977
4.567367560891438 -1.3411001188650156
4.855165739642677 0.0
4.658497412920983 1.3678582577184426
4.084425330955317 2.624900774362828
3.1794573996884066 3.669289441154331
2.0169087388599762 4.4164140995280645
0.6909621270272424 4.805747152984019
-0.6909621270272418 4.80574715298402
-2.016908738859976 4.4164140995280645
-3.179457399688406 3.669289441154331
-4.084425330955317 2.624900774362829
-4.658497412920983 1.3678582577184426
-4.855165739642677 2.750713035247341e-15
-4.658497412920983 -1.367858257718441
-4.084425330955317 -2.624900774362828
-3.179457399688407 -3.6692894411543304
-2.01690873885998 -4.416414099528063
-0.6909621270272429 -4.805747152984019
0.6909621270272411 -4.80574715298402
2.0169087388599745 -4.416414099528065
3.179457399688404 -3.669289441154333
4.084425330955317 -2.6249007743628274
4.658497412920983 -1.367858257718443
5.011565081812394 0.0
4.808561482810756 1.4119210442762344
4.215996830088065 2.7094566425629814
3.281877187690227 3.7874881774283806
2.081879373620896 4.558679945218038
0.7132200741141738 4.960554575359678
-0.7132200741141732 4.960554575359679
-2.0818793736208954 4.558679945218039
-3.2818771876902266 3.7874881774283806
-4.215996830088064 2.7094566425629827
-4.808561482810756 1.4119210442762344
-5.011565081812394 2.83932169091025e-15
-4.808561482810757 -1.411921044276233
-4.215996830088065 -2.7094566425629814
-3.281877187690228 -3.7874881774283797
-2.0818793736208994 -4.558679945218036
-0.7132200741141743 -4.960554575359678
0.7132200741141725 -4.960554575359679
2.081879373620894 -4.5586799452180395
3.2818771876902244 -3.787488177428383
4.215996830088065 -2.709456642562981
4.808561482810756 -1.411921044276235
4.934757448697864 0.0
4.734865098517404 1.3902818334139395
4.151382137382065 2.667931301009112
3.231578884696246 3.7294408413949163
2.049972329711979 4.48881326464961
0.7022892082293256 4.884528733202792
-0.7022892082293251 4.884528733202793
-2.0499723297119785 4.488813264649611
-3.2315788846962454 3.7294408413949163
-4.151382137382064 2.6679313010091135
-4.734865098517404 1.3902818334139395
-4.934757448697864 2.7958060276055854e-15
-4.734865098517404 -1.3902818334139382
-4.151382137382065 -2.667931301009112
-3.2315788846962463 -3.729440841394916
-2.0499723297119825 -4.488813264649608
-0.7022892082293262 -4.884528733202792
0.7022892082293244 -4.884528733202793
2.049972329711977 -4.488813264649611
3.231578884696243 -3.7294408413949185
4.151382137382065 -2.6679313010091117
4.734865098517404 -1.39028183341394
5.08816653428953 0.0
4.8820600382312325 1.4335021673403852
4.280438072604455 2.7508705144485064
3.3320404710806795 3.845379692532894
2.1137007669976486 4.6283590772818695
0.7241215974349561 5.036376335500771
-0.7241215974349555 5.036376335500772
-2.113700766997648 4.62835907728187
-3.3320404710806786 3.845379692532894
-4.280438072604454 2.7508705144485073
-4.8820600382312325 1.4335021673403852
-5.08816653428953 2.8827205417728047e-15
-4.882060038231233 -1.4335021673403838
-4.280438072604455 -2.7508705144485064
-3.33204047108068 -3.845379692532893
-2.113700766997652 -4.628359077281868
-0.7241215974349566 -5.036376335500771
0.7241215974349549 -5.036376335500772
2.1137007669976464 -4.62835907728187
3.3320404710806764 -3.8453796925328962
4.280438072604455 -2.750870514448506
4.8820600382312325 -1.4335021673403858
5.152963633979562 0.0
4.944232400094417 1.4517576199119668
4.334948861635908 2.785902471393677
3.3744735473412195 3.8943500730430256
2.1406184550078677 4.687300592366099
0.7333431861979209 5.100513894145661
-0.7333431861979204 5.100513894145661
-2.1406184550078673 4.6873005923661
-3.3744735473412186 3.8943500730430256
-4.334948861635907 2.785902471393678
-4.944232400094417 1.4517576199119668
-5.152963633979562 2.9194315906476693e-15
-4.944232400094417 -1.4517576199119655
-4.334948861635908 -2.785902471393677
-3.37447354734122 -3.894350073043025
-2.1406184550078713 -4.687300592366097
-0.7333431861979215 -5.100513894145661
0.7333431861979196 -5.100513894145661
2.1406184550078655 -4.6873005923661
3.3744735473412164 -3.8943500730430283
4.334948861635908 -2.785902471393676
4.944232400094417 -1.4517576199119675
5.255654972446267 0.0
5.042764017804288 1.4806891132636606
4.421338312912186 2.841421600567926
3.4417220726193496 3.9719590083791076
2.183277978712195 4.7807119194811944
0.7479576874238772 5.202159982855457
-0.7479576874238767 5.202159982855458
-2.1832779787121948 4.7807119194811944
-3.441722072619349 3.9719590083791076
-4.421338312912186 2.8414216005679274
-5.042764017804288 1.4806891132636606
-5.255654972446267 2.977611767901135e-15
-5.042764017804289 -1.480689113263659
-4.421338312912186 -2.841421600567926
-3.4417220726193505 -3.9719590083791068
-2.183277978712199 -4.780711919481193
-0.7479576874238779 -5.202159982855457
0.7479576874238759 -5.202159982855458
2.183277978712193 -4.780711919481195
3.441722072619347 -3.97195900837911
4.421338312912186 -2.8414216005679256
5.042764017804288 -1.480689113263661
5.317240016559681 0.0
5.101854434910847 1.4980396252049246
4.47314694884216 2.874716989160441
3.4820516998075126 4.018501879254408
2.2088613306132907 4.836731646042074
0.7567221530169308 5.263118180018098
-0.7567221530169302 5.263118180018098
-2.20886133061329 4.836731646042075
-3.4820516998075117 4.018501879254408
-4.473146948842159 2.874716989160442
-5.101854434910847 1.4980396252049246
-5.317240016559681 3.012503014194926e-15
-5.101854434910848 -1.4980396252049233
-4.47314694884216 -2.874716989160441
-3.482051699807513 -4.018501879254408
-2.2088613306132943 -4.836731646042073
-0.7567221530169315 -5.263118180018098
0.7567221530169295 -5.263118180018098
2.2088613306132885 -4.836731646042075
3.4820516998075095 -4.01850187925441
4.47314694884216 -2.87471698916044
5.101854434910847 -1.4980396252049253
5.204870275628045 0.0
4.994036458040061 1.466381410780646
4.378615507300097 2.8139653205658877
3.4084651687877803 3.933578495375026
2.1621812532231566 4.734516534380961
0.7407302715094342 5.151892201025359
-0.7407302715094336 5.15189220102536
-2.162181253223156 4.734516534380961
-3.4084651687877794 3.933578495375026
-4.378615507300096 2.813965320565889
-4.994036458040061 1.466381410780646
-5.204870275628045 2.948839500378245e-15
-4.994036458040062 -1.4663814107806445
-4.378615507300097 -2.8139653205658877
-3.4084651687877807 -3.9335784953750257
-2.1621812532231606 -4.734516534380959
-0.7407302715094348 -5.151892201025359
0.7407302715094329 -5.15189220102536
2.162181253223155 -4.734516534380962
3.408465168787777 -3.9335784953750283
4.378615507300097 -2.813965320565887
4.994036458040061 -1.4663814107806465
5.376086018189451 0.0
5.158316759999919 1.5146184597039747
4.522651355606193 2.9065315395855533
3.520587635624529 4.062974719938556
2.2333068431454306 4.890259851923197
0.7650968122219011 5.321365214200204
-0.7650968122219004 5.321365214200205
-2.23330684314543 4.890259851923198
-3.5205876356245285 4.062974719938556
-4.522651355606193 2.906531539585554
-5.158316759999919 1.5146184597039747
-5.376086018189451 3.0458424453153777e-15
-5.158316759999919 -1.5146184597039734
-4.522651355606193 -2.9065315395855533
-3.52058763562453 -4.062974719938556
-2.2333068431454346 -4.8902598519231955
-0.7650968122219016 -5.321365214200204
0.7650968122218997 -5.321365214200205
2.2333068431454284 -4.890259851923199
3.5205876356245263 -4.062974719938559
4.522651355606193 -2.9065315395855524
5.158316759999919 -1.5146184597039754
5.435094308585376 0.0
5.2149348000198135 1.5312430162320605
4.572292288368094 2.9384338299418635
3.559229847982061 4.1075702102886495
2.257819772867473 4.943935680858502
0.7734945675263802 5.379772885282828
-0.7734945675263796 5.379772885282828
-2.2578197728674723 4.943935680858503
-3.5592298479820608 4.1075702102886495
-4.572292288368093 2.938433829941865
-5.2149348000198135 1.5312430162320605
-5.435094308585376 3.07927382176756e-15
-5.2149348000198135 -1.531243016232059
-4.572292288368094 -2.9384338299418635
-3.559229847982062 -4.1075702102886495
-2.257819772867477 -4.9439356808585
-0.7734945675263808 -5.379772885282828
0.7734945675263788 -5.379772885282828
2.257819772867471 -4.9439356808585035
3.5592298479820585 -4.107570210288652
4.572292288368094 -2.938433829941863
5.2149348000198135 -1.531243016232061
1.0 0.5 0.4 0.32000000000000006 0.25600000000000006 0.20480000000000007 0.16384000000000007 0.13107200000000005 0.10485760000000005 0.08388608000000004 0.06710886400000003 0.05368709120000003 0.042949672960000025 0.03435973836800002 0.027487790694400018 0.021990232555520017 0.017592186044416015 0.014073748835532814 0.011258999068426251 0.009007199254741001 0.007205759403792801 0.0057646075230342415 0.0046116860184273935 0.003689348814741915 