0.0 0.0
1.5511786901536586 0.0
1.5122874018124424 0.3451697308661245
1.3975637083820993 0.6730312101233455
1.2127603348956515 0.9671440941713944
0.9671440941713946 1.2127603348956515
0.6730312101233457 1.3975637083820993
0.3451697308661246 1.5122874018124424
9.49823008901131e-17 1.5511786901536586
-0.34516973086612446 1.5122874018124424
-0.6730312101233454 1.3975637083820993
-0.9671440941713944 1.2127603348956517
-1.212760334895651 0.967144094171395
-1.397563708382099 0.6730312101233457
-1.5122874018124424 0.34516973086612407
-1.5511786901536586 1.899646017802262e-16
-1.5122874018124424 -0.3451697308661237
-1.3975637083820993 -0.6730312101233453
-1.2127603348956513 -0.9671440941713949
-0.9671440941713947 -1.2127603348956515
-0.6730312101233458 -1.397563708382099
-0.34516973086612485 -1.5122874018124424
-2.8494690267033927e-16 -1.5511786901536586
0.3451697308661229 -1.5122874018124426
0.6730312101233453 -1.3975637083820993
0.9671440941713941 -1.2127603348956517
1.2127603348956515 -0.9671440941713947
1.3975637083820995 -0.6730312101233445
1.5122874018124421 -0.3451697308661249
2.4698259092868113 0.0
2.407902217193565 0.5495879680440047
2.2252362534062016 1.0716173004907845
1.9309876520956575 1.5399112668068002
1.5399112668068005 1.9309876520956575
1.0716173004907847 2.2252362534062016
0.5495879680440048 2.407902217193565
1.5123321971296473e-16 2.4698259092868113
-0.5495879680440046 2.407902217193565
-1.0716173004907845 2.2252362534062016
-1.5399112668068002 1.9309876520956577
-1.9309876520956566 1.5399112668068013
-2.225236253406201 1.071617300490785
-2.4079022171935653 0.5495879680440039
-2.4698259092868113 3.0246643942592946e-16
-2.4079022171935653 -0.5495879680440033
-2.2252362534062016 -1.0716173004907843
-1.9309876520956568 -1.5399112668068011
-1.539911266806801 -1.930987652095657
-1.071617300490785 -2.225236253406201
-0.5495879680440051 -2.407902217193565
-4.536996591388941e-16 -2.4698259092868113
0.5495879680440021 -2.407902217193566
1.0716173004907843 -2.2252362534062016
1.5399112668068 -1.9309876520956577
1.930987652095657 -1.539911266806801
2.225236253406202 -1.0716173004907832
2.407902217193565 -0.5495879680440053
3.092097964826648 0.0
3.0145726131101096 0.6880565270176446
2.7858840028132392 1.3416110266967776
2.417499535776796 1.9278915474175597
1.92789154741756 2.417499535776796
1.3416110266967778 2.7858840028132392
0.6880565270176449 3.0145726131101096
1.8933639376374996e-16 3.092097964826648
-0.6880565270176444 3.0145726131101096
-1.3416110266967776 2.7858840028132392
-1.9278915474175597 2.417499535776796
-2.4174995357767948 1.927891547417561
-2.785884002813239 1.341611026696778
-3.01457261311011 0.6880565270176436
-3.092097964826648 3.7867278752749993e-16
-3.01457261311011 -0.688056527017643
-2.7858840028132392 -1.3416110266967773
-2.417499535776795 -1.9278915474175606
-1.9278915474175604 -2.4174995357767957
-1.3416110266967782 -2.785884002813239
-0.6880565270176452 -3.0145726131101096
-5.680091812912498e-16 -3.092097964826648
0.6880565270176414 -3.0145726131101105
1.3416110266967771 -2.7858840028132397
1.9278915474175593 -2.417499535776796
2.4174995357767957 -1.9278915474175604
2.7858840028132397 -1.3416110266967758
3.014572613110109 -0.6880565270176454
3.577285891759975 0.0
3.4875958657310457 0.7960209976631767
3.223023220062281 1.5521261786093064
2.796834731966669 2.2304012718454693
2.2304012718454698 2.796834731966669
1.5521261786093064 3.223023220062281
0.7960209976631768 3.4875958657310457
2.1904558584894192e-16 3.577285891759975
-0.7960209976631765 3.4875958657310457
-1.5521261786093061 3.223023220062281
-2.2304012718454693 2.7968347319666695
-2.796834731966668 2.230401271845471
-3.2230232200622804 1.5521261786093066
-3.4875958657310457 0.7960209976631756
-3.577285891759975 4.3809117169788384e-16
-3.4875958657310457 -0.7960209976631747
-3.223023220062281 -1.552126178609306
-2.7968347319666687 -2.2304012718454707
-2.23040127184547 -2.796834731966669
-1.5521261786093068 -3.2230232200622804
-0.7960209976631774 -3.4875958657310457
-6.571367575468258e-16 -3.577285891759975
0.7960209976631729 -3.487595865731046
1.5521261786093057 -3.223023220062281
2.2304012718454693 -2.7968347319666695
2.796834731966669 -2.23040127184547
3.2230232200622813 -1.5521261786093041
3.4875958657310453 -0.7960209976631776
3.9895746921259687 0.0
3.8895477250878123 0.887763886580346
3.5944825937768763 1.731011584908396
3.1191750959617797 2.487459134294238
2.4874591342942383 3.1191750959617797
1.7310115849083962 3.5944825937768763
0.8877638865803462 3.8895477250878123
2.442909938335677e-16 3.9895746921259687
-0.8877638865803458 3.8895477250878123
-1.7310115849083958 3.5944825937768763
-2.487459134294238 3.11917509596178
-3.1191750959617783 2.4874591342942396
-3.594482593776876 1.7310115849083965
-3.8895477250878128 0.8877638865803448
-3.9895746921259687 4.885819876671354e-16
-3.8895477250878128 -0.8877638865803438
-3.5944825937768763 -1.7310115849083956
-3.1191750959617788 -2.487459134294239
-2.4874591342942387 -3.119175095961779
-1.7310115849083967 -3.594482593776876
-0.8877638865803468 -3.8895477250878123
-7.328729815007031e-16 -3.9895746921259687
0.8877638865803418 -3.889547725087813
1.7310115849083954 -3.5944825937768767
2.4874591342942374 -3.11917509596178
3.119175095961779 -2.4874591342942387
3.594482593776877 -1.7310115849083936
3.889547725087812 -0.887763886580347
4.364341392639799 0.0
4.254918241975032 0.97115732279441
3.9321357236663474 1.893616762224087
3.41217950100416 2.7211223501408575
2.721122350140858 3.41217950100416
1.8936167622240871 3.9321357236663474
0.9711573227944102 4.254918241975032
2.672388358441316e-16 4.364341392639799
-0.9711573227944097 4.254918241975032
-1.8936167622240867 3.9321357236663474
-2.7211223501408575 3.4121795010041605
-3.4121795010041587 2.7211223501408592
-3.932135723666347 1.8936167622240876
-4.254918241975033 0.9711573227944087
-4.364341392639799 5.344776716882632e-16
-4.254918241975033 -0.9711573227944076
-3.9321357236663474 -1.8936167622240865
-3.412179501004159 -2.721122350140859
-2.7211223501408583 -3.4121795010041596
-1.8936167622240878 -3.932135723666347
-0.9711573227944108 -4.254918241975032
-8.017165075323947e-16 -4.364341392639799
0.9711573227944054 -4.254918241975033
1.8936167622240863 -3.932135723666348
2.721122350140857 -3.4121795010041605
3.4121795010041596 -2.7211223501408583
3.9321357236663483 -1.8936167622240843
4.254918241975032 -0.971157322794411
4.740383304605238 0.0
4.621531998100359 1.0548345202516776
4.27093777937371 2.0567752330525675
3.7061809065062117 2.955580647322768
2.955580647322769 3.7061809065062117
2.0567752330525675 4.27093777937371
1.0548345202516778 4.621531998100359
2.902647620358179e-16 4.740383304605238
-1.0548345202516773 4.621531998100359
-2.056775233052567 4.27093777937371
-2.955580647322768 3.706180906506212
-3.70618090650621 2.9555806473227704
-4.2709377793737096 2.056775233052568
-4.621531998100359 1.0548345202516762
-4.740383304605238 5.805295240716358e-16
-4.621531998100359 -1.054834520251675
-4.27093777937371 -2.0567752330525666
-3.7061809065062103 -2.95558064732277
-2.9555806473227695 -3.7061809065062112
-2.056775233052568 -4.2709377793737096
-1.0548345202516785 -4.621531998100359
-8.707942861074536e-16 -4.740383304605238
1.0548345202516727 -4.62153199810036
2.0567752330525666 -4.27093777937371
2.9555806473227677 -3.706180906506212
3.7061809065062112 -2.9555806473227695
4.270937779373711 -2.0567752330525644
4.621531998100358 -1.054834520251679
1.0 0.5 0.4 0.32000000000000006 0.25600000000000006 0.20480000000000007 0.16384000000000007 0.13107200000000005 