0.0 0.0
1.5330312269817157 0.0
1.4995308165221675 0.3187351144781927
1.4004937138334095 0.623539974992918
1.2402483155356854 0.9010931465236874
1.0257981144773398 1.1392642236267225
0.7665156134908581 1.3276439873609938
0.47373270204482765 1.4579993381049152
0.16024539829772397 1.5246331215166053
-0.16024539829772377 1.5246331215166056
-0.4737327020448274 1.4579993381049154
-0.7665156134908575 1.3276439873609938
-1.0257981144773394 1.139264223626723
-1.2402483155356854 0.9010931465236875
-1.4004937138334095 0.6235399749929179
-1.4995308165221675 0.3187351144781927
-1.5330312269817157 8.685448047773919e-16
-1.4995308165221675 -0.3187351144781923
-1.4004937138334095 -0.6235399749929181
-1.2402483155356856 -0.9010931465236872
-1.0257981144773403 -1.1392642236267223
-0.7665156134908585 -1.3276439873609933
-0.4737327020448278 -1.4579993381049152
-0.16024539829772516 -1.5246331215166053
0.16024539829772325 -1.5246331215166056
0.47373270204482726 -1.4579993381049154
0.7665156134908581 -1.3276439873609938
1.0257981144773403 -1.1392642236267223
1.2402483155356854 -0.9010931465236878
1.4004937138334095 -0.623539974992918
1.4995308165221675 -0.31873511447819214
2.4165884912662334 0.0
2.3637802346929937 0.5024369992299006
2.2076634391876535 0.9829150906332403
1.9550611578452972 1.42043507602601
1.6170133224808132 1.7958752325927243
1.208294245633117 2.092827023929667
0.7467669122121804 2.2983122318226252
0.25260228134235657 2.4033501666592505
-0.25260228134235624 2.4033501666592505
-0.7467669122121802 2.2983122318226252
-1.2082942456331163 2.0928270239296674
-1.6170133224808123 1.795875232592725
-1.9550611578452968 1.4204350760260103
-2.207663439187654 0.9829150906332401
-2.3637802346929937 0.5024369992299006
-2.4165884912662334 1.369127609687729e-15
-2.3637802346929937 -0.5024369992298999
-2.2076634391876535 -0.9829150906332406
-1.9550611578452974 -1.4204350760260098
-1.6170133224808136 -1.795875232592724
-1.2082942456331178 -2.0928270239296665
-0.7467669122121807 -2.2983122318226252
-0.25260228134235846 -2.4033501666592505
0.2526022813423554 -2.4033501666592505
0.7467669122121798 -2.2983122318226252
1.208294245633117 -2.092827023929667
1.6170133224808136 -1.795875232592724
1.9550611578452968 -1.4204350760260105
2.207663439187654 -0.9829150906332403
2.3637802346929937 -0.5024369992298998
2.99901584041407 0.0
2.9334801488637003 0.6235304541697327
2.739737298408481 1.2198096354611683
2.4262547812946478 1.7627772823869075
2.0067332877760875 2.2287031033284546
1.4995079202070352 2.5972239041505225
0.926746861087613 2.8522335574981876
0.31348251711383296 2.9825869178480757
-0.31348251711383257 2.982586917848076
-0.9267468610876126 2.8522335574981876
-1.4995079202070343 2.5972239041505225
-2.0067332877760866 2.2287031033284554
-2.4262547812946473 1.7627772823869077
-2.739737298408481 1.219809635461168
-2.9334801488637003 0.6235304541697327
-2.99901584041407 1.6991040898528358e-15
-2.9334801488637003 -0.623530454169732
-2.739737298408481 -1.2198096354611685
-2.426254781294648 -1.762777282386907
-2.006733287776088 -2.228703103328454
-1.4995079202070363 -2.5972239041505216
-0.9267468610876133 -2.8522335574981876
-0.3134825171138353 -2.9825869178480757
0.31348251711383157 -2.982586917848076
0.9267468610876123 -2.8522335574981876
1.4995079202070352 -2.5972239041505225
2.006733287776088 -2.228703103328454
2.4262547812946473 -1.7627772823869081
2.739737298408481 -1.2198096354611683
2.9334801488637003 -0.6235304541697317
3.433283849767654 0.0
3.3582583602883544 0.7138198502624988
3.136460865752942 1.3964423477808554
2.777584980975076 2.018033613827354
2.2973153041971055 2.551427127349939
1.7166419248838274 2.9733110323016243
1.060943056091249 3.265246977612438
0.3588758847778661 3.414475961608209
-0.35887588477786564 3.4144759616082094
-1.0609430560912487 3.2652469776124384
-1.7166419248838263 2.9733110323016247
-2.297315304197104 2.5514271273499403
-2.7775849809750754 2.0180336138273542
-3.1364608657529423 1.396442347780855
-3.3582583602883544 0.7138198502624988
-3.433283849767654 1.9451403197525247e-15
-3.3582583602883544 -0.7138198502624981
-3.136460865752942 -1.3964423477808554
-2.7775849809750763 -2.0180336138273534
-2.297315304197106 -2.5514271273499385
-1.7166419248838285 -2.9733110323016234
-1.0609430560912494 -3.265246977612438
-0.35887588477786875 -3.414475961608209
0.3588758847778644 -3.4144759616082094
1.0609430560912483 -3.2652469776124384
1.7166419248838274 -2.9733110323016243
2.297315304197106 -2.5514271273499385
2.7775849809750754 -2.0180336138273547
3.1364608657529423 -1.3964423477808554
3.3582583602883544 -0.7138198502624977
3.7800909375311473 0.0
3.697486881101694 0.7859250982669899
3.45328490545754 1.5375014984526731
3.058157808745426 2.2218817054052367
2.5293745411218413 2.8091550200602637
1.890045468765574 3.273654780517309
1.1681123399798523 3.5950801183272536
0.39512709671211427 3.75938320385791
-0.39512709671211377 3.7593832038579102
-1.1681123399798519 3.595080118327254
-1.8900454687655728 3.2736547805173095
-2.5293745411218405 2.809155020060265
-3.0581578087454258 2.221881705405237
-3.4532849054575405 1.5375014984526727
-3.697486881101694 0.7859250982669899
-3.7800909375311473 2.1416252243229334e-15
-3.697486881101694 -0.7859250982669889
-3.45328490545754 -1.5375014984526734
-3.0581578087454266 -2.221881705405236
-2.5293745411218422 -2.8091550200602633
-1.8900454687655754 -3.273654780517308
-1.1681123399798528 -3.5950801183272536
-0.3951270967121172 -3.75938320385791
0.3951270967121125 -3.7593832038579102
1.1681123399798516 -3.595080118327254
1.890045468765574 -3.273654780517309
2.5293745411218422 -2.8091550200602633
3.0581578087454258 -2.2218817054052376
3.4532849054575405 -1.5375014984526731
3.697486881101694 -0.7859250982669885
4.0665308155743825 0.0
3.977667360564168 0.8454792976285916
3.714960754931638 1.65400709289102
3.2898925379490906 2.390246841387505
2.7210402304022687 3.0220213332384698
2.0332654077871917 3.521718991559667
1.2566271301618994 3.867500630867062
0.4250682169825477 4.044253934278525
-0.4250682169825472 4.044253934278525
-1.256627130161899 3.8675006308670623
-2.0332654077871903 3.5217189915596676
-2.7210402304022674 3.022021333238471
-3.28989253794909 2.3902468413875053
-3.7149607549316386 1.6540070928910195
-3.977667360564168 0.8454792976285916
-4.0665308155743825 2.3039088514120825e-15
-3.977667360564168 -0.8454792976285906
-3.714960754931638 -1.6540070928910202
-3.289892537949091 -2.3902468413875044
-2.7210402304022696 -3.0220213332384693
-2.033265407787193 -3.5217189915596663
-1.2566271301618999 -3.867500630867062
-0.4250682169825509 -4.044253934278525
0.42506821698254577 -4.044253934278525
1.2566271301618985 -3.8675006308670623
2.0332654077871917 -3.521718991559667
2.7210402304022696 -3.0220213332384693
3.28989253794909 -2.3902468413875058
3.7149607549316386 -1.65400709289102
3.977667360564168 -0.8454792976285903
4.307230581313765 0.0
4.213107258919334 0.8955235929029052
3.934850932578489 1.751908507596988
3.48462273897432 2.531726613919367
2.882099810601897 3.2008961186413125
2.153615290656883 3.730171103374935
1.3310074483174372 4.096419711544218
0.4502281936041695 4.283635121516355
-0.450228193604169 4.2836351215163555
-1.3310074483174368 4.096419711544218
-2.1536152906568815 3.7301711033749356
-2.8820998106018956 3.200896118641314
-3.4846227389743194 2.5317266139193673
-3.9348509325784895 1.7519085075969876
-4.213107258919334 0.8955235929029052
-4.307230581313765 2.4402782399572053e-15
-4.213107258919334 -0.8955235929029041
-3.934850932578489 -1.7519085075969882
-3.4846227389743203 -2.5317266139193664
-2.882099810601898 -3.200896118641312
-2.153615290656884 -3.7301711033749343
-1.3310074483174377 -4.096419711544218
-0.4502281936041729 -4.283635121516355
0.4502281936041675 -4.2836351215163555
1.3310074483174363 -4.096419711544218
2.153615290656883 -3.730171103374935
2.882099810601898 -3.200896118641312
3.4846227389743194 -2.5317266139193677
3.9348509325784895 -1.751908507596988
4.213107258919334 -0.8955235929029037
5.477692710644978 0.0
5.3579919824744415 1.1388763532503126
5.004121294171705 2.2279783449285184
4.431546492875559 3.2197069919070995
3.665291844921372 4.070718993471056
2.7388463553224893 4.743821041543393
1.6927001375530697 5.209595346721369
0.5725748012961467 5.447685336835618
-0.572574801296146 5.447685336835619
-1.6927001375530693 5.20959534672137
-2.7388463553224875 4.743821041543393
-3.66529184492137 4.070718993471058
-4.431546492875558 3.2197069919071
-5.004121294171705 2.227978344928518
-5.3579919824744415 1.1388763532503126
-5.477692710644978 3.103408112152192e-15
-5.3579919824744415 -1.1388763532503112
-5.004121294171705 -2.227978344928519
-4.431546492875559 -3.2197069919070986
-3.665291844921373 -4.070718993471055
-2.738846355322491 -4.7438210415433915
-1.6927001375530704 -5.209595346721369
-0.5725748012961509 -5.447685336835618
0.572574801296144 -5.447685336835619
1.6927001375530686 -5.20959534672137
2.7388463553224893 -4.743821041543393
3.665291844921373 -4.070718993471055
4.431546492875558 -3.2197069919071004
5.004121294171705 -2.2279783449285184
5.3579919824744415 -1.1388763532503108
4.496712120971874 0.0
4.398448172319261 0.9349190201919749
4.107950932440281 1.8289775929623613
3.6379165246780607 2.643101068512075
3.0088877081271375 3.341708344361726
2.2483560604859374 3.8942669302670465
1.3895604641921235 4.276627364553701
0.4700344077622206 4.472078661474436
-0.47003440776222005 4.472078661474437
-1.389560464192123 4.276627364553702
-2.248356060485936 3.894266930267047
-3.008887708127136 3.3417083443617277
-3.63791652467806 2.6431010685120753
-4.107950932440281 1.8289775929623608
-4.398448172319261 0.9349190201919749
-4.496712120971874 2.54762974328913e-15
-4.398448172319261 -0.9349190201919738
-4.107950932440281 -1.8289775929623615
-3.637916524678061 -2.6431010685120744
-3.0088877081271383 -3.3417083443617255
-2.2483560604859387 -3.894266930267045
-1.389560464192124 -4.276627364553701
-0.4700344077622241 -4.472078661474436
0.47003440776221844 -4.472078661474437
1.3895604641921226 -4.276627364553702
2.2483560604859374 -3.8942669302670465
3.0088877081271383 -3.3417083443617255
3.63791652467806 -2.6431010685120757
4.107950932440281 -1.8289775929623613
4.398448172319261 -0.9349190201919735
4.746434185025089 0.0
4.642713210123207 0.9868391567637798
4.336083389729231 1.9305487069973262
3.839945918367501 2.789884014934591
3.175984384268251 3.5272880040704075
2.373217092512545 4.110532581622616
1.4667288258549562 4.514127160834188
0.4961374713617297 4.7204327219319175
-0.49613747136172914 4.7204327219319175
-1.4667288258549558 4.514127160834188
-2.3732170925125438 4.110532581622616
-3.1759843842682494 3.527288004070409
-3.8399459183675004 2.7898840149345916
-4.336083389729231 1.9305487069973255
-4.642713210123207 0.9868391567637798
-4.746434185025089 2.6891107500385732e-15
-4.642713210123207 -0.9868391567637785
-4.336083389729231 -1.9305487069973264
-3.8399459183675013 -2.7898840149345907
-3.175984384268252 -3.527288004070407
-2.373217092512547 -4.110532581622615
-1.466728825854957 -4.514127160834188
-0.4961374713617334 -4.7204327219319175
0.4961374713617275 -4.7204327219319175
1.4667288258549553 -4.514127160834188
2.373217092512545 -4.110532581622616
3.175984384268252 -3.527288004070407
3.8399459183675004 -2.7898840149345925
4.336083389729231 -1.9305487069973262
4.642713210123207 -0.9868391567637782
4.876479827608556 0.0
4.769917043402111 1.0138771661967902
4.45488599579757 1.9834430351083605
3.9451550532619355 2.8663229257700507
3.2630019039444536 3.6239307504321934
2.4382399138042783 4.223155411751369
1.5069151394576579 4.637807916628984
0.509730942535634 4.849765960878411
-0.5097309425356333 4.849765960878412
-1.5069151394576572 4.637807916628985
-2.438239913804277 4.223155411751369
-3.2630019039444518 3.6239307504321947
-3.945155053261935 2.8663229257700515
-4.45488599579757 1.98344303510836
-4.769917043402111 1.0138771661967902
-4.876479827608556 2.7627886146911987e-15
-4.769917043402111 -1.0138771661967891
-4.45488599579757 -1.983443035108361
-3.945155053261936 -2.86632292577005
-3.2630019039444544 -3.6239307504321925
-2.43823991380428 -4.223155411751367
-1.5069151394576583 -4.637807916628984
-0.5097309425356378 -4.849765960878411
0.5097309425356317 -4.849765960878412
1.5069151394576568 -4.637807916628985
2.4382399138042783 -4.223155411751369
3.2630019039444544 -3.6239307504321925
3.945155053261935 -2.866322925770052
4.45488599579757 -1.9834430351083605
4.769917043402111 -1.0138771661967887
4.626683263286795 0.0
4.5255791333392335 0.9619415401481858
4.226685479126697 1.8818416190842595
3.7430653875891564 2.7194961891883915
3.095855377393474 3.4382957262344456
2.313341631643398 4.006825241270651
1.429723755945759 4.400237266382632
0.48362009153754076 4.6013378082726515
-0.4836200915375402 4.6013378082726515
-1.4297237559457585 4.400237266382632
-2.3133416316433966 4.0068252412706515
-3.0958553773934723 3.438295726234447
-3.743065387589156 2.719496189188392
-4.226685479126697 1.8818416190842588
-4.5255791333392335 0.9619415401481858
-4.626683263286795 2.6212653995248227e-15
-4.5255791333392335 -0.9619415401481847
-4.226685479126697 -1.8818416190842597
-3.743065387589157 -2.719496189188391
-3.095855377393475 -3.438295726234445
-2.3133416316433997 -4.00682524127065
-1.4297237559457596 -4.400237266382632
-0.48362009153754437 -4.6013378082726515
0.4836200915375386 -4.6013378082726515
1.429723755945758 -4.400237266382632
2.313341631643398 -4.006825241270651
3.095855377393475 -3.438295726234445
3.743065387589156 -2.719496189188393
4.226685479126697 -1.8818416190842595
4.5255791333392335 -0.9619415401481842
4.982163225439638 0.0
4.873291005427981 1.0358499801312167
4.551432583834391 2.0264283455710195
4.03065471813057 2.92844206842732
3.33371790001723 3.7024688206692313
2.4910816127198196 4.314679919031343
1.5395731054107509 4.738318800800448
0.5207778657038211 4.954870413998339
-0.5207778657038205 4.954870413998339
-1.5395731054107502 4.738318800800449
-2.4910816127198183 4.314679919031344
-3.3337179000172283 3.7024688206692327
-4.030654718130569 2.9284420684273202
-4.551432583834392 2.026428345571019
-4.873291005427981 1.0358499801312167
-4.982163225439638 2.8226639548159592e-15
-4.873291005427981 -1.0358499801312153
-4.551432583834391 -2.02642834557102
-4.03065471813057 -2.928442068427319
-3.3337179000172315 -3.7024688206692304
-2.4910816127198214 -4.3146799190313425
-1.5395731054107513 -4.738318800800448
-0.520777865703825 -4.954870413998339
0.5207778657038188 -4.954870413998339
1.5395731054107498 -4.738318800800449
2.4910816127198196 -4.314679919031343
3.3337179000172315 -3.7024688206692304
4.030654718130569 -2.9284420684273207
4.551432583834392 -2.0264283455710195
4.873291005427981 -1.0358499801312149
5.066683827592785 0.0
4.955964629636657 1.0534228014338125
4.628645996008615 2.0608059715615354
4.099033321647269 2.9781220318878185
3.390273221785781 3.7652798688055755
2.533341913796393 4.387876907639126
1.5656914078508768 4.8187026702393885
0.5296126743613462 5.038928003449354
-0.5296126743613456 5.038928003449355
-1.5656914078508763 4.8187026702393885
-2.533341913796391 4.387876907639127
-3.390273221785779 3.765279868805577
-4.099033321647268 2.978122031887819
-4.628645996008616 2.060805971561535
-4.955964629636657 1.0534228014338125
-5.066683827592785 2.8705494307310873e-15
-4.955964629636657 -1.0534228014338112
-4.628645996008615 -2.060805971561536
-4.09903332164727 -2.978122031887818
-3.390273221785782 -3.7652798688055746
-2.5333419137963946 -4.387876907639125
-1.5656914078508775 -4.8187026702393885
-0.5296126743613502 -5.038928003449354
0.5296126743613438 -5.038928003449355
1.5656914078508757 -4.8187026702393885
2.533341913796393 -4.387876907639126
3.390273221785782 -3.7652798688055746
4.099033321647268 -2.9781220318878194
4.628645996008616 -2.0608059715615354
4.955964629636657 -1.0534228014338107
5.140016623386204 0.0
5.027694927897093 1.0686695469996157
4.695638838501926 2.090633106749914
4.158360799689173 3.021225967764566
3.4393424399010217 3.8197767565372454
2.5700083116931025 4.451384971726764
1.588352487996071 4.8884463035368615
0.537278038812753 5.11185907451448
-0.5372780388127524 5.111859074514481
-1.5883524879960704 4.888446303536862
-2.5700083116931007 4.451384971726765
-3.43934243990102 3.819776756537247
-4.158360799689173 3.0212259677645665
-4.695638838501926 2.0906331067499133
-5.027694927897093 1.0686695469996157
-5.140016623386204 2.9120964114351766e-15
-5.027694927897093 -1.0686695469996144
-4.695638838501926 -2.090633106749914
-4.158360799689174 -3.021225967764565
-3.439342439901023 -3.819776756537245
-2.5700083116931043 -4.451384971726763
-1.5883524879960715 -4.8884463035368615
-0.5372780388127569 -5.11185907451448
0.5372780388127506 -5.111859074514481
1.58835248799607 -4.888446303536862
2.5700083116931025 -4.451384971726764
3.439342439901023 -3.819776756537245
4.158360799689173 -3.021225967764567
4.695638838501926 -2.090633106749914
5.027694927897093 -1.068669546999614
5.204109903471469 0.0
5.090387616035654 1.0819952892321993
4.7541909633892345 2.1167021923355116
4.210213352503386 3.0588990525697355
3.482229215268003 3.8674073459804834
2.602054951735735 4.506891380492474
1.6081584007676513 4.949402635212683
0.5439776108858491 5.1756012449052475
-0.5439776108858484 5.1756012449052475
-1.6081584007676506 4.949402635212683
-2.602054951735733 4.506891380492475
-3.4822292152680014 3.867407345980485
-4.210213352503385 3.058899052569736
-4.754190963389235 2.116702192335511
-5.090387616035654 1.0819952892321993
-5.204109903471469 2.948408708575268e-15
-5.090387616035654 -1.081995289232198
-4.7541909633892345 -2.116702192335512
-4.210213352503386 -3.058899052569735
-3.4822292152680046 -3.8674073459804825
-2.6020549517357368 -4.5068913804924735
-1.608158400767652 -4.949402635212683
-0.5439776108858531 -5.1756012449052475
0.5439776108858466 -5.1756012449052475
1.6081584007676502 -4.949402635212683
2.602054951735735 -4.506891380492474
3.4822292152680046 -3.8674073459804825
4.210213352503385 -3.058899052569737
4.754190963389235 -2.1167021923355116
5.090387616035654 -1.0819952892321976
5.260549113271966 0.0
5.145593493689323 1.093729660770239
4.805750747135416 2.1396580870676165
4.255873632381081 3.0920731877415086
3.5199944179442246 3.9093498526977557
2.6302745566359835 4.555769169949225
1.625599075745098 5.003079513467995
0.5498771147543356 5.231731274809126
-0.549877114754335 5.231731274809126
-1.6255990757450973 5.003079513467996
-2.6302745566359818 4.555769169949225
-3.519994417944223 3.9093498526977575
-4.25587363238108 3.092073187741509
-4.805750747135417 2.139658087067616
-5.145593493689323 1.093729660770239
-5.260549113271966 2.980384562422991e-15
-5.145593493689323 -1.0937296607702376
-4.805750747135416 -2.139658087067617
-4.255873632381082 -3.0920731877415077
-3.519994417944226 -3.9093498526977553
-2.6302745566359853 -4.555769169949223
-1.6255990757450987 -5.003079513467995
-0.5498771147543398 -5.231731274809126
0.5498771147543332 -5.231731274809126
1.6255990757450969 -5.003079513467996
2.6302745566359835 -4.555769169949225
3.519994417944226 -3.9093498526977553
4.25587363238108 -3.0920731877415095
4.805750747135417 -2.1396580870676165
5.145593493689323 -1.0937296607702371
5.3482849051972 0.0
5.231412048059471 1.1119709576146495
4.885901381321391 2.1753434485528835
4.3268533790635395 3.143642992333362
3.5787011215945315 3.974550252476155
2.6741424525986006 4.631750594577623
1.6527109264649396 5.086521210090805
0.559048002257851 5.3189864408862455
-0.5590480022578503 5.318986440886246
-1.6527109264649391 5.0865212100908055
-2.674142452598599 4.631750594577624
-3.5787011215945297 3.9745502524761567
-4.3268533790635395 3.143642992333363
-4.885901381321391 2.1753434485528826
-5.231412048059471 1.1119709576146495
-5.3482849051972 3.0300916166098277e-15
-5.231412048059471 -1.1119709576146481
-4.885901381321391 -2.1753434485528835
-4.32685337906354 -3.1436429923333615
-3.5787011215945324 -3.9745502524761545
-2.6741424525986024 -4.631750594577622
-1.6527109264649402 -5.086521210090805
-0.5590480022578551 -5.3189864408862455
0.5590480022578485 -5.318986440886246
1.6527109264649384 -5.0865212100908055
2.6741424525986006 -4.631750594577623
3.5787011215945324 -3.9745502524761545
4.3268533790635395 -3.1436429923333633
4.885901381321391 -2.1753434485528835
5.231412048059471 -1.1119709576146477
5.707256286213848 0.0
5.582539043133006 1.1866053043970068
5.2138380558728405 2.321350263027879
4.617267326800253 3.3546410760900103
3.8188998594396777 4.241317976773151
2.8536281431069246 4.942628929769623
1.7636391836933283 5.427923281170158
0.5965707290725886 5.675991339117889
-0.5965707290725878 5.675991339117889
-1.7636391836933276 5.427923281170159
-2.853628143106923 4.942628929769624
-3.818899859439676 4.241317976773153
-4.617267326800252 3.3546410760900107
-5.213838055872841 2.321350263027878
-5.582539043133006 1.1866053043970068
-5.707256286213848 3.2334682488390507e-15
-5.582539043133006 -1.1866053043970055
-5.2138380558728405 -2.321350263027879
-4.617267326800253 -3.3546410760900094
-3.818899859439679 -4.24131797677315
-2.853628143106927 -4.942628929769622
-1.763639183693329 -5.427923281170158
-0.596570729072593 -5.675991339117889
0.5965707290725858 -5.675991339117889
1.763639183693327 -5.427923281170159
2.8536281431069246 -4.942628929769623
3.818899859439679 -4.24131797677315
4.617267326800252 -3.354641076090011
5.213838055872841 -2.321350263027879
5.582539043133006 -1.186605304397005
5.304775279979186 0.0
5.188853212543643 1.102924797868725
4.846153360839741 2.157646489650222
4.291653352843281 3.1180686762974408
3.5495874996899546 3.9422162996369265
2.6523876399895934 4.594070153829683
1.6392657128536883 5.0451410975056525
0.5545000079964604 5.275715165947663
-0.5545000079964597 5.2757151659476635
-1.6392657128536878 5.0451410975056525
-2.6523876399895916 4.5940701538296835
-3.549587499689953 3.9422162996369283
-4.291653352843281 3.118068676297441
-4.846153360839742 2.1576464896502214
-5.188853212543643 1.102924797868725
-5.304775279979186 3.005441069200353e-15
-5.188853212543643 -1.1029247978687238
-4.846153360839741 -2.1576464896502223
-4.291653352843282 -3.11806867629744
-3.549587499689956 -3.942216299636926
-2.652387639989595 -4.594070153829682
-1.639265712853689 -5.0451410975056525
-0.5545000079964645 -5.275715165947663
0.5545000079964579 -5.2757151659476635
1.6392657128536872 -5.0451410975056525
2.6523876399895934 -4.594070153829683
3.549587499689956 -3.942216299636926
4.291653352843281 -3.1180686762974417
4.846153360839742 -2.157646489650222
5.188853212543643 -1.1029247978687233
1.0 0.5 0.4 0.32000000000000006 0.25600000000000006 0.20480000000000007 0.16384000000000007 0.13107200000000005 0.10485760000000005 0.08388608000000004 0.06710886400000003 0.05368709120000003 0.042949672960000025 0.03435973836800002 0.027487790694400018 0.021990232555520017 0.017592186044416015 0.014073748835532814 0.011258999068426251 0.009007199254741001 0.007205759403792801 