0.0 0.0
1.014598968607919 0.0
0.8786684814679482 0.5072994843039594
0.5072994843039597 0.8786684814679481
6.212626896619471e-17 1.014598968607919
-0.5072994843039593 0.8786684814679482
-0.8786684814679482 0.5072994843039594
-1.014598968607919 1.2425253793238941e-16
-0.8786684814679483 -0.5072994843039592
-0.50729948430396 -0.8786684814679478
-1.8637880689858408e-16 -1.014598968607919
0.5072994843039597 -0.8786684814679481
0.8786684814679478 -0.50729948430396
1.6847333029020959 0.0
1.4590218389148786 0.8423666514510478
0.8423666514510482 1.4590218389148786
1.031601623408e-16 1.6847333029020959
-0.8423666514510476 1.4590218389148786
-1.4590218389148786 0.8423666514510478
-1.6847333029020959 2.063203246816e-16
-1.4590218389148788 -0.8423666514510475
-0.8423666514510487 -1.4590218389148781
-3.0948048702239995e-16 -1.6847333029020959
0.8423666514510482 -1.4590218389148786
1.4590218389148781 -0.8423666514510487
2.148232893165142 0.0
1.860424258726355 1.0741164465825708
1.0741164465825712 1.8604242587263549
1.3154132682188745e-16 2.148232893165142
-1.0741164465825705 1.860424258726355
-1.860424258726355 1.0741164465825708
-2.148232893165142 2.630826536437749e-16
-1.8604242587263553 -1.0741164465825703
-1.0741164465825719 -1.8604242587263544
-3.9462398046566234e-16 -2.148232893165142
1.0741164465825712 -1.8604242587263549
1.8604242587263544 -1.0741164465825719
2.520733348634388 0.0
2.183019116083996 1.2603666743171937
1.2603666743171942 2.183019116083996
1.5435040134545462e-16 2.520733348634388
-1.2603666743171933 2.183019116083996
-2.183019116083996 1.2603666743171937
-2.520733348634388 3.0870080269090924e-16
-2.1830191160839965 -1.2603666743171933
-1.260366674317195 -2.183019116083995
-4.630512040363638e-16 -2.520733348634388
1.2603666743171942 -2.183019116083996
2.183019116083995 -1.260366674317195
2.963573721798951 0.0
2.5665301290658884 1.4817868608994753
1.4817868608994758 2.566530129065888
1.814665536219147e-16 2.963573721798951
-1.4817868608994749 2.5665301290658884
-2.5665301290658884 1.4817868608994753
-2.963573721798951 3.629331072438294e-16
-2.566530129065889 -1.4817868608994746
-1.4817868608994769 -2.5665301290658875
-5.443996608657441e-16 -2.963573721798951
1.4817868608994758 -2.566530129065888
2.5665301290658875 -1.4817868608994769
3.2486088954996597 0.0
2.8133778304628123 1.6243044477498296
1.6243044477498303 2.813377830462812
1.9891992427776385e-16 3.2486088954996597
-1.6243044477498292 2.8133778304628123
-2.8133778304628123 1.6243044477498296
-3.2486088954996597 3.978398485555277e-16
-2.8133778304628128 -1.624304447749829
-1.6243044477498312 -2.813377830462811
-5.967597728332915e-16 -3.2486088954996597
1.6243044477498303 -2.813377830462812
2.813377830462811 -1.6243044477498312
3.514493983288267 0.0
3.0436410709752018 1.7572469916441333
1.757246991644134 3.0436410709752013
2.1520069036283039e-16 3.514493983288267
-1.7572469916441327 3.0436410709752018
-3.0436410709752018 1.7572469916441333
-3.514493983288267 4.3040138072566077e-16
-3.043641070975202 -1.7572469916441327
-1.7572469916441351 -3.043641070975201
-6.456020710884911e-16 -3.514493983288267
1.757246991644134 -3.0436410709752013
3.043641070975201 -1.7572469916441351
3.7720945126831276 0.0
3.266729673459471 1.8860472563415636
1.8860472563415642 3.2667296734594706
2.3097417355193435e-16 3.7720945126831276
-1.886047256341563 3.266729673459471
-3.266729673459471 1.8860472563415636
-3.7720945126831276 4.619483471038687e-16
-3.2667296734594715 -1.8860472563415627
-1.8860472563415656 -3.2667296734594697
-6.92922520655803e-16 -3.7720945126831276
1.8860472563415642 -3.2667296734594706
3.2667296734594697 -1.8860472563415656
4.044482513842209 0.0
3.502624602149301 2.022241256921104
2.022241256921105 3.5026246021493006
2.476531282392151e-16 4.044482513842209
-2.0222412569211037 3.502624602149301
-3.502624602149301 2.022241256921104
-4.044482513842209 4.953062564784302e-16
-3.5026246021493015 -2.0222412569211032
-2.0222412569211063 -3.5026246021492997
-7.429593847176452e-16 -4.044482513842209
2.022241256921105 -3.5026246021493006
3.5026246021492997 -2.0222412569211063
2.751345393818848 0.0
2.3827350056324232 1.3756726969094237
1.3756726969094242 2.382735005632423
1.684713164944533e-16 2.751345393818848
-1.3756726969094233 2.3827350056324232
-2.3827350056324232 1.3756726969094237
-2.751345393818848 3.369426329889066e-16
-2.3827350056324237 -1.3756726969094233
-1.3756726969094253 -2.3827350056324224
-5.054139494833598e-16 -2.751345393818848
1.3756726969094242 -2.382735005632423
2.3827350056324224 -1.3756726969094253
1.0 0.5 0.4 0.32000000000000006 0.25600000000000006 0.20480000000000007 0.16384000000000007 0.13107200000000005 0.10485760000000005 0.08388608000000004 0.06710886400000003 