0.0 0.0
2.3944093087577847 0.0
2.3880217039286675 0.1747806609197806
2.368892970076823 0.34862879139069924
2.3371251672738356 0.5206168364173196
2.2928877904927263 0.6898271653648589
2.2364168652789362 0.8553569679156586
2.1680136884519197 1.0163230709528515
2.0880432205562496 1.1718666506710638
1.9969321386392034 1.3211578147730079
1.8951665597441043 1.4634000303039592
1.7832894472655652 1.5978343734997087
1.6618977140048539 1.7237435789732105
1.5316390373818283 1.8404558666357633
1.393208403795672 1.947348525934443
1.24734440057175 2.043851238282335
1.0948252752786631 2.1294491199549546
0.936464783440741 2.2036854692176964
0.7731078468002325 2.266164203027186
0.6056260452942326 2.316551970305696
0.4349129667986133 2.3545799305133728
0.26187943945007014 2.3800451880288427
0.08744867198392481 2.392811874685133
-0.08744867198392398 2.392811874685133
-0.26187943945006936 2.3800451880288427
-0.43491296679861297 2.354579930513373
-0.6056260452942328 2.3165519703056954
-0.7731078468002326 2.266164203027186
-0.9364647834407407 2.2036854692176964
-1.094825275278663 2.129449119954955
-1.2473444005717498 2.0438512382823353
-1.3932084037956716 1.9473485259344432
-1.5316390373818278 1.8404558666357638
-1.6618977140048539 1.7237435789732107
-1.7832894472655652 1.597834373499709
-1.895166559744104 1.4634000303039594
-1.9969321386392032 1.3211578147730083
-2.08804322055625 1.1718666506710638
-2.1680136884519197 1.0163230709528515
-2.236416865278936 0.855356967915659
-2.292887790492726 0.6898271653648592
-2.3371251672738356 0.5206168364173203
-2.368892970076823 0.3486287913907002
-2.3880217039286675 0.17478066091978064
-2.3944093087577847 2.9323056958188477e-16
-2.388021703928668 -0.17478066091977898
-2.368892970076823 -0.3486287913906996
-2.337125167273836 -0.5206168364173186
-2.2928877904927263 -0.6898271653648588
-2.2364168652789362 -0.8553569679156584
-2.16801368845192 -1.016323070952851
-2.0880432205562496 -1.1718666506710642
-1.9969321386392038 -1.321157814773007
-1.8951665597441039 -1.46340003030396
-1.7832894472655656 -1.5978343734997085
-1.661897714004854 -1.7237435789732105
-1.5316390373818274 -1.840455866635764
-1.3932084037956722 -1.947348525934443
-1.2473444005717513 -2.043851238282334
-1.0948252752786636 -2.1294491199549546
-0.9364647834407407 -2.2036854692176964
-0.7731078468002333 -2.2661642030271856
-0.6056260452942329 -2.3165519703056954
-0.43491296679861463 -2.3545799305133728
-0.2618794394500705 -2.3800451880288427
-0.08744867198392456 -2.392811874685133
0.08744867198392367 -2.392811874685133
0.2618794394500696 -2.3800451880288427
0.43491296679861163 -2.354579930513373
0.605626045294232 -2.316551970305696
0.7731078468002324 -2.266164203027186
0.9364647834407399 -2.203685469217697
1.0948252752786627 -2.129449119954955
1.2473444005717507 -2.0438512382823344
1.3932084037956713 -1.9473485259344436
1.5316390373818283 -1.8404558666357633
1.6618977140048528 -1.7237435789732118
1.783289447265565 -1.5978343734997094
1.8951665597441045 -1.463400030303959
1.996932138639203 -1.3211578147730088
2.0880432205562496 -1.171866650671064
2.168013688451919 -1.0163230709528528
2.236416865278936 -0.8553569679156592
2.292887790492726 -0.6898271653648606
2.337125167273836 -0.5206168364173185
2.368892970076823 -0.3486287913906994
2.3880217039286675 -0.17478066091978198
3.58858681003919 0.0
3.579013478381285 0.2619500233867931
3.550344561274088 0.5225024300601421
3.5027330197946274 0.7802670601964805
3.4364328821169208 1.0338686279662614
3.3517978881617516 1.2819540592789083
3.249279602241138 1.523199711018526
3.12942500376735 1.756318433252629
2.992873568881082 1.980066436733945
2.8403538585695576 2.1932499290542045
2.6726796314784327 2.3947314840431604
2.4907455021573326 2.583436110429337
2.2955221679041515 2.7583569873835896
2.088051229674976 2.9185608363438424
1.869439634692311 3.063192900460029
1.6408537704027009 3.1914815050917165
1.4035132412950377 3.3027421750261925
1.158684361782927 3.3963812864498797
0.9076733998693839 3.471899234188228
0.6518196076418596 3.5288930973154824
0.39248807578288825 3.567058788912161
0.1310624502206617 3.5861926785003346
-0.13106245022066046 3.5861926785003346
-0.392488075782887 3.567058788912161
-0.6518196076418592 3.528893097315483
-0.9076733998693843 3.4718992341882275
-1.158684361782927 3.3963812864498797
-1.4035132412950375 3.302742175026193
-1.6408537704027004 3.191481505091717
-1.8694396346923106 3.0631929004600296
-2.0880512296749756 2.9185608363438424
-2.2955221679041506 2.7583569873835905
-2.4907455021573326 2.5834361104293375
-2.6726796314784327 2.3947314840431604
-2.840353858569557 2.193249929054205
-2.9928735688810817 1.9800664367339458
-3.1294250037673503 1.7563184332526287
-3.249279602241138 1.523199711018526
-3.351797888161751 1.2819540592789087
-3.4364328821169208 1.033868627966262
-3.502733019794627 0.7802670601964815
-3.5503445612740876 0.5225024300601435
-3.579013478381285 0.26195002338679313
-3.58858681003919 4.3947513503769047e-16
-3.5790134783812855 -0.2619500233867907
-3.5503445612740876 -0.5225024300601426
-3.502733019794628 -0.780267060196479
-3.4364328821169208 -1.0338686279662612
-3.3517978881617516 -1.281954059278908
-3.2492796022411383 -1.5231997110185254
-3.12942500376735 -1.7563184332526294
-2.992873568881083 -1.9800664367339438
-2.8403538585695567 -2.193249929054206
-2.672679631478433 -2.39473148404316
-2.490745502157333 -2.583436110429337
-2.2955221679041498 -2.758356987383591
-2.0880512296749765 -2.9185608363438424
-1.869439634692313 -3.063192900460028
-1.6408537704027013 -3.1914815050917165
-1.4035132412950375 -3.302742175026193
-1.158684361782928 -3.3963812864498792
-0.9076733998693846 -3.4718992341882275
-0.6518196076418616 -3.528893097315482
-0.3924880757828887 -3.567058788912161
-0.13106245022066135 -3.5861926785003346
0.13106245022066002 -3.5861926785003346
0.3924880757828874 -3.567058788912161
0.6518196076418572 -3.528893097315483
0.9076733998693831 -3.471899234188228
1.1586843617829268 -3.3963812864498797
1.4035132412950362 -3.3027421750261934
1.6408537704027002 -3.191481505091717
1.869439634692312 -3.0631929004600287
2.088051229674975 -2.918560836343843
2.2955221679041515 -2.7583569873835896
2.4907455021573313 -2.5834361104293393
2.6726796314784322 -2.394731484043161
2.840353858569558 -2.1932499290542045
2.9928735688810812 -1.9800664367339462
3.12942500376735 -1.7563184332526292
3.249279602241137 -1.523199711018528
3.351797888161751 -1.2819540592789092
3.4364328821169203 -1.033868627966264
3.502733019794628 -0.7802670601964787
3.5503445612740876 -0.5225024300601423
3.579013478381285 -0.26195002338679513
4.404510561320599 0.0
4.392760576542105 0.32150863435088756
4.357573313459316 0.641301881029441
4.2991365113453535 0.9576735046987599
4.217761955823516 1.2689355258611417
4.113883815356076 1.5734272269590444
3.9880563247676863 1.8695240130218047
3.840950828162778 2.1556460795827235
3.673352197014301 2.4302668416194355
3.4861546425348173 2.6919210785455134
3.2803569446727825 2.9392127517962603
3.0570571231893777 3.1708224532984786
2.8174465792479957 3.385514445083415
2.5628037387735536 3.5821432524834895
2.2944872314970377 3.7596597757352668
2.0139286420780484 3.917116887380611
1.722624871981233 4.053674485601469
1.422130152859305 4.168603976526562
1.1140477540546991 4.261292161594929
0.8000214284639439 4.331244509235562
0.48172664240474433 4.378087793407317
0.16086163627825284 4.401572084921316
-0.1608616362782513 4.401572084921316
-0.48172664240474283 4.378087793407317
-0.8000214284639432 4.331244509235563
-1.1140477540546996 4.261292161594929
-1.4221301528593053 4.168603976526562
-1.7226248719812325 4.05367448560147
-2.013928642078048 3.9171168873806113
-2.2944872314970373 3.759659775735267
-2.562803738773553 3.58214325248349
-2.817446579247995 3.385514445083416
-3.0570571231893777 3.170822453298479
-3.2803569446727825 2.9392127517962607
-3.4861546425348164 2.691921078545514
-3.6733521970143004 2.4302668416194364
-3.8409508281627787 2.1556460795827235
-3.9880563247676863 1.8695240130218047
-4.113883815356076 1.5734272269590448
-4.217761955823515 1.2689355258611423
-4.299136511345353 0.9576735046987611
-4.357573313459316 0.6413018810294426
-4.392760576542105 0.32150863435088767
-4.404510561320599 5.393969760731983e-16
-4.392760576542106 -0.3215086343508846
-4.357573313459316 -0.6413018810294416
-4.2991365113453535 -0.9576735046987581
-4.217761955823516 -1.2689355258611414
-4.113883815356076 -1.573427226959044
-3.988056324767687 -1.8695240130218036
-3.840950828162778 -2.1556460795827244
-3.6733521970143017 -2.4302668416194337
-3.486154642534816 -2.6919210785455148
-3.280356944672783 -2.93921275179626
-3.057057123189378 -3.1708224532984786
-2.817446579247994 -3.3855144450834165
-2.562803738773554 -3.5821432524834895
-2.29448723149704 -3.7596597757352654
-2.013928642078049 -3.917116887380611
-1.7226248719812325 -4.05367448560147
-1.4221301528593067 -4.168603976526562
-1.1140477540546998 -4.261292161594929
-0.8000214284639463 -4.331244509235562
-0.4817266424047449 -4.378087793407317
-0.1608616362782524 -4.401572084921316
0.16086163627825076 -4.401572084921316
0.4817266424047433 -4.378087793407317
0.8000214284639408 -4.331244509235563
1.1140477540546982 -4.261292161594929
1.4221301528593049 -4.168603976526562
1.722624871981231 -4.05367448560147
2.0139286420780476 -3.9171168873806113
2.2944872314970386 -3.7596597757352663
2.5628037387735527 -3.5821432524834904
2.8174465792479957 -3.385514445083415
3.0570571231893755 -3.1708224532984812
3.280356944672782 -2.939212751796261
3.4861546425348178 -2.691921078545513
3.6733521970143 -2.430266841619437
3.840950828162778 -2.155646079582724
3.9880563247676855 -1.8695240130218072
4.113883815356076 -1.5734272269590452
4.217761955823515 -1.2689355258611448
4.2991365113453535 -0.9576735046987578
4.357573313459316 -0.6413018810294412
4.392760576542105 -0.32150863435089017
5.016265650357311 0.0
5.002883676533888 0.36616388957053386
4.962809153683986 0.7303741363610181
4.896255896726166 1.0906875211209233
4.803578996082091 1.445181616044719
4.6852729231154795 1.791965041756
4.54196889191344 2.1291875586348077
4.374431491486205 2.45504993864655
4.183554606353947 2.767813565002045
3.9703566472861 3.065809708430341
3.735975117639271 3.347448430571394
3.4816605442846607 3.6112270669851396
3.208769805506138 3.855738244516445
2.9187588914675135 4.079677390239819
2.6131751358750464 4.2818496919204305
2.293648960282631 4.461176472854337
1.9618851750873667 4.616700947075419
1.6196538836284708 4.747593324222481
1.2687810379200783 4.853155236829861
0.911138696407217 4.932823466420019
0.5486350357240037 4.986172948517808
0.1832041697456918 5.012919040553363
-0.18320416974569004 5.012919040553363
-0.5486350357240021 4.986172948517808
-0.9111386964072162 4.932823466420019
-1.268781037920079 4.853155236829861
-1.619653883628471 4.747593324222481
-1.961885175087366 4.616700947075419
-2.29364896028263 4.461176472854337
-2.613175135875046 4.281849691920431
-2.918758891467513 4.07967739023982
-3.2087698055061367 3.855738244516446
-3.4816605442846607 3.61122706698514
-3.735975117639271 3.3474484305713945
-3.9703566472860996 3.0658097084303417
-4.183554606353946 2.767813565002046
-4.374431491486206 2.45504993864655
-4.54196889191344 2.1291875586348077
-4.6852729231154795 1.7919650417560007
-4.8035789960820905 1.44518161604472
-4.896255896726165 1.0906875211209246
-4.962809153683985 0.73037413636102
-5.002883676533888 0.366163889570534
-5.016265650357311 6.143153672382897e-16
-5.002883676533888 -0.36616388957053053
-4.962809153683985 -0.7303741363610188
-4.896255896726166 -1.090687521120921
-4.803578996082091 -1.4451816160447188
-4.6852729231154795 -1.7919650417559996
-4.541968891913441 -2.1291875586348064
-4.374431491486205 -2.4550499386465505
-4.1835546063539475 -2.7678135650020432
-3.970356647286099 -3.0658097084303426
-3.7359751176392715 -3.3474484305713936
-3.481660544284661 -3.6112270669851396
-3.2087698055061358 -3.8557382445164468
-2.918758891467514 -4.079677390239819
-2.613175135875049 -4.281849691920429
-2.2936489602826313 -4.461176472854337
-1.961885175087366 -4.616700947075419
-1.6196538836284726 -4.74759332422248
-1.2687810379200792 -4.853155236829861
-0.9111386964072198 -4.932823466420018
-0.5486350357240043 -4.986172948517808
-0.18320416974569126 -5.012919040553363
0.1832041697456894 -5.012919040553363
0.5486350357240025 -4.986172948517808
0.9111386964072135 -4.932823466420019
1.2687810379200772 -4.853155236829861
1.6196538836284706 -4.747593324222481
1.9618851750873645 -4.61670094707542
2.2936489602826295 -4.461176472854337
2.6131751358750477 -4.28184969192043
2.9187588914675127 -4.07967739023982
3.208769805506138 -3.855738244516445
3.4816605442846584 -3.6112270669851423
3.7359751176392706 -3.347448430571395
3.970356647286101 -3.0658097084303404
4.183554606353946 -2.7678135650020463
4.374431491486205 -2.4550499386465505
4.541968891913439 -2.1291875586348104
4.6852729231154795 -1.7919650417560011
4.80357899608209 -1.4451816160447226
4.896255896726166 -1.0906875211209208
4.962809153683985 -0.7303741363610183
5.002883676533888 -0.3661638895705368
5.4949354893588565 0.0
5.480276560186164 0.4011045450871376
5.436377984397745 0.8000690238791699
5.363473979889154 1.194764788260625
5.2619535210680315 1.5830859655543676
5.132358263507339 1.9629606942634872
4.975379653978518 2.3323621783488218
4.791855241283795 2.6893195010627653
4.582764207570935 3.0319281406428806
4.34922214397282 3.358360131759535
4.092475098446067 3.666873818501846
3.813892927566049 3.9558231468655327
3.5149619877493645 4.223666447163233
3.197277204899253 4.468974659499321
2.862533564785814 4.690438958422769
2.512517069563555 4.886877736077221
2.149095208677134 5.057242906590155
1.774206994997173 5.200625498064493
1.3898526193476206 5.316260502336959
0.9980827786222916 5.403530956627625
0.6009877344296454 5.4619712353032925
0.20068616064271208 5.4912695341917015
-0.20068616064271017 5.4912695341917015
-0.6009877344296436 5.4619712353032925
-0.9980827786222908 5.403530956627626
-1.3898526193476213 5.3162605023369585
-1.7742069949971733 5.200625498064493
-2.1490952086771333 5.057242906590155
-2.512517069563554 4.8868777360772215
-2.8625335647858137 4.69043895842277
-3.197277204899252 4.468974659499322
-3.514961987749363 4.223666447163234
-3.813892927566049 3.955823146865533
-4.092475098446067 3.6668738185018466
-4.34922214397282 3.358360131759536
-4.582764207570934 3.031928140642882
-4.791855241283796 2.6893195010627653
-4.975379653978518 2.3323621783488218
-5.132358263507338 1.9629606942634878
-5.261953521068031 1.5830859655543685
-5.363473979889154 1.1947647882606263
-5.436377984397745 0.800069023879172
-5.480276560186164 0.4011045450871378
-5.4949354893588565 6.729355158564519e-16
-5.480276560186165 -0.40110454508713395
-5.436377984397745 -0.8000690238791707
-5.363473979889155 -1.1947647882606225
-5.2619535210680315 -1.5830859655543672
-5.132358263507339 -1.9629606942634865
-4.975379653978519 -2.3323621783488204
-4.791855241283795 -2.689319501062766
-4.582764207570936 -3.031928140642879
-4.349222143972819 -3.358360131759537
-4.092475098446068 -3.6668738185018457
-3.8138929275660494 -3.9558231468655327
-3.5149619877493623 -4.223666447163235
-3.1972772048992533 -4.468974659499321
-2.862533564785817 -4.690438958422767
-2.5125170695635552 -4.886877736077221
-2.1490952086771333 -5.057242906590155
-1.7742069949971748 -5.200625498064492
-1.3898526193476215 -5.3162605023369585
-0.9980827786222946 -5.403530956627625
-0.600987734429646 -5.4619712353032925
-0.2006861606427115 -5.4912695341917015
0.20068616064270947 -5.4912695341917015
0.6009877344296441 -5.4619712353032925
0.9980827786222878 -5.403530956627626
1.3898526193476193 -5.316260502336959
1.7742069949971726 -5.200625498064493
2.1490952086771316 -5.057242906590156
2.5125170695635535 -4.8868777360772215
2.8625335647858154 -4.690438958422768
3.1972772048992515 -4.468974659499323
3.5149619877493645 -4.223666447163233
3.8138929275660463 -3.955823146865536
4.092475098446066 -3.6668738185018475
4.3492221439728205 -3.3583601317595346
4.582764207570934 -3.0319281406428824
4.791855241283795 -2.6893195010627657
4.975379653978517 -2.3323621783488244
5.132358263507338 -1.9629606942634885
5.26195352106803 -1.5830859655543716
5.363473979889155 -1.1947647882606223
5.436377984397745 -0.8000690238791702
5.480276560186164 -0.40110454508714083
5.879504293410763 0.0
5.863819443757013 0.42917626594767544
5.816848580255075 0.8560626908235818
5.738842312784752 1.2783816508488204
5.630216838534195 1.6938798916456885
5.491551721407831 2.1003405503247072
5.323586799802164 2.495594983407314
5.127218239247831 2.8775343374771327
4.903493750978745 3.2441208008253937
4.653607001939342 3.593398476058107
4.378891246054971 3.923503815654923
4.0808122107453375 4.2326755648014585
3.760960276634537 4.519264158445782
3.421041992182314 4.781740522441683
3.062870968509651 5.018704231820834
2.6883582029987347 5.228890982665924
2.2995018832950884 5.4111793377190835
1.8983767261119235 5.5645967097348725
1.4871229077187929 5.68832455065405
1.0679346451752079 5.781702718911626
0.6430484892332364 5.844233001577748
0.2147313913715521 5.875581772539229
-0.21473139137155006 5.875581772539229
-0.6430484892332345 5.844233001577748
-1.067934645175207 5.781702718911627
-1.4871229077187935 5.688324550654049
-1.898376726111924 5.5645967097348725
-2.299501883295088 5.4111793377190835
-2.6883582029987343 5.2288909826659244
-3.06287096850965 5.018704231820835
-3.4210419921823134 4.781740522441684
-3.7609602766345356 4.519264158445783
-4.0808122107453375 4.2326755648014585
-4.378891246054971 3.9235038156549233
-4.653607001939341 3.5933984760581077
-4.903493750978744 3.244120800825395
-5.127218239247832 2.8775343374771323
-5.323586799802164 2.495594983407314
-5.49155172140783 2.100340550324708
-5.630216838534195 1.6938798916456894
-5.738842312784752 1.278381650848822
-5.816848580255075 0.8560626908235841
-5.863819443757013 0.4291762659476756
-5.879504293410763 7.200316113498612e-16
-5.863819443757014 -0.4291762659476715
-5.816848580255075 -0.8560626908235826
-5.738842312784753 -1.278381650848818
-5.630216838534195 -1.693879891645688
-5.491551721407831 -2.100340550324707
-5.323586799802165 -2.4955949834073126
-5.127218239247831 -2.877534337477133
-4.903493750978746 -3.2441208008253914
-4.65360700193934 -3.593398476058109
-4.378891246054971 -3.923503815654922
-4.080812210745338 -4.2326755648014585
-3.7609602766345342 -4.519264158445784
-3.4210419921823148 -4.781740522441683
-3.062870968509654 -5.018704231820832
-2.6883582029987356 -5.228890982665924
-2.299501883295088 -5.4111793377190835
-1.8983767261119255 -5.564596709734872
-1.4871229077187937 -5.688324550654049
-1.0679346451752112 -5.781702718911626
-0.6430484892332372 -5.844233001577748
-0.21473139137155148 -5.875581772539229
0.2147313913715493 -5.875581772539229
0.6430484892332351 -5.844233001577748
1.0679346451752036 -5.781702718911627
1.4871229077187915 -5.68832455065405
1.8983767261119233 -5.5645967097348725
2.2995018832950858 -5.411179337719084
2.6883582029987334 -5.2288909826659244
3.062870968509652 -5.018704231820833
3.4210419921823125 -4.781740522441685
3.760960276634537 -4.519264158445782
4.080812210745335 -4.232675564801461
4.3788912460549705 -3.9235038156549242
4.653607001939343 -3.5933984760581064
4.903493750978743 -3.2441208008253954
5.127218239247831 -2.8775343374771327
5.323586799802163 -2.4955949834073174
5.49155172140783 -2.1003405503247086
5.630216838534194 -1.6938798916456927
5.738842312784753 -1.2783816508488175
5.816848580255075 -0.8560626908235821
5.863819443757013 -0.4291762659476789
6.195080032737768 0.0
6.178553316528828 0.4522118163391987
6.129061345083648 0.9020108869784312
6.046868179483719 1.3469973392599706
5.932412355830274 1.7847969779273176
5.786304545464437 2.2130739524841436
5.609324296771397 2.629543219967349
5.4024158759524905 3.0319827366399474
5.166683228956452 3.418245313555818
4.903384091450132 3.7862700727417673
4.613923278254527 4.134093442873199
4.299845188049885 4.459859635776716
3.962825563340523 4.76183054786298
3.6046625496435243 5.038395033661377
3.227267101604391 5.288077501978217
2.8326527872271936 5.509545788814192
2.4229250446180512 5.701618265035708
2.0002699485618756 5.863270140877568
1.5669425468675275 5.9936389336397715
1.1252548287120725 6.092029069405886
0.6775633891781722 6.157915594230857
0.2262568557996907 6.19094697499743
-0.22625685579968857 6.19094697499743
-0.67756338917817 6.157915594230857
-1.1252548287120716 6.0920290694058865
-1.5669425468675282 5.993638933639771
-2.0002699485618756 5.863270140877568
-2.4229250446180504 5.701618265035709
-2.8326527872271927 5.509545788814193
-3.22726710160439 5.288077501978218
-3.6046625496435234 5.038395033661378
-3.962825563340522 4.761830547862981
-4.299845188049885 4.459859635776717
-4.613923278254527 4.1340934428731995
-4.903384091450131 3.7862700727417677
-5.166683228956451 3.4182453135558197
-5.402415875952491 3.031982736639947
-5.609324296771397 2.629543219967349
-5.786304545464436 2.213073952484144
-5.932412355830273 1.7847969779273185
-6.0468681794837185 1.3469973392599723
-6.129061345083647 0.9020108869784336
-6.178553316528828 0.4522118163391989
-6.195080032737768 7.586784932553988e-16
-6.178553316528829 -0.45221181633919455
-6.129061345083647 -0.902010886978432
-6.046868179483719 -1.3469973392599681
-5.932412355830274 -1.7847969779273172
-5.786304545464437 -2.2130739524841427
-5.609324296771398 -2.629543219967348
-5.4024158759524905 -3.0319827366399483
-5.166683228956454 -3.418245313555816
-4.903384091450131 -3.7862700727417695
-4.613923278254528 -4.134093442873199
-4.299845188049885 -4.459859635776716
-3.9628255633405205 -4.761830547862982
-3.6046625496435247 -5.038395033661377
-3.2272671016043946 -5.288077501978215
-2.832652787227194 -5.509545788814192
-2.4229250446180504 -5.701618265035709
-2.0002699485618773 -5.863270140877567
-1.5669425468675284 -5.993638933639771
-1.125254828712076 -6.092029069405886
-0.6775633891781729 -6.157915594230857
-0.22625685579969007 -6.19094697499743
0.2262568557996878 -6.19094697499743
0.6775633891781707 -6.157915594230857
1.1252548287120683 -6.0920290694058865
1.5669425468675262 -5.9936389336397715
2.000269948561875 -5.863270140877568
2.4229250446180486 -5.70161826503571
2.8326527872271923 -5.509545788814193
3.2272671016043923 -5.288077501978216
3.604662549643523 -5.038395033661378
3.962825563340523 -4.76183054786298
4.299845188049882 -4.45985963577672
4.613923278254527 -4.1340934428732
4.903384091450133 -3.7862700727417664
5.166683228956451 -3.41824531355582
5.4024158759524905 -3.031982736639948
5.609324296771396 -2.6295432199673527
5.786304545464436 -2.213073952484145
5.932412355830272 -1.784796977927322
6.046868179483719 -1.3469973392599677
6.129061345083647 -0.9020108869784316
6.178553316528828 -0.4522118163392023
6.4582935288418435 0.0
6.441064633689374 0.4714251683103132
6.389469871842079 0.9403350793747978
6.303784523678068 1.4042278959333152
6.184465757603525 1.860628549095677
6.032150190861454 2.3071019439050695
5.847650492903242 2.741265951623247
5.6319510494455125 3.1608041194180356
5.386202710346417 3.5634780296414545
5.111716649323695 3.947139242756375
4.809957368275581 4.30974076019102
4.482534883529531 4.6493479459620275
4.131196135708497 4.964148848794485
3.757815669046859 5.252463869665962
3.3643856298858665 5.512754723194014
2.9530051377109574 5.74363264505427
2.5258690854410726 5.94386580163899
2.0852564287252666 6.112385862422331
1.6335180267282707 6.248293699965952
1.173064099279705 6.35086418715292
0.7063513673084398 6.419550066054624
0.23586994517349075 6.453984867788605
-0.2358699451734885 6.453984867788605
-0.7063513673084377 6.419550066054624
-1.1730640992797041 6.350864187152921
-1.6335180267282714 6.248293699965951
-2.085256428725267 6.112385862422331
-2.5258690854410717 5.9438658016389905
-2.953005137710957 5.743632645054271
-3.3643856298858656 5.512754723194015
-3.7578156690468583 5.252463869665963
-4.131196135708495 4.964148848794487
-4.482534883529531 4.649347945962028
-4.809957368275581 4.309740760191021
-5.111716649323694 3.9471392427563754
-5.386202710346416 3.563478029641456
-5.631951049445513 3.160804119418035
-5.847650492903242 2.741265951623247
-6.032150190861454 2.30710194390507
-6.184465757603525 1.8606285490956782
-6.303784523678067 1.404227895933317
-6.389469871842078 0.9403350793748002
-6.441064633689374 0.4714251683103134
-6.4582935288418435 7.909128498050228e-16
-6.441064633689374 -0.47142516831030895
-6.389469871842078 -0.9403350793747987
-6.303784523678069 -1.4042278959333125
-6.184465757603525 -1.8606285490956769
-6.032150190861454 -2.3071019439050686
-5.8476504929032425 -2.741265951623246
-5.6319510494455125 -3.1608041194180365
-5.386202710346418 -3.5634780296414523
-5.111716649323694 -3.947139242756377
-4.809957368275582 -4.309740760191019
-4.4825348835295316 -4.6493479459620275
-4.131196135708493 -4.964148848794488
-3.7578156690468596 -5.252463869665962
-3.36438562988587 -5.5127547231940115
-2.9530051377109583 -5.74363264505427
-2.5258690854410717 -5.9438658016389905
-2.085256428725269 -6.11238586242233
-1.6335180267282718 -6.248293699965951
-1.1730640992797086 -6.3508641871529194
-0.7063513673084406 -6.419550066054624
-0.23586994517349008 -6.453984867788605
0.2358699451734877 -6.453984867788605
0.7063513673084383 -6.419550066054624
1.1730640992797006 -6.350864187152921
1.6335180267282694 -6.248293699965952
2.0852564287252666 -6.112385862422331
2.5258690854410695 -5.943865801638991
2.953005137710956 -5.743632645054271
3.364385629885868 -5.512754723194013
3.757815669046858 -5.252463869665964
4.131196135708497 -4.964148848794485
4.482534883529528 -4.649347945962031
4.8099573682755805 -4.309740760191022
5.111716649323696 -3.947139242756374
5.386202710346415 -3.5634780296414568
5.6319510494455125 -3.160804119418036
5.84765049290324 -2.7412659516232507
6.032150190861454 -2.307101943905071
6.184465757603524 -1.8606285490956818
6.303784523678069 -1.404227895933312
6.389469871842078 -0.9403350793747981
6.441064633689374 -0.471425168310317
6.67958689175138 0.0
6.661767648679528 0.48757854696826525
6.608404992835667 0.9725556514264324
6.519783637077296 1.4523437506857688
6.396376414681446 1.9243829676454194
6.238841756574559 2.386154768844328
6.0480201783186125 2.8351954019269567
5.824929795596926 3.2691090408280985
5.570760892126483 3.685580568541544
5.286869568979293 4.0823879292709995
4.9747705091964285 4.457413984059183
4.636128896298635 4.808657806640191
4.272751529811768 5.134245359246873
3.8865771852095743 5.43243949141316
3.4796662697076797 5.701649208423428
3.0541898290996103 5.940438159957677
2.612417964288133 6.147532303641967
2.1567077193147326 6.321826702615716
1.6894905055098095 6.462391420847942
1.2132591288612429 6.5684764847483255
0.7305544898158594 6.63951588460083
0.2439520264761797 6.675130594470421
-0.2439520264761774 6.675130594470421
-0.7305544898158571 6.63951588460083
-1.2132591288612418 6.568476484748326
-1.6894905055098102 6.462391420847941
-2.1567077193147326 6.321826702615716
-2.6124179642881327 6.147532303641968
-3.05418982909961 5.940438159957678
-3.479666269707679 5.7016492084234285
-3.8865771852095734 5.432439491413161
-4.272751529811766 5.134245359246875
-4.636128896298635 4.808657806640192
-4.9747705091964285 4.457413984059184
-5.286869568979293 4.082387929271
-5.570760892126482 3.6855805685415453
-5.824929795596927 3.269109040828098
-6.0480201783186125 2.8351954019269567
-6.238841756574558 2.386154768844329
-6.396376414681446 1.9243829676454205
-6.519783637077295 1.4523437506857708
-6.608404992835666 0.9725556514264351
-6.661767648679528 0.4875785469682654
-6.67958689175138 8.180134706609946e-16
-6.661767648679529 -0.4875785469682608
-6.608404992835666 -0.9725556514264334
-6.519783637077297 -1.4523437506857662
-6.396376414681446 -1.924382967645419
-6.238841756574559 -2.386154768844327
-6.048020178318613 -2.8351954019269554
-5.824929795596926 -3.2691090408280994
-5.570760892126485 -3.6855805685415417
-5.286869568979292 -4.082387929271001
-4.974770509196429 -4.457413984059182
-4.636128896298636 -4.808657806640191
-4.272751529811765 -5.134245359246876
-3.886577185209575 -5.43243949141316
-3.4796662697076832 -5.701649208423426
-3.0541898290996112 -5.940438159957677
-2.6124179642881327 -6.147532303641968
-2.156707719314735 -6.3218267026157156
-1.6894905055098106 -6.462391420847941
-1.2132591288612464 -6.568476484748325
-0.7305544898158601 -6.63951588460083
-0.243952026476179 -6.675130594470421
0.24395202647617656 -6.675130594470421
0.7305544898158578 -6.63951588460083
1.2132591288612382 -6.568476484748326
1.689490505509808 -6.462391420847942
2.156707719314732 -6.321826702615716
2.6124179642881304 -6.147532303641968
3.054189829099609 -5.940438159957678
3.479666269707681 -5.701649208423427
3.886577185209573 -5.432439491413162
4.272751529811768 -5.134245359246873
4.636128896298632 -4.808657806640195
4.974770509196428 -4.457413984059185
5.286869568979294 -4.082387929270999
5.570760892126482 -3.685580568541546
5.824929795596926 -3.269109040828099
6.048020178318611 -2.8351954019269607
6.238841756574558 -2.3861547688443294
6.396376414681445 -1.924382967645424
6.519783637077297 -1.4523437506857657
6.608404992835666 -0.9725556514264329
6.661767648679528 -0.48757854696826913
6.930535311443066 0.0
6.912046609172397 0.5058966058273173
6.856679147586566 1.009094034374796
6.7647283360491315 1.5069075096412465
6.636684771924271 1.9966809813457236
6.47323162302757 2.475801296104977
6.27524098263014 2.9417121397373927
6.0437692164636845 3.391927676305196
5.780051326552263 3.824045811124739
5.485494361942134 4.235761006980953
5.1616699114863085 4.624876585165939
4.810305718738031 4.989316445710315
4.433276463691378 5.327136144274831
4.032593760552361 5.636533266602211
3.6103954249067747 5.915857045177094
3.1689340675490647 6.163617166784953
2.7105650758290967 6.3784917239779215
2.2377340466415387 6.559334268022976
1.7529637381082748 6.705179925701972
1.2588406095723066 6.815250547327725
0.758001021718057 6.88895885850929
0.2531171704464425 6.925911593514924
-0.2531171704464401 6.925911593514924
-0.7580010217180547 6.88895885850929
-1.2588406095723057 6.815250547327726
-1.7529637381082754 6.705179925701971
-2.237734046641539 6.559334268022976
-2.710565075829096 6.378491723977922
-3.168934067549064 6.163617166784954
-3.610395424906774 5.915857045177095
-4.03259376055236 5.636533266602212
-4.433276463691376 5.327136144274832
-4.810305718738031 4.989316445710316
-5.1616699114863085 4.62487658516594
-5.485494361942133 4.235761006980954
-5.780051326552262 3.8240458111247406
-6.043769216463685 3.391927676305196
-6.27524098263014 2.9417121397373927
-6.473231623027569 2.475801296104978
-6.63668477192427 1.996680981345725
-6.764728336049131 1.5069075096412483
-6.856679147586565 1.0090940343747987
-6.912046609172397 0.5058966058273175
-6.930535311443066 8.487457885536455e-16
-6.912046609172398 -0.5058966058273128
-6.856679147586565 -1.009094034374797
-6.764728336049132 -1.5069075096412436
-6.636684771924271 -1.9966809813457234
-6.47323162302757 -2.4758012961049767
-6.275240982630141 -2.941712139737391
-6.0437692164636845 -3.391927676305197
-5.780051326552264 -3.8240458111247366
-5.485494361942132 -4.2357610069809555
-5.161669911486309 -4.624876585165938
-4.810305718738032 -4.989316445710315
-4.433276463691374 -5.327136144274832
-4.032593760552362 -5.636533266602211
-3.6103954249067782 -5.915857045177092
-3.168934067549065 -6.163617166784953
-2.710565075829096 -6.378491723977922
-2.237734046641541 -6.559334268022976
-1.7529637381082759 -6.705179925701971
-1.2588406095723106 -6.815250547327724
-0.7580010217180579 -6.88895885850929
-0.2531171704464418 -6.925911593514924
0.2531171704464392 -6.925911593514924
0.7580010217180554 -6.88895885850929
1.258840609572302 -6.815250547327726
1.7529637381082732 -6.705179925701972
2.2377340466415383 -6.559334268022976
2.7105650758290936 -6.378491723977923
3.168934067549063 -6.163617166784954
3.610395424906776 -5.915857045177094
4.032593760552359 -5.636533266602213
4.433276463691378 -5.327136144274831
4.810305718738029 -4.98931644571032
5.161669911486308 -4.624876585165941
5.485494361942134 -4.235761006980952
5.780051326552261 -3.8240458111247415
6.0437692164636845 -3.3919276763051966
6.275240982630138 -2.941712139737396
6.473231623027569 -2.475801296104979
6.636684771924269 -1.9966809813457287
6.764728336049132 -1.5069075096412432
6.856679147586565 -1.0090940343747965
6.912046609172397 -0.5058966058273214
7.095140365961105 0.0
7.076212544097436 0.5179120035766375
7.01953006662563 1.0330607225277066
6.925395359087967 1.5426976155467154
6.794310670878701 2.0441035493033364
6.626975395526218 2.53460330619622
6.424282339125962 3.011579857796393
6.18731295683362 3.4724883278262415
5.917331582833952 3.9148695701755534
5.615778684570867 4.336363289510022
5.284263177230367 4.734720634468089
4.924553839481888 5.1078161962559765
4.538569876278798 5.45365934862321
4.128370679069585 5.770404868714952
3.696144838053436 6.0563627821343085
3.244198465104579 6.31000737968695
2.774942889667641 6.5299853576997915
2.2908817932717493 6.715123038481625
1.7945978513062892 6.8644326324014235
1.2887389533302618 6.977117508173407
0.7760040754358009 7.052576443229645
0.25912888004295753 7.090406831502573
-0.25912888004295503 7.090406831502573
-0.7760040754357985 7.052576443229645
-1.2887389533302607 6.977117508173408
-1.7945978513062901 6.864432632401423
-2.29088179327175 6.715123038481625
-2.7749428896676402 6.529985357699792
-3.2441984651045783 6.310007379686951
-3.696144838053435 6.0563627821343085
-4.128370679069584 5.7704048687149525
-4.538569876278796 5.453659348623212
-4.924553839481888 5.1078161962559765
-5.284263177230367 4.73472063446809
-5.615778684570866 4.336363289510023
-5.917331582833951 3.914869570175555
-6.187312956833621 3.472488327826241
-6.424282339125962 3.011579857796393
-6.626975395526217 2.534603306196221
-6.7943106708787 2.0441035493033377
-6.925395359087966 1.5426976155467174
-7.019530066625629 1.0330607225277093
-7.076212544097436 0.5179120035766376
-7.095140365961105 8.689040938675447e-16
-7.076212544097437 -0.5179120035766327
-7.019530066625629 -1.0330607225277075
-6.925395359087968 -1.5426976155467125
-6.794310670878701 -2.044103549303336
-6.626975395526218 -2.5346033061962197
-6.424282339125963 -3.0115798577963915
-6.18731295683362 -3.4724883278262424
-5.9173315828339526 -3.914869570175551
-5.6157786845708655 -4.336363289510024
-5.284263177230368 -4.734720634468088
-4.924553839481889 -5.1078161962559765
-4.538569876278794 -5.453659348623213
-4.128370679069586 -5.770404868714952
-3.69614483805344 -6.056362782134306
-3.24419846510458 -6.31000737968695
-2.7749428896676402 -6.529985357699792
-2.2908817932717516 -6.715123038481624
-1.7945978513062903 -6.864432632401423
-1.2887389533302656 -6.977117508173406
-0.7760040754358017 -7.052576443229645
-0.2591288800429568 -7.090406831502573
0.2591288800429542 -7.090406831502573
0.7760040754357992 -7.052576443229645
1.2887389533302567 -6.977117508173408
1.7945978513062877 -6.8644326324014235
2.290881793271749 -6.715123038481625
2.7749428896676376 -6.529985357699793
3.244198465104578 -6.310007379686951
3.6961448380534376 -6.056362782134308
4.128370679069583 -5.7704048687149525
4.538569876278798 -5.45365934862321
4.924553839481885 -5.10781619625598
5.2842631772303665 -4.73472063446809
5.615778684570868 -4.336363289510021
5.91733158283395 -3.9148695701755556
6.18731295683362 -3.472488327826242
6.42428233912596 -3.011579857796397
6.626975395526217 -2.534603306196222
6.7943106708786996 -2.0441035493033417
6.925395359087968 -1.542697615546712
7.019530066625629 -1.033060722527707
7.076212544097436 -0.5179120035766416
7.359288170157554 0.0
7.339655676881394 0.5371935556609451
7.280862944898989 1.071520951273347
7.183223658873488 1.600131318992632
7.047258766641709 2.1202042937916388
6.873693699732033 2.628965061328333
6.663454502873321 3.123699162780913
6.41766289314562 3.6017669776600916
6.1376302751341925 4.060617807326502
5.824850744018655 4.497803484071557
5.480993113928734 4.910991433151428
5.107892014098836 5.297977118082547
4.7075381003272865 5.656695802797591
4.282067433966345 5.985233567905751
3.8337500851106734 6.281837522280787
3.3649780207911824 6.544925155493619
2.8782523427959816 6.773092781190168
2.3761699432101873 6.965123026365393
1.8614096488730325 7.119991326575005
1.3367179286776376 7.236871392430066
0.8048942399711287 7.315139618208406
0.2687760922384502 7.354378409060955
-0.2687760922384477 7.354378409060955
-0.8048942399711263 7.315139618208406
-1.3367179286776365 7.236871392430067
-1.8614096488730334 7.119991326575004
-2.3761699432101877 6.965123026365393
-2.8782523427959807 6.773092781190169
-3.364978020791182 6.54492515549362
-3.8337500851106725 6.281837522280788
-4.282067433966344 5.985233567905751
-4.707538100327285 5.656695802797593
-5.107892014098836 5.297977118082548
-5.480993113928734 4.910991433151429
-5.824850744018654 4.497803484071558
-6.137630275134192 4.060617807326504
-6.4176628931456206 3.601766977660091
-6.663454502873321 3.123699162780913
-6.873693699732032 2.628965061328334
-7.047258766641708 2.12020429379164
-7.183223658873487 1.600131318992634
-7.280862944898989 1.07152095127335
-7.339655676881394 0.5371935556609453
-7.359288170157554 9.012528701586432e-16
-7.339655676881394 -0.5371935556609402
-7.280862944898989 -1.0715209512733481
-7.183223658873489 -1.600131318992629
-7.047258766641709 -2.1202042937916383
-6.873693699732033 -2.628965061328332
-6.663454502873322 -3.123699162780911
-6.41766289314562 -3.6017669776600925
-6.137630275134194 -4.0606178073265
-5.824850744018653 -4.49780348407156
-5.480993113928735 -4.910991433151428
-5.107892014098837 -5.297977118082547
-4.707538100327283 -5.656695802797593
-4.282067433966346 -5.985233567905751
-3.8337500851106774 -6.281837522280785
-3.3649780207911832 -6.544925155493619
-2.8782523427959807 -6.773092781190169
-2.37616994321019 -6.965123026365393
-1.8614096488730338 -7.119991326575004
-1.3367179286776416 -7.236871392430065
-0.8048942399711296 -7.315139618208406
-0.26877609223844945 -7.354378409060955
0.26877609223844673 -7.354378409060955
0.804894239971127 -7.315139618208406
1.3367179286776325 -7.236871392430067
1.861409648873031 -7.119991326575005
2.3761699432101873 -6.965123026365393
2.8782523427959785 -6.7730927811901696
3.364978020791181 -6.54492515549362
3.833750085110675 -6.281837522280787
4.282067433966343 -5.985233567905752
4.7075381003272865 -5.656695802797591
5.107892014098833 -5.297977118082551
5.480993113928733 -4.9109914331514295
5.824850744018656 -4.497803484071556
6.137630275134191 -4.060617807326505
6.41766289314562 -3.601766977660092
6.66345450287332 -3.123699162780917
6.873693699732032 -2.628965061328335
7.047258766641708 -2.120204293791644
7.183223658873489 -1.6001313189926287
7.280862944898989 -1.0715209512733475
7.339655676881394 -0.5371935556609493
7.23089849892107 0.0
7.211608512868298 0.5278217112098273
7.15384147513183 1.0528272652162016
7.057905597852219 1.572215530232825
6.924312740443608 2.0832153451406086
6.75377567860228 2.583100304831249
6.547204301339922 3.0692033067581237
6.305700756332065 3.5389307810823585
6.030553569483366 3.989776528490087
5.723230770084392 4.4193350918501535
5.385372058240181 4.825314590368683
5.018780056360732 5.205548947764755
4.625410691390492 5.558009449224561
4.207362759091842 5.880815565472705
3.7668667260616058 6.172244986209547
3.306272829226694 6.430742809381844
2.8280385363132132 6.65492983725797
2.3347154341928786 6.8436099350445545
1.8289356150630327 6.995776412783144
1.3133976330959574 7.1106173964766874
0.7908521064847563 7.187520159788604
0.2640870417051861 7.226074393202881
-0.26408704170518355 7.226074393202881
-0.790852106484754 7.187520159788604
-1.3133976330959563 7.110617396476688
-1.8289356150630334 6.995776412783143
-2.3347154341928786 6.8436099350445545
-2.828038536313213 6.654929837257971
-3.306272829226693 6.430742809381845
-3.766866726061605 6.172244986209548
-4.207362759091842 5.880815565472706
-4.62541069139049 5.558009449224563
-5.018780056360732 5.205548947764756
-5.385372058240181 4.825314590368684
-5.723230770084391 4.419335091850154
-6.030553569483365 3.9897765284900886
-6.305700756332066 3.538930781082358
-6.547204301339922 3.0692033067581237
-6.753775678602279 2.58310030483125
-6.924312740443607 2.08321534514061
-7.057905597852219 1.572215530232827
-7.153841475131829 1.0528272652162043
-7.211608512868298 0.5278217112098276
-7.23089849892107 8.855296701663089e-16
-7.211608512868299 -0.5278217112098226
-7.153841475131829 -1.0528272652162025
-7.05790559785222 -1.572215530232822
-6.924312740443608 -2.083215345140608
-6.75377567860228 -2.583100304831248
-6.547204301339923 -3.069203306758122
-6.305700756332065 -3.5389307810823594
-6.030553569483367 -3.9897765284900846
-5.72323077008439 -4.419335091850155
-5.385372058240182 -4.8253145903686825
-5.0187800563607325 -5.205548947764755
-4.625410691390488 -5.5580094492245635
-4.2073627590918425 -5.880815565472705
-3.7668667260616098 -6.172244986209545
-3.3062728292266943 -6.430742809381844
-2.828038536313213 -6.654929837257971
-2.334715434192881 -6.843609935044554
-1.8289356150630338 -6.995776412783143
-1.3133976330959614 -7.1106173964766874
-0.7908521064847573 -7.187520159788604
-0.2640870417051853 -7.226074393202881
0.26408704170518266 -7.226074393202881
0.7908521064847547 -7.187520159788604
1.3133976330959523 -7.110617396476688
1.8289356150630312 -6.995776412783144
2.334715434192878 -6.8436099350445545
2.82803853631321 -6.6549298372579715
3.306272829226692 -6.430742809381845
3.7668667260616076 -6.172244986209546
4.207362759091841 -5.880815565472707
4.625410691390492 -5.558009449224561
5.018780056360728 -5.2055489477647585
5.38537205824018 -4.825314590368685
5.723230770084392 -4.419335091850153
6.030553569483364 -3.9897765284900895
6.305700756332065 -3.538930781082359
6.547204301339921 -3.0692033067581277
6.753775678602279 -2.5831003048312504
6.9243127404436065 -2.083215345140614
7.05790559785222 -1.5722155302328216
7.153841475131829 -1.052827265216202
7.211608512868298 -0.5278217112098316
7.652434259221419 0.0
7.632019735334497 0.5585918466737763
7.57088508399148 1.1142033641579956
7.469356485008588 1.663870124608835
7.327975637390069 2.20465941803338
7.147496869129628 2.7336858995663396
6.928883112544207 3.2481269840333167
6.673300766613435 3.745237905663965
6.382113473736408 4.222366362604963
6.0568748441094735 4.676966668097978
5.6993201665436315 5.106613332819975
5.311357149947915 5.509014005918194
4.895055744876941 5.882021705693793
4.452637099449101 6.2236462746781465
3.9864617085603085 6.532064997984029
3.4990168196224127 6.8056323282781825
2.992903162022087 7.042888665488321
2.470821071104295 7.242568144401038
1.9355560807148489 7.403605388600438
1.3899640611721353 7.525141194712265
0.8369559819632917 7.606527116625664
0.2794823804625032 7.647328925233744
-0.2794823804625005 7.647328925233744
-0.8369559819632891 7.606527116625664
-1.3899640611721342 7.5251411947122655
-1.9355560807148495 7.403605388600437
-2.470821071104295 7.242568144401038
-2.992903162022086 7.042888665488322
-3.499016819622412 6.805632328278183
-3.9864617085603076 6.53206499798403
-4.4526370994491 6.223646274678147
-4.895055744876939 5.882021705693795
-5.311357149947915 5.5090140059181945
-5.6993201665436315 5.106613332819976
-6.056874844109473 4.676966668097979
-6.382113473736407 4.222366362604965
-6.673300766613436 3.7452379056639646
-6.928883112544207 3.2481269840333167
-7.147496869129627 2.7336858995663404
-7.327975637390068 2.204659418033381
-7.469356485008587 1.6638701246088372
-7.570885083991479 1.1142033641579985
-7.632019735334497 0.5585918466737765
-7.652434259221419 9.371529121241057e-16
-7.632019735334498 -0.5585918466737712
-7.570885083991479 -1.1142033641579967
-7.469356485008589 -1.6638701246088319
-7.327975637390069 -2.2046594180333794
-7.147496869129628 -2.733685899566339
-6.928883112544208 -3.248126984033315
-6.673300766613435 -3.745237905663966
-6.38211347373641 -4.22236636260496
-6.056874844109472 -4.676966668097981
-5.699320166543632 -5.1066133328199745
-5.3113571499479155 -5.509014005918194
-4.895055744876937 -5.882021705693796
-4.452637099449102 -6.2236462746781465
-3.9864617085603125 -6.532064997984026
-3.4990168196224136 -6.8056323282781825
-2.992903162022086 -7.042888665488322
-2.470821071104297 -7.242568144401037
-1.93555608071485 -7.403605388600437
-1.3899640611721396 -7.525141194712264
-0.8369559819632926 -7.606527116625664
-0.2794823804625024 -7.647328925233744
0.27948238046249957 -7.647328925233744
0.8369559819632899 -7.606527116625664
1.38996406117213 -7.5251411947122655
1.935556080714847 -7.403605388600438
2.4708210711042944 -7.242568144401038
2.9929031620220834 -7.042888665488323
3.499016819622411 -6.805632328278183
3.98646170856031 -6.532064997984028
4.452637099449099 -6.223646274678147
4.895055744876941 -5.882021705693793
5.311357149947911 -5.509014005918198
5.699320166543631 -5.106613332819977
6.056874844109474 -4.676966668097978
6.382113473736406 -4.222366362604966
6.673300766613435 -3.7452379056639655
6.928883112544205 -3.248126984033321
7.147496869129627 -2.7336858995663413
7.327975637390067 -2.2046594180333856
7.469356485008589 -1.6638701246088314
7.570885083991479 -1.114203364157996
7.632019735334497 -0.5585918466737807
7.775787884163194 0.0
7.755044287795855 0.5675960833409648
7.69292417475565 1.132163795993864
7.589758982723336 1.6906909249385467
7.446099142635189 2.240197486282543
7.2627111418957995 2.7777516247644853
7.040573434836128 3.300485256470468
6.7808712222363035 3.8056093713026646
6.484990127766655 4.290428913554932
6.154508805085908 4.752357161201076
5.791190515040876 5.188929527176074
5.396973717906925 5.597816709014419
4.973961730863689 5.976837116686603
4.524411505887865 6.323968512325835
4.050721587937898 6.637358799742033
3.555419317678839 6.91533590615635
3.0411473470263877 7.156416703432905
2.51064953945552 7.3593149212091005
1.9667563303016469 7.5229480097045425
1.4123696251634579 7.646442915592502
0.8504473169809648 7.729140740117171
0.28398750439687254 7.770600254603602
-0.2839875043968698 7.770600254603602
-0.8504473169809622 7.729140740117171
-1.4123696251634568 7.646442915592503
-1.9667563303016478 7.522948009704542
-2.5106495394555206 7.3593149212091005
-3.041147347026387 7.156416703432906
-3.555419317678838 6.915335906156351
-4.050721587937897 6.637358799742034
-4.524411505887864 6.323968512325836
-4.973961730863687 5.976837116686605
-5.396973717906925 5.5978167090144195
-5.791190515040876 5.188929527176075
-6.154508805085907 4.752357161201077
-6.484990127766654 4.290428913554933
-6.780871222236304 3.805609371302664
-7.040573434836128 3.300485256470468
-7.262711141895799 2.7777516247644862
-7.446099142635188 2.240197486282544
-7.589758982723335 1.690690924938549
-7.69292417475565 1.1321637959938669
-7.755044287795855 0.567596083340965
-7.775787884163194 9.522593743189227e-16
-7.755044287795856 -0.5675960833409596
-7.69292417475565 -1.1321637959938649
-7.589758982723337 -1.6906909249385436
-7.446099142635189 -2.2401974862825424
-7.2627111418957995 -2.7777516247644845
-7.040573434836129 -3.3004852564704663
-6.7808712222363035 -3.8056093713026655
-6.484990127766657 -4.290428913554929
-6.154508805085906 -4.752357161201079
-5.791190515040877 -5.188929527176074
-5.396973717906926 -5.597816709014419
-4.973961730863685 -5.976837116686606
-4.524411505887866 -6.323968512325835
-4.050721587937901 -6.637358799742031
-3.55541931767884 -6.91533590615635
-3.041147347026387 -7.156416703432906
-2.510649539455523 -7.3593149212091
-1.9667563303016482 -7.522948009704542
-1.4123696251634623 -7.646442915592501
-0.8504473169809658 -7.729140740117171
-0.2839875043968717 -7.770600254603602
0.2839875043968689 -7.770600254603602
0.850447316980963 -7.729140740117171
1.4123696251634525 -7.646442915592503
1.966756330301645 -7.5229480097045425
2.5106495394555197 -7.3593149212091005
3.041147347026384 -7.156416703432907
3.555419317678837 -6.915335906156351
4.050721587937899 -6.6373587997420325
4.524411505887863 -6.323968512325837
4.973961730863689 -5.976837116686603
5.3969737179069215 -5.597816709014423
5.791190515040875 -5.188929527176076
6.154508805085909 -4.7523571612010755
6.484990127766653 -4.290428913554934
6.7808712222363035 -3.805609371302665
7.040573434836126 -3.3004852564704725
7.262711141895799 -2.777751624764487
7.446099142635188 -2.2401974862825482
7.589758982723337 -1.6906909249385431
7.69292417475565 -1.1321637959938642
7.755044287795855 -0.5675960833409693
6.8107029421567065 0.0
6.792533918655218 0.49714940432469745
6.738123787752379 0.9916463014742498
6.647762851038342 1.4808523365469592
6.521933223207208 1.962157383679521
6.361306259766523 2.432993472197833
6.166738975065178 2.890848487851637
5.939269469751045 3.333279576030963
5.680111392054864 3.7579261754524347
5.390647462451823 4.162522612775064
5.072422096249547 4.544910190947821
4.72713316346422 4.903048706792415
4.3566229299494115 5.235027336369986
3.9628682281106595 5.53907483005358
3.547969909649263 5.813568962911287
3.11414163660947 6.057045189978139
2.6636980705336817 6.26820446023717
2.1990425227416375 6.445920147618655
1.7226541316246669 6.589244062037654
1.2370746353697273 6.697411508398366
0.7448948106864243 6.769845366573335
0.2487406498923122 6.806159170589031
-0.24874064989230985 6.806159170589031
-0.7448948106864219 6.769845366573335
-1.2370746353697264 6.697411508398367
-1.7226541316246675 6.589244062037653
-2.199042522741638 6.445920147618655
-2.663698070533681 6.268204460237171
-3.114141636609469 6.0570451899781395
-3.5479699096492623 5.813568962911288
-3.9628682281106586 5.539074830053581
-4.35662292994941 5.235027336369987
-4.72713316346422 4.903048706792415
-5.072422096249547 4.544910190947822
-5.390647462451822 4.1625226127750645
-5.680111392054864 3.757926175452436
-5.9392694697510455 3.3332795760309626
-6.166738975065178 2.890848487851637
-6.361306259766522 2.432993472197834
-6.521933223207207 1.962157383679522
-6.647762851038341 1.4808523365469612
-6.738123787752378 0.9916463014742524
-6.792533918655218 0.4971494043246977
-6.8107029421567065 8.340705558055672e-16
-6.792533918655219 -0.49714940432469296
-6.738123787752378 -0.9916463014742507
-6.647762851038343 -1.4808523365469566
-6.521933223207208 -1.9621573836795205
-6.361306259766523 -2.4329934721978326
-6.166738975065178 -2.890848487851635
-5.939269469751045 -3.333279576030964
-5.680111392054866 -3.7579261754524325
-5.390647462451821 -4.162522612775066
-5.072422096249548 -4.544910190947821
-4.727133163464221 -4.903048706792415
-4.356622929949408 -5.2350273363699875
-3.9628682281106604 -5.53907483005358
-3.5479699096492667 -5.813568962911285
-3.114141636609471 -6.057045189978139
-2.663698070533681 -6.268204460237171
-2.1990425227416397 -6.445920147618655
-1.722654131624668 -6.589244062037653
-1.237074635369731 -6.697411508398365
-0.744894810686425 -6.769845366573335
-0.2487406498923115 -6.806159170589031
0.24874064989230898 -6.806159170589031
0.7448948106864226 -6.769845366573335
1.2370746353697226 -6.697411508398367
1.7226541316246653 -6.589244062037654
2.1990425227416375 -6.445920147618655
2.6636980705336786 -6.268204460237172
3.1141416366094687 -6.0570451899781395
3.5479699096492645 -5.813568962911286
3.962868228110658 -5.539074830053582
4.3566229299494115 -5.235027336369986
4.727133163464217 -4.903048706792418
5.0724220962495465 -4.544910190947823
5.390647462451823 -4.162522612775063
5.680111392054863 -3.757926175452437
5.939269469751045 -3.3332795760309635
6.166738975065177 -2.8908484878516405
6.361306259766522 -2.432993472197835
6.521933223207206 -1.9621573836795259
6.647762851038343 -1.4808523365469561
6.738123787752378 -0.9916463014742501
6.792533918655218 -0.49714940432470145
7.460497980475367 0.0
7.440595488134813 0.5445813976118645
7.380994199521058 1.086257217841859
7.282012113296716 1.6221373858206103
7.144177341718662 2.149362748991127
6.968225292930636 2.6651203319247694
6.755094747242601 3.166658344762259
6.505922848331616 3.6513008652032037
6.222039036088297 4.116462115709367
5.904957953479795 4.559660259746634
5.556371365274216 4.97853064345674
5.178139131743605 5.370838412108728
4.772279285504684 5.734490434015905
4.340957264441694 6.06754646829902
3.886474358158354 6.368229516910853
3.411255429602121 6.6349353056896545
2.9178359773711917 6.866240843855925
2.4088486077324442 7.0609120162839085
1.8870089885279373 7.217910168039763
1.3551013599119912 7.3363976460550235
0.8159636792252833 7.415742268368161
0.27247247926453866 7.4555206970888666
-0.27247247926453605 7.4555206970888666
-0.8159636792252809 7.415742268368161
-1.35510135991199 7.336397646055024
-1.8870089885279382 7.217910168039762
-2.4088486077324447 7.0609120162839085
-2.917835977371191 6.866240843855926
-3.4112554296021202 6.634935305689655
-3.886474358158353 6.368229516910854
-4.340957264441693 6.067546468299021
-4.772279285504682 5.734490434015907
-5.178139131743605 5.3708384121087285
-5.556371365274216 4.9785306434567405
-5.904957953479794 4.559660259746635
-6.2220390360882964 4.116462115709369
-6.5059228483316165 3.6513008652032033
-6.755094747242601 3.166658344762259
-6.968225292930635 2.6651203319247703
-7.144177341718661 2.1493627489911282
-7.282012113296715 1.6221373858206123
-7.380994199521057 1.086257217841862
-7.440595488134813 0.5445813976118647
-7.460497980475367 9.136474971834451e-16
-7.4405954881348135 -0.5445813976118595
-7.380994199521057 -1.08625721784186
-7.282012113296717 -1.6221373858206072
-7.144177341718662 -2.1493627489911264
-6.968225292930636 -2.6651203319247685
-6.755094747242602 -3.1666583447622574
-6.505922848331616 -3.6513008652032046
-6.222039036088298 -4.116462115709365
-5.904957953479793 -4.559660259746636
-5.556371365274217 -4.978530643456739
-5.178139131743606 -5.370838412108728
-4.7722792855046805 -5.734490434015908
-4.340957264441695 -6.06754646829902
-3.886474358158358 -6.3682295169108505
-3.411255429602122 -6.6349353056896545
-2.917835977371191 -6.866240843855926
-2.4088486077324465 -7.060912016283908
-1.8870089885279386 -7.217910168039762
-1.3551013599119952 -7.336397646055023
-0.8159636792252843 -7.415742268368161
-0.2724724792645379 -7.4555206970888666
0.2724724792645351 -7.4555206970888666
0.8159636792252817 -7.415742268368161
1.3551013599119859 -7.336397646055024
1.8870089885279357 -7.217910168039763
2.408848607732444 -7.0609120162839085
2.917835977371188 -6.866240843855927
3.4112554296021194 -6.634935305689655
3.886474358158355 -6.368229516910852
4.340957264441692 -6.067546468299022
4.772279285504684 -5.734490434015905
5.178139131743602 -5.370838412108732
5.556371365274215 -4.9785306434567405
5.904957953479796 -4.559660259746633
6.222039036088296 -4.1164621157093695
6.505922848331616 -3.651300865203204
6.755094747242599 -3.166658344762263
6.968225292930635 -2.665120331924771
7.1441773417186605 -2.1493627489911327
7.282012113296717 -1.6221373858206067
7.380994199521057 -1.0862572178418595
7.440595488134813 -0.5445813976118689
7.523652544677124 0.0
7.5035815738739275 0.5491913848980443
7.44347574877774 1.0954525961374302
7.343655759971608 1.635869093803775
7.204654190285219 2.1675575220584573
7.02721267323506 2.687681093089566
6.81227793608873 3.1934647226022777
6.560996748665338 3.682209836094275
6.274709804822349 4.151308766918313
5.954944569273766 4.598258669312052
5.60340712790499 5.020674872163115
5.22197308506645 5.416303602261245
4.812677556412857 5.783034009153546
4.377704310680663 6.118909427444935
3.9193741183369837 6.422137816454638
3.4401323692650245 6.691101321528585
2.9425360255509974 6.924364905993986
2.429239978985072 7.120684007700887
1.9029828860649605 7.279011179299729
1.3665725560785769 7.398501676826155
0.8228709702266076 7.478517966775562
0.27477901171451163 7.51863312762019
-0.274779011714509 7.51863312762019
-0.8228709702266052 7.478517966775562
-1.366572556078576 7.398501676826156
-1.9029828860649611 7.279011179299729
-2.429239978985072 7.120684007700887
-2.9425360255509965 6.924364905993987
-3.4401323692650236 6.691101321528586
-3.9193741183369832 6.422137816454639
-4.377704310680662 6.118909427444936
-4.812677556412855 5.783034009153547
-5.22197308506645 5.416303602261246
-5.60340712790499 5.020674872163116
-5.954944569273765 4.598258669312053
-6.274709804822348 4.151308766918315
-6.560996748665339 3.6822098360942745
-6.81227793608873 3.1934647226022777
-7.027212673235059 2.6876810930895667
-7.204654190285218 2.1675575220584586
-7.3436557599716075 1.635869093803777
-7.443475748777739 1.095452596137433
-7.5035815738739275 0.5491913848980445
-7.523652544677124 9.213817006735678e-16
-7.503581573873928 -0.5491913848980393
-7.443475748777739 -1.0954525961374313
-7.343655759971609 -1.6358690938037719
-7.204654190285219 -2.167557522058457
-7.02721267323506 -2.687681093089565
-6.81227793608873 -3.193464722602276
-6.560996748665338 -3.6822098360942754
-6.274709804822351 -4.15130876691831
-5.954944569273764 -4.598258669312055
-5.603407127904991 -5.020674872163114
-5.22197308506645 -5.416303602261245
-4.812677556412853 -5.783034009153548
-4.377704310680664 -6.118909427444935
-3.919374118336988 -6.422137816454636
-3.4401323692650254 -6.691101321528585
-2.9425360255509965 -6.924364905993987
-2.4292399789850743 -7.120684007700887
-1.9029828860649616 -7.279011179299729
-1.366572556078581 -7.398501676826154
-0.8228709702266086 -7.478517966775562
-0.2747790117145108 -7.51863312762019
0.2747790117145081 -7.51863312762019
0.8228709702266058 -7.478517966775562
1.3665725560785718 -7.398501676826156
1.9029828860649587 -7.279011179299729
2.4292399789850716 -7.120684007700887
2.9425360255509942 -6.924364905993987
3.4401323692650227 -6.691101321528586
3.9193741183369855 -6.422137816454637
4.377704310680661 -6.118909427444937
4.812677556412857 -5.783034009153546
5.2219730850664465 -5.41630360226125
5.6034071279049895 -5.0206748721631165
5.954944569273766 -4.5982586693120515
6.274709804822347 -4.151308766918316
6.560996748665338 -3.6822098360942754
6.812277936088728 -3.193464722602282
7.027212673235059 -2.6876810930895676
7.2046541902852175 -2.1675575220584626
7.343655759971609 -1.6358690938037714
7.443475748777739 -1.0954525961374306
7.5035815738739275 -0.5491913848980488
7.883912512604156 0.0
7.862880470399152 0.5754886746166065
7.7998965588293006 1.1479068681557814
7.695296824314257 1.7142004818851557
7.549639351695128 2.271348094355585
7.36370128661038 2.816377081991867
7.138474689087598 3.3463794793256927
6.8751612404740134 3.8585274942496133
6.5751658319465704 4.350088595511445
6.240089068809647 4.818440091950789
5.871718730573211 5.261083125691144
5.472020232375616 5.67565600462786
5.043126138643451 6.059946803077365
4.587324784937629 6.411905163357714
4.107048068693063 6.729653235333969
3.604858473993635 7.011495695561159
3.0834353996108916 7.255928792568377
2.5455608632523004 7.461648370023515
1.994104658293063 7.627556824971564
1.432009042186796 7.752768964021282
0.8622730382489614 7.8366167262349435
0.2879364345698941 7.878652747522482
-0.2879364345698914 7.878652747522482
-0.8622730382489588 7.8366167262349435
-1.4320090421867948 7.752768964021283
-1.994104658293064 7.627556824971563
-2.545560863252301 7.461648370023515
-3.083435399610891 7.255928792568378
-3.6048584739936342 7.011495695561159
-4.107048068693062 6.72965323533397
-4.587324784937628 6.411905163357715
-5.04312613864345 6.059946803077366
-5.472020232375616 5.675656004627861
-5.871718730573211 5.261083125691145
-6.240089068809646 4.81844009195079
-6.57516583194657 4.350088595511447
-6.875161240474014 3.858527494249613
-7.138474689087598 3.3463794793256927
-7.363701286610379 2.816377081991868
-7.549639351695127 2.271348094355586
-7.695296824314256 1.714200481885158
-7.7998965588293 1.1479068681557845
-7.862880470399152 0.5754886746166067
-7.883912512604156 9.655008223318447e-16
-7.862880470399153 -0.5754886746166012
-7.7998965588293 -1.1479068681557825
-7.695296824314258 -1.7142004818851524
-7.549639351695128 -2.2713480943555844
-7.36370128661038 -2.8163770819918663
-7.138474689087599 -3.346379479325691
-6.8751612404740134 -3.858527494249614
-6.575165831946572 -4.350088595511442
-6.240089068809645 -4.818440091950792
-5.871718730573212 -5.261083125691143
-5.472020232375617 -5.67565600462786
-5.043126138643448 -6.059946803077367
-4.58732478493763 -6.411905163357714
-4.107048068693067 -6.729653235333966
-3.604858473993636 -7.011495695561159
-3.083435399610891 -7.255928792568378
-2.545560863252303 -7.461648370023514
-1.9941046582930644 -7.627556824971563
-1.4320090421868001 -7.752768964021281
-0.8622730382489624 -7.8366167262349435
-0.28793643456989326 -7.878652747522482
0.2879364345698904 -7.878652747522482
0.8622730382489596 -7.8366167262349435
1.4320090421867904 -7.752768964021283
1.9941046582930613 -7.627556824971564
2.5455608632523 -7.461648370023515
3.0834353996108885 -7.255928792568379
3.6048584739936333 -7.011495695561159
4.107048068693064 -6.729653235333968
4.5873247849376275 -6.411905163357716
5.043126138643451 -6.059946803077365
5.472020232375613 -5.675656004627864
5.87171873057321 -5.261083125691146
6.240089068809648 -4.818440091950788
6.575165831946569 -4.350088595511448
6.8751612404740134 -3.8585274942496137
7.138474689087596 -3.346379479325697
7.363701286610379 -2.816377081991869
7.549639351695126 -2.2713480943555906
7.695296824314258 -1.714200481885152
7.7998965588293 -1.1479068681557818
7.862880470399152 -0.575488674616611
7.57589446428319 0.0
7.555684126857613 0.5530048002581789
7.495160945475514 1.1030590806367915
7.394647837496305 1.6472280635564394
7.254681083840354 2.182608372046076
7.076007467698236 2.7063435205153596
6.8595802901193 3.215639155341204
6.606554283738104 3.707777963953395
6.318279451776186 4.1801341728728625
5.99629386519077 4.630187557349293
5.642315456400725 5.055536887850602
5.25823285337381 5.453912741661438
4.846095302979306 5.823189611235288
4.408101737369314 6.1613972446968805
3.9465890417243106 6.466731157988421
3.464019585959596 6.737562262572791
2.962968086916397 6.972445557325755
2.4461078711335156 7.17012783824217
1.9161966114935567 7.3295543848215825
1.3760616138449435 7.449874587458444
0.8285847321019028 7.530446485812398
0.2766869923069407 7.5708401939444485
-0.27668699230693805 7.5708401939444485
-0.8285847321019003 7.530446485812398
-1.3760616138449424 7.449874587458445
-1.9161966114935576 7.329554384821582
-2.446107871133516 7.17012783824217
-2.962968086916396 6.972445557325756
-3.464019585959595 6.737562262572792
-3.9465890417243097 6.466731157988422
-4.408101737369313 6.1613972446968805
-4.846095302979304 5.82318961123529
-5.25823285337381 5.453912741661439
-5.642315456400725 5.055536887850603
-5.996293865190769 4.630187557349294
-6.318279451776185 4.180134172872864
-6.606554283738105 3.7077779639533945
-6.8595802901193 3.215639155341204
-7.076007467698235 2.7063435205153605
-7.254681083840353 2.182608372046077
-7.394647837496304 1.6472280635564416
-7.495160945475513 1.1030590806367944
-7.555684126857613 0.5530048002581791
-7.57589446428319 9.277794906362561e-16
-7.555684126857614 -0.5530048002581739
-7.495160945475513 -1.1030590806367926
-7.394647837496306 -1.6472280635564363
-7.254681083840354 -2.1826083720460754
-7.076007467698236 -2.706343520515359
-6.859580290119301 -3.2156391553412025
-6.606554283738104 -3.707777963953396
-6.3182794517761875 -4.180134172872861
-5.9962938651907685 -4.630187557349296
-5.642315456400726 -5.055536887850601
-5.258232853373811 -5.453912741661438
-4.846095302979302 -5.82318961123529
-4.408101737369315 -6.1613972446968805
-3.946589041724315 -6.466731157988418
-3.464019585959597 -6.737562262572791
-2.962968086916396 -6.972445557325756
-2.4461078711335182 -7.170127838242169
-1.916196611493558 -7.329554384821582
-1.3760616138449477 -7.449874587458443
-0.8285847321019038 -7.530446485812398
-0.2766869923069399 -7.5708401939444485
0.2766869923069371 -7.5708401939444485
0.828584732101901 -7.530446485812398
1.3760616138449384 -7.449874587458445
1.9161966114935551 -7.3295543848215825
2.446107871133515 -7.17012783824217
2.9629680869163937 -6.972445557325757
3.464019585959594 -6.737562262572792
3.9465890417243124 -6.46673115798842
4.4081017373693125 -6.161397244696881
4.846095302979306 -5.823189611235288
5.258232853373808 -5.453912741661442
5.642315456400724 -5.055536887850604
5.996293865190771 -4.630187557349292
6.318279451776184 -4.180134172872865
6.606554283738104 -3.7077779639533954
6.859580290119299 -3.2156391553412083
7.076007467698235 -2.7063435205153614
7.254681083840352 -2.1826083720460816
7.394647837496306 -1.6472280635564358
7.495160945475513 -1.103059080636792
7.555684126857613 -0.5530048002581833
7.9705459074294644 0.0
7.949282751901803 0.5818125065320225
7.885606733453552 1.160520791607194
7.779857591194018 1.733037196133249
7.6325995425519455 2.2963070973797093
7.444618272931405 2.8473252067118047
7.216916743740222 3.3831516041056484
6.950709841156913 3.900927423893584
6.64741789418727 4.397890108049479
6.308659096594584 4.871388145631078
5.93624087313576 5.318895219738115
5.532150236168223 5.738023686506048
5.0985431840792605 6.126537314219142
4.637733198101786 6.482363214574231
4.152178898890984 6.803602902436696
3.6444709287193273 7.088542425080086
3.1173181292791576 7.33566150686549
2.5735330888402204 7.543641660569853
2.016017135874302 7.711373222085789
1.447744859212523 7.837961270959706
0.8717482373268829 7.922730405179648
0.2911004614132673 7.965228344737241
-0.2911004614132645 7.965228344737241
-0.8717482373268802 7.922730405179648
-1.447744859212522 7.837961270959707
-2.016017135874303 7.711373222085788
-2.573533088840221 7.543641660569853
-3.1173181292791567 7.335661506865491
-3.6444709287193264 7.088542425080087
-4.152178898890983 6.803602902436697
-4.6377331981017855 6.482363214574232
-5.098543184079259 6.126537314219144
-5.532150236168223 5.7380236865060485
-5.93624087313576 5.318895219738116
-6.3086590965945835 4.871388145631079
-6.647417894187269 4.397890108049481
-6.950709841156913 3.9009274238935836
-7.216916743740222 3.3831516041056484
-7.444618272931404 2.8473252067118056
-7.632599542551945 2.2963070973797106
-7.779857591194017 1.733037196133251
-7.885606733453551 1.1605207916071971
-7.949282751901803 0.5818125065320227
-7.9705459074294644 9.76110353299053e-16
-7.949282751901804 -0.5818125065320172
-7.885606733453551 -1.1605207916071951
-7.779857591194019 -1.7330371961332456
-7.6325995425519455 -2.296307097379709
-7.444618272931405 -2.847325206711804
-7.216916743740223 -3.3831516041056466
-6.950709841156913 -3.900927423893585
-6.647417894187272 -4.397890108049476
-6.308659096594583 -4.871388145631081
-5.936240873135761 -5.318895219738114
-5.532150236168224 -5.738023686506048
-5.098543184079257 -6.126537314219145
-4.637733198101787 -6.482363214574231
-4.1521788988909885 -6.803602902436693
-3.644470928719328 -7.088542425080086
-3.1173181292791567 -7.335661506865491
-2.573533088840223 -7.543641660569852
-2.0160171358743035 -7.711373222085788
-1.4477448592125275 -7.837961270959705
-0.8717482373268839 -7.922730405179648
-0.29110046141326645 -7.965228344737241
0.2911004614132635 -7.965228344737241
0.871748237326881 -7.922730405179648
1.4477448592125175 -7.837961270959707
2.0160171358743004 -7.711373222085789
2.57353308884022 -7.543641660569853
3.117318129279154 -7.335661506865492
3.6444709287193255 -7.088542425080087
4.152178898890986 -6.803602902436695
4.637733198101785 -6.4823632145742325
5.0985431840792605 -6.126537314219142
5.53215023616822 -5.738023686506052
5.936240873135759 -5.318895219738117
6.308659096594585 -4.8713881456310775
6.647417894187268 -4.397890108049482
6.950709841156913 -3.9009274238935845
7.21691674374022 -3.383151604105653
7.444618272931404 -2.8473252067118064
7.632599542551944 -2.2963070973797146
7.779857591194019 -1.7330371961332451
7.885606733453551 -1.1605207916071945
7.949282751901803 -0.5818125065320271
1.0 0.5 0.4 0.32000000000000006 0.25600000000000006 0.20480000000000007 0.16384000000000007 0.13107200000000005 0.10485760000000005 0.08388608000000004 0.06710886400000003 0.05368709120000003 0.042949672960000025 0.03435973836800002 0.027487790694400018 0.021990232555520017 0.017592186044416015 0.014073748835532814 0.011258999068426251 0.009007199254741001 0.007205759403792801 0.0057646075230342415 