0.0 0.0
2.2756293689922207 0.0
2.2674313881174633 0.1929868524010049
2.242896512133249 0.3845832301081771
2.20220151538326 0.5734086768297155
2.145639606251604 0.7581027008950664
2.073618314589687 0.9373345776285851
1.9866565554542976 1.1098129372513177
1.8853808903127307 1.2742950692298498
1.770521012653057 1.429595876034177
1.642904490525823 1.5745964117925644
1.5034508038972811 1.7082519443221926
1.3531647197751637 1.829599482448477
1.1931290528393683 1.937764714378545
1.0244968637373766 2.0319683071377397
0.8484831512558656 2.111531521681561
0.6663560982266098 2.175881103226034
0.4794279342401166 2.2245534115615624
0.2890454810013571 2.257197761591267
0.09658044844852194 2.273578950025139
-0.09658044844852115 2.2735789500251395
-0.28904548100135735 2.257197761591267
-0.4794279342401163 2.224553411561563
-0.666356098226609 2.175881103226034
-0.8484831512558654 2.111531521681561
-1.0244968637373768 2.0319683071377397
-1.193129052839368 1.9377647143785452
-1.3531647197751635 1.8295994824484771
-1.5034508038972805 1.7082519443221933
-1.6429044905258228 1.5745964117925644
-1.7705210126530573 1.4295958760341767
-1.8853808903127305 1.27429506922985
-1.9866565554542972 1.1098129372513184
-2.073618314589687 0.9373345776285854
-2.145639606251604 0.7581027008950664
-2.20220151538326 0.5734086768297151
-2.242896512133249 0.3845832301081772
-2.2674313881174633 0.1929868524010056
-2.2756293689922207 2.7868422227820343e-16
-2.2674313881174633 -0.19298685240100405
-2.242896512133249 -0.38458323010817663
-2.20220151538326 -0.5734086768297155
-2.145639606251604 -0.7581027008950659
-2.073618314589687 -0.937334577628585
-1.986656555454298 -1.109812937251317
-1.8853808903127312 -1.2742950692298487
-1.770521012653057 -1.4295958760341771
-1.6429044905258232 -1.5745964117925642
-1.5034508038972811 -1.7082519443221926
-1.3531647197751633 -1.8295994824484774
-1.1931290528393694 -1.9377647143785444
-1.0244968637373773 -2.0319683071377392
-0.8484831512558659 -2.111531521681561
-0.6663560982266096 -2.175881103226034
-0.47942793424011587 -2.224553411561563
-0.28904548100135835 -2.257197761591267
-0.09658044844852222 -2.273578950025139
0.09658044844852139 -2.2735789500251395
0.2890454810013555 -2.257197761591267
0.47942793424011704 -2.2245534115615624
0.6663560982266088 -2.175881103226034
0.8484831512558652 -2.1115315216815613
1.0244968637373766 -2.0319683071377397
1.1931290528393672 -1.937764714378546
1.3531647197751644 -1.8295994824484765
1.5034508038972803 -1.7082519443221933
1.6429044905258225 -1.5745964117925646
1.770521012653057 -1.429595876034177
1.8853808903127296 -1.2742950692298514
1.9866565554542983 -1.109812937251317
2.073618314589687 -0.9373345776285857
2.1456396062516037 -0.7581027008950666
2.20220151538326 -0.5734086768297153
2.2428965121332487 -0.38458323010817846
2.267431388117463 -0.19298685240100588
3.4370856575259996 0.0
3.424703517064444 0.29148522668800575
3.38764630928554 0.5808702956383559
3.3261810322204983 0.8660701807980197
3.240750544599045 1.1450300104590816
3.1319703750421293 1.4157398726564834
3.0006242871641 1.6762492966297915
2.8476586325379065 1.9246813060097179
2.674175532210331 2.159245942475874
2.4814249358945895 2.3782531624474856
2.270795616054006 2.580125013886118
2.0438051617645927 2.7634070054762723
1.8020890444509783 2.9267785862686457
1.5473888342773199 3.069062660279977
1.2815396520943603 3.189234067496583
1.0064569473516478 3.2864269701757465
0.7241226972403589 3.3599410912264935
0.4365711265022193 3.409246759722082
0.1458740507936285 3.433988727191164
-0.1458740507936273 3.4339887271911644
-0.4365711265022197 3.4092467597220817
-0.7241226972403585 3.359941091226494
-1.0064569473516465 3.286426970175747
-1.2815396520943598 3.189234067496583
-1.5473888342773203 3.069062660279977
-1.8020890444509778 2.926778586268646
-2.0438051617645927 2.7634070054762727
-2.2707956160540053 2.5801250138861187
-2.481424935894589 2.3782531624474856
-2.6741755322103313 2.159245942475874
-2.847658632537906 1.9246813060097183
-3.000624287164099 1.6762492966297926
-3.131970375042129 1.415739872656484
-3.240750544599045 1.1450300104590816
-3.3261810322204983 0.8660701807980191
-3.38764630928554 0.5808702956383561
-3.424703517064444 0.2914852266880068
-3.4370856575259996 4.209215948884491e-16
-3.424703517064444 -0.2914852266880045
-3.38764630928554 -0.5808702956383552
-3.3261810322204983 -0.8660701807980197
-3.240750544599045 -1.1450300104590807
-3.1319703750421293 -1.4157398726564834
-3.0006242871641002 -1.6762492966297906
-2.8476586325379074 -1.9246813060097163
-2.674175532210331 -2.1592459424758745
-2.48142493589459 -2.3782531624474856
-2.270795616054006 -2.580125013886118
-2.0438051617645923 -2.763407005476273
-1.8020890444509798 -2.926778586268645
-1.547388834277321 -3.0690626602799767
-1.2815396520943607 -3.1892340674965824
-1.0064569473516474 -3.2864269701757465
-0.7241226972403578 -3.359941091226494
-0.4365711265022212 -3.4092467597220817
-0.1458740507936289 -3.433988727191164
0.14587405079362767 -3.4339887271911644
0.4365711265022169 -3.409246759722082
0.7241226972403596 -3.3599410912264935
1.0064569473516463 -3.286426970175747
1.2815396520943596 -3.1892340674965833
1.5473888342773199 -3.069062660279977
1.8020890444509763 -2.926778586268647
2.0438051617645936 -2.763407005476272
2.270795616054005 -2.5801250138861187
2.4814249358945886 -2.378253162447486
2.674175532210331 -2.159245942475874
2.847658632537905 -1.92468130600972
3.0006242871641007 -1.6762492966297904
3.131970375042129 -1.4157398726564845
3.240750544599045 -1.1450300104590818
3.3261810322204983 -0.8660701807980195
3.38764630928554 -0.580870295638358
3.424703517064444 -0.29148522668800725
4.2326760321280945 0.0
4.21742776822658 0.3589560039099531
4.171792840612858 0.7153257215862772
4.09610004998611 1.066541501046921
3.9908947646372956 1.41007282455278
3.856934991058128 1.743444541045992
3.695185912486925 2.0642546996700286
3.5068129347412653 2.3701918558806554
3.2931732894423615 2.6590517254568415
3.055806255130135 2.9287530664190817
2.7964220667260564 3.177352674425551
2.5168895932513538 3.4030593836039156
2.219222872582883 3.60424697194249
1.9055666002640785 3.7794658782570894
1.5781806769244138 3.9274536463125864
1.239423925643582 4.047144020849009
0.8917370965771548 4.137674629975123
0.5376252812957798 4.198393198577673
0.17963986354301587 4.228862247978512
-0.1796398635430144 4.228862247978513
-0.5376252812957804 4.198393198577673
-0.8917370965771543 4.137674629975124
-1.2394239256435806 4.047144020849009
-1.5781806769244133 3.9274536463125864
-1.905566600264079 3.7794658782570894
-2.2192228725828826 3.6042469719424903
-2.5168895932513533 3.403059383603916
-2.7964220667260555 3.177352674425552
-3.0558062551301344 2.9287530664190817
-3.293173289442362 2.659051725456841
-3.506812934741265 2.370191855880656
-3.695185912486924 2.06425469967003
-3.8569349910581274 1.743444541045993
-3.9908947646372956 1.41007282455278
-4.09610004998611 1.0665415010469204
-4.171792840612858 0.7153257215862774
-4.21742776822658 0.3589560039099544
-4.2326760321280945 5.183533154573391e-16
-4.21742776822658 -0.3589560039099515
-4.171792840612858 -0.7153257215862764
-4.09610004998611 -1.066541501046921
-3.9908947646372956 -1.4100728245527792
-3.856934991058128 -1.7434445410459918
-3.6951859124869255 -2.0642546996700273
-3.506812934741266 -2.3701918558806536
-3.2931732894423615 -2.659051725456842
-3.0558062551301353 -2.9287530664190813
-2.7964220667260564 -3.177352674425551
-2.516889593251353 -3.4030593836039165
-2.219222872582885 -3.604246971942489
-1.9055666002640799 -3.779465878257089
-1.5781806769244142 -3.927453646312586
-1.2394239256435815 -4.047144020849009
-0.8917370965771534 -4.137674629975124
-0.5376252812957822 -4.198393198577673
-0.17963986354301636 -4.228862247978512
0.17963986354301484 -4.228862247978513
0.5376252812957769 -4.198393198577673
0.8917370965771556 -4.137674629975123
1.2394239256435802 -4.047144020849009
1.5781806769244127 -3.927453646312587
1.9055666002640785 -3.7794658782570894
2.219222872582881 -3.6042469719424917
2.5168895932513546 -3.403059383603915
2.796422066726055 -3.177352674425552
3.055806255130134 -2.928753066419082
3.2931732894423615 -2.6590517254568415
3.5068129347412635 -2.370191855880658
3.695185912486926 -2.0642546996700273
3.8569349910581274 -1.7434445410459933
3.990894764637295 -1.4100728245527805
4.09610004998611 -1.0665415010469208
4.1717928406128575 -0.7153257215862797
4.217427768226579 -0.3589560039099549
4.8322476616406735 0.0
4.814839434074264 0.4098032302400549
4.762740178053558 0.8166538188156108
4.676325269912038 1.2176203979130213
4.556217331043056 1.6098139941417617
4.40328174189843 1.990408843653908
4.218620406902458 2.356662751837415
4.003563815205291 2.7059368508911312
3.759661454478117 3.0357146129277774
3.4886706468189854 3.34361998161504
3.19254388720682 3.627434491715891
2.873414775730356 3.88511325318146
2.5335826449506063 4.114799684630692
2.1754959931570763 4.314838890061744
1.8017348428814741 4.483789582415596
1.4149921517762527 4.620434468082344
1.018054409793013 4.723789017529546
0.6137815624585509 4.793108558860075
0.20508640490180507 4.827893643190186
-0.2050864049018034 4.827893643190187
-0.6137815624585514 4.793108558860074
-1.0180544097930124 4.723789017529547
-1.414992151776251 4.620434468082344
-1.8017348428814735 4.483789582415596
-2.1754959931570768 4.314838890061744
-2.533582644950606 4.114799684630693
-2.8734147757303554 3.8851132531814603
-3.192543887206819 3.627434491715892
-3.488670646818985 3.34361998161504
-3.7596614544781173 3.035714612927777
-4.003563815205291 2.7059368508911317
-4.218620406902457 2.356662751837417
-4.403281741898429 1.990408843653909
-4.556217331043056 1.6098139941417617
-4.676325269912038 1.2176203979130205
-4.762740178053558 0.816653818815611
-4.814839434074264 0.4098032302400563
-4.8322476616406735 5.917796631515533e-16
-4.814839434074264 -0.40980323024005305
-4.762740178053558 -0.8166538188156098
-4.676325269912038 -1.2176203979130213
-4.556217331043056 -1.6098139941417606
-4.40328174189843 -1.9904088436539078
-4.218620406902458 -2.3566627518374137
-4.003563815205292 -2.705936850891129
-3.759661454478117 -3.0357146129277783
-3.4886706468189863 -3.3436199816150394
-3.19254388720682 -3.627434491715891
-2.8734147757303545 -3.8851132531814607
-2.5335826449506085 -4.114799684630691
-2.1754959931570776 -4.314838890061743
-1.8017348428814746 -4.4837895824155956
-1.414992151776252 -4.620434468082344
-1.0180544097930115 -4.723789017529547
-0.6137815624585536 -4.793108558860074
-0.20508640490180566 -4.827893643190186
0.2050864049018039 -4.827893643190187
0.6137815624585475 -4.793108558860075
1.018054409793014 -4.723789017529546
1.4149921517762505 -4.620434468082344
1.801734842881473 -4.483789582415597
2.1754959931570763 -4.314838890061744
2.5335826449506036 -4.114799684630695
2.8734147757303568 -3.885113253181459
3.1925438872068184 -3.627434491715892
3.4886706468189845 -3.3436199816150407
3.759661454478117 -3.0357146129277774
4.003563815205289 -2.7059368508911343
4.218620406902459 -2.3566627518374137
4.403281741898429 -1.9904088436539094
4.556217331043055 -1.6098139941417622
4.676325269912038 -1.217620397913021
4.762740178053558 -0.8166538188156137
4.814839434074263 -0.40980323024005694
5.3051440342407385 0.0
5.286032192073839 0.44990764429951824
5.2288343668339 0.8965736937122486
5.133962670162461 1.3367799091168435
5.002100654808018 1.7673545946440108
4.834198389612812 2.185195449817931
4.631465614245046 2.5872919217022754
4.3953630229968566 2.970746896003097
4.127591740448462 3.3327975708437094
3.830081064826592 3.670835362815513
3.504974567366541 3.982424701881233
3.154614647832308 4.2653205797128475
2.781525657472615 4.517484725028036
2.3883957110123193 4.737100289381475
1.9780573187242187 4.9225849375995185
1.5534669781276318 5.072602248541384
1.1176838723560218 5.186071344044096
0.6738478286724188 5.262174676674423
0.225156695942046 5.300363920176855
-0.22515669594204413 5.3003639201768555
-0.6738478286724193 5.262174676674422
-1.1176838723560212 5.186071344044097
-1.55346697812763 5.072602248541385
-1.978057318724218 4.9225849375995185
-2.3883957110123197 4.737100289381475
-2.7815256574726144 4.517484725028037
-3.1546146478323074 4.2653205797128475
-3.50497456736654 3.9824247018812344
-3.8300810648265915 3.670835362815513
-4.127591740448463 3.332797570843709
-4.395363022996856 2.970746896003098
-4.631465614245045 2.587291921702277
-4.834198389612812 2.185195449817932
-5.002100654808018 1.7673545946440108
-5.133962670162461 1.3367799091168426
-5.2288343668339 0.8965736937122488
-5.286032192073839 0.44990764429951985
-5.3051440342407385 6.496927660548597e-16
-5.286032192073839 -0.44990764429951624
-5.2288343668339 -0.8965736937122475
-5.133962670162461 -1.3367799091168435
-5.002100654808018 -1.7673545946440097
-4.834198389612812 -2.1851954498179307
-4.631465614245047 -2.587291921702274
-4.395363022996857 -2.970746896003095
-4.127591740448462 -3.33279757084371
-3.8300810648265924 -3.6708353628155126
-3.504974567366541 -3.982424701881233
-3.1546146478323065 -4.265320579712848
-2.781525657472617 -4.517484725028035
-2.388395711012321 -4.737100289381474
-1.9780573187242194 -4.922584937599518
-1.5534669781276311 -5.072602248541384
-1.11768387235602 -5.186071344044097
-0.6738478286724217 -5.262174676674422
-0.2251566959420466 -5.300363920176855
0.22515669594204468 -5.3003639201768555
0.673847828672415 -5.262174676674423
1.117683872356023 -5.186071344044096
1.5534669781276293 -5.072602248541385
1.9780573187242176 -4.9225849375995185
2.3883957110123193 -4.737100289381475
2.7815256574726117 -4.517484725028039
3.154614647832309 -4.265320579712847
3.5049745673665393 -3.9824247018812344
3.8300810648265906 -3.670835362815514
4.127591740448462 -3.3327975708437094
4.395363022996854 -2.9707468960031007
4.631465614245047 -2.5872919217022736
4.834198389612812 -2.1851954498179325
5.002100654808018 -1.7673545946440115
5.133962670162461 -1.336779909116843
5.228834366833899 -0.8965736937122518
5.286032192073838 -0.4499076442995205
5.688879761439991 0.0
5.668385506919215 0.48245070739893264
5.607050404930331 0.9614253463957235
5.505316376288663 1.4334728937407224
5.363916417001801 1.8951922360383642
5.183869317016581 2.3432566748471193
4.966472319814166 2.774437895617999
4.713291775741039 3.1856292277748532
4.426151856418867 3.573868028347065
4.107121411546164 3.93635702788004
3.7584990627887986 4.270484484825727
3.3827966421582345 4.5738430032003174
2.982721094204314 4.844246877927481
2.561154972417756 5.079747842893516
2.1211356703661974 5.278649108249351
1.6658335372039392 5.439517585820285
1.1985290352336395 5.561194214539126
0.7225891041002508 5.642802311507743
0.24144290191373124 5.68375388851743
-0.24144290191372927 5.683753888517431
-0.7225891041002515 5.642802311507743
-1.1985290352336389 5.561194214539126
-1.6658335372039375 5.439517585820286
-2.121135670366197 5.278649108249351
-2.5611549724177562 5.079747842893516
-2.982721094204313 4.844246877927482
-3.382796642158234 4.573843003200318
-3.7584990627887978 4.270484484825728
-4.107121411546163 3.93635702788004
-4.426151856418868 3.5738680283470647
-4.713291775741039 3.185629227774854
-4.966472319814164 2.774437895618001
-5.18386931701658 2.3432566748471206
-5.363916417001801 1.8951922360383642
-5.505316376288663 1.4334728937407215
-5.607050404930331 0.9614253463957239
-5.668385506919215 0.48245070739893436
-5.688879761439991 6.966868390581643e-16
-5.668385506919215 -0.4824507073989305
-5.607050404930331 -0.9614253463957224
-5.505316376288663 -1.4334728937407224
-5.363916417001801 -1.8951922360383628
-5.183869317016581 -2.3432566748471193
-4.966472319814166 -2.7744378956179974
-4.713291775741041 -3.1856292277748506
-4.426151856418867 -3.5738680283470656
-4.107121411546164 -3.9363570278800397
-3.7584990627887986 -4.270484484825727
-3.382796642158233 -4.573843003200318
-2.9827210942043165 -4.84424687792748
-2.5611549724177576 -5.079747842893516
-2.121135670366198 -5.2786491082493505
-1.6658335372039386 -5.439517585820285
-1.1985290352336377 -5.561194214539126
-0.7225891041002539 -5.642802311507743
-0.2414429019137319 -5.68375388851743
0.24144290191372986 -5.683753888517431
0.7225891041002468 -5.642802311507743
1.1985290352336406 -5.561194214539126
1.6658335372039368 -5.439517585820286
2.121135670366196 -5.278649108249352
2.561154972417756 -5.079747842893516
2.9827210942043108 -4.844246877927484
3.382796642158236 -4.573843003200317
3.758499062788797 -4.270484484825728
4.107121411546162 -3.936357027880041
4.426151856418867 -3.573868028347065
4.713291775741037 -3.1856292277748572
4.966472319814167 -2.7744378956179974
5.18386931701658 -2.343256674847121
5.3639164170018 -1.8951922360383646
5.505316376288663 -1.4334728937407222
5.607050404930331 -0.961425346395727
5.668385506919214 -0.4824507073989351
6.67630557037686 0.0
6.652254103065983 0.5661902659768013
6.580272992506465 1.1283011181130198
6.460880864249332 1.6822825348382735
6.29493794131454 2.2241430673506026
6.083639846264407 2.7499785980965497
5.828508986715654 3.256000470027598
5.5313835863576415 3.7385627839610183
5.19440444050856 4.194188667367032
4.8199994916361115 4.619595325315056
4.410866335976392 5.011717693086402
3.9699527872911946 5.367730520035814
3.5004356378023056 5.685068725587111
3.0056977693307543 5.961445880697502
2.48930377955577 6.194870681631252
1.9549742990068228 6.383661297348715
1.4065591838353988 6.526457487137519
0.8480097775132098 6.622230401178072
0.28335044131194215 6.670289993430076
-0.2833504413119398 6.670289993430077
-0.8480097775132105 6.622230401178071
-1.4065591838353977 6.52645748713752
-1.9549742990068206 6.3836612973487155
-2.4893037795557693 6.194870681631252
-3.005697769330755 5.961445880697502
-3.5004356378023047 5.6850687255871115
-3.9699527872911937 5.367730520035815
-4.41086633597639 5.011717693086403
-4.819999491636111 4.619595325315056
-5.194404440508561 4.194188667367031
-5.531383586357641 3.738562783961019
-5.828508986715653 3.2560004700276
-6.083639846264406 2.749978598096551
-6.29493794131454 2.2241430673506026
-6.460880864249332 1.6822825348382724
-6.580272992506465 1.12830111811302
-6.652254103065983 0.5661902659768033
-6.67630557037686 8.176116246891665e-16
-6.652254103065983 -0.5661902659767988
-6.580272992506465 -1.1283011181130185
-6.460880864249332 -1.6822825348382735
-6.29493794131454 -2.2241430673506013
-6.083639846264407 -2.7499785980965497
-5.828508986715655 -3.256000470027596
-5.531383586357643 -3.7385627839610156
-5.19440444050856 -4.194188667367033
-4.819999491636112 -4.619595325315055
-4.410866335976392 -5.011717693086402
-3.969952787291193 -5.367730520035816
-3.5004356378023083 -5.685068725587109
-3.0056977693307565 -5.961445880697501
-2.489303779555771 -6.194870681631251
-1.954974299006822 -6.383661297348715
-1.4065591838353966 -6.52645748713752
-0.8480097775132135 -6.622230401178071
-0.2833504413119429 -6.670289993430076
0.28335044131194054 -6.670289993430077
0.8480097775132052 -6.622230401178072
1.4065591838354 -6.526457487137519
1.9549742990068197 -6.3836612973487155
2.489303779555769 -6.194870681631252
3.0056977693307543 -5.961445880697502
3.5004356378023016 -5.685068725587113
3.969952787291196 -5.367730520035814
4.410866335976389 -5.011717693086403
4.81999949163611 -4.619595325315056
5.19440444050856 -4.194188667367032
5.531383586357639 -3.7385627839610227
5.828508986715656 -3.2560004700275957
6.083639846264406 -2.749978598096552
6.294937941314539 -2.2241430673506035
6.460880864249332 -1.6822825348382733
6.5802729925064645 -1.1283011181130238
6.6522541030659825 -0.5661902659768041
5.983705857164132 0.0
5.962149488255547 0.5074537070063234
5.897635695661741 1.0112511984253914
5.790629302736684 1.507762601787037
5.6419012929934445 1.9934105410525067
5.452523255150318 2.464695911690796
5.223859662309552 2.9182230918069774
4.957558040897379 3.3507244076757616
4.6555371001983605 3.75908367740557
4.319972908011027 4.140358663100468
3.9532832120295236 4.491802269751628
3.5581100199160725 4.810882338119816
3.1373005635752227 5.095299889000738
2.693886784782738 5.343005687422882
2.2310634899756208 5.552215007432452
1.7521653315985277 5.721420491084759
1.2606427818564918 5.849403008992752
0.7600372719836157 5.935240444182194
0.2539556761498866 5.978314335965582
-0.25395567614988457 5.978314335965583
-0.7600372719836164 5.9352404441821935
-1.260642781856491 5.849403008992753
-1.7521653315985257 5.72142049108476
-2.2310634899756203 5.552215007432452
-2.693886784782739 5.343005687422882
-3.137300563575222 5.095299889000739
-3.5581100199160716 4.810882338119816
-3.9532832120295223 4.491802269751629
-4.319972908011026 4.140358663100468
-4.6555371001983605 3.7590836774055694
-4.9575580408973785 3.350724407675762
-5.22385966230955 2.918223091806979
-5.452523255150317 2.464695911690797
-5.6419012929934445 1.9934105410525067
-5.790629302736684 1.5077626017870358
-5.897635695661741 1.0112511984253918
-5.962149488255547 0.5074537070063252
-5.983705857164132 7.327926225015324e-16
-5.962149488255547 -0.5074537070063212
-5.897635695661741 -1.0112511984253902
-5.790629302736684 -1.507762601787037
-5.6419012929934445 -1.9934105410525054
-5.452523255150318 -2.4646959116907956
-5.223859662309553 -2.9182230918069756
-4.95755804089738 -3.350724407675759
-4.6555371001983605 -3.7590836774055707
-4.319972908011028 -4.140358663100468
-3.9532832120295236 -4.491802269751628
-3.558110019916071 -4.810882338119817
-3.1373005635752254 -5.095299889000737
-2.69388678478274 -5.343005687422881
-2.231063489975621 -5.552215007432451
-1.752165331598527 -5.721420491084759
-1.2606427818564898 -5.849403008992753
-0.760037271983619 -5.9352404441821935
-0.25395567614988734 -5.978314335965582
0.2539556761498852 -5.978314335965583
0.7600372719836116 -5.935240444182194
1.260642781856493 -5.849403008992752
1.752165331598525 -5.72142049108476
2.2310634899756194 -5.552215007432453
2.693886784782738 -5.343005687422882
3.137300563575219 -5.09529988900074
3.558110019916074 -4.810882338119815
3.9532832120295214 -4.491802269751629
4.319972908011025 -4.140358663100469
4.6555371001983605 -3.75908367740557
4.957558040897377 -3.3507244076757656
5.223859662309553 -2.918223091806975
5.452523255150317 -2.464695911690798
5.641901292993444 -1.9934105410525074
5.790629302736684 -1.5077626017870365
5.897635695661741 -1.0112511984253951
5.962149488255546 -0.507453707006326
6.40272577540754 0.0
6.379659882442573 0.5429890785466078
6.3106283938350405 1.0820659083397215
6.19612868304221 1.6133464284677643
6.036985723104101 2.1330027506089495
5.834346142693819 2.6372907390543516
5.589669964631694 3.12257698729149
5.304720086387409 3.5853649967815064
4.981549578363321 4.022320369311264
4.622486891475182 4.430294831408876
4.230119080609922 4.806348917726215
3.8072731648359124 5.147773149954106
3.3569957586657972 5.45210755867563
2.8825311211291154 5.717159407502139
2.3872977808116507 5.941018991789191
1.8748639052786362 6.122073398102266
1.3489215923456819 6.259018125295027
0.8132602684294088 6.35086648346997
0.27173938564328864 6.396956703101741
-0.2717393856432864 6.396956703101742
-0.8132602684294095 6.350866483469969
-1.348921592345681 6.259018125295028
-1.874863905278634 6.122073398102267
-2.3872977808116502 5.941018991789191
-2.8825311211291162 5.717159407502139
-3.3569957586657964 5.45210755867563
-3.807273164835912 5.147773149954107
-4.23011908060992 4.806348917726217
-4.622486891475181 4.430294831408876
-4.981549578363322 4.022320369311263
-5.304720086387408 3.5853649967815073
-5.589669964631693 3.122576987291492
-5.834346142693818 2.6372907390543525
-6.036985723104101 2.1330027506089495
-6.19612868304221 1.6133464284677634
-6.3106283938350405 1.0820659083397217
-6.379659882442573 0.5429890785466098
-6.40272577540754 7.841077626671099e-16
-6.379659882442573 -0.5429890785466055
-6.3106283938350405 -1.0820659083397202
-6.19612868304221 -1.6133464284677643
-6.036985723104101 -2.1330027506089477
-5.834346142693819 -2.637290739054351
-5.589669964631695 -3.122576987291488
-5.30472008638741 -3.5853649967815038
-4.981549578363321 -4.022320369311265
-4.622486891475183 -4.430294831408875
-4.230119080609922 -4.806348917726215
-3.807273164835911 -5.147773149954107
-3.3569957586658 -5.452107558675628
-2.8825311211291176 -5.717159407502138
-2.3872977808116516 -5.94101899178919
-1.8748639052786353 -6.122073398102266
-1.3489215923456799 -6.259018125295028
-0.8132602684294123 -6.350866483469969
-0.27173938564328937 -6.396956703101741
0.2717393856432871 -6.396956703101742
0.8132602684294044 -6.35086648346997
1.3489215923456832 -6.259018125295027
1.8748639052786333 -6.122073398102267
2.3872977808116493 -5.941018991789192
2.8825311211291154 -5.717159407502139
3.3569957586657937 -5.452107558675633
3.807273164835914 -5.147773149954105
4.23011908060992 -4.806348917726217
4.62248689147518 -4.430294831408877
4.981549578363321 -4.022320369311264
5.304720086387405 -3.585364996781511
5.589669964631696 -3.1225769872914877
5.834346142693818 -2.6372907390543534
6.036985723104101 -2.13300275060895
6.19612868304221 -1.613346428467764
6.31062839383504 -1.0820659083397253
6.379659882442573 -0.5429890785466106
6.199258414521929 0.0
6.176925515055775 0.5257338409061116
6.110087725709723 1.0476797574413315
5.999226614287596 1.5620771173166605
5.845140937637567 2.0652196757668086
5.648940886590765 2.5534822791286573
5.412040087010896 3.0233469841564733
5.136145414587501 3.4714284048836057
4.823244696757502 3.8944981044059537
4.475592390362971 4.28950785584384
4.09569333823791 4.6536116048865255
3.686284721758251 4.98418597567874
3.2503163393873034 5.278849172303833
2.7909293533102444 5.535478139677927
2.3114336572885867 5.752223860210454
1.8152840287997856 5.927524676018259
1.3060552372863443 6.060117540706439
0.7874162878600671 6.149047119646557
0.26310398603615837 6.1936726731845315
-0.2631039860361562 6.193672673184532
-0.7874162878600678 6.149047119646556
-1.3060552372863437 6.060117540706439
-1.8152840287997836 5.927524676018259
-2.3114336572885863 5.752223860210454
-2.7909293533102453 5.535478139677927
-3.250316339387303 5.2788491723038335
-3.6862847217582506 4.9841859756787406
-4.0956933382379095 4.653611604886527
-4.47559239036297 4.28950785584384
-4.823244696757503 3.8944981044059532
-5.1361454145875 3.471428404883606
-5.412040087010894 3.0233469841564755
-5.648940886590764 2.5534822791286587
-5.845140937637567 2.0652196757668086
-5.999226614287596 1.5620771173166594
-6.110087725709723 1.047679757441332
-6.176925515055775 0.5257338409061135
-6.199258414521929 7.591901974431576e-16
-6.176925515055775 -0.5257338409061093
-6.110087725709723 -1.0476797574413304
-5.999226614287596 -1.5620771173166605
-5.845140937637567 -2.0652196757668073
-5.648940886590765 -2.5534822791286573
-5.4120400870108964 -3.0233469841564715
-5.136145414587502 -3.4714284048836026
-4.823244696757502 -3.8944981044059546
-4.475592390362971 -4.289507855843839
-4.09569333823791 -4.6536116048865255
-3.6862847217582497 -4.984185975678741
-3.2503163393873065 -5.278849172303832
-2.7909293533102466 -5.5354781396779265
-2.3114336572885876 -5.752223860210453
-1.815284028799785 -5.927524676018259
-1.3060552372863423 -6.060117540706439
-0.7874162878600706 -6.149047119646556
-0.2631039860361591 -6.1936726731845315
0.26310398603615687 -6.193672673184532
0.7874162878600628 -6.149047119646557
1.3060552372863456 -6.060117540706439
1.8152840287997827 -5.927524676018259
2.3114336572885854 -5.752223860210455
2.7909293533102444 -5.535478139677927
3.2503163393873002 -5.278849172303835
3.6862847217582524 -4.984185975678739
4.095693338237909 -4.653611604886527
4.475592390362969 -4.289507855843841
4.823244696757502 -3.8944981044059537
5.136145414587498 -3.4714284048836097
5.4120400870108964 -3.0233469841564715
5.648940886590764 -2.553482279128659
5.845140937637567 -2.0652196757668095
5.999226614287596 -1.56207711731666
6.110087725709723 -1.0476797574413352
6.176925515055775 -0.5257338409061143
6.956723043793302 0.0
6.931661369321566 0.5899713290489692
6.856656915845217 1.1756919011529787
6.732250092170272 1.7529415861682636
6.559337252312086 2.3175612868866424
6.339164237244127 2.8654829054262088
6.0733173985852105 3.392758653969791
5.763712168899742 3.8955894986666353
5.412579260962192 4.3703525317583605
5.0224485954204425 4.81362707471237
4.596131072659546 5.222219324289067
4.136698320200036 5.593185363967382
3.6474605615512625 5.9238523749307666
3.131942765975147 6.211837893788012
2.593859251001878 6.455066978276578
2.0370869206869937 6.651787157269144
1.4656373324288208 6.800581057368236
0.8836277936054946 6.900376615114035
0.29525169628095993 6.950454801226172
-0.29525169628095754 6.950454801226173
-0.8836277936054954 6.900376615114034
-1.4656373324288197 6.800581057368237
-2.0370869206869915 6.651787157269145
-2.593859251001877 6.455066978276578
-3.1319427659751478 6.211837893788012
-3.6474605615512616 5.923852374930767
-4.136698320200035 5.5931853639673825
-4.596131072659544 5.222219324289068
-5.022448595420442 4.81362707471237
-5.412579260962193 4.37035253175836
-5.763712168899742 3.895589498666636
-6.07331739858521 3.392758653969793
-6.339164237244126 2.86548290542621
-6.559337252312086 2.3175612868866424
-6.732250092170272 1.7529415861682622
-6.856656915845217 1.1756919011529792
-6.931661369321566 0.5899713290489713
-6.956723043793302 8.519528608136099e-16
-6.931661369321566 -0.5899713290489665
-6.856656915845217 -1.1756919011529774
-6.732250092170272 -1.7529415861682636
-6.559337252312086 -2.317561286886641
-6.339164237244127 -2.8654829054262088
-6.073317398585211 -3.392758653969789
-5.763712168899744 -3.895589498666632
-5.412579260962192 -4.370352531758361
-5.022448595420443 -4.813627074712369
-4.596131072659546 -5.222219324289067
-4.1366983202000345 -5.593185363967383
-3.6474605615512656 -5.923852374930766
-3.131942765975149 -6.211837893788011
-2.593859251001879 -6.4550669782765775
-2.037086920686993 -6.651787157269144
-1.4656373324288183 -6.800581057368237
-0.8836277936054984 -6.900376615114034
-0.29525169628096076 -6.950454801226172
0.29525169628095826 -6.950454801226173
0.8836277936054897 -6.900376615114035
1.465637332428822 -6.800581057368236
2.0370869206869906 -6.651787157269145
2.5938592510018768 -6.455066978276579
3.131942765975147 -6.211837893788012
3.6474605615512585 -5.92385237493077
4.136698320200038 -5.593185363967381
4.596131072659543 -5.222219324289068
5.022448595420442 -4.813627074712371
5.412579260962192 -4.3703525317583605
5.7637121688997395 -3.8955894986666397
6.073317398585212 -3.3927586539697887
6.339164237244126 -2.865482905426211
6.559337252312086 -2.3175612868866433
6.732250092170272 -1.7529415861682631
6.856656915845216 -1.175691901152983
6.931661369321565 -0.5899713290489722
7.181649315576105 0.0
7.155777341633185 0.6090464094663395
7.07834782796954 1.2137046255962076
6.949918656005409 1.8096180720866781
6.7714151608677415 2.392493178900462
6.544123464329402 2.9581303175364133
6.269681208272327 3.5024540594491156
5.950065755440238 4.021542539604937
5.587579942494759 4.511655713609472
5.184835488024509 4.969262304813099
4.744734175052812 5.391065247240165
4.270446943624526 5.77402544102489
3.7653910441103595 6.115383649195546
3.2332054158396426 6.412680378040054
2.6777244684590706 6.663773597814554
2.1029504549233367 6.866854176116781
1.513024635170882 7.020458912726486
0.9121974382511401 7.123481081996554
0.304797837885846 7.175178406836644
-0.3047978378858435 7.175178406836645
-0.9121974382511409 7.1234810819965535
-1.5130246351708811 7.020458912726487
-2.1029504549233344 6.866854176116782
-2.6777244684590698 6.663773597814554
-3.2332054158396435 6.412680378040054
-3.7653910441103586 6.115383649195547
-4.270446943624525 5.774025441024891
-4.74473417505281 5.391065247240166
-5.184835488024508 4.969262304813099
-5.58757994249476 4.511655713609471
-5.950065755440237 4.021542539604938
-6.269681208272326 3.502454059449118
-6.5441234643294015 2.958130317536414
-6.7714151608677415 2.392493178900462
-6.949918656005409 1.8096180720866768
-7.07834782796954 1.213704625596208
-7.155777341633185 0.6090464094663416
-7.181649315576105 8.794983846919057e-16
-7.155777341633185 -0.6090464094663367
-7.07834782796954 -1.2137046255962063
-6.949918656005409 -1.8096180720866781
-6.7714151608677415 -2.39249317890046
-6.544123464329402 -2.958130317536413
-6.269681208272328 -3.5024540594491134
-5.95006575544024 -4.021542539604934
-5.587579942494759 -4.511655713609472
-5.18483548802451 -4.969262304813098
-4.744734175052812 -5.391065247240165
-4.270446943624524 -5.774025441024892
-3.7653910441103626 -6.115383649195544
-3.2332054158396453 -6.412680378040054
-2.6777244684590715 -6.663773597814553
-2.1029504549233358 -6.866854176116781
-1.5130246351708796 -7.020458912726487
-0.9121974382511441 -7.1234810819965535
-0.30479783788584686 -7.175178406836644
0.30479783788584425 -7.175178406836645
0.9121974382511351 -7.123481081996554
1.5130246351708834 -7.020458912726486
2.1029504549233335 -6.866854176116782
2.677724468459069 -6.663773597814555
3.2332054158396426 -6.412680378040054
3.7653910441103555 -6.115383649195549
4.270446943624528 -5.7740254410248895
4.744734175052809 -5.391065247240166
5.1848354880245076 -4.9692623048131
5.587579942494759 -4.511655713609472
5.950065755440235 -4.021542539604942
6.2696812082723286 -3.502454059449113
6.5441234643294015 -2.958130317536415
6.771415160867741 -2.392493178900463
6.949918656005409 -1.8096180720866777
7.078347827969539 -1.213704625596212
7.1557773416331845 -0.6090464094663425
1.0 0.5 0.4 0.32000000000000006 0.25600000000000006 0.20480000000000007 0.16384000000000007 0.13107200000000005 0.10485760000000005 0.08388608000000004 0.06710886400000003 0.05368709120000003 0.042949672960000025 