0.0 0.0
2.1565651739974805 0.0
2.146800079913431 0.20499455256779672
2.1175932318654684 0.4081326427233477
2.0692091315923085 0.6075746204654928
2.002085952998488 0.801514308359445
1.9168315739836337 0.988195358559333
1.8142180714060714 1.165927158566271
1.6951747290352375 1.3331001416769455
1.5607796218139598 1.48820036346893
1.4122498526448315 1.6298232123158127
1.2509305301178517 1.7566861297675955
1.0782825869987405 1.8676402255986262
0.8958695497955789 1.9616806823353923
0.7053433792206367 2.0379558550391605
0.5084295097783488 2.095774983934423
0.3069112239632509 2.134614450036391
0.10261350257756251 2.1541225171256038
-0.10261350257756223 2.1541225171256038
-0.30691122396325016 2.134614450036391
-0.5084295097783481 2.0957749839344233
-0.7053433792206371 2.0379558550391605
-0.8958695497955791 1.9616806823353923
-1.0782825869987398 1.8676402255986264
-1.2509305301178515 1.7566861297675957
-1.4122498526448313 1.6298232123158127
-1.5607796218139598 1.48820036346893
-1.6951747290352375 1.3331001416769452
-1.8142180714060712 1.1659271585662714
-1.9168315739836335 0.9881953585593334
-2.002085952998488 0.8015143083594453
-2.069209131592308 0.6075746204654937
-2.117593231865468 0.40813264272334837
-2.146800079913431 0.2049945525677972
-2.1565651739974805 2.6410306374886693e-16
-2.146800079913431 -0.20499455256779667
-2.117593231865469 -0.40813264272334693
-2.069209131592309 -0.6075746204654923
-2.0020859529984882 -0.8015143083594447
-1.9168315739836341 -0.988195358559332
-1.8142180714060718 -1.16592715856627
-1.6951747290352372 -1.3331001416769457
-1.56077962181396 -1.4882003634689298
-1.412249852644831 -1.6298232123158132
-1.250930530117852 -1.7566861297675953
-1.0782825869987411 -1.8676402255986257
-0.8958695497955788 -1.9616806823353925
-0.7053433792206375 -2.03795585503916
-0.5084295097783482 -2.0957749839344233
-0.30691122396325066 -2.134614450036391
-0.10261350257756326 -2.1541225171256038
0.10261350257756247 -2.1541225171256038
0.3069112239632499 -2.134614450036391
0.5084295097783492 -2.095774983934423
0.7053433792206367 -2.0379558550391605
0.895869549795578 -1.9616806823353927
1.0782825869987405 -1.8676402255986262
1.2509305301178513 -1.7566861297675957
1.4122498526448304 -1.6298232123158138
1.5607796218139596 -1.4882003634689303
1.6951747290352368 -1.3331001416769463
1.8142180714060705 -1.1659271585662723
1.9168315739836335 -0.9881953585593336
2.0020859529984874 -0.8015143083594463
2.0692091315923085 -0.607574620465493
2.117593231865468 -0.40813264272334865
2.1468000799134304 -0.2049945525677984
3.271302084158898 0.0
3.2564893750349966 0.3109570325728712
3.212185393850924 0.6190979901058747
3.138791364320924 0.921632300370784
3.0369719541417663 1.2158201658052434
2.90764925565916 1.4989973755437602
2.751994435256679 1.7685994329238666
2.5714171270916326 2.022184779965017
2.3675526672298512 2.2574569084957448
2.142247283789037 2.4722851576872853
1.89754137721103 2.6647240096479816
1.6356510420794494 2.833030708334585
1.358947997823967 2.975681042220853
1.0699381100618872 3.09138314779316
0.7712386970910727 3.1790892088665292
0.46555482705013485 3.2380049457702604
0.15565482040248177 3.267596808467627
-0.15565482040248135 3.267596808467627
-0.46555482705013373 3.238004945770261
-0.7712386970910716 3.1790892088665297
-1.0699381100618874 3.09138314779316
-1.3589479978239671 2.975681042220853
-1.6356510420794483 2.8330307083345856
-1.8975413772110297 2.664724009647982
-2.1422472837890365 2.4722851576872853
-2.3675526672298512 2.2574569084957448
-2.5714171270916326 2.0221847799650168
-2.7519944352566785 1.7685994329238672
-2.9076492556591598 1.4989973755437607
-3.0369719541417663 1.2158201658052437
-3.1387913643209235 0.9216323003707854
-3.2121853938509237 0.6190979901058757
-3.2564893750349966 0.31095703257287194
-3.271302084158898 4.00618962640926e-16
-3.2564893750349966 -0.3109570325728711
-3.2121853938509246 -0.6190979901058735
-3.138791364320924 -0.9216323003707831
-3.036971954141767 -1.215820165805243
-2.907649255659161 -1.4989973755437587
-2.75199443525668 -1.7685994329238655
-2.571417127091632 -2.0221847799650177
-2.3675526672298517 -2.2574569084957443
-2.142247283789036 -2.4722851576872857
-1.8975413772110303 -2.6647240096479816
-1.6356510420794506 -2.8330307083345843
-1.3589479978239667 -2.9756810422208533
-1.069938110061888 -3.0913831477931595
-0.7712386970910717 -3.1790892088665297
-0.46555482705013446 -3.2380049457702604
-0.1556548204024829 -3.267596808467627
0.15565482040248171 -3.267596808467627
0.4655548270501333 -3.238004945770261
0.7712386970910733 -3.1790892088665292
1.0699381100618872 -3.0913831477931604
1.3589479978239656 -2.9756810422208537
1.6356510420794494 -2.833030708334585
1.8975413772110292 -2.664724009647982
2.1422472837890347 -2.4722851576872866
2.3675526672298512 -2.257456908495745
2.5714171270916313 -2.022184779965018
2.7519944352566776 -1.7685994329238688
2.9076492556591598 -1.498997375543761
3.0369719541417655 -1.2158201658052452
3.138791364320924 -0.9216323003707845
3.2121853938509237 -0.6190979901058762
3.2564893750349966 -0.3109570325728737
4.030331295063895 0.0
4.012081642903726 0.3831073461137962
3.9574979580992085 0.7627452127755457
3.8670745589524254 1.1354755406763817
3.7416303337684593 1.4979228262481155
3.5823013248760964 1.8468046907462583
3.390530440452572 2.1789616059802217
3.1680543873236817 2.4913855074898765
2.91688794307783 2.781247036043113
2.639305709928194 3.0459211607511856
2.337821515562848 3.2830109517549353
2.015165647531948 3.4903692871927694
1.674260127340878 3.666118297868731
1.3181922481710142 3.808666373526731
0.9501866158745954 3.916722576719495
0.5735759464447789 3.9893083337379918
0.19177088442352497 4.02576629672648
-0.19177088442352447 4.02576629672648
-0.5735759464447776 3.989308333737992
-0.9501866158745941 3.9167225767194953
-1.3181922481710147 3.808666373526731
-1.6742601273408784 3.666118297868731
-2.015165647531947 3.49036928719277
-2.3378215155628475 3.2830109517549357
-2.6393057099281934 3.0459211607511856
-2.91688794307783 2.781247036043113
-3.1680543873236817 2.4913855074898756
-3.3905304404525713 2.1789616059802226
-3.582301324876096 1.8468046907462587
-3.7416303337684593 1.4979228262481157
-3.867074558952425 1.1354755406763832
-3.957497958099208 0.762745212775547
-4.012081642903726 0.3831073461137971
-4.030331295063895 4.935732320003406e-16
-4.012081642903726 -0.3831073461137961
-3.957497958099209 -0.7627452127755443
-3.867074558952426 -1.1354755406763806
-3.7416303337684598 -1.4979228262481148
-3.5823013248760973 -1.846804690746256
-3.3905304404525727 -2.1789616059802204
-3.1680543873236813 -2.491385507489877
-2.9168879430778305 -2.7812470360431125
-2.639305709928193 -3.0459211607511865
-2.3378215155628483 -3.283010951754935
-2.0151656475319495 -3.4903692871927685
-1.6742601273408777 -3.6661182978687314
-1.3181922481710155 -3.8086663735267305
-0.9501866158745942 -3.9167225767194953
-0.5735759464447785 -3.9893083337379918
-0.19177088442352638 -4.02576629672648
0.19177088442352488 -4.02576629672648
0.573575946444777 -3.989308333737992
0.9501866158745962 -3.916722576719495
1.3181922481710142 -3.8086663735267314
1.6742601273408764 -3.666118297868732
2.015165647531948 -3.4903692871927694
2.337821515562847 -3.2830109517549357
2.6393057099281916 -3.0459211607511874
2.9168879430778296 -2.7812470360431134
3.1680543873236804 -2.491385507489878
3.39053044045257 -2.1789616059802244
3.582301324876096 -1.8468046907462592
3.7416303337684584 -1.4979228262481177
3.8670745589524254 -1.1354755406763821
3.957497958099208 -0.7627452127755475
4.012081642903725 -0.3831073461137994
4.597817110518826 0.0
4.576997838647601 0.4370503023621895
4.514728565583933 0.8701426095072734
4.411573211507324 1.295354770435743
4.268465967278294 1.7088359979724983
4.086702834261285 2.1068417420918144
3.867929887535616 2.4857676011422316
3.614128368784664 2.8421819638660697
3.3275967438643757 3.1728570866023715
3.0109298875405486 3.4747983242333285
2.666995583901126 3.7452712501541963
2.2989085552594135 3.9818264196640674
1.9100022547464741 4.1823215525163855
1.5037986780433845 4.3449409337406015
1.0839764676429493 4.468211857038115
0.6543375984936308 4.551017961838568
0.2187729467256693 4.592609343234046
-0.21877294672566874 4.592609343234046
-0.6543375984936293 4.551017961838569
-1.0839764676429477 4.468211857038115
-1.5037986780433852 4.3449409337406015
-1.9100022547464746 4.1823215525163855
-2.298908555259412 3.981826419664068
-2.6669955839011257 3.745271250154197
-3.010929887540548 3.4747983242333285
-3.3275967438643757 3.1728570866023715
-3.614128368784664 2.8421819638660692
-3.8679298875356154 2.4857676011422325
-4.086702834261284 2.106841742091815
-4.268465967278294 1.7088359979724987
-4.411573211507324 1.2953547704357449
-4.514728565583932 0.8701426095072748
-4.576997838647601 0.43705030236219056
-4.597817110518826 5.630702007461813e-16
-4.576997838647601 -0.4370503023621894
-4.514728565583934 -0.8701426095072718
-4.411573211507325 -1.2953547704357418
-4.268465967278295 -1.7088359979724976
-4.086702834261286 -2.1068417420918117
-3.867929887535617 -2.4857676011422303
-3.6141283687846637 -2.84218196386607
-3.3275967438643765 -3.172857086602371
-3.0109298875405477 -3.4747983242333293
-2.666995583901127 -3.745271250154196
-2.2989085552594153 -3.981826419664066
-1.910002254746474 -4.182321552516386
-1.503798678043386 -4.3449409337406015
-1.0839764676429477 -4.468211857038115
-0.6543375984936304 -4.551017961838568
-0.2187729467256709 -4.592609343234046
0.21877294672566922 -4.592609343234046
0.6543375984936287 -4.551017961838569
1.0839764676429502 -4.468211857038115
1.5037986780433845 -4.344940933740602
1.9100022547464723 -4.182321552516386
2.2989085552594135 -3.9818264196640674
2.6669955839011252 -3.745271250154197
3.010929887540546 -3.4747983242333307
3.327596743864375 -3.1728570866023724
3.614128368784663 -2.842181963866071
3.867929887535614 -2.4857676011422347
4.086702834261284 -2.1068417420918153
4.268465967278293 -1.708835997972501
4.411573211507324 -1.2953547704357435
4.514728565583932 -0.8701426095072755
4.5769978386476 -0.4370503023621931
5.038276974065675 0.0
5.015463265828861 0.4789186742252532
4.947228745593 0.9535001867743311
4.834191355739726 1.419446653978824
4.677374780375823 1.872538392478133
4.478199174691435 2.3086721333254165
4.238468303814742 2.723898181826581
3.960353207635651 3.1144561865870557
3.646372539532345 3.4768091938363272
3.299369757056278 3.807675678628994
2.9224873711402632 4.104059262842832
2.519138487032838 4.363275850843066
2.0929758946885975 4.582977937068085
1.6478589885367219 4.761175865403326
1.187818816207382 4.896255847815151
0.717021572740174 4.986994579065189
0.23973087087669254 5.032570315151998
-0.2397308708766919 5.032570315151998
-0.7170215727401723 4.98699457906519
-1.1878188162073802 4.896255847815152
-1.6478589885367223 4.761175865403326
-2.092975894688598 4.582977937068085
-2.519138487032836 4.363275850843066
-2.9224873711402624 4.104059262842832
-3.2993697570562777 3.807675678628994
-3.646372539532345 3.4768091938363272
-3.960353207635651 3.1144561865870553
-4.238468303814742 2.723898181826582
-4.478199174691434 2.308672133325417
-4.677374780375823 1.8725383924781334
-4.834191355739725 1.419446653978826
-4.947228745593 0.9535001867743326
-5.015463265828861 0.4789186742252543
-5.038276974065675 6.170109769507342e-16
-5.015463265828861 -0.478918674225253
-4.947228745593001 -0.9535001867743292
-4.834191355739727 -1.4194466539788226
-4.677374780375824 -1.8725383924781323
-4.478199174691436 -2.308672133325414
-4.238468303814744 -2.7238981818265793
-3.96035320763565 -3.1144561865870566
-3.6463725395323454 -3.4768091938363264
-3.2993697570562768 -3.8076756786289954
-2.9224873711402637 -4.104059262842831
-2.5191384870328397 -4.363275850843064
-2.092975894688597 -4.582977937068085
-1.6478589885367234 -4.761175865403325
-1.1878188162073804 -4.896255847815152
-0.7170215727401734 -4.986994579065189
-0.23973087087669429 -5.032570315151998
0.23973087087669243 -5.032570315151998
0.7170215727401715 -4.98699457906519
1.1878188162073828 -4.896255847815151
1.6478589885367219 -4.761175865403326
2.0929758946885952 -4.582977937068086
2.519138487032838 -4.363275850843066
2.922487371140262 -4.104059262842832
3.2993697570562754 -3.8076756786289963
3.6463725395323445 -3.4768091938363277
3.960353207635649 -3.1144561865870575
4.238468303814741 -2.723898181826584
4.478199174691434 -2.308672133325418
4.677374780375822 -1.8725383924781358
4.834191355739726 -1.4194466539788246
4.947228745593 -0.9535001867743333
5.01546326582886 -0.4789186742252571
6.093742126358961 0.0
6.066149190191152 0.5792470154476995
5.983620267590531 1.1532482802248853
5.84690275326009 1.7168055499914405
5.6572347821808355 2.2648151628433575
5.4163340168696745 2.7923142588652605
5.126382091961671 3.29452572455832
4.790004856988956 3.7669014551198505
4.410248596280748 4.205163542784695
3.9905524413407316 4.605343018220398
3.534717225539601 4.963815794128088
3.0468710631794815 5.277335485538263
2.531431964651551 5.543062809575788
1.9930678262497992 5.758591298445283
1.4366541569793427 5.921969092776136
0.8672299251918815 6.031716617963208
0.28995192490800514 6.086839983423581
-0.28995192490800437 6.086839983423581
-0.8672299251918795 6.031716617963208
-1.4366541569793405 5.921969092776137
-1.9930678262497998 5.758591298445283
-2.5314319646515515 5.543062809575788
-3.0468710631794793 5.277335485538264
-3.5347172255396 4.963815794128089
-3.990552441340731 4.605343018220398
-4.410248596280748 4.205163542784695
-4.790004856988956 3.7669014551198496
-5.12638209196167 3.2945257245583215
-5.416334016869674 2.7923142588652614
-5.6572347821808355 2.264815162843358
-5.846902753260089 1.716805549991443
-5.98362026759053 1.1532482802248871
-6.066149190191152 0.5792470154477009
-6.093742126358961 7.462681789874888e-16
-6.066149190191152 -0.5792470154476994
-5.983620267590532 -1.1532482802248831
-5.846902753260091 -1.716805549991439
-5.657234782180836 -2.264815162843356
-5.416334016869676 -2.7923142588652574
-5.126382091961672 -3.294525724558318
-4.790004856988955 -3.766901455119851
-4.4102485962807485 -4.205163542784694
-3.9905524413407303 -4.605343018220399
-3.5347172255396013 -4.963815794128087
-3.0468710631794833 -5.277335485538262
-2.5314319646515506 -5.543062809575788
-1.9930678262498012 -5.758591298445283
-1.4366541569793407 -5.921969092776137
-0.8672299251918808 -6.031716617963208
-0.28995192490800725 -6.086839983423581
0.28995192490800503 -6.086839983423581
0.8672299251918786 -6.031716617963208
1.4366541569793438 -5.921969092776136
1.9930678262497992 -5.758591298445284
2.5314319646515484 -5.543062809575789
3.0468710631794815 -5.277335485538263
3.5347172255395995 -4.963815794128089
3.990552441340728 -4.605343018220401
4.410248596280748 -4.205163542784695
4.790004856988954 -3.7669014551198523
5.126382091961668 -3.294525724558324
5.416334016869674 -2.792314258865262
5.657234782180835 -2.2648151628433606
5.84690275326009 -1.7168055499914412
5.98362026759053 -1.153248280224888
6.066149190191151 -0.5792470154477043
5.789455601036408 0.0
5.763240497815226 0.5503227423197596
5.684832596185961 1.0956616766654868
5.554941970247531 1.6310781291999232
5.374744929622494 2.151723285617629
5.145873366614956 2.6528821027581877
4.870399977541148 3.1300160087672118
4.550819492070634 3.5788040051058707
4.190026080568096 3.995181798182781
3.791287144038344 4.375378606226142
3.3582137240368426 4.715951308067381
2.8947278005182047 5.013815624579635
2.405026773778384 5.266274050387141
1.8935454521476167 5.471040282891629
1.3649158896794351 5.626259927382705
0.8239254375518624 5.7305272907235
0.27547338907380836 5.782898111525399
-0.27547338907380764 5.782898111525399
-0.8239254375518605 5.7305272907235
-1.3649158896794333 5.626259927382705
-1.8935454521476174 5.471040282891629
-2.4050267737783844 5.266274050387141
-2.894727800518203 5.013815624579636
-3.358213724036842 4.715951308067382
-3.7912871440383435 4.375378606226142
-4.190026080568096 3.995181798182781
-4.550819492070634 3.57880400510587
-4.8703999775411475 3.130016008767213
-5.145873366614955 2.652882102758188
-5.374744929622494 2.151723285617629
-5.55494197024753 1.6310781291999257
-5.68483259618596 1.0956616766654885
-5.763240497815226 0.550322742319761
-5.789455601036408 7.090038270614954e-16
-5.763240497815226 -0.5503227423197595
-5.684832596185962 -1.0956616766654848
-5.554941970247532 -1.6310781291999217
-5.374744929622495 -2.151723285617628
-5.145873366614957 -2.6528821027581846
-4.870399977541149 -3.13001600876721
-4.550819492070633 -3.578804005105871
-4.190026080568097 -3.9951817981827804
-3.7912871440383427 -4.3753786062261435
-3.3582137240368435 -4.71595130806738
-2.894727800518207 -5.013815624579634
-2.4050267737783835 -5.266274050387141
-1.8935454521476187 -5.471040282891629
-1.3649158896794333 -5.626259927382705
-0.8239254375518618 -5.7305272907235
-0.27547338907381036 -5.782898111525399
0.27547338907380825 -5.782898111525399
0.8239254375518597 -5.7305272907235
1.3649158896794362 -5.626259927382705
1.8935454521476167 -5.47104028289163
2.4050267737783817 -5.266274050387142
2.8947278005182047 -5.013815624579635
3.3582137240368413 -4.715951308067382
3.791287144038341 -4.375378606226144
4.190026080568096 -3.9951817981827817
4.550819492070632 -3.5788040051058725
4.870399977541146 -3.1300160087672158
5.145873366614955 -2.652882102758189
5.374744929622493 -2.1517232856176323
5.554941970247531 -1.631078129199924
5.68483259618596 -1.0956616766654894
5.763240497815226 -0.5503227423197642
5.537518986149084 0.0
5.5124446714267865 0.526374644545121
5.437448804136874 1.0479823587981112
5.313210558466921 1.5600993825257428
5.140855055208482 2.0580879046578557
4.9219431724889775 2.5374380640225906
4.6584574102176575 2.9938087913475324
4.3527839362594305 3.423067122655271
4.007690976929171 3.8213256280251864
3.62630374750554 4.1849776167607935
3.212076149797472 4.5107298001392
2.7687594930745423 4.795632115943755
2.3003685216293146 5.037104444684321
1.8111450566313338 5.232959975558905
1.305519581537751 5.381425010550929
0.7880711189490538 5.481155027313126
0.2634857622713211 5.5312468553701235
-0.26348576227132037 5.5312468553701235
-0.788071118949052 5.481155027313127
-1.3055195815377492 5.38142501055093
-1.8111450566313345 5.232959975558905
-2.300368521629315 5.037104444684321
-2.7687594930745405 4.795632115943756
-3.2120761497974715 4.510729800139201
-3.6263037475055393 4.1849776167607935
-4.007690976929171 3.8213256280251864
-4.3527839362594305 3.4230671226552705
-4.658457410217657 2.9938087913475337
-4.9219431724889775 2.5374380640225915
-5.140855055208482 2.0580879046578557
-5.3132105584669205 1.5600993825257448
-5.437448804136873 1.0479823587981127
-5.5124446714267865 0.5263746445451222
-5.537518986149084 6.781504901605172e-16
-5.5124446714267865 -0.5263746445451208
-5.437448804136875 -1.0479823587981092
-5.313210558466921 -1.5600993825257412
-5.140855055208483 -2.058087904657855
-4.921943172488979 -2.537438064022588
-4.658457410217658 -2.9938087913475306
-4.35278393625943 -3.4230671226552714
-4.0076909769291715 -3.8213256280251855
-3.626303747505539 -4.184977616760795
-3.2120761497974724 -4.510729800139199
-2.7687594930745445 -4.795632115943754
-2.300368521629314 -5.037104444684321
-1.8111450566313356 -5.232959975558904
-1.3055195815377492 -5.38142501055093
-0.7880711189490532 -5.481155027313126
-0.263485762271323 -5.5312468553701235
0.263485762271321 -5.5312468553701235
0.7880711189490512 -5.481155027313127
1.305519581537752 -5.381425010550929
1.8111450566313338 -5.232959975558906
2.3003685216293124 -5.037104444684322
2.7687594930745423 -4.795632115943755
3.2120761497974706 -4.510729800139201
3.626303747505537 -4.184977616760796
4.00769097692917 -3.821325628025187
4.352783936259429 -3.4230671226552727
4.658457410217655 -2.993808791347536
4.9219431724889775 -2.537438064022592
5.1408550552084815 -2.058087904657859
5.313210558466921 -1.5600993825257434
5.437448804136873 -1.0479823587981136
5.512444671426786 -0.5263746445451253
5.3218551848036135 0.0
5.2977574124719915 0.5058744969052813
5.225682328634994 1.0071677160299846
5.10628265641295 1.4993398683545414
4.940639697727 1.9779337666527572
4.73025354086145 2.4386151904695446
4.477029475431979 2.8772121374925357
4.18326073778783 3.289752605851073
3.8516077431083238 3.6725005651802296
3.4850739922710154 4.021989790690333
3.086978871682642 4.335055253835419
2.660927592401807 4.608861785301857
2.2107785407893497 4.8409297507407
1.740608336363978 5.029157506720318
1.2546749133046262 5.171840433534771
0.7573789599391713 5.26768637250383
0.2532240654294726 5.31582732796208
-0.25322406542947196 5.31582732796208
-0.7573789599391696 5.267686372503831
-1.2546749133046247 5.171840433534772
-1.7406083363639786 5.029157506720318
-2.2107785407893505 4.8409297507407
-2.6609275924018054 4.608861785301858
-3.086978871682641 4.33505525383542
-3.4850739922710146 4.021989790690333
-3.8516077431083238 3.6725005651802296
-4.18326073778783 3.2897526058510724
-4.477029475431978 2.877212137492537
-4.73025354086145 2.4386151904695454
-4.940639697727 1.9779337666527574
-5.106282656412949 1.4993398683545434
-5.225682328634993 1.0071677160299861
-5.2977574124719915 0.5058744969052825
-5.3218551848036135 6.517392917595492e-16
-5.2977574124719915 -0.5058744969052812
-5.225682328634994 -1.0071677160299826
-5.10628265641295 -1.4993398683545398
-4.940639697727 -1.9779337666527563
-4.730253540861452 -2.438615190469542
-4.47702947543198 -2.877212137492534
-4.183260737787829 -3.2897526058510738
-3.851607743108324 -3.672500565180229
-3.485073992271014 -4.021989790690335
-3.0869788716826423 -4.335055253835418
-2.660927592401809 -4.6088617853018565
-2.2107785407893497 -4.840929750740701
-1.7406083363639797 -5.029157506720318
-1.2546749133046247 -5.171840433534772
-0.7573789599391707 -5.26768637250383
-0.25322406542947445 -5.31582732796208
0.2532240654294725 -5.31582732796208
0.7573789599391688 -5.267686372503831
1.2546749133046273 -5.171840433534771
1.740608336363978 -5.029157506720319
2.210778540789348 -4.840929750740701
2.660927592401807 -4.608861785301857
3.0869788716826405 -4.33505525383542
3.4850739922710123 -4.021989790690336
3.8516077431083233 -3.6725005651802305
4.183260737787828 -3.2897526058510747
4.477029475431976 -2.8772121374925392
4.73025354086145 -2.438615190469546
4.940639697726998 -1.97793376665276
5.10628265641295 -1.4993398683545418
5.225682328634993 -1.007167716029987
5.297757412471991 -0.5058744969052854
6.584450723894185 0.0
6.554635821202683 0.6258918331447425
6.465461121503903 1.2461154929267781
6.317734204687361 1.8550541378391112
6.112792908587827 2.447193125216934
5.8524932133187235 3.017169952695562
5.539192433228812 3.5598228218622534
5.175727868698411 4.070237384301959
4.765391111107791 4.543791246697576
4.31189823367591 4.976195831939618
3.8193561381258996 5.363535217144628
3.2922253619470934 5.702301596859201
2.7352796830767834 5.98942705028937
2.153562887827993 6.222311324866396
1.552343093579571 6.398845384536687
0.9370650398894175 6.517430509518893
0.31330078008991286 6.576992774557815
-0.313300780089912 6.576992774557815
-0.9370650398894154 6.517430509518894
-1.5523430935795688 6.3988453845366875
-2.1535628878279938 6.222311324866396
-2.7352796830767843 5.98942705028937
-3.292225361947091 5.7023015968592015
-3.8193561381258987 5.363535217144629
-4.311898233675909 4.976195831939618
-4.765391111107791 4.543791246697576
-5.175727868698411 4.070237384301959
-5.539192433228811 3.5598228218622547
-5.852493213318723 3.017169952695563
-6.112792908587827 2.447193125216934
-6.31773420468736 1.8550541378391137
-6.465461121503902 1.2461154929267801
-6.554635821202683 0.625891833144744
-6.584450723894185 8.063626503160486e-16
-6.554635821202683 -0.6258918331447423
-6.465461121503904 -1.2461154929267757
-6.317734204687362 -1.8550541378391094
-6.112792908587828 -2.4471931252169328
-5.852493213318725 -3.0171699526955584
-5.539192433228813 -3.559822821862251
-5.175727868698411 -4.07023738430196
-4.765391111107792 -4.543791246697575
-4.311898233675908 -4.976195831939619
-3.8193561381259 -5.363535217144627
-3.2922253619470956 -5.702301596859199
-2.735279683076783 -5.989427050289371
-2.153562887827995 -6.2223113248663955
-1.552343093579569 -6.3988453845366875
-0.9370650398894168 -6.517430509518893
-0.31330078008991513 -6.576992774557815
0.3133007800899127 -6.576992774557815
0.9370650398894144 -6.517430509518894
1.5523430935795721 -6.398845384536687
2.153562887827993 -6.222311324866397
2.7352796830767807 -5.989427050289372
3.2922253619470934 -5.702301596859201
3.819356138125898 -5.363535217144629
4.311898233675906 -4.976195831939621
4.765391111107791 -4.543791246697576
5.175727868698409 -4.0702373843019615
5.539192433228808 -3.5598228218622574
5.852493213318723 -3.0171699526955633
6.112792908587826 -2.4471931252169377
6.317734204687361 -1.8550541378391119
6.465461121503902 -1.246115492926781
6.554635821202682 -0.6258918331447476
6.776557666880648 0.0
6.745872889077055 0.6441527590362979
6.654096441765722 1.2824719709372407
6.502059466665433 1.9091769180736782
6.2911388341662065 2.518592063396681
6.023244674177822 3.1051984489799347
5.7008030776975716 3.6636836765573504
5.326734125754497 4.188990017424411
4.904425444703405 4.676360216012524
4.43770152735601 5.121380572332135
3.9307890977817976 5.520020913123306
3.388278833440325 5.8686710897288465
2.8150837912952578 6.164173672159603
2.2163949144097117 6.403852543269376
1.5976340219620297 6.585537134086203
0.9644047084117112 6.707582080821092
0.3224415964802512 6.768882125537285
-0.32244159648025034 6.768882125537285
-0.964404708411709 6.707582080821092
-1.5976340219620275 6.585537134086204
-2.216394914409712 6.403852543269376
-2.815083791295258 6.164173672159603
-3.3882788334403227 5.868671089728847
-3.9307890977817967 5.5200209131233064
-4.437701527356009 5.121380572332135
-4.904425444703405 4.676360216012524
-5.326734125754497 4.18899001742441
-5.7008030776975716 3.663683676557352
-6.023244674177821 3.1051984489799356
-6.2911388341662065 2.5185920633966816
-6.5020594666654326 1.9091769180736808
-6.654096441765721 1.2824719709372427
-6.745872889077055 0.6441527590362994
-6.776557666880648 8.298889655982841e-16
-6.745872889077055 -0.6441527590362977
-6.654096441765723 -1.2824719709372383
-6.502059466665434 -1.9091769180736764
-6.291138834166207 -2.5185920633966803
-6.023244674177824 -3.1051984489799316
-5.700803077697573 -3.663683676557348
-5.326734125754497 -4.188990017424412
-4.9044254447034055 -4.676360216012523
-4.437701527356008 -5.121380572332137
-3.9307890977817985 -5.520020913123305
-3.388278833440327 -5.868671089728845
-2.8150837912952573 -6.164173672159604
-2.216394914409714 -6.403852543269375
-1.5976340219620275 -6.585537134086204
-0.9644047084117104 -6.707582080821092
-0.32244159648025356 -6.768882125537285
0.32244159648025106 -6.768882125537285
0.964404708411708 -6.707582080821092
1.597634021962031 -6.585537134086203
2.2163949144097117 -6.403852543269377
2.815083791295255 -6.164173672159604
3.388278833440325 -5.8686710897288465
3.930789097781796 -5.5200209131233064
4.4377015273560065 -5.121380572332138
4.904425444703404 -4.676360216012525
5.326734125754495 -4.1889900174244135
5.700803077697569 -3.663683676557355
6.023244674177821 -3.1051984489799365
6.291138834166205 -2.518592063396685
6.502059466665433 -1.9091769180736788
6.654096441765721 -1.2824719709372436
6.745872889077054 -0.6441527590363031
6.319743551446844 0.0
6.291127263327643 0.6007298166976602
6.20553755250659 1.1960193311499931
6.063749532658776 1.7804775093312566
5.86704725804836 2.3488114074742534
5.617212094934315 2.8958741057887187
5.316506589241733 3.4167113197639627
4.9676539765955665 3.906606266936588
4.573813520277102 4.361122382802889
4.138551900446463 4.776143499034021
3.6658109137347643 5.147911120133783
3.1598717757234227 5.473058460955855
2.6253163495928784 5.748640936831443
2.0669856520601275 5.972162830184014
1.4899360123816754 6.141599892134146
0.8993932814527955 6.255417674410841
0.3007055056925826 6.312585425552681
-0.3007055056925818 6.312585425552681
-0.8993932814527934 6.255417674410841
-1.4899360123816732 6.141599892134146
-2.0669856520601284 5.972162830184014
-2.6253163495928793 5.748640936831443
-3.1598717757234205 5.473058460955856
-3.665810913734764 5.1479111201337835
-4.138551900446462 4.776143499034021
-4.573813520277102 4.361122382802889
-4.9676539765955665 3.906606266936587
-5.316506589241732 3.416711319763964
-5.617212094934314 2.8958741057887196
-5.86704725804836 2.3488114074742534
-6.063749532658775 1.780477509331259
-6.20553755250659 1.1960193311499951
-6.291127263327643 0.6007298166976617
-6.319743551446844 7.739453711711503e-16
-6.291127263327643 -0.6007298166976601
-6.205537552506591 -1.196019331149991
-6.063749532658777 -1.7804775093312548
-5.867047258048361 -2.348811407474252
-5.617212094934316 -2.8958741057887156
-5.316506589241734 -3.4167113197639605
-4.967653976595566 -3.9066062669365884
-4.573813520277103 -4.361122382802889
-4.138551900446461 -4.776143499034022
-3.665810913734765 -5.147911120133782
-3.1598717757234245 -5.473058460955853
-2.625316349592878 -5.7486409368314435
-2.0669856520601297 -5.972162830184013
-1.4899360123816734 -6.141599892134146
-0.8993932814527947 -6.255417674410841
-0.30070550569258475 -6.312585425552681
0.3007055056925825 -6.312585425552681
0.8993932814527925 -6.255417674410841
1.4899360123816765 -6.141599892134146
2.0669856520601275 -5.972162830184014
2.625316349592876 -5.7486409368314435
3.1598717757234227 -5.473058460955855
3.665810913734763 -5.1479111201337835
4.138551900446459 -4.776143499034023
4.573813520277101 -4.36112238280289
4.967653976595564 -3.9066062669365897
5.3165065892417305 -3.416711319763967
5.617212094934314 -2.8958741057887205
5.867047258048358 -2.348811407474257
6.063749532658776 -1.7804775093312573
6.20553755250659 -1.1960193311499958
6.291127263327642 -0.6007298166976652
7.0824871981727755 0.0
7.050417147764312 0.6732332098108307
6.954497427881591 1.3403695154208728
6.795596702361406 1.9953672271379095
6.575154000780454 2.6322945842557264
6.295165686380651 3.2453834739976233
5.958167376694462 3.829081668438934
5.567210980599884 4.3781031063428975
5.125837059761047 4.887475764549781
4.63804276475351 5.352586685388558
4.108245636249674 5.769223752335903
3.5412435990863886 6.133613835595695
2.942171511514638 6.442456962146734
2.316454663128081 6.692956200809431
1.6697596426003596 6.882842991687691
1.0079430201805724 7.010397690598624
0.33699830968619016 7.074465142436558
-0.3369983096861893 7.074465142436558
-1.00794302018057 7.010397690598625
-1.6697596426003574 6.882842991687692
-2.316454663128082 6.692956200809431
-2.9421715115146387 6.442456962146734
-3.541243599086386 6.133613835595696
-4.1082456362496735 5.769223752335904
-4.638042764753509 5.352586685388558
-5.125837059761047 4.887475764549781
-5.567210980599884 4.378103106342897
-5.958167376694461 3.8290816684389357
-6.29516568638065 3.245383473997624
-6.575154000780454 2.632294584255727
-6.795596702361405 1.9953672271379121
-6.9544974278815905 1.340369515420875
-7.050417147764312 0.6732332098108322
-7.0824871981727755 8.673545277244396e-16
-7.050417147764312 -0.6732332098108305
-6.954497427881592 -1.3403695154208703
-6.795596702361407 -1.9953672271379075
-6.575154000780455 -2.632294584255725
-6.295165686380653 -3.2453834739976197
-5.958167376694463 -3.8290816684389317
-5.567210980599883 -4.378103106342898
-5.125837059761048 -4.887475764549781
-4.638042764753508 -5.35258668538856
-4.108245636249675 -5.769223752335902
-3.541243599086391 -6.1336138355956935
-2.9421715115146374 -6.442456962146735
-2.3164546631280833 -6.69295620080943
-1.6697596426003576 -6.882842991687692
-1.0079430201805715 -7.010397690598624
-0.33699830968619265 -7.074465142436558
0.33699830968619005 -7.074465142436558
1.007943020180569 -7.010397690598625
1.6697596426003611 -6.882842991687691
2.316454663128081 -6.692956200809432
2.942171511514635 -6.442456962146736
3.5412435990863886 -6.133613835595695
4.108245636249673 -5.769223752335904
4.638042764753505 -5.3525866853885615
5.1258370597610465 -4.887475764549782
5.567210980599882 -4.378103106342899
5.958167376694458 -3.829081668438939
6.29516568638065 -3.245383473997625
6.575154000780453 -2.6322945842557304
6.795596702361406 -1.9953672271379101
6.9544974278815905 -1.340369515420876
7.050417147764311 -0.6732332098108361
6.440477237775017 0.0
6.411314258176086 0.6122062832135448
6.324089423838538 1.2188683315238193
6.179592656369235 1.814492119477384
5.979132540870257 2.393683585815906
5.72452447518958 2.951197482930206
5.418074229397041 3.481984878634854
5.062557064373532 3.981238880079888
4.661192598618701 4.444438165716827
4.21761565088725 4.867387931086758
3.735843322707423 5.246257877619101
3.2202386188875094 5.577616900408595
2.6754709354686623 5.8584641608326455
2.1064737729512877 6.086256262610577
1.5184000577505345 6.258930285194211
0.916575476496727 6.374922465895794
0.3064502457925398 6.43318236156506
-0.30645024579253904 6.43318236156506
-0.9165754764967249 6.374922465895795
-1.5184000577505326 6.258930285194212
-2.1064737729512886 6.086256262610577
-2.675470935468663 5.8584641608326455
-3.220238618887507 5.577616900408596
-3.7358433227074226 5.246257877619102
-4.217615650887249 4.867387931086758
-4.661192598618701 4.444438165716827
-5.062557064373532 3.9812388800798875
-5.41807422939704 3.4819848786348557
-5.724524475189579 2.9511974829302066
-5.979132540870257 2.3936835858159062
-6.179592656369235 1.8144921194773864
-6.3240894238385374 1.2188683315238213
-6.411314258176086 0.6122062832135462
-6.440477237775017 7.887309834222561e-16
-6.411314258176086 -0.6122062832135445
-6.324089423838539 -1.2188683315238171
-6.179592656369236 -1.8144921194773822
-5.979132540870258 -2.393683585815905
-5.724524475189581 -2.9511974829302026
-5.418074229397042 -3.481984878634852
-5.062557064373531 -3.981238880079889
-4.661192598618702 -4.444438165716826
-4.217615650887248 -4.86738793108676
-3.735843322707424 -5.2462578776191
-3.220238618887511 -5.577616900408594
-2.675470935468662 -5.858464160832646
-2.10647377295129 -6.0862562626105765
-1.5184000577505326 -6.258930285194212
-0.9165754764967263 -6.374922465895794
-0.3064502457925421 -6.43318236156506
0.3064502457925397 -6.43318236156506
0.916575476496724 -6.374922465895795
1.5184000577505359 -6.258930285194211
2.1064737729512877 -6.086256262610578
2.6754709354686597 -5.858464160832646
3.2202386188875094 -5.577616900408595
3.7358433227074217 -5.246257877619102
4.217615650887247 -4.867387931086761
4.661192598618701 -4.444438165716827
5.06255706437353 -3.98123888007989
5.418074229397038 -3.4819848786348584
5.724524475189579 -2.9511974829302074
5.979132540870256 -2.3936835858159093
6.179592656369235 -1.8144921194773846
6.3240894238385374 -1.2188683315238222
6.411314258176085 -0.6122062832135498
6.931836031082098 0.0
6.900448140822677 0.6589129059480335
6.806568723639137 1.3118585945846142
6.6510479660710775 1.9529238886423075
6.435294288182024 2.576303201546711
6.161261588689221 3.1763511137074874
5.831431550154289 3.7476334983123905
5.448791164481645 4.284976733621173
5.01680568225727 4.783514556085221
4.539387230902795 5.2387321299838066
4.020859385843762 5.6465069344755205
3.46591801554105 6.003146097785394
2.8795887549789145 6.305419840423554
2.2671814927363405 6.550590724568421
1.6342422838138089 6.736438444727528
0.986503123700381 6.861279935167884
0.32983003853493303 6.923984612019878
-0.32983003853493215 6.923984612019878
-0.9865031237003786 6.861279935167885
-1.6342422838138064 6.736438444727529
-2.2671814927363414 6.550590724568421
-2.8795887549789154 6.305419840423554
-3.465918015541048 6.003146097785395
-4.020859385843761 5.646506934475521
-4.539387230902794 5.2387321299838066
-5.01680568225727 4.783514556085221
-5.448791164481645 4.284976733621172
-5.831431550154288 3.7476334983123922
-6.161261588689221 3.1763511137074882
-6.435294288182024 2.5763032015467116
-6.6510479660710775 1.9529238886423101
-6.806568723639136 1.3118585945846162
-6.900448140822677 0.6589129059480351
-6.931836031082098 8.489050807678984e-16
-6.900448140822677 -0.6589129059480334
-6.806568723639137 -1.3118585945846115
-6.651047966071078 -1.9529238886423057
-6.435294288182025 -2.5763032015467098
-6.161261588689222 -3.176351113707484
-5.83143155015429 -3.7476334983123882
-5.448791164481644 -4.284976733621174
-5.016805682257271 -4.78351455608522
-4.539387230902793 -5.238732129983808
-4.020859385843763 -5.64650693447552
-3.4659180155410523 -6.003146097785393
-2.8795887549789145 -6.305419840423554
-2.267181492736343 -6.55059072456842
-1.6342422838138067 -6.736438444727529
-0.9865031237003802 -6.861279935167884
-0.3298300385349354 -6.923984612019878
0.32983003853493287 -6.923984612019878
0.9865031237003776 -6.861279935167885
1.6342422838138102 -6.736438444727528
2.2671814927363405 -6.550590724568422
2.879588754978912 -6.305419840423555
3.46591801554105 -6.003146097785394
4.02085938584376 -5.646506934475521
4.539387230902792 -5.23873212998381
5.016805682257269 -4.783514556085222
5.4487911644816425 -4.284976733621176
5.831431550154286 -3.7476334983123953
6.161261588689221 -3.176351113707489
6.435294288182022 -2.576303201546715
6.6510479660710775 -1.9529238886423084
6.806568723639136 -1.311858594584617
6.900448140822676 -0.658912905948039
1.0 0.5 0.4 0.32000000000000006 0.25600000000000006 0.20480000000000007 0.16384000000000007 0.13107200000000005 0.10485760000000005 0.08388608000000004 0.06710886400000003 0.05368709120000003 0.042949672960000025 0.03435973836800002 0.027487790694400018 0.021990232555520017 