0.0 0.0
1.051929552635917 0.0
0.8510288849676926 0.6183086774900108
0.3250641086497341 1.0004444557178345
-0.325064108649734 1.0004444557178347
-0.8510288849676925 0.618308677490011
-1.051929552635917 1.2882421595640828e-16
-0.8510288849676927 -0.6183086774900107
-0.32506410864973423 -1.0004444557178345
0.3250641086497339 -1.0004444557178347
0.8510288849676925 -0.6183086774900111
1.840730828152591 0.0
1.489182522045317 1.0819544342282037
0.5688171079690215 1.750639048859896
-0.5688171079690213 1.7506390488598962
-1.4891825220453168 1.081954434228204
-1.840730828152591 2.2542451167889273e-16
-1.4891825220453172 -1.0819544342282035
-0.5688171079690217 -1.750639048859896
0.5688171079690212 -1.7506390488598962
1.4891825220453168 -1.0819544342282041
2.500931349950263 0.0
2.023295963874842 1.4700105644966708
0.7728302888997102 2.3785270571770325
-0.7728302888997098 2.378527057177033
-2.0232959638748413 1.470010564496671
-2.500931349950263 3.0627575726038586e-16
-2.023295963874842 -1.4700105644966706
-0.7728302888997104 -2.3785270571770325
0.7728302888997096 -2.378527057177033
2.0232959638748413 -1.4700105644966712
1.0 0.5 0.4 0.32000000000000006 