0.0 0.0
2.542448990431565 0.0
2.5367713932414895 0.16981686423354958
2.5197639591985723 0.33887528512776105
2.4915026476318656 0.5064202067353648
2.452113680419364 0.6717033327643127
2.401772978250457 0.83398646865067
2.3407053749214213 0.9925448185147379
2.269183613173111 1.1466702222753977
2.1875271265556657 1.2956743184649442
2.0961006127607327 1.4388916186184995
1.9953124047930444 1.575682479507049
1.8856126472560941 1.7054359599393785
1.767491285897063 1.8275725493737398
1.6414758793901776 1.9415467561526114
1.508129243131603 2.0468495438008585
1.3680469355692577 2.143010604506204
1.221854598294214 2.2296004596280854
1.070205161773471 2.3062323778535205
0.9137759292039916 2.3725641024330333
0.7532655515122061 2.428299379782381
0.5893909070093714 2.473189282622977
0.4228838996390125 2.5070333217515453
0.25448819011623836 2.5296803414735716
0.08495587455845635 2.5410291947013306
-0.08495587455845605 2.5410291947013306
-0.2544881901162381 2.5296803414735716
-0.42288389963901274 2.5070333217515453
-0.5893909070093705 2.473189282622977
-0.7532655515122052 2.428299379782381
-0.913775929203992 2.3725641024330333
-1.0702051617734707 2.3062323778535205
-1.2218545982942135 2.229600459628086
-1.3680469355692575 2.1430106045062045
-1.5081292431316027 2.046849543800859
-1.6414758793901776 1.9415467561526114
-1.767491285897063 1.8275725493737398
-1.8856126472560941 1.7054359599393785
-1.9953124047930444 1.575682479507049
-2.0961006127607322 1.4388916186185001
-2.187527126555665 1.295674318464945
-2.2691836131731105 1.1466702222753986
-2.340705374921421 0.9925448185147385
-2.401772978250457 0.8339864686506696
-2.4521136804193637 0.6717033327643133
-2.491502647631865 0.5064202067353653
-2.519763959198572 0.33887528512776155
-2.5367713932414895 0.16981686423354997
-2.542448990431565 -8.177139614320996e-16
-2.5367713932414895 -0.16981686423354933
-2.5197639591985723 -0.3388752851277598
-2.4915026476318656 -0.5064202067353647
-2.452113680419364 -0.6717033327643127
-2.401772978250457 -0.83398646865067
-2.3407053749214213 -0.992544818514738
-2.2691836131731113 -1.146670222275397
-2.1875271265556657 -1.2956743184649444
-2.096100612760733 -1.4388916186184986
-1.9953124047930448 -1.5756824795070485
-1.885612647256094 -1.7054359599393787
-1.7674912858970633 -1.8275725493737394
-1.6414758793901778 -1.941546756152611
-1.508129243131602 -2.0468495438008594
-1.3680469355692582 -2.143010604506204
-1.221854598294213 -2.229600459628086
-1.0702051617734714 -2.3062323778535205
-0.9137759292039931 -2.3725641024330333
-0.7532655515122058 -2.428299379782381
-0.5893909070093721 -2.4731892826229767
-0.4228838996390128 -2.5070333217515453
-0.25448819011623924 -2.5296803414735716
-0.08495587455845612 -2.5410291947013306
0.08495587455845517 -2.5410291947013306
0.2544881901162383 -2.5296803414735716
0.4228838996390119 -2.5070333217515453
0.5893909070093712 -2.473189282622977
0.753265551512205 -2.4282993797823815
0.9137759292039901 -2.372564102433034
1.0702051617734705 -2.3062323778535205
1.2218545982942124 -2.2296004596280863
1.3680469355692573 -2.1430106045062045
1.5081292431316013 -2.04684954380086
1.6414758793901774 -1.9415467561526114
1.767491285897062 -1.827572549373741
1.885612647256094 -1.7054359599393785
1.995312404793045 -1.5756824795070485
2.0961006127607327 -1.4388916186184995
2.187527126555665 -1.2956743184649453
2.2691836131731096 -1.1466702222754
2.340705374921421 -0.9925448185147389
2.401772978250457 -0.8339864686506699
2.4521136804193637 -0.6717033327643135
2.4915026476318656 -0.5064202067353645
2.519763959198572 -0.3388752851277618
2.5367713932414895 -0.1698168642335514
3.8067165045951707 0.0
3.7982156445931636 0.2542606212629346
3.7727510314915262 0.5073856528686038
3.7304363964339995 0.7582445769788206
3.6714607268527844 1.0057169967415782
3.596087422404792 1.2486976402553722
3.504653118564835 1.4861012969818213
3.3975661831298782 1.7168676645593703
3.2753048923493226 1.9399660843710302
3.1384152948271744 2.154400144715957
2.987508772736423 2.3592121310259886
2.8232593112378415 2.5534873032513996
2.6464004882986454 2.736357981312015
2.457722198355214 2.9070074203670844
2.2580671244527872 3.0646734585960047
2.0483269746184183 3.2086519211980336
1.8294384992764652 3.3382997654078865
1.60237930749379 3.453037952480829
1.3681635007403519 3.552354033820275
1.127837143665865 3.6358044396976164
0.882473592121133 3.7030164603423112
0.6331686992902632 3.753689910554194
0.3810359213443241 3.78759847040345
0.1272013444757832 3.8045906960303664
-0.12720134447578274 3.8045906960303664
-0.3810359213443237 3.78759847040345
-0.6331686992902635 3.753689910554194
-0.8824735921211317 3.7030164603423112
-1.1278371436658639 3.6358044396976164
-1.3681635007403523 3.552354033820275
-1.6023793074937895 3.4530379524808295
-1.8294384992764647 3.338299765407887
-2.048326974618418 3.208651921198034
-2.258067124452787 3.0646734585960047
-2.457722198355214 2.9070074203670844
-2.6464004882986454 2.736357981312015
-2.8232593112378415 2.5534873032513996
-2.987508772736423 2.3592121310259886
-3.1384152948271735 2.1544001447159578
-3.2753048923493218 1.9399660843710316
-3.397566183129878 1.7168676645593715
-3.5046531185648346 1.4861012969818224
-3.5960874224047923 1.2486976402553716
-3.671460726852784 1.005716996741579
-3.730436396433999 0.7582445769788214
-3.772751031491526 0.5073856528686046
-3.7982156445931636 0.25426062126293514
-3.8067165045951707 -1.224333406387474e-15
-3.7982156445931636 -0.2542606212629342
-3.7727510314915262 -0.5073856528686019
-3.7304363964339995 -0.7582445769788205
-3.6714607268527844 -1.0057169967415782
-3.596087422404792 -1.2486976402553722
-3.504653118564835 -1.4861012969818215
-3.3975661831298787 -1.7168676645593692
-3.2753048923493226 -1.9399660843710307
-3.1384152948271753 -2.1544001447159555
-2.9875087727364233 -2.3592121310259877
-2.823259311237841 -2.5534873032514
-2.646400488298646 -2.7363579813120147
-2.4577221983552144 -2.9070074203670835
-2.258067124452786 -3.064673458596005
-2.0483269746184187 -3.2086519211980336
-1.8294384992764638 -3.338299765407887
-1.6023793074937904 -3.453037952480829
-1.3681635007403539 -3.5523540338202744
-1.1278371436658647 -3.6358044396976164
-0.8824735921211343 -3.703016460342311
-0.6331686992902636 -3.753689910554194
-0.38103592134432546 -3.78759847040345
-0.12720134447578285 -3.8045906960303664
0.12720134447578144 -3.8045906960303664
0.38103592134432407 -3.78759847040345
0.6331686992902622 -3.753689910554194
0.882473592121133 -3.7030164603423112
1.1278371436658634 -3.635804439697617
1.3681635007403496 -3.552354033820276
1.602379307493789 -3.4530379524808295
1.8294384992764627 -3.338299765407888
2.0483269746184174 -3.208651921198034
2.258067124452785 -3.064673458596006
2.4577221983552135 -2.9070074203670844
2.6464004882986436 -2.7363579813120165
2.823259311237841 -2.5534873032513996
2.987508772736424 -2.3592121310259877
3.1384152948271744 -2.154400144715957
3.2753048923493218 -1.939966084371032
3.3975661831298765 -1.7168676645593735
3.5046531185648346 -1.4861012969818228
3.596087422404792 -1.248697640255372
3.671460726852784 -1.0057169967415795
3.7304363964339995 -0.7582445769788202
3.772751031491526 -0.507385652868605
3.7982156445931636 -0.2542606212629373
4.679392054594211 0.0
4.668942404166449 0.31254891965234294
4.637640123558667 0.6237019199571138
4.5856250163548005 0.9320693160814114
4.513129394650483 1.23627386437682
4.420477041490826 1.5349569134838752
4.308081764776741 1.8267844723988507
4.176445549098403 2.1104531684014147
4.026156313750207 2.384696068233596
3.857885286940487 2.6482883365312677
3.6723840079233874 2.900052706236214
3.470480970442119 3.138864736556604
3.2530779224747817 3.363657834992523
3.021145838808991 3.5734280209970026
2.7757205844327677 3.7672384099968568
2.5178982881100427 3.9442233977466272
2.2488304468035087 4.103592526327263
1.9697187828096525 4.2446340145230765
1.6818098765752585 4.3667179368094455
1.386389599166521 4.469299036753116
1.0847773692567084 4.5519191622597965
0.7783202602820815 4.614209311792635
0.4683869840849185 4.655891282422654
0.15636177791416098 4.676778912350567
-0.1563617779141604 4.676778912350567
-0.468386984084918 4.655891282422654
-0.7783202602820819 4.614209311792635
-1.0847773692567069 4.5519191622597965
-1.3863895991665194 4.469299036753116
-1.681809876575259 4.3667179368094455
-1.969718782809652 4.244634014523077
-2.248830446803508 4.103592526327263
-2.517898288110042 3.9442233977466277
-2.775720584432767 3.767238409996857
-3.021145838808991 3.5734280209970026
-3.2530779224747817 3.363657834992523
-3.470480970442119 3.138864736556604
-3.6723840079233874 2.900052706236214
-3.857885286940486 2.6482883365312686
-4.0261563137502066 2.384696068233598
-4.1764455490984025 2.110453168401416
-4.308081764776741 1.826784472398852
-4.420477041490827 1.5349569134838743
-4.513129394650482 1.2362738643768212
-4.5856250163548 0.9320693160814123
-4.637640123558666 0.6237019199571147
-4.668942404166449 0.31254891965234366
-4.679392054594211 -1.5050072699419687e-15
-4.668942404166449 -0.3125489196523425
-4.637640123558667 -0.6237019199571114
-4.5856250163548005 -0.9320693160814113
-4.513129394650483 -1.23627386437682
-4.420477041490826 -1.5349569134838752
-4.308081764776741 -1.826784472398851
-4.176445549098404 -2.1104531684014134
-4.026156313750207 -2.3846960682335965
-3.857885286940488 -2.648288336531266
-3.672384007923388 -2.900052706236213
-3.4704809704421185 -3.138864736556605
-3.253077922474782 -3.3636578349925226
-3.0211458388089913 -3.5734280209970013
-2.775720584432766 -3.767238409996858
-2.517898288110043 -3.9442233977466272
-2.248830446803507 -4.103592526327263
-1.9697187828096532 -4.2446340145230765
-1.681809876575261 -4.3667179368094455
-1.3863895991665205 -4.469299036753116
-1.08477736925671 -4.551919162259796
-0.778320260282082 -4.614209311792635
-0.4683869840849202 -4.655891282422654
-0.1563617779141605 -4.676778912350567
0.15636177791415878 -4.676778912350567
0.46838698408491847 -4.655891282422654
0.7783202602820803 -4.614209311792635
1.0847773692567084 -4.5519191622597965
1.386389599166519 -4.4692990367531165
1.6818098765752556 -4.366717936809447
1.9697187828096516 -4.244634014523077
2.2488304468035056 -4.1035925263272635
2.5178982881100413 -3.9442233977466277
2.775720584432765 -3.767238409996859
3.02114583880899 -3.5734280209970026
3.25307792247478 -3.3636578349925252
3.4704809704421185 -3.138864736556604
3.6723840079233883 -2.900052706236213
3.857885286940487 -2.6482883365312677
4.0261563137502066 -2.3846960682335983
4.176445549098401 -2.1104531684014183
4.308081764776741 -1.8267844723988524
4.420477041490826 -1.534956913483875
4.513129394650482 -1.2362738643768216
4.5856250163548005 -0.932069316081411
4.637640123558666 -0.6237019199571152
4.668942404166449 -0.3125489196523463
5.613272094900629 0.0
5.600736976991448 0.3749252271464089
5.563187608143436 0.7481759472138981
5.500791692953114 1.1180851318786555
5.413827906724562 1.483000676925147
5.302684650837857 1.841292780944599
5.167858318054224 2.1913612244237286
5.009951075505466 2.53164251671355
4.829668175269372 2.860616878958157
4.627814804542736 3.176815031796024
4.4052924894798755 3.4788247575183058
4.163095068757974 3.765297207375952
3.9023042548522935 4.034952925865651
3.624084802845671 4.28658756508871
3.3296793083495686 4.519077263661115
3.020402657770425 4.731383666151314
2.697636155707778 4.922558560627619
2.3628213557125983 5.091748113602888
2.017453621959195 5.238196683462145
1.6630754505858043 5.3612501953414675
1.301269580532388 5.460359062385106
0.9336519246443153 5.535080640333803
0.5618643526133303 5.585081204481497
0.1875673579889262 5.610137440170886
-0.1875673579889255 5.610137440170886
-0.5618643526133298 5.585081204481497
-0.9336519246443158 5.535080640333803
-1.301269580532386 5.460359062385106
-1.6630754505858025 5.3612501953414675
-2.0174536219591954 5.238196683462145
-2.362821355712598 5.091748113602889
-2.6976361557077775 4.922558560627619
-3.0204026577704246 4.731383666151315
-3.329679308349568 4.519077263661116
-3.624084802845671 4.28658756508871
-3.9023042548522935 4.034952925865651
-4.163095068757974 3.765297207375952
-4.4052924894798755 3.4788247575183058
-4.6278148045427345 3.1768150317960253
-4.829668175269371 2.8606168789581594
-5.009951075505466 2.531642516713552
-5.167858318054224 2.19136122442373
-5.302684650837857 1.841292780944598
-5.413827906724562 1.4830006769251483
-5.500791692953113 1.1180851318786567
-5.563187608143435 0.7481759472138992
-5.600736976991448 0.37492522714640975
-5.613272094900629 -1.8053659989215048e-15
-5.600736976991448 -0.37492522714640836
-5.563187608143436 -0.7481759472138954
-5.500791692953114 -1.1180851318786553
-5.413827906724562 -1.483000676925147
-5.302684650837857 -1.841292780944599
-5.167858318054224 -2.191361224423729
-5.009951075505468 -2.5316425167135486
-4.829668175269372 -2.860616878958158
-4.627814804542737 -3.176815031796022
-4.4052924894798755 -3.4788247575183044
-4.163095068757973 -3.7652972073759527
-3.902304254852294 -4.0349529258656505
-3.6240848028456716 -4.286587565088708
-3.329679308349567 -4.519077263661116
-3.020402657770426 -4.731383666151314
-2.697636155707776 -4.922558560627619
-2.362821355712599 -5.091748113602888
-2.017453621959198 -5.238196683462145
-1.6630754505858039 -5.3612501953414675
-1.3012695805323897 -5.460359062385106
-0.933651924644316 -5.535080640333803
-0.5618643526133323 -5.585081204481497
-0.18756735798892565 -5.610137440170886
0.1875673579889236 -5.610137440170886
0.5618643526133303 -5.585081204481497
0.933651924644314 -5.535080640333803
1.3012695805323877 -5.460359062385106
1.6630754505858019 -5.361250195341468
2.0174536219591914 -5.238196683462148
2.3628213557125974 -5.091748113602889
2.6976361557077744 -4.922558560627621
3.020402657770424 -4.731383666151315
3.3296793083495655 -4.519077263661118
3.6240848028456707 -4.28658756508871
3.902304254852291 -4.034952925865654
4.163095068757973 -3.765297207375952
4.405292489479876 -3.4788247575183044
4.627814804542736 -3.176815031796024
4.829668175269371 -2.86061687895816
5.009951075505463 -2.531642516713555
5.167858318054224 -2.191361224423731
5.302684650837857 -1.8412927809445987
5.413827906724562 -1.483000676925149
5.500791692953114 -1.1180851318786549
5.563187608143435 -0.7481759472138998
5.600736976991448 -0.37492522714641296
6.150287591910005 0.0
6.136553253214755 0.4107939065536106
6.09541157801968 0.8197531077988145
6.027046315033492 1.2250510926664941
5.931762800116611 1.6248777019686476
5.809986592577078 2.017447213008745
5.662261574519392 2.4010063150527827
5.48924752173499 2.773841940040643
5.291717156983408 3.1342889135639056
5.070552698824852 3.480737391938981
4.826741921417948 3.8116400521597975
4.561373742880562 4.125519002617967
4.275633361917146 4.420972383725468
3.970796964433617 4.696680628959877
3.648226023781298 4.951412358368779
3.3093612200864286 5.184029878211567
2.9557160058229934 5.393494262175862
2.5888698463665745 5.578869991474624
2.2104611657185647 5.739329133100165
1.8221800289068448 5.874155037573934
1.4257605937450928 5.982745539677064
1.0229733656630235 6.06461564786642
0.6156172901993429 6.119399710364553
0.20551171847425947 6.1468530482493176
-0.2055117184742587 6.1468530482493176
-0.6156172901993422 6.119399710364553
-1.0229733656630242 6.06461564786642
-1.4257605937450908 5.982745539677064
-1.8221800289068428 5.874155037573934
-2.2104611657185655 5.739329133100165
-2.588869846366574 5.578869991474625
-2.9557160058229925 5.393494262175862
-3.3093612200864277 5.184029878211567
-3.6482260237812976 4.9514123583687795
-3.970796964433617 4.696680628959877
-4.275633361917146 4.420972383725468
-4.561373742880562 4.125519002617967
-4.826741921417948 3.8116400521597975
-5.070552698824851 3.480737391938982
-5.291717156983407 3.1342889135639074
-5.489247521734989 2.773841940040645
-5.662261574519391 2.4010063150527845
-5.809986592577079 2.017447213008744
-5.93176280011661 1.624877701968649
-6.027046315033492 1.2250510926664955
-6.095411578019679 0.8197531077988157
-6.136553253214755 0.41079390655361153
-6.150287591910005 -1.9780833557151318e-15
-6.136553253214755 -0.41079390655361
-6.09541157801968 -0.8197531077988114
-6.027046315033492 -1.225051092666494
-5.931762800116611 -1.6248777019686476
-5.809986592577078 -2.017447213008745
-5.662261574519392 -2.401006315052783
-5.489247521734991 -2.7738419400406413
-5.291717156983408 -3.134288913563906
-5.070552698824853 -3.4807373919389786
-4.826741921417949 -3.811640052159796
-4.561373742880561 -4.125519002617968
-4.275633361917147 -4.420972383725467
-3.970796964433618 -4.696680628959876
-3.6482260237812962 -4.9514123583687795
-3.309361220086429 -5.184029878211567
-2.955716005822991 -5.393494262175862
-2.5888698463665754 -5.578869991474624
-2.210461165718568 -5.739329133100164
-1.8221800289068442 -5.874155037573934
-1.425760593745095 -5.982745539677064
-1.0229733656630242 -6.06461564786642
-0.615617290199345 -6.119399710364553
-0.20551171847425886 -6.1468530482493176
0.20551171847425662 -6.1468530482493176
0.6156172901993427 -6.119399710364553
1.022973365663022 -6.06461564786642
1.4257605937450928 -5.982745539677064
1.8221800289068422 -5.874155037573934
2.210461165718561 -5.739329133100167
2.588869846366573 -5.578869991474625
2.9557160058229894 -5.393494262175864
3.3093612200864273 -5.184029878211567
3.648226023781295 -4.951412358368781
3.9707969644336165 -4.696680628959877
4.275633361917143 -4.420972383725471
4.561373742880561 -4.125519002617967
4.826741921417949 -3.811640052159796
5.070552698824852 -3.480737391938981
5.291717156983407 -3.1342889135639083
5.489247521734987 -2.773841940040648
5.662261574519391 -2.4010063150527854
5.809986592577078 -2.0174472130087446
5.93176280011661 -1.6248777019686496
6.027046315033492 -1.2250510926664935
6.095411578019679 -0.8197531077988164
6.136553253214755 -0.41079390655361503
6.613400032734469 0.0
6.59863150774773 0.44172640619640824
6.554391892605218 0.8814799550320266
6.48087877216749 1.317296600405957
6.378420473876 1.747229879383859
6.247474601363051 2.1693596055739257
6.088625990682879 2.581800445145442
5.902584098291869 2.9827103371873442
5.690179832443794 3.3702987207994166
5.452361842151854 3.7428345321719356
5.190192280291888 4.098653935936866
4.90484205976979 4.436167756260522
4.597585623940234 4.753868574488609
4.2697952546332685 5.050337461643875
3.9229349432105423 5.324250315707364
3.558553852024489 5.574383775379476
3.1782793954832034 5.799620683908492
2.7838099716226266 5.998955078583828
2.3769073766486297 6.171496683609706
1.9593889363274768 6.316474886292967
1.533119389367782 6.433242178786435
1.1000025590447746 6.521277050016141
0.6619728502633919 6.580186314876383
0.220986610036377 6.6097068702898545
-0.22098661003637618 6.6097068702898545
-0.6619728502633911 6.580186314876383
-1.1000025590447753 6.521277050016141
-1.5331193893677797 6.433242178786435
-1.9593889363274746 6.316474886292967
-2.3769073766486306 6.171496683609706
-2.7838099716226257 5.998955078583829
-3.1782793954832025 5.7996206839084925
-3.5585538520244886 5.574383775379477
-3.9229349432105414 5.324250315707365
-4.2697952546332685 5.050337461643875
-4.597585623940234 4.753868574488609
-4.90484205976979 4.436167756260522
-5.190192280291888 4.098653935936866
-5.452361842151853 3.7428345321719374
-5.690179832443793 3.370298720799419
-5.902584098291868 2.9827103371873465
-6.088625990682878 2.581800445145444
-6.247474601363052 2.1693596055739244
-6.378420473875999 1.7472298793838603
-6.480878772167489 1.3172966004059583
-6.554391892605217 0.8814799550320279
-6.59863150774773 0.4417264061964093
-6.613400032734469 -2.1270316768025017e-15
-6.59863150774773 -0.44172640619640763
-6.554391892605218 -0.8814799550320233
-6.48087877216749 -1.3172966004059568
-6.378420473876 -1.747229879383859
-6.247474601363051 -2.1693596055739257
-6.088625990682879 -2.5818004451454426
-5.90258409829187 -2.9827103371873425
-5.690179832443794 -3.3702987207994175
-5.452361842151856 -3.742834532171934
-5.190192280291888 -4.0986539359368654
-4.9048420597697895 -4.436167756260523
-4.597585623940235 -4.7538685744886084
-4.269795254633269 -5.050337461643873
-3.92293494321054 -5.324250315707366
-3.55855385202449 -5.574383775379476
-3.178279395483201 -5.7996206839084925
-2.7838099716226274 -5.998955078583828
-2.3769073766486333 -6.171496683609705
-1.959388936327476 -6.316474886292967
-1.5331193893677841 -6.4332421787864345
-1.1000025590447753 -6.521277050016141
-0.6619728502633943 -6.580186314876383
-0.22098661003637637 -6.6097068702898545
0.22098661003637393 -6.6097068702898545
0.6619728502633918 -6.580186314876383
1.100002559044773 -6.521277050016141
1.5331193893677817 -6.433242178786435
1.9593889363274737 -6.316474886292968
2.3769073766486257 -6.171496683609708
2.7838099716226252 -5.998955078583829
3.1782793954831994 -5.799620683908493
3.5585538520244877 -5.574383775379477
3.9229349432105387 -5.324250315707368
4.269795254633268 -5.050337461643875
4.5975856239402315 -4.753868574488612
4.9048420597697895 -4.436167756260522
5.190192280291889 -4.0986539359368654
5.452361842151854 -3.7428345321719356
5.690179832443793 -3.3702987207994197
5.902584098291865 -2.9827103371873496
6.088625990682878 -2.581800445145445
6.247474601363051 -2.1693596055739253
6.378420473875999 -1.747229879383861
6.48087877216749 -1.3172966004059563
6.554391892605217 -0.8814799550320286
6.59863150774773 -0.441726406196413
7.0314555356981785 0.0
7.0157534420310625 0.46964943429099587
6.9687172903917745 0.9372013001993132
6.890557155651734 1.400567397591863
6.781622119946352 1.8576782209938587
6.64239871358947 2.306492202502646
6.473508742110876 2.745004829925555
6.275706509121856 3.171257599417954
6.0498754474121625 3.583346762636858
5.797024173324714 3.979431829343163
5.518281982030168 4.357743787477845
5.214893803820542 4.716593003999251
4.888214643948319 5.054376771194423
4.539703530844063 5.369586464760811
4.170916999741258 5.660814281688628
3.7835021408120992 5.926759527850849
3.379189242862955 6.166234427218921
2.959784065444514 6.3781694267588485
2.5271597738912828 6.561617973314685
2.083248573310486 6.715760741144698
1.6300330788849964 6.839909291229033
1.1695374610326543 6.933509146005496
0.7038184049698047 6.99614226580094
0.23495592505584123 7.027528915897943
-0.23495592505584034 7.027528915897943
-0.703818404969804 6.99614226580094
-1.1695374610326548 6.933509146005496
-1.630033078884994 6.839909291229033
-2.0832485733104833 6.715760741144698
-2.5271597738912837 6.561617973314685
-2.959784065444513 6.378169426758849
-3.379189242862954 6.166234427218921
-3.783502140812099 5.92675952785085
-4.170916999741257 5.660814281688629
-4.539703530844063 5.369586464760811
-4.888214643948319 5.054376771194423
-5.214893803820542 4.716593003999251
-5.518281982030168 4.357743787477845
-5.797024173324713 3.9794318293431643
-6.049875447412161 3.58334676263686
-6.275706509121855 3.171257599417957
-6.473508742110875 2.745004829925557
-6.642398713589471 2.306492202502645
-6.781622119946351 1.8576782209938603
-6.8905571556517335 1.4005673975918647
-6.968717290391774 0.9372013001993146
-7.0157534420310625 0.469649434290997
-7.0314555356981785 -2.2614885814300816e-15
-7.0157534420310625 -0.4696494342909952
-6.9687172903917745 -0.9372013001993097
-6.890557155651734 -1.4005673975918629
-6.781622119946352 -1.8576782209938587
-6.64239871358947 -2.306492202502646
-6.473508742110876 -2.7450048299255556
-6.275706509121857 -3.1712575994179524
-6.0498754474121625 -3.5833467626368587
-5.797024173324716 -3.9794318293431603
-5.518281982030169 -4.357743787477844
-5.214893803820541 -4.716593003999252
-4.88821464394832 -5.0543767711944225
-4.539703530844064 -5.36958646476081
-4.170916999741255 -5.66081428168863
-3.7835021408121 -5.926759527850849
-3.3791892428629526 -6.166234427218921
-2.9597840654445147 -6.3781694267588485
-2.5271597738912868 -6.561617973314684
-2.083248573310485 -6.715760741144698
-1.6300330788849986 -6.839909291229033
-1.169537461032655 -6.933509146005496
-0.7038184049698072 -6.99614226580094
-0.23495592505584054 -7.027528915897943
0.23495592505583796 -7.027528915897943
0.7038184049698046 -6.99614226580094
1.1695374610326525 -6.933509146005496
1.6300330788849962 -6.839909291229033
2.083248573310483 -6.715760741144699
2.5271597738912783 -6.5616179733146875
2.959784065444512 -6.378169426758849
3.3791892428629504 -6.166234427218923
3.783502140812098 -5.92675952785085
4.170916999741254 -5.660814281688632
4.539703530844062 -5.369586464760811
4.888214643948316 -5.054376771194426
5.214893803820541 -4.716593003999251
5.51828198203017 -4.357743787477844
5.797024173324714 -3.979431829343163
6.049875447412161 -3.583346762636861
6.275706509121853 -3.1712575994179604
6.473508742110875 -2.745004829925558
6.64239871358947 -2.3064922025026457
6.781622119946351 -1.8576782209938612
6.890557155651734 -1.4005673975918624
6.968717290391774 -0.9372013001993154
7.0157534420310625 -0.469649434291001
5.1804752627353885 0.0
5.168906632683948 0.34601758684954714
5.134252410839763 0.6904897751591769
5.076667371370031 1.0318780685140025
4.996408703040005 1.3686577439226317
4.8938348605455335 1.69932466160018
4.769403963567378 2.0224019828216835
4.623671750697501 2.336446765842354
4.457289097375614 2.64005641042569
4.270999108921455 2.93187492219662
4.065633801646043 3.2105989688415524
3.842110386864857 3.4749837011068805
3.6014271744094453 3.7238483125979354
3.3446591139333712 3.9560813135469965
3.0729529939261178 4.170645494996404
2.7875223198772994 4.3665825612255595
2.48964189446657 4.5430174097322364
2.180642123985387 4.6991620396527924
1.861903076419555 4.834319071165316
1.5348483177305854 4.947884860157205
1.2009385538645316 5.039352194246306
0.8616651068846477 5.1083125581145445
0.5185432543650318 5.154457958036501
0.17310546179313027 5.177582297454158
-0.17310546179312963 5.177582297454158
-0.5185432543650312 5.154457958036501
-0.8616651068846481 5.1083125581145445
-1.2009385538645299 5.039352194246306
-1.5348483177305838 4.947884860157205
-1.8619030764195554 4.834319071165316
-2.1806421239853866 4.6991620396527924
-2.4896418944665695 4.543017409732237
-2.787522319877299 4.36658256122556
-3.072952993926117 4.170645494996405
-3.3446591139333712 3.9560813135469965
-3.6014271744094453 3.7238483125979354
-3.842110386864857 3.4749837011068805
-4.065633801646043 3.2105989688415524
-4.270999108921453 2.931874922196621
-4.457289097375613 2.6400564104256916
-4.6236717506975005 2.3364467658423553
-4.7694039635673775 2.0224019828216853
-4.893834860545534 1.6993246616001791
-4.996408703040005 1.368657743922633
-5.076667371370031 1.0318780685140034
-5.134252410839763 0.6904897751591779
-5.168906632683948 0.3460175868495479
-5.1804752627353885 -1.6661679212188607e-15
-5.168906632683948 -0.34601758684954664
-5.134252410839763 -0.6904897751591743
-5.076667371370031 -1.0318780685140023
-4.996408703040005 -1.3686577439226317
-4.8938348605455335 -1.69932466160018
-4.769403963567378 -2.022401982821684
-4.623671750697502 -2.3364467658423522
-4.457289097375614 -2.6400564104256907
-4.270999108921456 -2.9318749221966183
-4.065633801646043 -3.210598968841551
-3.8421103868648565 -3.474983701106881
-3.6014271744094457 -3.723848312597935
-3.344659113933372 -3.9560813135469957
-3.072952993926116 -4.170645494996405
-2.7875223198773 -4.3665825612255595
-2.4896418944665686 -4.543017409732237
-2.1806421239853875 -4.6991620396527924
-1.8619030764195579 -4.834319071165316
-1.534848317730585 -4.947884860157205
-1.2009385538645332 -5.039352194246306
-0.8616651068846483 -5.1083125581145445
-0.5185432543650336 -5.154457958036501
-0.17310546179312977 -5.177582297454158
0.17310546179312786 -5.177582297454158
0.5185432543650317 -5.154457958036501
0.8616651068846464 -5.1083125581145445
1.2009385538645314 -5.039352194246306
1.5348483177305832 -4.947884860157206
1.8619030764195517 -4.834319071165318
2.180642123985386 -4.6991620396527924
2.489641894466567 -4.543017409732238
2.787522319877298 -4.36658256122556
3.0729529939261147 -4.170645494996407
3.344659113933371 -3.9560813135469965
3.6014271744094426 -3.723848312597938
3.8421103868648565 -3.4749837011068805
4.065633801646044 -3.210598968841551
4.270999108921455 -2.93187492219662
4.457289097375613 -2.640056410425692
4.623671750697499 -2.336446765842358
4.7694039635673775 -2.0224019828216857
4.8938348605455335 -1.6993246616001798
4.996408703040005 -1.3686577439226335
5.076667371370031 -1.0318780685140019
5.134252410839763 -0.6904897751591784
5.168906632683948 -0.34601758684955086
7.415981722741055 0.0
7.399420935425696 0.49533295106755887
7.349812537975964 0.9884536249317464
7.267378093537489 1.4771596249562204
7.152485774350399 1.9592682715096847
7.005648717402721 2.4326263503429773
6.8275227326360195 2.895119729366606
6.618903373939003 3.3446828008778753
6.380722386010733 3.7793077070663204
6.1140435429626105 4.197053307594102
5.820057897244966 4.596053849199974
5.500078460117671 4.974527298606272
5.15553433742313 5.330783301512118
4.787964346852654 5.663230732126074
4.399010145213103 5.970384799520176
3.9904088963890696 6.250873679066659
3.5639855127472635 6.503444639339756
3.1216445046348804 6.726969637118353
2.665361474374064 6.920450355500854
2.197174292742352 7.083022662630802
1.7191739973470757 7.213960471119527
1.2334954535438079 7.312678980928681
0.7423078196094389 7.378737291229175
0.24780485875472774 7.4118403695713075
-0.24780485875472683 7.4118403695713075
-0.7423078196094381 7.378737291229175
-1.2334954535438085 7.312678980928681
-1.7191739973470732 7.213960471119527
-2.1971742927423494 7.083022662630802
-2.665361474374065 6.920450355500854
-3.1216445046348795 6.726969637118354
-3.5639855127472626 6.503444639339757
-3.9904088963890687 6.25087367906666
-4.3990101452131025 5.970384799520177
-4.787964346852654 5.663230732126074
-5.15553433742313 5.330783301512118
-5.500078460117671 4.974527298606272
-5.820057897244966 4.596053849199974
-6.11404354296261 4.197053307594103
-6.380722386010731 3.7793077070663226
-6.618903373939002 3.3446828008778775
-6.827522732636019 2.895119729366608
-7.005648717402722 2.432626350342976
-7.1524857743503985 1.9592682715096863
-7.267378093537488 1.477159624956222
-7.349812537975963 0.9884536249317478
-7.399420935425696 0.49533295106756
-7.415981722741055 -2.3851616355855707e-15
-7.399420935425696 -0.49533295106755815
-7.349812537975964 -0.9884536249317427
-7.267378093537489 -1.4771596249562202
-7.152485774350399 -1.9592682715096847
-7.005648717402721 -2.4326263503429773
-6.8275227326360195 -2.8951197293666064
-6.618903373939005 -3.344682800877873
-6.380722386010733 -3.779307707066321
-6.114043542962612 -4.197053307594099
-5.820057897244966 -4.596053849199972
-5.50007846011767 -4.974527298606273
-5.155534337423131 -5.330783301512117
-4.787964346852655 -5.663230732126073
-4.399010145213101 -5.970384799520178
-3.9904088963890705 -6.250873679066659
-3.563985512747261 -6.503444639339757
-3.1216445046348813 -6.726969637118353
-2.665361474374068 -6.920450355500853
-2.197174292742351 -7.083022662630802
-1.719173997347078 -7.213960471119526
-1.2334954535438085 -7.312678980928681
-0.7423078196094415 -7.378737291229175
-0.24780485875472702 -7.4118403695713075
0.2478048587547243 -7.4118403695713075
0.7423078196094388 -7.378737291229175
1.2334954535438059 -7.312678980928681
1.7191739973470754 -7.213960471119527
2.1971742927423485 -7.083022662630803
2.6653614743740595 -6.920450355500856
3.1216445046348786 -6.726969637118354
3.563985512747259 -6.503444639339759
3.990408896389068 -6.25087367906666
4.3990101452131 -5.970384799520179
4.787964346852653 -5.663230732126074
5.155534337423127 -5.33078330151212
5.50007846011767 -4.974527298606272
5.820057897244967 -4.596053849199972
6.1140435429626105 -4.197053307594102
6.380722386010731 -3.7793077070663235
6.618903373938999 -3.3446828008778815
6.827522732636019 -2.8951197293666087
7.005648717402721 -2.432626350342977
7.1524857743503985 -1.9592682715096872
7.267378093537489 -1.4771596249562196
7.349812537975963 -0.9884536249317487
7.399420935425696 -0.4953329510675642
1.0 0.5 0.4 0.32000000000000006 0.25600000000000006 0.20480000000000007 0.16384000000000007 0.13107200000000005 0.10485760000000005 0.08388608000000004 