0.0 0.0
2.362659585900465 0.0
2.3557270729402915 0.1808598260076648
2.334970216802414 0.36065829464056837
2.300510826972251 0.5383402769910548
2.2525511248514993 0.7128630645345575
2.1913725570425413 0.883202488157835
2.117334143707867 1.0483589283905723
2.0308703716970062 1.2073631815699122
1.932488644804925 1.3592821475129366
1.8227663061248012 1.5032243053195702
1.7023472499691785 1.6383449451717216
1.5719381432421118 1.7638511254263776
1.4323042784367763 1.8790063259124654
1.2842650825948154 1.9831347701240802
1.1286893085826284 2.0756253909457323
0.9664899369041057 2.155935416637162
0.7986188179680007 2.2235935560337348
0.6260610862512478 2.278202764270394
0.4498293791381257 2.31944257279881
0.27095789436143186 2.3470709700242502
0.09049632091895504 2.3609258215258455
-0.09049632091895476 2.3609258215258455
-0.27095789436143103 2.3470709700242507
-0.4498293791381254 2.31944257279881
-0.6260610862512476 2.278202764270394
-0.798618817968001 2.2235935560337343
-0.9664899369041055 2.155935416637162
-1.1286893085826277 2.0756253909457327
-1.2842650825948152 1.9831347701240802
-1.4323042784367763 1.8790063259124654
-1.5719381432421113 1.763851125426378
-1.7023472499691783 1.6383449451717216
-1.8227663061248012 1.50322430531957
-1.932488644804925 1.3592821475129369
-2.0308703716970062 1.2073631815699122
-2.117334143707867 1.048358928390573
-2.191372557042541 0.8832024881578352
-2.2525511248514993 0.7128630645345573
-2.3005108269722507 0.5383402769910554
-2.334970216802414 0.3606582946405685
-2.3557270729402915 0.18085982600766548
-2.362659585900465 1.3385739785819952e-15
-2.3557270729402915 -0.1808598260076649
-2.334970216802414 -0.36065829464056787
-2.300510826972251 -0.5383402769910537
-2.2525511248514993 -0.7128630645345576
-2.1913725570425413 -0.8832024881578348
-2.117334143707867 -1.0483589283905723
-2.0308703716970062 -1.2073631815699115
-1.9324886448049259 -1.3592821475129355
-1.8227663061248007 -1.5032243053195704
-1.7023472499691787 -1.6383449451717214
-1.5719381432421116 -1.7638511254263776
-1.4323042784367759 -1.8790063259124656
-1.2842650825948165 -1.9831347701240793
-1.1286893085826273 -2.075625390945733
-0.966489936904106 -2.155935416637162
-0.798618817968001 -2.2235935560337343
-0.6260610862512476 -2.278202764270394
-0.449829379138127 -2.31944257279881
-0.27095789436143264 -2.3470709700242502
-0.09049632091895533 -2.3609258215258455
0.09049632091895447 -2.3609258215258455
0.2709578943614318 -2.3470709700242502
0.44982937913812615 -2.31944257279881
0.6260610862512467 -2.278202764270394
0.7986188179680003 -2.2235935560337348
0.9664899369041052 -2.1559354166371625
1.1286893085826284 -2.0756253909457323
1.2842650825948159 -1.98313477012408
1.4323042784367752 -1.879006325912466
1.571938143242111 -1.7638511254263782
1.7023472499691783 -1.6383449451717218
1.8227663061247996 -1.5032243053195717
1.9324886448049252 -1.359282147512936
2.0308703716970053 -1.2073631815699133
2.117334143707867 -1.0483589283905732
2.191372557042541 -0.8832024881578356
2.2525511248514993 -0.7128630645345575
2.300510826972251 -0.5383402769910546
2.334970216802414 -0.36065829464056975
2.3557270729402915 -0.18085982600766579
3.550254405654123 0.0
3.5398372533796323 0.27176932213230004
3.508646928547906 0.5419437938180076
3.456866468387344 0.808937923827115
3.384799741227763 1.071184884439181
3.2928696632802095 1.327145706211413
3.1816157167964687 1.5753183092633067
3.051690784172694 1.8142463180786554
2.9038573165758996 2.0425276080961856
2.738982859577339 2.258822533934008
2.5580349620501237 2.461861790961412
2.362075498207713 2.6504538640831488
2.152254436103788 2.8234920200237994
1.9298030891624531 2.979960802078706
1.6960268903414497 3.118941989217693
1.4522977313324779 3.239619984571192
1.2000459117552407 3.3412866016769716
0.9407517455905458 3.4233452203999017
0.6759368741092391 3.485314288136142
0.4071553362761774 3.526830145755299
0.1359844490316451 3.5476491616968087
-0.1359844490316447 3.5476491616968087
-0.40715533627617617 3.5268301457552993
-0.6759368741092386 3.485314288136142
-0.9407517455905453 3.4233452203999017
-1.2000459117552411 3.341286601676971
-1.4522977313324774 3.239619984571192
-1.6960268903414486 3.118941989217694
-1.9298030891624527 2.979960802078706
-2.152254436103788 2.8234920200237994
-2.362075498207712 2.6504538640831496
-2.5580349620501233 2.461861790961412
-2.738982859577339 2.2588225339340076
-2.9038573165758996 2.0425276080961856
-3.051690784172694 1.8142463180786554
-3.1816157167964683 1.5753183092633076
-3.292869663280209 1.3271457062114134
-3.384799741227763 1.0711848844391805
-3.4568664683873433 0.8089379238271158
-3.508646928547906 0.5419437938180077
-3.5398372533796323 0.2717693221323011
-3.550254405654123 2.011410443177954e-15
-3.5398372533796323 -0.2717693221323002
-3.508646928547906 -0.5419437938180068
-3.4568664683873442 -0.8089379238271134
-3.384799741227763 -1.071184884439181
-3.2928696632802095 -1.3271457062114127
-3.1816157167964687 -1.5753183092633067
-3.0516907841726946 -1.8142463180786548
-2.903857316575901 -2.042527608096184
-2.7389828595773387 -2.2588225339340084
-2.558034962050124 -2.4618617909614118
-2.3620754982077123 -2.6504538640831488
-2.152254436103788 -2.8234920200238
-1.9298030891624547 -2.9799608020787045
-1.696026890341448 -3.1189419892176944
-1.4522977313324783 -3.2396199845711915
-1.2000459117552411 -3.341286601676971
-0.9407517455905453 -3.4233452203999017
-0.6759368741092411 -3.4853142881361414
-0.40715533627617867 -3.526830145755299
-0.13598444903164555 -3.5476491616968087
0.13598444903164425 -3.5476491616968087
0.40715533627617734 -3.526830145755299
0.6759368741092399 -3.485314288136142
0.9407517455905442 -3.423345220399902
1.20004591175524 -3.3412866016769716
1.452297731332477 -3.239619984571192
1.6960268903414497 -3.118941989217693
1.929803089162454 -2.9799608020787054
2.1522544361037865 -2.8234920200238007
2.362075498207712 -2.65045386408315
2.5580349620501233 -2.4618617909614127
2.7389828595773364 -2.2588225339340107
2.9038573165759 -2.0425276080961847
3.051690784172693 -1.8142463180786574
3.1816157167964683 -1.5753183092633078
3.292869663280209 -1.327145706211414
3.384799741227763 -1.071184884439181
3.456866468387344 -0.8089379238271146
3.508646928547906 -0.5419437938180096
3.5398372533796323 -0.27176932213230154
4.36066954449666 0.0
4.347874473081099 0.33380599549808115
4.309564345401219 0.6656530846824606
4.245963980519597 0.9935938568806104
4.157446610666933 1.3157038252413569
4.044531690966907 1.6300927203889601
3.907881851066962 1.9349155832754468
3.748299006564052 2.2283835921339152
3.566719653045047 2.508774559995961
3.3642093703582536 2.7744430411696017
3.1419565693671516 3.0238299873688845
2.901265517882898 3.255471896829151
2.6435486867021902 3.468009402717333
2.3703184606669905 3.660195250437055
2.0831782633888967 3.830901617014554
1.7838131477218166 3.9791267296123523
1.4739799072017883 4.1040007443306
1.1554967664839573 4.20479085079696
0.8302327112773085 4.280905572589266
0.50009652039336 4.331898238254352
0.16702556427310394 4.357469602553753
-0.16702556427310342 4.357469602553753
-0.5000965203933584 4.331898238254353
-0.8302327112773079 4.280905572589266
-1.1554967664839568 4.20479085079696
-1.4739799072017887 4.104000744330599
-1.7838131477218162 3.9791267296123523
-2.083178263388896 3.8309016170145553
-2.37031846066699 3.660195250437055
-2.6435486867021902 3.468009402717333
-2.9012655178828965 3.255471896829152
-3.141956569367151 3.0238299873688845
-3.3642093703582536 2.7744430411696013
-3.566719653045047 2.508774559995962
-3.748299006564052 2.2283835921339152
-3.9078818510669615 1.9349155832754479
-4.044531690966907 1.6300927203889606
-4.157446610666933 1.3157038252413564
-4.245963980519597 0.9935938568806114
-4.309564345401219 0.6656530846824608
-4.347874473081099 0.3338059954980824
-4.36066954449666 2.4705542924134725e-15
-4.347874473081099 -0.3338059954980813
-4.309564345401219 -0.6656530846824597
-4.245963980519598 -0.9935938568806084
-4.157446610666933 -1.3157038252413573
-4.044531690966907 -1.6300927203889597
-3.907881851066962 -1.9349155832754468
-3.7482990065640522 -2.2283835921339143
-3.5667196530450482 -2.508774559995959
-3.364209370358253 -2.7744430411696026
-3.141956569367152 -3.023829987368884
-2.901265517882897 -3.255471896829151
-2.64354868670219 -3.4680094027173336
-2.3703184606669923 -3.6601952504370536
-2.0831782633888944 -3.830901617014556
-1.783813147721817 -3.9791267296123514
-1.4739799072017887 -4.104000744330599
-1.1554967664839568 -4.20479085079696
-0.8302327112773109 -4.280905572589266
-0.5000965203933614 -4.331898238254352
-0.16702556427310447 -4.357469602553753
0.1670255642731029 -4.357469602553753
0.5000965203933598 -4.331898238254352
0.8302327112773094 -4.280905572589266
1.1554967664839553 -4.204790850796961
1.4739799072017874 -4.1040007443306
1.7838131477218158 -3.9791267296123527
2.0831782633888967 -3.830901617014554
2.3703184606669914 -3.6601952504370545
2.643548686702188 -3.4680094027173345
2.901265517882896 -3.2554718968291523
3.141956569367151 -3.023829987368885
3.364209370358251 -2.774443041169605
3.5667196530450473 -2.50877455999596
3.74829900656405 -2.2283835921339175
3.9078818510669615 -1.9349155832754483
4.044531690966907 -1.6300927203889615
4.157446610666933 -1.3157038252413569
4.245963980519597 -0.99359385688061
4.309564345401218 -0.6656530846824632
4.347874473081099 -0.33380599549808293
5.1009299505279575 0.0
5.085962807905296 0.39047237648421784
5.041149213181642 0.7786533057987116
4.966752150350178 1.162264787896903
4.86320821095829 1.5390556380654403
4.731125032014767 1.9068146977712384
4.5712777301342165 2.263383810618984
4.38460435284456 2.6066704872710105
4.172200373751137 2.9346601850067793
3.935312263861998 3.2454281298606054
3.675330176800388 3.5371506119606475
3.3937797908305165 3.8081156877835958
3.0923133555708437 4.056733226519996
2.772699995936332 4.281544241594125
2.436815330209982 4.481229452577358
2.0866304631689423 4.6546170272503105
1.7242004188578983 4.800689458380265
1.3516520808908412 4.9185895348582
0.971171711052295 5.0076253721544415
0.5849921194438399 5.067274472572189
0.19537956146659827 5.09718679147177
-0.19537956146659768 5.09718679147177
-0.5849921194438381 5.06727447257219
-0.9711717110522944 5.0076253721544415
-1.3516520808908408 4.9185895348582
-1.7242004188578988 4.800689458380265
-2.086630463168942 4.6546170272503105
-2.436815330209981 4.481229452577359
-2.7726999959363314 4.281544241594125
-3.0923133555708437 4.056733226519996
-3.3937797908305156 3.8081156877835967
-3.6753301768003874 3.5371506119606475
-3.935312263861998 3.245428129860605
-4.172200373751137 2.93466018500678
-4.38460435284456 2.6066704872710105
-4.5712777301342165 2.263383810618985
-4.731125032014766 1.906814697771239
-4.86320821095829 1.5390556380654397
-4.966752150350177 1.1622647878969041
-5.041149213181642 0.7786533057987117
-5.085962807905296 0.39047237648421934
-5.1009299505279575 2.889951704889373e-15
-5.085962807905296 -0.39047237648421806
-5.041149213181642 -0.7786533057987105
-4.966752150350179 -1.1622647878969006
-4.86320821095829 -1.5390556380654405
-4.731125032014767 -1.906814697771238
-4.5712777301342165 -2.263383810618984
-4.384604352844561 -2.6066704872710096
-4.172200373751139 -2.934660185006777
-3.9353122638619977 -3.2454281298606062
-3.6753301768003883 -3.537150611960647
-3.393779790830516 -3.8081156877835958
-3.0923133555708433 -4.056733226519997
-2.772699995936334 -4.281544241594124
-2.43681533020998 -4.4812294525773595
-2.086630463168943 -4.65461702725031
-1.7242004188578988 -4.800689458380265
-1.3516520808908408 -4.9185895348582
-0.9711717110522978 -5.007625372154441
-0.5849921194438417 -5.067274472572189
-0.1953795614665989 -5.09718679147177
0.19537956146659705 -5.09718679147177
0.5849921194438399 -5.067274472572189
0.971171711052296 -5.0076253721544415
1.351652080890839 -4.918589534858201
1.7242004188578972 -4.800689458380265
2.0866304631689414 -4.654617027250311
2.436815330209982 -4.481229452577358
2.772699995936333 -4.281544241594125
3.0923133555708415 -4.056733226519998
3.3937797908305147 -3.808115687783597
3.6753301768003874 -3.537150611960648
3.9353122638619946 -3.245428129860609
4.172200373751138 -2.9346601850067784
4.384604352844558 -2.6066704872710136
4.5712777301342165 -2.263383810618986
4.731125032014766 -1.90681469777124
4.86320821095829 -1.5390556380654403
4.966752150350178 -1.1622647878969024
5.041149213181641 -0.7786533057987146
5.085962807905296 -0.39047237648422
5.576949551722368 0.0
5.560585672949365 0.42691132129117665
5.511590066377806 0.8513173571951925
5.430250257709301 1.2707275243357217
5.317043581284468 1.6826805570808625
5.172634378895225 2.0847589512285434
4.997870101162985 2.4746031508824626
4.793776334361444 2.8499253952643184
4.561550781868509 3.20852314420375
4.302556235566643 3.5482920035198524
4.018312578438196 3.867238074443013
3.710487865287721 4.1634896546057245
3.3808885339331005 4.435308221936331
3.0314488043101364 4.681098636997833
2.664219327700856 4.899418503900389
2.281355152696385 5.088986634853935
1.8851030785148934 5.248690568687584
1.477788469890392 5.377593099214121
1.061801610907822 5.474937775128579
0.6395836778655954 5.5401533391652835
0.2136124134823847 5.572857080462637
-0.21361241348238402 5.572857080462637
-0.6395836778655936 5.540153339165284
-1.0618016109078212 5.474937775128579
-1.4777884698903914 5.377593099214121
-1.885103078514894 5.248690568687584
-2.281355152696384 5.088986634853935
-2.6642193277008546 4.89941850390039
-3.0314488043101355 4.681098636997833
-3.3808885339331005 4.435308221936331
-3.71048786528772 4.163489654605725
-4.018312578438195 3.867238074443013
-4.302556235566643 3.5482920035198515
-4.561550781868509 3.2085231442037507
-4.793776334361444 2.8499253952643184
-4.9978701011629845 2.474603150882464
-5.172634378895224 2.0847589512285443
-5.317043581284468 1.6826805570808618
-5.430250257709301 1.2707275243357228
-5.511590066377806 0.8513173571951926
-5.560585672949365 0.42691132129117826
-5.576949551722368 3.159642461550354e-15
-5.560585672949365 -0.42691132129117687
-5.511590066377806 -0.8513173571951913
-5.430250257709302 -1.270727524335719
-5.317043581284468 -1.682680557080863
-5.172634378895225 -2.084758951228543
-4.997870101162985 -2.4746031508824626
-4.793776334361445 -2.849925395264317
-4.561550781868511 -3.2085231442037476
-4.302556235566642 -3.548292003519853
-4.018312578438196 -3.8672380744430126
-3.7104878652877207 -4.1634896546057245
-3.3808885339331 -4.435308221936331
-3.0314488043101386 -4.681098636997831
-2.6642193277008532 -4.899418503900391
-2.2813551526963853 -5.088986634853935
-1.885103078514894 -5.248690568687584
-1.4777884698903914 -5.377593099214121
-1.0618016109078252 -5.474937775128579
-0.6395836778655974 -5.5401533391652835
-0.21361241348238538 -5.572857080462637
0.21361241348238333 -5.572857080462637
0.6395836778655954 -5.5401533391652835
1.061801610907823 -5.474937775128579
1.4777884698903896 -5.377593099214121
1.8851030785148921 -5.248690568687584
2.2813551526963836 -5.088986634853936
2.664219327700856 -4.899418503900389
3.0314488043101373 -4.681098636997833
3.3808885339330983 -4.4353082219363325
3.7104878652877193 -4.163489654605726
4.018312578438195 -3.867238074443014
4.302556235566639 -3.548292003519856
4.56155078186851 -3.2085231442037485
4.793776334361442 -2.8499253952643215
4.9978701011629845 -2.4746031508824644
5.172634378895224 -2.084758951228545
5.317043581284468 -1.6826805570808625
5.430250257709301 -1.270727524335721
5.511590066377806 -0.8513173571951957
5.560585672949365 -0.4269113212911789
5.968586319075002 0.0
5.951073300162829 0.4568908232153212
5.898637016785034 0.911100429405366
5.811585185902848 1.359963335992501
5.690428662274526 1.8008454369583853
5.535878440556494 2.2311594608254897
5.348841482903986 2.6483801537949136
5.130415396556486 3.050059098939797
4.8818819926419925 3.433839084489419
4.604699763999643 3.797467936885171
4.300495326163777 4.138811737430539
3.971053871737191 4.4558673449745285
3.618308694171097 4.74677415114045
3.244329842430406 5.0098249991157155
2.851311973123286 5.2434762019268355
2.441561471383516 5.446356601408399
2.0174829160854277 5.617275614704402
1.5815649688189375 5.755230221081867
1.1363657694337552 5.859410848055333
0.684497923857552 5.929206122280114
0.22861317228551903 5.964206457334189
-0.2286131722855183 5.964206457334189
-0.6844979238575499 5.929206122280115
-1.1363657694337543 5.859410848055333
-1.5815649688189368 5.755230221081867
-2.017482916085428 5.617275614704402
-2.4415614713835154 5.446356601408399
-2.851311973123284 5.243476201926837
-3.244329842430405 5.0098249991157155
-3.618308694171097 4.74677415114045
-3.9710538717371895 4.455867344974529
-4.300495326163776 4.138811737430539
-4.604699763999643 3.79746793688517
-4.8818819926419925 3.4338390844894198
-5.130415396556486 3.050059098939797
-5.348841482903985 2.648380153794915
-5.535878440556493 2.23115946082549
-5.690428662274526 1.8008454369583846
-5.811585185902847 1.3599633359925023
-5.898637016785034 0.9111004294053662
-5.951073300162829 0.456890823215323
-5.968586319075002 3.3815257954689e-15
-5.951073300162829 -0.4568908232153215
-5.898637016785034 -0.9111004294053646
-5.811585185902848 -1.359963335992498
-5.690428662274526 -1.8008454369583857
-5.535878440556494 -2.2311594608254888
-5.348841482903986 -2.6483801537949136
-5.1304153965564865 -3.0500590989397955
-4.881881992641994 -3.433839084489416
-4.604699763999642 -3.7974679368851714
-4.300495326163777 -4.138811737430539
-3.9710538717371904 -4.4558673449745285
-3.618308694171096 -4.746774151140451
-3.2443298424304086 -5.009824999115714
-2.8513119731232828 -5.243476201926838
-2.4415614713835163 -5.446356601408398
-2.017482916085428 -5.617275614704402
-1.5815649688189368 -5.755230221081867
-1.1363657694337586 -5.859410848055332
-0.684497923857554 -5.929206122280114
-0.22861317228551975 -5.964206457334189
0.22861317228551756 -5.964206457334189
0.6844979238575519 -5.929206122280114
1.1363657694337563 -5.859410848055333
1.5815649688189348 -5.7552302210818675
2.0174829160854264 -5.617275614704402
2.4415614713835145 -5.446356601408399
2.851311973123286 -5.2434762019268355
3.2443298424304072 -5.0098249991157155
3.6183086941710942 -4.7467741511404515
3.971053871737189 -4.45586734497453
4.300495326163776 -4.13881173743054
4.604699763999639 -3.797467936885175
4.881881992641993 -3.4338390844894175
5.130415396556484 -3.0500590989398
5.348841482903985 -2.6483801537949154
5.535878440556493 -2.231159460825491
5.690428662274526 -1.8008454369583853
5.811585185902848 -1.3599633359925003
5.898637016785033 -0.9111004294053694
5.951073300162829 -0.4568908232153237
6.297205954124797 0.0
6.278728699868461 0.4820464107457849
6.223405368974588 0.9612639814759849
6.131560620747218 1.4348404729330653
6.003733436689408 1.899996749955743
5.840673957545454 2.354003090549186
5.643339081176724 2.794195204979108
5.412886847104515 3.217989870883334
5.150669640673663 3.6229000926477988
4.858226256717596 4.006549696085715
4.537272869298364 4.366687272772553
4.189692960514848 4.7011993922059
3.817526267480865 5.008123004256026
3.422956812336718 5.285656959124613
3.0083000855388398 5.532172577207963
2.5759894576410787 5.74622320683654
2.1285618993087008 5.9265527138021925
1.6686430933657508 6.072102852853167
1.198932026244174 6.182019477898046
0.7221851492582347 6.255657554474642
0.24120020265214795 6.292584945068708
-0.2412002026521472 6.292584945068708
-0.7221851492582325 6.2556575544746424
-1.1989320262441734 6.182019477898046
-1.6686430933657501 6.072102852853167
-2.128561899308701 5.926552713802192
-2.575989457641078 5.74622320683654
-3.008300085538838 5.532172577207965
-3.4229568123367176 5.285656959124613
-3.817526267480865 5.008123004256026
-4.189692960514847 4.701199392205901
-4.537272869298363 4.366687272772553
-4.858226256717596 4.006549696085714
-5.150669640673663 3.6229000926477997
-5.412886847104515 3.217989870883334
-5.643339081176723 2.7941952049791094
-5.840673957545453 2.3540030905491864
-6.003733436689408 1.8999967499557424
-6.1315606207472175 1.4348404729330666
-6.223405368974588 0.961263981475985
-6.278728699868461 0.48204641074578675
-6.297205954124797 3.56770652795945e-15
-6.278728699868461 -0.48204641074578514
-6.223405368974588 -0.9612639814759835
-6.131560620747219 -1.4348404729330622
-6.003733436689408 -1.8999967499557435
-5.840673957545454 -2.354003090549185
-5.643339081176724 -2.794195204979108
-5.412886847104516 -3.2179898708833328
-5.150669640673665 -3.622900092647796
-4.858226256717595 -4.006549696085716
-4.537272869298364 -4.366687272772552
-4.189692960514847 -4.7011993922059
-3.8175262674808645 -5.008123004256027
-3.4229568123367207 -5.28565695912461
-3.0083000855388367 -5.532172577207966
-2.575989457641079 -5.7462232068365395
-2.128561899308701 -5.926552713802192
-1.6686430933657501 -6.072102852853167
-1.1989320262441776 -6.182019477898046
-0.722185149258237 -6.255657554474642
-0.24120020265214875 -6.292584945068708
0.24120020265214642 -6.292584945068708
0.7221851492582346 -6.255657554474642
1.1989320262441754 -6.182019477898046
1.668643093365748 -6.072102852853168
2.1285618993086994 -5.9265527138021925
2.5759894576410773 -5.746223206836541
3.0083000855388398 -5.532172577207963
3.4229568123367193 -5.285656959124612
3.8175262674808623 -5.008123004256029
4.189692960514846 -4.701199392205901
4.537272869298363 -4.366687272772554
4.858226256717591 -4.006549696085719
5.150669640673664 -3.6229000926477974
5.412886847104513 -3.2179898708833377
5.643339081176723 -2.79419520497911
5.840673957545453 -2.3540030905491878
6.003733436689408 -1.899996749955743
6.131560620747218 -1.4348404729330644
6.223405368974587 -0.9612639814759886
6.278728699868461 -0.4820464107457875
6.5789403240111595 0.0
6.559636405100203 0.5036129662589468
6.501837931439372 1.0042705313789937
6.405884087454659 1.4990346376902874
6.272337968456935 1.9850018126826958
6.10198327617476 2.4593202077370098
5.8958197196810085 2.9192063339066348
5.6550571487025225 3.361961396537527
5.38110845374083 3.784987132868358
5.0755812746688775 4.185801059669549
4.7402685664609985 4.562051041441979
4.377138077420197 4.91152909368338
3.988320801648652 5.232184340219361
3.576098473526986 5.522135048560296
3.14289017758962 5.779679672655808
2.6912381523748192 6.003306838243589
2.2237928715580755 6.191704212194535
1.743297489918669 6.34376620380538
1.2525717454166476 6.45860045284456
0.7544954118492628 6.535533066276879
0.25199139919323527 6.57411257293581
-0.2519913991932345 6.57411257293581
-0.7544954118492605 6.53553306627688
-1.2525717454166467 6.45860045284456
-1.7432974899186684 6.34376620380538
-2.2237928715580764 6.1917042121945345
-2.6912381523748183 6.003306838243589
-3.1428901775896176 5.779679672655809
-3.576098473526985 5.522135048560296
-3.988320801648652 5.232184340219361
-4.377138077420195 4.911529093683382
-4.7402685664609985 4.562051041441979
-5.0755812746688775 4.185801059669548
-5.38110845374083 3.784987132868359
-5.6550571487025225 3.361961396537527
-5.895819719681008 2.919206333906636
-6.101983276174759 2.4593202077370107
-6.272337968456935 1.985001812682695
-6.405884087454658 1.4990346376902888
-6.501837931439372 1.004270531378994
-6.559636405100203 0.5036129662589488
-6.5789403240111595 3.727324231099002e-15
-6.559636405100203 -0.5036129662589471
-6.501837931439372 -1.0042705313789924
-6.40588408745466 -1.4990346376902843
-6.272337968456935 -1.985001812682696
-6.10198327617476 -2.4593202077370093
-5.8958197196810085 -2.9192063339066348
-5.655057148702523 -3.3619613965375255
-5.381108453740832 -3.7849871328683555
-5.075581274668877 -4.18580105966955
-4.740268566460999 -4.562051041441979
-4.377138077420196 -4.91152909368338
-3.9883208016486513 -5.232184340219362
-3.5760984735269887 -5.522135048560294
-3.1428901775896163 -5.77967967265581
-2.6912381523748197 -6.003306838243588
-2.2237928715580764 -6.1917042121945345
-1.7432974899186684 -6.34376620380538
-1.2525717454166514 -6.458600452844559
-0.754495411849265 -6.535533066276879
-0.2519913991932361 -6.57411257293581
0.25199139919323366 -6.57411257293581
0.7544954118492627 -6.535533066276879
1.252571745416649 -6.45860045284456
1.7432974899186662 -6.343766203805381
2.223792871558074 -6.191704212194535
2.6912381523748174 -6.0033068382435895
3.14289017758962 -5.779679672655808
3.5760984735269874 -5.522135048560295
3.988320801648649 -5.232184340219363
4.377138077420194 -4.911529093683383
4.7402685664609985 -4.56205104144198
5.075581274668873 -4.185801059669553
5.381108453740831 -3.784987132868357
5.65505714870252 -3.3619613965375303
5.895819719681008 -2.919206333906637
6.101983276174759 -2.4593202077370115
6.272337968456935 -1.9850018126826958
6.405884087454659 -1.4990346376902866
6.501837931439371 -1.0042705313789977
6.559636405100203 -0.5036129662589496
6.824899841659044 0.0
6.804874228622558 0.5224409835629172
6.744914907773234 1.041816075694763
6.64537374424759 1.555077376834481
6.506834885173999 2.0592128655776003
6.330111331665061 2.55126407441551
6.116240167803797 3.02834345119919
5.8664764746218765 3.487651304443397
5.582285964785054 3.9264922330295575
5.265336381208445 4.342290943891301
4.917487710077934 4.732607364858206
4.540781265711661 5.095150963969533
4.1374277113158975 5.427794191226575
3.7097940859343286 5.728584963902022
3.2603899137217307 5.99575812213762
2.7918524770583595 6.227745787604111
2.3069313399282745 6.423186564434696
1.8084722123845718 6.580933528437321
1.2994002507912352 6.7000609577019015
0.7827028918424606 6.77986976510457
0.26141232109623175 6.819891600828911
-0.26141232109623097 6.819891600828911
-0.7827028918424582 6.7798697651045705
-1.2994002507912343 6.7000609577019015
-1.8084722123845711 6.580933528437321
-2.3069313399282754 6.423186564434695
-2.7918524770583586 6.227745787604111
-3.260389913721729 5.995758122137622
-3.709794085934328 5.728584963902022
-4.1374277113158975 5.427794191226575
-4.540781265711659 5.095150963969534
-4.917487710077933 4.732607364858206
-5.265336381208445 4.3422909438913
-5.582285964785054 3.9264922330295584
-5.8664764746218765 3.487651304443397
-6.116240167803797 3.0283434511991913
-6.330111331665061 2.551264074415511
-6.506834885173999 2.0592128655775994
-6.645373744247589 1.5550773768344825
-6.744914907773234 1.0418160756947632
-6.804874228622558 0.5224409835629192
-6.824899841659044 3.8666735525470855e-15
-6.804874228622558 -0.5224409835629176
-6.744914907773234 -1.0418160756947614
-6.645373744247591 -1.5550773768344779
-6.506834885173999 -2.0592128655776007
-6.330111331665061 -2.551264074415509
-6.116240167803797 -3.02834345119919
-5.8664764746218765 -3.4876513044433954
-5.582285964785057 -3.9264922330295544
-5.265336381208444 -4.342290943891302
-4.917487710077935 -4.732607364858205
-4.54078126571166 -5.095150963969533
-4.137427711315897 -5.4277941912265755
-3.7097940859343317 -5.728584963902019
-3.2603899137217276 -5.995758122137623
-2.79185247705836 -6.2277457876041105
-2.3069313399282754 -6.423186564434695
-1.8084722123845711 -6.580933528437321
-1.299400250791239 -6.700060957701901
-0.7827028918424629 -6.77986976510457
-0.26141232109623264 -6.819891600828911
0.2614123210962301 -6.819891600828911
0.7827028918424604 -6.77986976510457
1.2994002507912366 -6.7000609577019015
1.808472212384569 -6.580933528437322
2.3069313399282727 -6.423186564434696
2.7918524770583577 -6.227745787604112
3.2603899137217307 -5.99575812213762
3.7097940859343304 -5.728584963902021
4.137427711315894 -5.427794191226576
4.540781265711658 -5.095150963969535
4.917487710077933 -4.7326073648582065
5.2653363812084395 -4.342290943891306
5.582285964785055 -3.926492233029556
5.866476474621874 -3.4876513044434008
6.116240167803797 -3.0283434511991922
6.330111331665061 -2.5512640744155117
6.506834885173999 -2.0592128655776003
6.64537374424759 -1.5550773768344803
6.744914907773233 -1.041816075694767
6.804874228622558 -0.5224409835629201
7.201552672896797 0.0
7.1804218855687525 0.551273476372918
7.117153527446948 1.0993118607822185
7.0121188824144 1.6408990460703043
6.865934335533348 2.172856783281229
6.679457755852622 2.6920633328893424
6.453783462090937 3.195471784408137
6.190235800739528 3.680127936872529
5.8903613742703245 4.143187635264812
5.555919965057671 4.581933461147223
5.188874208275608 4.993790679553879
4.791378074374261 5.376342348559344
4.365764228724752 5.727343502854913
3.9145303426112577 6.044734328097704
3.4403244359027605 6.326652248720278
2.9459293374195137 6.571442858264692
2.4342463541869845 6.777669628097432
1.9082782454125775 6.944122337530647
1.3711116011006037 7.069824175878375
0.8258987287148117 7.154037474770052
0.2758391541847293 7.196268037081836
-0.2758391541847285 7.196268037081836
-0.8258987287148093 7.154037474770052
-1.3711116011006028 7.069824175878375
-1.9082782454125766 6.944122337530647
-2.434246354186985 6.777669628097431
-2.9459293374195132 6.571442858264692
-3.4403244359027583 6.32665224872028
-3.9145303426112568 6.044734328097704
-4.365764228724752 5.727343502854913
-4.7913780743742596 5.376342348559346
-5.188874208275607 4.993790679553879
-5.555919965057671 4.581933461147222
-5.8903613742703245 4.1431876352648125
-6.190235800739528 3.680127936872529
-6.453783462090937 3.1954717844081384
-6.679457755852621 2.692063332889343
-6.865934335533348 2.172856783281228
-7.012118882414399 1.6408990460703061
-7.117153527446948 1.0993118607822188
-7.1804218855687525 0.5512734763729201
-7.201552672896797 4.080067679175758e-15
-7.1804218855687525 -0.5512734763729182
-7.117153527446948 -1.099311860782217
-7.012118882414401 -1.640899046070301
-6.865934335533348 -2.1728567832812296
-6.679457755852622 -2.6920633328893415
-6.453783462090937 -3.195471784408137
-6.190235800739529 -3.6801279368725273
-5.890361374270326 -4.143187635264809
-5.5559199650576705 -4.581933461147224
-5.1888742082756085 -4.993790679553878
-4.79137807437426 -5.376342348559344
-4.365764228724751 -5.727343502854914
-3.9145303426112608 -6.044734328097701
-3.440324435902757 -6.326652248720281
-2.9459293374195146 -6.5714428582646915
-2.434246354186985 -6.777669628097431
-1.9082782454125766 -6.944122337530647
-1.3711116011006077 -7.069824175878375
-0.8258987287148143 -7.154037474770052
-0.2758391541847302 -7.196268037081836
0.27583915418472754 -7.196268037081836
0.8258987287148116 -7.154037474770052
1.3711116011006053 -7.069824175878375
1.9082782454125742 -6.944122337530648
2.4342463541869828 -6.777669628097432
2.9459293374195124 -6.571442858264693
3.4403244359027605 -6.326652248720278
3.9145303426112594 -6.044734328097703
4.365764228724749 -5.727343502854915
4.791378074374259 -5.376342348559347
5.188874208275607 -4.99379067955388
5.555919965057667 -4.581933461147228
5.890361374270325 -4.143187635264811
6.190235800739526 -3.680127936872533
6.453783462090937 -3.1954717844081393
6.679457755852621 -2.692063332889344
6.865934335533348 -2.172856783281229
7.0121188824144 -1.6408990460703037
7.1171535274469475 -1.0993118607822228
7.1804218855687525 -0.551273476372921
4.760421729650451 0.0
4.746453705846415 0.3644067265913603
4.7046316043521275 0.7266749696111179
4.635200853888986 1.0846787949595986
4.538568901708632 1.436317293835695
4.4153028225304665 1.7795269117050994
4.266125990721708 2.11229355805885
4.091913835248971 2.4326644258973023
3.893688702312986 2.7387594515781064
3.672613855814582 3.0287823477772293
3.4299866508595582 3.3010311448172414
3.1672309203630586 3.5539081785021356
2.8858886194318587 3.785929465846118
2.5876107765586713 3.995733413675845
2.2741478047304464 4.182088809000579
1.9473392293089433 4.34390204425959
1.6091028929644506 4.480223535046173
1.261423701012407 4.590253292646535
0.9063419731997387 4.673345618691667
0.5459414702972923 4.729012894372125
0.18233716576305936 4.756928441979098
-0.1823371657630588 4.756928441979098
-0.5459414702972907 4.729012894372126
-0.9063419731997381 4.673345618691667
-1.2614237010124065 4.590253292646535
-1.609102892964451 4.480223535046173
-1.9473392293089427 4.34390204425959
-2.274147804730445 4.1820888090005806
-2.587610776558671 3.995733413675845
-2.8858886194318587 3.785929465846118
-3.1672309203630578 3.5539081785021365
-3.429986650859558 3.3010311448172414
-3.672613855814582 3.028782347777229
-3.893688702312986 2.738759451578107
-4.091913835248971 2.4326644258973023
-4.266125990721708 2.112293558058851
-4.4153028225304665 1.7795269117050998
-4.538568901708632 1.4363172938356945
-4.6352008538889855 1.0846787949595995
-4.7046316043521275 0.726674969611118
-4.746453705846415 0.3644067265913617
-4.760421729650451 2.6970354478543305e-15
-4.746453705846415 -0.36440672659136053
-4.7046316043521275 -0.7266749696111168
-4.635200853888986 -1.0846787949595962
-4.538568901708632 -1.4363172938356954
-4.4153028225304665 -1.7795269117050987
-4.266125990721708 -2.11229355805885
-4.091913835248971 -2.4326644258973014
-3.8936887023129874 -2.738759451578104
-3.672613855814581 -3.0287823477772298
-3.4299866508595587 -3.3010311448172405
-3.167230920363058 -3.5539081785021356
-2.8858886194318583 -3.785929465846119
-2.5876107765586736 -3.995733413675844
-2.274147804730444 -4.1820888090005806
-1.9473392293089438 -4.34390204425959
-1.609102892964451 -4.480223535046173
-1.2614237010124065 -4.590253292646535
-0.9063419731997413 -4.673345618691666
-0.545941470297294 -4.729012894372125
-0.18233716576305997 -4.756928441979098
0.18233716576305822 -4.756928441979098
0.5459414702972922 -4.729012894372125
0.9063419731997396 -4.673345618691667
1.2614237010124048 -4.590253292646535
1.6091028929644495 -4.480223535046173
1.9473392293089422 -4.343902044259591
2.2741478047304464 -4.182088809000579
2.587610776558672 -3.9957334136758447
2.8858886194318565 -3.78592946584612
3.167230920363057 -3.553908178502137
3.429986650859558 -3.301031144817242
3.6726138558145784 -3.0287823477772324
3.8936887023129865 -2.7387594515781055
4.0919138352489695 -2.432664425897305
4.266125990721708 -2.1122935580588513
4.4153028225304665 -1.7795269117051007
4.538568901708632 -1.436317293835695
4.635200853888986 -1.084678794959598
4.7046316043521275 -0.7266749696111207
4.746453705846415 -0.3644067265913623
7.016414035749021 0.0
6.995826481990939 0.5371012520280886
6.934184636668427 1.0710505803403525
6.831850238640642 1.5987145579626387
6.689423826846691 2.1169966428579037
6.507741216104357 2.6228553496661697
6.287868592216389 3.113322098350016
6.031096255168268 3.5855186350026345
5.738931047134822 4.036673922586251
5.413087509731181 4.464140402479311
5.055477822400814 4.865409531403229
4.668200580986218 5.2381265025518235
4.253528482334038 5.580104064534008
3.8138949872062757 5.889335357034672
3.3518800397649167 6.164005687869001
2.8701949274337135 6.4025031823178065
2.3716663699854883 6.603428242249303
1.859219931226517 6.765601759517473
1.3358628506248036 6.888072035437524
0.8046663956331132 6.970120365732193
0.2687478382703219 7.011265258174226
-0.26874783827032106 7.011265258174226
-0.8046663956331107 6.9701203657321935
-1.3358628506248025 6.888072035437524
-1.859219931226516 6.765601759517473
-2.371666369985489 6.6034282422493025
-2.870194927433713 6.4025031823178065
-3.351880039764915 6.164005687869003
-3.813894987206275 5.889335357034672
-4.253528482334038 5.580104064534008
-4.668200580986217 5.238126502551825
-5.055477822400813 4.865409531403229
-5.413087509731181 4.46414040247931
-5.738931047134822 4.036673922586252
-6.031096255168268 3.5855186350026345
-6.287868592216388 3.113322098350017
-6.507741216104357 2.6228553496661706
-6.689423826846691 2.1169966428579032
-6.831850238640641 1.5987145579626403
-6.934184636668427 1.0710505803403527
-6.995826481990939 0.5371012520280907
-7.016414035749021 3.9751766641539315e-15
-6.995826481990939 -0.5371012520280889
-6.934184636668427 -1.071050580340351
-6.831850238640643 -1.5987145579626354
-6.689423826846691 -2.116996642857904
-6.507741216104357 -2.622855349666169
-6.287868592216389 -3.113322098350016
-6.0310962551682685 -3.585518635002633
-5.738931047134824 -4.036673922586249
-5.41308750973118 -4.464140402479312
-5.055477822400815 -4.865409531403228
-4.668200580986217 -5.2381265025518235
-4.253528482334037 -5.580104064534009
-3.813894987206279 -5.889335357034669
-3.351880039764913 -6.164005687869003
-2.8701949274337144 -6.402503182317806
-2.371666369985489 -6.6034282422493025
-1.859219931226516 -6.765601759517473
-1.3358628506248074 -6.888072035437523
-0.8046663956331156 -6.970120365732193
-0.2687478382703228 -7.011265258174226
0.2687478382703202 -7.011265258174226
0.804666395633113 -6.970120365732193
1.335862850624805 -6.888072035437524
1.8592199312265139 -6.765601759517474
2.371666369985487 -6.603428242249303
2.870194927433712 -6.402503182317807
3.3518800397649167 -6.164005687869001
3.813894987206277 -5.889335357034671
4.253528482334034 -5.5801040645340105
4.668200580986216 -5.238126502551826
5.055477822400813 -4.8654095314032295
5.413087509731176 -4.464140402479316
5.738931047134823 -4.0366739225862505
6.031096255168266 -3.5855186350026385
6.287868592216388 -3.113322098350018
6.507741216104357 -2.6228553496661715
6.689423826846691 -2.1169966428579037
6.831850238640642 -1.598714557962638
6.9341846366684265 -1.0710505803403567
6.995826481990939 -0.5371012520280916
7.554077665125351 0.0
7.531912499382408 0.5782590011342051
7.465547076159748 1.1531245485151715
7.355370854149892 1.7212231025256315
7.202030391233243 2.279220834956194
7.006425550219351 2.82384319323491
6.76970421809413 3.351894116803842
6.493255569762592 3.860274792873267
6.178701915818117 4.346001841487323
5.827889182178815 4.80622482318387
5.44287607746023 5.23824296650669
5.025922011654584 5.639521017206302
4.579473837014517 6.007704116120001
4.106151488951132 6.340631618421786
3.608732611211222 6.636349773145348
3.0901362555592855 6.893123188571615
2.5534057516210615 7.109445016197408
2.001690847415166 7.284045793521622
1.4382292253792641 7.415900893755973
0.8663275023621267 7.50423653874241
0.2893418250811414 7.548534339791029
-0.28934182508114054 7.548534339791029
-0.8663275023621242 7.504236538742411
-1.4382292253792632 7.415900893755973
-2.001690847415165 7.284045793521622
-2.5534057516210624 7.109445016197407
-3.0901362555592846 6.893123188571615
-3.6087326112112197 6.636349773145349
-4.106151488951131 6.340631618421786
-4.579473837014517 6.007704116120001
-5.025922011654583 5.639521017206304
-5.442876077460229 5.23824296650669
-5.827889182178815 4.806224823183869
-6.178701915818117 4.346001841487324
-6.493255569762592 3.860274792873267
-6.769704218094129 3.3518941168038436
-7.006425550219351 2.8238431932349104
-7.202030391233243 2.279220834956193
-7.355370854149891 1.7212231025256333
-7.465547076159748 1.1531245485151718
-7.531912499382408 0.5782590011342074
-7.554077665125351 4.27979208476215e-15
-7.531912499382408 -0.5782590011342055
-7.465547076159748 -1.1531245485151698
-7.355370854149893 -1.721223102525628
-7.202030391233243 -2.279220834956194
-7.006425550219351 -2.823843193234909
-6.76970421809413 -3.351894116803842
-6.493255569762593 -3.8602747928732657
-6.178701915818119 -4.346001841487319
-5.827889182178814 -4.806224823183871
-5.442876077460231 -5.238242966506689
-5.0259220116545835 -5.639521017206302
-4.5794738370145165 -6.007704116120002
-4.106151488951135 -6.340631618421783
-3.608732611211218 -6.63634977314535
-3.0901362555592864 -6.893123188571614
-2.5534057516210624 -7.109445016197407
-2.001690847415165 -7.284045793521622
-1.4382292253792683 -7.415900893755972
-0.8663275023621294 -7.50423653874241
-0.28934182508114237 -7.548534339791029
0.2893418250811396 -7.548534339791029
0.8663275023621267 -7.50423653874241
1.4382292253792657 -7.415900893755973
2.0016908474151625 -7.2840457935216225
2.5534057516210598 -7.109445016197408
3.0901362555592837 -6.893123188571616
3.608732611211222 -6.636349773145348
4.1061514889511335 -6.340631618421785
4.579473837014514 -6.007704116120004
5.025922011654582 -5.639521017206305
5.442876077460229 -5.238242966506691
5.82788918217881 -4.806224823183874
6.178701915818118 -4.346001841487321
6.4932555697625896 -3.8602747928732715
6.769704218094129 -3.3518941168038445
7.006425550219351 -2.8238431932349117
7.202030391233243 -2.279220834956194
7.355370854149892 -1.7212231025256308
7.465547076159747 -1.153124548515176
7.531912499382408 -0.5782590011342084
7.386249917667537 0.0
7.364577191902519 0.5654119124610775
7.299686198780038 1.1275057629936702
7.191957744450503 1.6829829613760592
7.042024022320257 2.2285837465323395
6.850764903089286 2.7611063161065976
6.619302771320079 3.277425615912284
6.348995938838732 3.774511678992792
6.041430673621029 4.249447406672385
5.698411890941222 4.699445687251145
5.3219525614114955 5.121865751884689
4.914261898070004 5.514228671665793
4.477732391840299 5.874231904964925
4.014925771443265 6.1997628096600925
3.528557970154353 6.48891104096087
3.0214831876271817 6.739979762071247
2.496677140315041 6.951495601902659
1.9572195987835126 7.122217301401397
1.406276314392163 7.251142997750306
0.847080441406767 7.337516103698158
0.28291356356446623 7.3808297475144995
-0.2829135635644654 7.3808297475144995
-0.8470804414067644 7.337516103698159
-1.4062763143921622 7.251142997750306
-1.9572195987835117 7.122217301401397
-2.496677140315042 6.951495601902658
-3.021483187627181 6.739979762071247
-3.528557970154351 6.488911040960872
-4.014925771443264 6.1997628096600925
-4.477732391840299 5.874231904964925
-4.914261898070003 5.514228671665795
-5.321952561411495 5.121865751884689
-5.698411890941222 4.699445687251144
-6.041430673621029 4.2494474066723855
-6.348995938838732 3.774511678992792
-6.619302771320078 3.277425615912285
-6.850764903089285 2.7611063161065985
-7.042024022320257 2.2285837465323386
-7.1919577444505025 1.6829829613760607
-7.299686198780038 1.1275057629936704
-7.364577191902519 0.5654119124610796
-7.386249917667537 4.184708621629462e-15
-7.364577191902519 -0.5654119124610778
-7.299686198780038 -1.1275057629936687
-7.191957744450504 -1.6829829613760556
-7.042024022320257 -2.22858374653234
-6.850764903089286 -2.761106316106597
-6.619302771320079 -3.277425615912284
-6.3489959388387325 -3.7745116789927904
-6.041430673621032 -4.249447406672381
-5.698411890941221 -4.699445687251146
-5.321952561411496 -5.121865751884688
-4.914261898070004 -5.514228671665793
-4.4777323918402985 -5.874231904964925
-4.014925771443267 -6.19976280966009
-3.5285579701543495 -6.488911040960873
-3.0214831876271826 -6.739979762071246
-2.496677140315042 -6.951495601902658
-1.9572195987835117 -7.122217301401397
-1.4062763143921673 -7.251142997750305
-0.8470804414067695 -7.337516103698158
-0.2829135635644672 -7.3808297475144995
0.28291356356446445 -7.3808297475144995
0.8470804414067669 -7.337516103698158
1.4062763143921646 -7.251142997750306
1.9572195987835093 -7.122217301401398
2.496677140315039 -6.951495601902659
3.02148318762718 -6.739979762071248
3.528557970154353 -6.48891104096087
4.0149257714432665 -6.199762809660092
4.477732391840296 -5.874231904964927
4.914261898070002 -5.514228671665795
5.321952561411495 -5.12186575188469
5.698411890941217 -4.69944568725115
6.04143067362103 -4.249447406672383
6.34899593883873 -3.774511678992796
6.619302771320078 -3.277425615912286
6.850764903089285 -2.7611063161066
7.042024022320257 -2.2285837465323395
7.191957744450503 -1.6829829613760583
7.299686198780037 -1.1275057629936744
7.364577191902519 -0.5654119124610806
1.0 0.5 0.4 0.32000000000000006 0.25600000000000006 0.20480000000000007 0.16384000000000007 0.13107200000000005 0.10485760000000005 0.08388608000000004 0.06710886400000003 0.05368709120000003 0.042949672960000025 0.03435973836800002 0.027487790694400018 