0.0 0.0
2.380604655739821 0.0
2.3704494159672147 0.2196544861158121
2.3400703375745 0.4374349576040745
2.2897266041471607 0.6514833882692809
2.2198477306681 0.8599735923723465
2.131029899047243 1.0611268050034397
2.024030871707695 1.253226857877017
1.8997635266239212 1.4346348210745317
1.7592880689687451 1.6038029858166294
1.6038029858166294 1.7592880689687451
1.4346348210745319 1.899763526623921
1.2532268578770176 2.0240308717076942
1.06112680500344 2.131029899047243
0.8599735923723464 2.2198477306681
0.6514833882692812 2.2897266041471607
0.437434957604075 2.3400703375745
0.21965448611581215 2.3704494159672147
1.4576999358435292e-16 2.380604655739821
-0.21965448611581187 2.370449415967215
-0.43743495760407414 2.3400703375745
-0.651483388269281 2.2897266041471607
-0.8599735923723465 2.2198477306681
-1.0611268050034386 2.131029899047244
-1.2532268578770163 2.024030871707695
-1.4346348210745317 1.8997635266239212
-1.6038029858166294 1.7592880689687451
-1.7592880689687456 1.6038029858166292
-1.899763526623921 1.4346348210745319
-2.0240308717076942 1.2532268578770176
-2.131029899047243 1.06112680500344
-2.2198477306680995 0.8599735923723475
-2.2897266041471607 0.6514833882692813
-2.3400703375745 0.43743495760407464
-2.370449415967215 0.21965448611581176
-2.380604655739821 2.9153998716870584e-16
-2.370449415967215 -0.2196544861158112
-2.3400703375745 -0.437434957604074
-2.2897266041471607 -0.6514833882692809
-2.2198477306681004 -0.859973592372346
-2.131029899047243 -1.0611268050034395
-2.0240308717076947 -1.2532268578770172
-1.8997635266239221 -1.4346348210745306
-1.7592880689687451 -1.6038029858166294
-1.60380298581663 -1.7592880689687447
-1.4346348210745339 -1.8997635266239197
-1.2532268578770178 -2.0240308717076942
-1.0611268050034413 -2.1310298990472427
-0.8599735923723467 -2.2198477306681
-0.6514833882692815 -2.2897266041471607
-0.4374349576040758 -2.3400703375744993
-0.21965448611581193 -2.370449415967215
-4.3730998075305875e-16 -2.380604655739821
0.21965448611581315 -2.3704494159672147
0.43743495760407497 -2.3400703375745
0.6514833882692806 -2.2897266041471607
0.8599735923723477 -2.2198477306680995
1.0611268050034384 -2.131029899047244
1.2532268578770152 -2.024030871707696
1.4346348210745314 -1.8997635266239217
1.6038029858166287 -1.7592880689687458
1.7592880689687438 -1.6038029858166307
1.8997635266239208 -1.434634821074532
2.0240308717076942 -1.2532268578770178
2.1310298990472436 -1.0611268050034393
2.2198477306681 -0.8599735923723468
2.2897266041471607 -0.6514833882692816
2.3400703375745 -0.4374349576040739
2.370449415967215 -0.21965448611581206
3.6576197550491645 0.0
3.6420169939943254 0.3374825743389509
3.595341828085751 0.6720858663466461
3.5179924733817716 1.0009551587134735
3.410628847304108 1.3212846545930064
3.274166938455107 1.6303414156713991
3.109770991725954 1.9254886786334757
2.9188435753697632 2.2042083510976376
2.7030136147837753 2.4641224950922096
2.4641224950922096 2.7030136147837753
2.204208351097638 2.918843575369763
1.9254886786334768 3.109770991725953
1.6303414156713993 3.274166938455107
1.3212846545930061 3.410628847304108
1.0009551587134742 3.5179924733817716
0.6720858663466468 3.595341828085751
0.33748257433895096 3.6420169939943254
2.2396461627595427e-16 3.6576197550491645
-0.3374825743389505 3.642016993994326
-0.6720858663466455 3.595341828085751
-1.0009551587134737 3.5179924733817716
-1.3212846545930064 3.410628847304108
-1.6303414156713976 3.274166938455108
-1.9254886786334748 3.1097709917259544
-2.2042083510976376 2.9188435753697632
-2.4641224950922096 2.7030136147837753
-2.703013614783776 2.464122495092209
-2.918843575369763 2.204208351097638
-3.109770991725953 1.9254886786334768
-3.2741669384551066 1.6303414156713996
-3.4106288473041078 1.3212846545930077
-3.5179924733817716 1.0009551587134744
-3.595341828085751 0.6720858663466462
-3.642016993994326 0.33748257433895035
-3.6576197550491645 4.479292325519085e-16
-3.642016993994326 -0.3374825743389495
-3.595341828085751 -0.6720858663466452
-3.5179924733817716 -1.0009551587134735
-3.4106288473041086 -1.3212846545930055
-3.274166938455107 -1.6303414156713987
-3.1097709917259535 -1.9254886786334762
-2.9188435753697646 -2.2042083510976362
-2.7030136147837753 -2.4641224950922096
-2.4641224950922105 -2.703013614783775
-2.204208351097641 -2.918843575369761
-1.9254886786334773 -3.109770991725953
-1.6303414156714013 -3.2741669384551058
-1.3212846545930066 -3.410628847304108
-1.0009551587134746 -3.5179924733817716
-0.672085866346648 -3.5953418280857505
-0.3374825743389506 -3.642016993994326
-6.718938488278628e-16 -3.6576197550491645
0.3374825743389525 -3.6420169939943254
0.6720858663466467 -3.595341828085751
1.0009551587134733 -3.5179924733817716
1.3212846545930081 -3.4106288473041073
1.6303414156713971 -3.274166938455108
1.9254886786334733 -3.1097709917259553
2.204208351097637 -2.9188435753697637
2.4641224950922087 -2.7030136147837767
2.7030136147837736 -2.464122495092212
2.918843575369763 -2.2042083510976385
3.1097709917259526 -1.9254886786334773
3.2741669384551075 -1.6303414156713987
3.410628847304108 -1.3212846545930068
3.517992473381771 -1.0009551587134748
3.595341828085751 -0.672085866346645
3.642016993994326 -0.33748257433895085
4.592807269244257 0.0
4.573215163122777 0.42377079206429547
4.514605997699784 0.8439261211480713
4.417479805709656 1.256881370126181
4.282665233576724 1.6591133504182631
4.111312471696145 2.0471903605914674
3.904883441415003 2.4178014644270958
3.6651393224348308 2.767784738661018
3.3941255270473705 3.0941542493980965
3.0941542493980965 3.3941255270473705
2.7677847386610184 3.6651393224348303
2.4178014644270975 3.904883441415002
2.047190360591468 4.111312471696145
1.659113350418263 4.282665233576724
1.2568813701261816 4.417479805709656
0.8439261211480722 4.514605997699784
0.42377079206429563 4.573215163122777
2.8122833606903377e-16 4.592807269244257
-0.423770792064295 4.573215163122777
-0.8439261211480705 4.514605997699784
-1.2568813701261812 4.417479805709656
-1.6591133504182631 4.282665233576724
-2.0471903605914656 4.111312471696146
-2.417801464427095 3.9048834414150035
-2.767784738661018 3.6651393224348308
-3.0941542493980965 3.3941255270473705
-3.3941255270473714 3.094154249398096
-3.6651393224348303 2.7677847386610184
-3.904883441415002 2.4178014644270975
-4.111312471696144 2.0471903605914683
-4.282665233576723 1.659113350418265
-4.417479805709656 1.2568813701261818
-4.514605997699784 0.8439261211480714
-4.573215163122777 0.42377079206429485
-4.592807269244257 5.624566721380675e-16
-4.573215163122777 -0.42377079206429374
-4.514605997699784 -0.8439261211480703
-4.417479805709656 -1.256881370126181
-4.282665233576724 -1.6591133504182622
-4.111312471696145 -2.047190360591467
-3.9048834414150027 -2.4178014644270966
-3.665139322434832 -2.7677847386610157
-3.3941255270473705 -3.0941542493980965
-3.0941542493980974 -3.3941255270473696
-2.767784738661022 -3.6651393224348277
-2.417801464427098 -3.904883441415002
-2.0471903605914705 -4.111312471696143
-1.6591133504182634 -4.282665233576724
-1.2568813701261823 -4.417479805709656
-0.8439261211480737 -4.514605997699783
-0.4237707920642952 -4.573215163122777
-8.436850082071012e-16 -4.592807269244257
0.4237707920642975 -4.573215163122777
0.8439261211480721 -4.514605997699784
1.2568813701261807 -4.417479805709656
1.6591133504182654 -4.282665233576722
2.047190360591465 -4.111312471696146
2.417801464427093 -3.9048834414150053
2.767784738661017 -3.665139322434831
3.0941542493980947 -3.394125527047372
3.394125527047368 -3.0941542493980987
3.6651393224348294 -2.767784738661019
3.9048834414150013 -2.417801464427098
4.111312471696145 -2.047190360591467
4.282665233576724 -1.6591133504182636
4.417479805709656 -1.2568813701261825
4.514605997699784 -0.8439261211480701
4.573215163122777 -0.4237707920642954
5.39997202513131 0.0
5.376936696460355 0.49824655990659056
5.308027239749681 0.9922422558408471
5.193831566187153 1.4777724907030347
5.035323952995347 1.950694891722449
4.833856731241805 2.4069746517213337
4.591148748227187 2.8427189526670906
4.309270702886149 3.2542101778231634
3.9906274793141394 3.637937629144241
3.637937629144241 3.9906274793141394
3.2542101778231642 4.309270702886148
2.8427189526670924 4.5911487482271855
2.406974651721334 4.833856731241805
1.9506948917224487 5.035323952995347
1.4777724907030356 5.193831566187153
0.9922422558408481 5.308027239749681
0.49824655990659067 5.376936696460355
3.306529228031155e-16 5.39997202513131
-0.49824655990659 5.376936696460355
-0.9922422558408462 5.308027239749681
-1.4777724907030352 5.193831566187153
-1.950694891722449 5.035323952995347
-2.4069746517213315 4.833856731241807
-2.8427189526670893 4.591148748227187
-3.2542101778231634 4.309270702886149
-3.637937629144241 3.9906274793141394
-3.9906274793141407 3.6379376291442407
-4.309270702886148 3.2542101778231642
-4.5911487482271855 2.8427189526670924
-4.833856731241805 2.406974651721334
-5.035323952995347 1.9506948917224511
-5.193831566187153 1.477772490703036
-5.308027239749681 0.9922422558408472
-5.376936696460355 0.4982465599065898
-5.39997202513131 6.61305845606231e-16
-5.376936696460355 -0.4982465599065885
-5.308027239749681 -0.9922422558408459
-5.193831566187153 -1.4777724907030347
-5.0353239529953475 -1.9506948917224478
-4.833856731241805 -2.4069746517213333
-4.591148748227186 -2.842718952667091
-4.309270702886151 -3.254210177823161
-3.9906274793141394 -3.637937629144241
-3.6379376291442425 -3.990627479314139
-3.2542101778231682 -4.309270702886145
-2.842718952667093 -4.5911487482271855
-2.4069746517213373 -4.833856731241803
-1.9506948917224494 -5.035323952995347
-1.4777724907030363 -5.193831566187153
-0.99224225584085 -5.30802723974968
-0.49824655990659017 -5.376936696460355
-9.919587684093465e-16 -5.39997202513131
0.49824655990659295 -5.376936696460355
0.992242255840848 -5.308027239749681
1.4777724907030345 -5.193831566187153
1.9506948917224516 -5.035323952995346
2.4069746517213306 -4.833856731241807
2.8427189526670866 -4.591148748227189
3.254210177823163 -4.309270702886149
3.6379376291442393 -3.990627479314141
3.9906274793141363 -3.6379376291442442
4.309270702886147 -3.2542101778231647
4.5911487482271855 -2.842718952667093
4.833856731241806 -2.406974651721333
5.035323952995347 -1.9506948917224496
5.193831566187153 -1.4777724907030367
5.308027239749681 -0.9922422558408457
5.376936696460355 -0.49824655990659045
1.0 0.5 0.4 0.32000000000000006 0.25600000000000006 