0.0 0.0
2.8299594982320273 0.0
2.817145222508998 0.2690047526130266
2.7788184434051977 0.5355733565299732
2.715326254167239 0.7972917251945985
2.627243649892869 1.0517896965321836
2.515368320286326 1.2967624975043095
2.38071342565685 1.529991616490396
2.224498421582031 1.7493648944724824
2.0481380153292634 1.9528956530743709
1.853229354047656 2.138740686228645
1.6415375607561284 2.305216952536244
1.4149797491160139 2.450816817149999
1.1756076617528697 2.5742217051492706
0.9255890893575414 2.6743140427586183
0.6671882388379757 2.7501873782689694
0.4027452283108387 2.801154591004666
0.1346548946294766 2.8267541139947054
-0.13465489462947625 2.8267541139947054
-0.40274522831083776 2.8011545910046665
-0.6671882388379747 2.75018737826897
-0.9255890893575417 2.6743140427586183
-1.17560766175287 2.5742217051492706
-1.414979749116013 2.450816817149999
-1.641537560756128 2.3052169525362443
-1.8532293540476559 2.138740686228645
-2.0481380153292634 1.9528956530743709
-2.224498421582031 1.7493648944724822
-2.3807134256568494 1.5299916164903966
-2.515368320286326 1.2967624975043097
-2.627243649892869 1.0517896965321838
-2.7153262541672385 0.7972917251945996
-2.7788184434051972 0.5355733565299741
-2.817145222508998 0.26900475261302725
-2.8299594982320273 3.465700841226502e-16
-2.817145222508998 -0.26900475261302653
-2.778818443405198 -0.5355733565299722
-2.715326254167239 -0.7972917251945977
-2.6272436498928693 -1.0517896965321831
-2.515368320286327 -1.2967624975043082
-2.3807134256568503 -1.529991616490395
-2.2244984215820307 -1.749364894472483
-2.048138015329264 -1.9528956530743706
-1.8532293540476554 -2.1387406862286458
-1.6415375607561287 -2.305216952536244
-1.414979749116015 -2.450816817149998
-1.1756076617528695 -2.5742217051492706
-0.9255890893575424 -2.674314042758618
-0.6671882388379748 -2.75018737826897
-0.40274522831083837 -2.801154591004666
-0.1346548946294776 -2.8267541139947054
0.13465489462947655 -2.8267541139947054
0.40274522831083737 -2.8011545910046665
0.6671882388379763 -2.7501873782689694
0.9255890893575414 -2.6743140427586183
1.1756076617528686 -2.574221705149271
1.4149797491160139 -2.450816817149999
1.6415375607561278 -2.3052169525362443
1.8532293540476545 -2.138740686228646
2.048138015329263 -1.9528956530743713
2.2244984215820303 -1.7493648944724833
2.3807134256568485 -1.5299916164903977
2.515368320286326 -1.2967624975043102
2.6272436498928684 -1.0517896965321851
2.715326254167239 -0.7972917251945988
2.7788184434051972 -0.5355733565299745
2.817145222508998 -0.2690047526130288
1.0 0.5 