0.0 0.0
2.420915797926915 0.0
2.4147475819355706 0.17270615561822394
2.396274365776348 0.34453224025521
2.365590284724354 0.5146026675697102
2.3228516978232094 0.6820507976477597
2.2682763911152017 0.846023353201026
2.202142467853536 1.0056847676722815
2.124786931351901 1.160221443091052
2.036603967692835 1.3088458959823777
1.9380429370458008 1.450800770202097
1.8296060838307657 1.5853626962501552
1.7118459773957635 1.711845977395763
1.5853626962501552 1.8296060838307657
1.4508007702020973 1.9380429370458008
1.3088458959823779 2.036603967692835
1.1602214430910525 2.124786931351901
1.0056847676722818 2.2021424678535357
0.8460233532010262 2.2682763911152017
0.68205079764776 2.3228516978232094
0.5146026675697106 2.365590284724354
0.3445322402552099 2.396274365776348
0.17270615561822397 2.4147475819355706
6.857896310542717e-16 2.420915797926915
-0.1727061556182237 2.4147475819355706
-0.3445322402552097 2.396274365776348
-0.5146026675697104 2.365590284724354
-0.6820507976477597 2.3228516978232094
-0.8460233532010258 2.2682763911152017
-1.0056847676722815 2.202142467853536
-1.160221443091052 2.124786931351901
-1.3088458959823768 2.036603967692836
-1.4508007702020973 1.9380429370458008
-1.5853626962501548 1.8296060838307657
-1.711845977395763 1.7118459773957635
-1.8296060838307653 1.5853626962501555
-1.9380429370458006 1.4508007702020975
-2.036603967692835 1.308845895982378
-2.124786931351901 1.1602214430910516
-2.2021424678535353 1.0056847676722824
-2.2682763911152017 0.8460233532010267
-2.3228516978232094 0.6820507976477597
-2.365590284724354 0.5146026675697113
-2.396274365776348 0.34453224025521006
-2.4147475819355706 0.17270615561822414
-2.420915797926915 1.3715792621085434e-15
-2.4147475819355706 -0.17270615561822353
-2.396274365776348 -0.34453224025520945
-2.365590284724354 -0.5146026675697107
-2.32285169782321 -0.682050797647759
-2.268276391115202 -0.8460233532010252
-2.2021424678535357 -1.0056847676722818
-2.1247869313519017 -1.160221443091051
-2.036603967692835 -1.3088458959823777
-1.9380429370458008 -1.450800770202097
-1.829606083830766 -1.5853626962501548
-1.7118459773957628 -1.7118459773957637
-1.5853626962501555 -1.8296060838307653
-1.4508007702020977 -1.9380429370458006
-1.3088458959823774 -2.036603967692835
-1.1602214430910527 -2.1247869313519008
-1.0056847676722835 -2.202142467853535
-0.8460233532010268 -2.2682763911152017
-0.6820507976477598 -2.3228516978232094
-0.5146026675697094 -2.3655902847243544
-0.3445322402552102 -2.396274365776348
-0.17270615561822536 -2.4147475819355706
-4.447150174404686e-16 -2.420915797926915
0.17270615561822233 -2.414747581935571
0.3445322402552093 -2.396274365776348
0.5146026675697106 -2.365590284724354
0.6820507976477589 -2.32285169782321
0.846023353201026 -2.2682763911152017
1.0056847676722809 -2.202142467853536
1.1602214430910518 -2.124786931351901
1.3088458959823783 -2.0366039676928347
1.450800770202097 -1.938042937045801
1.585362696250154 -1.8296060838307666
1.7118459773957628 -1.7118459773957637
1.8296060838307646 -1.5853626962501561
1.9380429370458003 -1.4508007702020977
2.036603967692835 -1.3088458959823774
2.1247869313519008 -1.1602214430910527
2.202142467853535 -1.0056847676722835
2.268276391115202 -0.846023353201025
2.3228516978232094 -0.68205079764776
2.365590284724354 -0.5146026675697116
2.396274365776348 -0.3445322402552104
2.4147475819355706 -0.17270615561822547
3.6254648144612736 0.0
3.6162275456294677 0.25863769858122365
3.588562810138646 0.5159574387355419
3.542611581139545 0.7706479780500894
3.4786080155621795 1.021411471916814
3.3968782609058024 1.2669700870511063
3.297838793266007 1.5060725130373116
3.1819942950680087 1.7375003387197843
3.049935083320689 1.9600742609468493
2.902334101496434 2.1726600940293452
2.7399434903654476 2.3741745492909163
2.563590755258795 2.5635907552587947
2.3741745492909163 2.7399434903654476
2.1726600940293452 2.902334101496434
1.9600742609468496 3.049935083320689
1.7375003387197847 3.1819942950680082
1.5060725130373118 3.2978387932660067
1.2669700870511065 3.3968782609058024
1.0214114719168144 3.4786080155621795
0.77064797805009 3.542611581139545
0.5159574387355418 3.588562810138646
0.2586376985812237 3.6162275456294677
1.027010596419223e-15 3.6254648144612736
-0.2586376985812233 3.6162275456294677
-0.5159574387355413 3.5885628101386464
-0.7706479780500896 3.542611581139545
-1.021411471916814 3.4786080155621795
-1.2669700870511063 3.3968782609058024
-1.5060725130373114 3.297838793266007
-1.7375003387197845 3.1819942950680082
-1.960074260946848 3.04993508332069
-2.1726600940293452 2.902334101496434
-2.374174549290916 2.7399434903654476
-2.5635907552587947 2.563590755258795
-2.739943490365447 2.3741745492909168
-2.9023341014964337 2.1726600940293457
-3.049935083320689 1.96007426094685
-3.1819942950680087 1.7375003387197836
-3.2978387932660063 1.5060725130373127
-3.396878260905802 1.2669700870511074
-3.4786080155621795 1.021411471916814
-3.5426115811395444 0.770647978050091
-3.588562810138646 0.515957438735542
-3.6162275456294677 0.258637698581224
-3.6254648144612736 2.054021192838446e-15
-3.6162275456294677 -0.2586376985812231
-3.5885628101386464 -0.5159574387355411
-3.542611581139545 -0.7706479780500901
-3.47860801556218 -1.021411471916813
-3.396878260905803 -1.2669700870511051
-3.2978387932660067 -1.506072513037312
-3.1819942950680096 -1.7375003387197827
-3.049935083320689 -1.9600742609468493
-2.902334101496434 -2.1726600940293452
-2.739943490365448 -2.374174549290916
-2.563590755258794 -2.5635907552587955
-2.3741745492909168 -2.739943490365447
-2.172660094029346 -2.9023341014964337
-1.960074260946849 -3.049935083320689
-1.7375003387197852 -3.181994295068008
-1.5060725130373143 -3.297838793266006
-1.2669700870511076 -3.396878260905802
-1.0214114719168141 -3.4786080155621795
-0.7706479780500881 -3.5426115811395453
-0.5159574387355422 -3.588562810138646
-0.2586376985812258 -3.6162275456294677
-6.659870820677027e-16 -3.6254648144612736
0.25863769858122126 -3.616227545629468
0.5159574387355409 -3.5885628101386464
0.7706479780500899 -3.542611581139545
1.0214114719168128 -3.47860801556218
1.2669700870511063 -3.3968782609058024
1.5060725130373103 -3.2978387932660076
1.737500338719784 -3.1819942950680087
1.9600742609468504 -3.0499350833206886
2.1726600940293452 -2.9023341014964346
2.3741745492909145 -2.739943490365449
2.563590755258794 -2.5635907552587955
2.739943490365446 -2.374174549290918
2.9023341014964332 -2.172660094029346
3.049935083320689 -1.960074260946849
3.181994295068008 -1.7375003387197854
3.297838793266006 -1.5060725130373145
3.3968782609058032 -1.2669700870511047
3.4786080155621795 -1.0214114719168144
3.5426115811395444 -0.7706479780500914
3.588562810138646 -0.5159574387355425
3.6162275456294677 -0.258637698581226
4.4494256623275525 0.0
4.438089035689745 0.31741839245615094
4.404136924627082 0.6332192935431503
4.347742341315018 0.9457934542571012
4.269192659623318 1.253548068323413
4.168888150724683 1.554914888772473
4.047339943404611 1.8483582193667272
3.9051674194662636 2.1323827401566975
3.7430950575027717 2.4055411272886817
3.561948741120393 2.6664414282353595
3.3626515504249617 2.9137541548668073
3.146219058217258 3.1462190582172576
2.9137541548668073 3.3626515504249617
2.66644142823536 3.561948741120393
2.405541127288682 3.7430950575027713
2.132382740156698 3.905167419466263
1.8483582193667274 4.047339943404611
1.5549148887724733 4.168888150724683
1.2535480683234135 4.269192659623318
0.9457934542571019 4.347742341315018
0.6332192935431501 4.404136924627082
0.317418392456151 4.438089035689745
1.2604197081054937e-15 4.4494256623275525
-0.31741839245615056 4.438089035689745
-0.6332192935431497 4.404136924627083
-0.9457934542571014 4.347742341315018
-1.253548068323413 4.269192659623318
-1.5549148887724729 4.168888150724683
-1.848358219366727 4.047339943404611
-2.1323827401566975 3.905167419466263
-2.40554112728868 3.743095057502773
-2.66644142823536 3.561948741120393
-2.913754154866807 3.3626515504249617
-3.1462190582172576 3.146219058217258
-3.3626515504249612 2.9137541548668078
-3.5619487411203927 2.6664414282353603
-3.7430950575027713 2.4055411272886826
-3.9051674194662636 2.1323827401566966
-4.0473399434046105 1.8483582193667287
-4.168888150724682 1.5549148887724742
-4.269192659623318 1.253548068323413
-4.347742341315018 0.9457934542571031
-4.404136924627082 0.6332192935431504
-4.438089035689745 0.31741839245615133
-4.4494256623275525 2.5208394162109873e-15
-4.438089035689745 -0.3174183924561502
-4.404136924627083 -0.6332192935431493
-4.347742341315018 -0.945793454257102
-4.269192659623318 -1.253548068323412
-4.168888150724683 -1.5549148887724715
-4.047339943404611 -1.8483582193667276
-3.9051674194662644 -2.1323827401566957
-3.7430950575027717 -2.4055411272886817
-3.561948741120393 -2.6664414282353595
-3.362651550424962 -2.913754154866807
-3.146219058217257 -3.146219058217259
-2.9137541548668078 -3.3626515504249612
-2.6664414282353612 -3.5619487411203927
-2.4055411272886813 -3.7430950575027717
-2.1323827401566984 -3.9051674194662627
-1.8483582193667305 -4.04733994340461
-1.5549148887724744 -4.168888150724682
-1.2535480683234133 -4.269192659623318
-0.9457934542570995 -4.347742341315019
-0.6332192935431507 -4.404136924627082
-0.31741839245615355 -4.438089035689745
-8.173462343120293e-16 -4.4494256623275525
0.317418392456148 -4.438089035689746
0.633219293543149 -4.404136924627083
0.9457934542571017 -4.347742341315018
1.2535480683234115 -4.269192659623318
1.554914888772473 -4.168888150724683
1.8483582193667256 -4.047339943404612
2.132382740156697 -3.9051674194662636
2.405541127288683 -3.743095057502771
2.6664414282353595 -3.5619487411203936
2.9137541548668047 -3.3626515504249634
3.146219058217257 -3.146219058217259
3.3626515504249594 -2.913754154866809
3.5619487411203923 -2.6664414282353612
3.7430950575027717 -2.4055411272886813
3.9051674194662627 -2.132382740156699
4.04733994340461 -1.848358219366731
4.168888150724684 -1.554914888772471
4.269192659623318 -1.2535480683234135
4.347742341315018 -0.9457934542571036
4.404136924627082 -0.633219293543151
4.438089035689745 -0.3174183924561538
5.067993874796499 0.0
5.05508120724758 0.3615465434866948
5.016409004594806 0.7212507286616634
4.952174331518432 1.07727958544883
4.862704513188551 1.427818872403122
4.748455467291056 1.7710823216690141
4.610009380775617 2.105320741392068
4.448071743164432 2.428830929199677
4.263467751539341 2.7399643513299403
4.057138105526647 3.0371355431818445
3.830134213707442 3.3188301884794447
3.583612835880491 3.5836128358804906
3.3188301884794447 3.830134213707442
3.0371355431818454 4.057138105526647
2.739964351329941 4.263467751539341
2.4288309291996772 4.448071743164431
2.1053207413920685 4.610009380775616
1.7710823216690144 4.748455467291056
1.4278188724031227 4.862704513188551
1.0772795854488306 4.952174331518432
0.7212507286616633 5.016409004594806
0.36154654348669485 5.05508120724758
1.4356458215350635e-15 5.067993874796499
-0.3615465434866943 5.05508120724758
-0.7212507286616627 5.016409004594806
-1.0772795854488302 4.952174331518432
-1.427818872403122 4.862704513188551
-1.771082321669014 4.748455467291056
-2.1053207413920676 4.610009380775617
-2.428830929199677 4.448071743164431
-2.7399643513299385 4.263467751539343
-3.0371355431818454 4.057138105526647
-3.3188301884794438 3.830134213707442
-3.5836128358804906 3.583612835880491
-3.8301342137074417 3.318830188479445
-4.057138105526646 3.037135543181846
-4.263467751539341 2.7399643513299416
-4.448071743164432 2.428830929199676
-4.610009380775615 2.10532074139207
-4.7484554672910555 1.7710823216690155
-4.862704513188551 1.427818872403122
-4.952174331518431 1.0772795854488322
-5.016409004594806 0.7212507286616636
-5.05508120724758 0.36154654348669524
-5.067993874796499 2.871291643070127e-15
-5.05508120724758 -0.36154654348669396
-5.016409004594806 -0.7212507286616623
-4.952174331518432 -1.0772795854488308
-4.862704513188552 -1.4278188724031207
-4.748455467291056 -1.7710823216690124
-4.610009380775616 -2.1053207413920685
-4.448071743164433 -2.4288309291996746
-4.263467751539341 -2.7399643513299403
-4.057138105526647 -3.0371355431818445
-3.8301342137074426 -3.3188301884794438
-3.58361283588049 -3.583612835880492
-3.318830188479445 -3.8301342137074417
-3.0371355431818463 -4.057138105526646
-2.73996435132994 -4.263467751539341
-2.428830929199678 -4.448071743164431
-2.105320741392072 -4.610009380775614
-1.7710823216690157 -4.7484554672910555
-1.4278188724031222 -4.862704513188551
-1.077279585448828 -4.952174331518433
-0.7212507286616638 -5.016409004594806
-0.36154654348669774 -5.05508120724758
-9.309753715301886e-16 -5.067993874796499
0.3615465434866914 -5.05508120724758
0.7212507286616621 -5.016409004594806
1.0772795854488306 -4.952174331518432
1.4278188724031202 -4.862704513188552
1.7710823216690141 -4.748455467291056
2.1053207413920663 -4.610009380775617
2.4288309291996764 -4.448071743164432
2.739964351329942 -4.26346775153934
3.0371355431818445 -4.057138105526647
3.3188301884794416 -3.8301342137074443
3.58361283588049 -3.583612835880492
3.83013421370744 -3.318830188479447
4.057138105526645 -3.0371355431818463
4.263467751539341 -2.73996435132994
4.448071743164431 -2.428830929199678
4.610009380775614 -2.1053207413920725
4.748455467291057 -1.771082321669012
4.862704513188551 -1.4278188724031227
4.952174331518431 -1.0772795854488326
5.016409004594806 -0.7212507286616643
5.05508120724758 -0.361546543486698
5.552698791539281 0.0
5.538551151414655 0.39612499633977677
5.496180324171923 0.7902314304981786
5.425802221834453 1.1803110264240109
5.32777547507965 1.5643760279106782
5.2025996057392385 1.9404693277461798
5.050912481350499 2.306674440682849
4.873487064729518 2.6611252694068845
4.67122747512985 3.0020156137425054
4.445164381058052 3.3276083746340355
4.196449748223215 3.636244406004511
3.9263509693837735 3.9263509693837726
3.636244406004511 4.196449748223215
3.3276083746340364 4.445164381058052
3.002015613742506 4.67122747512985
2.6611252694068854 4.873487064729517
2.3066744406828494 5.050912481350498
1.94046932774618 5.2025996057392385
1.5643760279106789 5.32777547507965
1.1803110264240118 5.425802221834453
0.7902314304981785 5.496180324171923
0.3961249963397768 5.538551151414655
1.5729515495194362e-15 5.552698791539281
-0.3961249963397762 5.538551151414655
-0.7902314304981778 5.496180324171924
-1.180311026424011 5.425802221834453
-1.5643760279106782 5.32777547507965
-1.9404693277461793 5.2025996057392385
-2.306674440682849 5.050912481350499
-2.6611252694068845 4.873487064729517
-3.0020156137425036 4.671227475129852
-3.3276083746340364 4.445164381058052
-3.6362444060045105 4.196449748223215
-3.9263509693837726 3.9263509693837735
-4.196449748223215 3.636244406004512
-4.445164381058052 3.327608374634037
-4.67122747512985 3.0020156137425067
-4.873487064729518 2.6611252694068837
-5.0509124813504975 2.3066744406828508
-5.202599605739238 1.9404693277461813
-5.32777547507965 1.5643760279106782
-5.425802221834452 1.1803110264240133
-5.496180324171923 0.7902314304981788
-5.538551151414655 0.3961249963397772
-5.552698791539281 3.1459030990388723e-15
-5.538551151414655 -0.3961249963397758
-5.496180324171924 -0.7902314304981773
-5.425802221834453 -1.1803110264240118
-5.327775475079651 -1.5643760279106766
-5.2025996057392385 -1.9404693277461778
-5.050912481350498 -2.30667444068285
-4.8734870647295185 -2.6611252694068823
-4.67122747512985 -3.0020156137425054
-4.445164381058052 -3.3276083746340355
-4.196449748223216 -3.6362444060045105
-3.926350969383772 -3.926350969383774
-3.636244406004512 -4.196449748223215
-3.3276083746340377 -4.445164381058052
-3.002015613742505 -4.67122747512985
-2.661125269406886 -4.873487064729516
-2.3066744406828534 -5.050912481350497
-1.9404693277461815 -5.202599605739238
-1.5643760279106786 -5.32777547507965
-1.1803110264240086 -5.425802221834454
-0.790231430498179 -5.496180324171923
-0.39612499633978 -5.538551151414655
-1.0200142202531934e-15 -5.552698791539281
0.39612499633977305 -5.538551151414655
0.790231430498177 -5.496180324171924
1.1803110264240115 -5.425802221834453
1.5643760279106764 -5.327775475079651
1.9404693277461798 -5.2025996057392385
2.306674440682847 -5.0509124813505
2.661125269406884 -4.873487064729518
3.002015613742507 -4.671227475129849
3.3276083746340355 -4.445164381058053
3.636244406004508 -4.196449748223218
3.926350969383772 -3.926350969383774
4.1964497482232135 -3.6362444060045136
4.445164381058051 -3.3276083746340377
4.67122747512985 -3.002015613742505
4.873487064729516 -2.6611252694068863
5.050912481350497 -2.306674440682854
5.202599605739239 -1.940469327746177
5.32777547507965 -1.5643760279106789
5.425802221834452 -1.1803110264240138
5.496180324171923 -0.7902314304981796
5.538551151414655 -0.3961249963397803
5.9424059491386725 0.0
5.92726537984092 0.4239263866498119
5.881920824818273 0.8456925416058777
5.806603349529228 1.263149241219993
5.701696754563544 1.6741692218405608
5.567735619882427 2.0766580198605475
5.405402580721572 2.4685646446239287
5.215524849038479 2.8478920298039463
4.9990699982299365 3.212707209995338
4.757141032599774 3.561151170662969
4.490970766701764 3.8914483212537796
4.201915543199238 4.201915543199237
3.8914483212537796 4.490970766701764
3.5611511706629697 4.757141032599774
3.2127072099953384 4.9990699982299365
2.847892029803947 5.215524849038478
2.468564644623929 5.405402580721571
2.076658019860548 5.567735619882427
1.6741692218405615 5.701696754563544
1.263149241219994 5.806603349529228
0.8456925416058775 5.881920824818273
0.42392638664981197 5.92726537984092
1.6833466025229955e-15 5.9424059491386725
-0.4239263866498113 5.92726537984092
-0.8456925416058768 5.881920824818274
-1.2631492412199934 5.806603349529228
-1.6741692218405608 5.701696754563544
-2.076658019860547 5.567735619882427
-2.468564644623928 5.405402580721572
-2.8478920298039467 5.215524849038478
-3.2127072099953358 4.999069998229938
-3.5611511706629697 4.757141032599774
-3.8914483212537787 4.490970766701764
-4.201915543199237 4.201915543199238
-4.490970766701763 3.89144832125378
-4.757141032599774 3.56115117066297
-4.9990699982299365 3.2127072099953393
-5.215524849038479 2.8478920298039454
-5.40540258072157 2.4685646446239304
-5.567735619882426 2.0766580198605493
-5.701696754563544 1.6741692218405608
-5.806603349529227 1.2631492412199956
-5.881920824818273 0.8456925416058778
-5.92726537984092 0.42392638664981236
-5.9424059491386725 3.366693205045991e-15
-5.92726537984092 -0.4239263866498109
-5.881920824818274 -0.8456925416058764
-5.806603349529228 -1.263149241219994
-5.701696754563545 -1.6741692218405593
-5.567735619882428 -2.0766580198605458
-5.405402580721571 -2.468564644623929
-5.21552484903848 -2.847892029803944
-4.9990699982299365 -3.212707209995338
-4.757141032599774 -3.561151170662969
-4.490970766701764 -3.8914483212537787
-4.201915543199236 -4.201915543199238
-3.89144832125378 -4.490970766701763
-3.561151170662971 -4.757141032599774
-3.212707209995337 -4.9990699982299365
-2.847892029803948 -5.215524849038477
-2.468564644623933 -5.405402580721569
-2.0766580198605498 -5.567735619882426
-1.6741692218405613 -5.701696754563544
-1.263149241219991 -5.806603349529228
-0.8456925416058781 -5.881920824818273
-0.42392638664981536 -5.92726537984092
-1.0916022637270296e-15 -5.9424059491386725
0.4239263866498079 -5.92726537984092
0.845692541605876 -5.881920824818274
1.2631492412199938 -5.806603349529228
1.6741692218405588 -5.701696754563545
2.0766580198605475 -5.567735619882427
2.4685646446239264 -5.405402580721573
2.847892029803946 -5.215524849038479
3.2127072099953398 -4.999069998229936
3.561151170662969 -4.757141032599775
3.8914483212537765 -4.490970766701767
4.201915543199236 -4.201915543199238
4.4909707667017615 -3.8914483212537823
4.757141032599773 -3.561151170662971
4.9990699982299365 -3.212707209995337
5.215524849038477 -2.8478920298039485
5.405402580721569 -2.4685646446239335
5.567735619882429 -2.076658019860545
5.701696754563544 -1.6741692218405615
5.806603349529227 -1.2631492412199963
5.881920824818273 -0.8456925416058787
5.92726537984092 -0.4239263866498157
6.260594639640247 0.0
6.244643362026782 0.44662570793342754
6.196870813240747 0.8909755136349976
6.117520431240308 1.3307851123489427
6.006996567383403 1.7638133351735956
5.865862425945911 2.1878535695443917
5.69483719416176 2.6007450036256934
5.494792377409629 3.000383637312608
5.266747358221314 3.3847330037332353
5.011864201742002 3.7518345466170535
4.731441734112668 4.09981760064873
4.426908923949768 4.426908923949768
4.09981760064873 4.731441734112668
3.751834546617054 5.011864201742002
3.3847330037332357 5.266747358221313
3.0003836373126087 5.494792377409628
2.600745003625694 5.694837194161759
2.187853569544392 5.865862425945911
1.7638133351735965 6.006996567383403
1.3307851123489436 6.117520431240308
0.8909755136349974 6.196870813240747
0.4466257079334276 6.244643362026782
1.7734821226644126e-15 6.260594639640247
-0.44662570793342693 6.244643362026782
-0.8909755136349967 6.196870813240748
-1.330785112348943 6.117520431240308
-1.7638133351735956 6.006996567383403
-2.1878535695443913 5.865862425945911
-2.600745003625693 5.69483719416176
-3.000383637312608 5.494792377409628
-3.384733003733233 5.2667473582213145
-3.751834546617054 5.011864201742002
-4.099817600648729 4.731441734112668
-4.426908923949768 4.426908923949768
-4.731441734112667 4.099817600648731
-5.011864201742001 3.751834546617055
-5.266747358221313 3.3847330037332366
-5.494792377409629 3.0003836373126065
-5.694837194161758 2.600745003625695
-5.8658624259459105 2.1878535695443935
-6.006996567383403 1.7638133351735956
-6.117520431240307 1.3307851123489454
-6.196870813240747 0.8909755136349978
-6.244643362026782 0.44662570793342804
-6.260594639640247 3.5469642453288252e-15
-6.244643362026782 -0.4466257079334265
-6.196870813240748 -0.8909755136349962
-6.117520431240308 -1.3307851123489438
-6.006996567383403 -1.763813335173594
-5.865862425945912 -2.1878535695443895
-5.694837194161759 -2.600745003625694
-5.49479237740963 -3.000383637312605
-5.266747358221314 -3.3847330037332353
-5.011864201742002 -3.7518345466170535
-4.731441734112668 -4.099817600648729
-4.426908923949767 -4.426908923949769
-4.099817600648731 -4.731441734112667
-3.7518345466170557 -5.011864201742001
-3.3847330037332344 -5.266747358221314
-3.000383637312609 -5.4947923774096274
-2.6007450036256983 -5.6948371941617575
-2.187853569544394 -5.8658624259459105
-1.763813335173596 -6.006996567383403
-1.3307851123489403 -6.117520431240308
-0.8909755136349982 -6.196870813240747
-0.4466257079334312 -6.244643362026782
-1.1500525779291758e-15 -6.260594639640247
0.4466257079334234 -6.244643362026783
0.8909755136349958 -6.196870813240748
1.3307851123489434 -6.117520431240308
1.7638133351735936 -6.006996567383403
2.1878535695443917 -5.865862425945911
2.600745003625691 -5.694837194161761
3.0003836373126074 -5.494792377409629
3.3847330037332375 -5.266747358221312
3.7518345466170535 -5.011864201742003
4.099817600648726 -4.73144173411267
4.426908923949767 -4.426908923949769
4.731441734112664 -4.099817600648732
5.011864201742001 -3.7518345466170557
5.266747358221314 -3.3847330037332344
5.4947923774096274 -3.0003836373126096
5.6948371941617575 -2.6007450036256987
5.865862425945913 -2.187853569544389
6.006996567383403 -1.7638133351735965
6.117520431240307 -1.330785112348946
6.196870813240747 -0.8909755136349986
6.244643362026782 -0.44662570793343154
6.583974591242005 0.0
6.567199378574518 0.4696953695437043
6.516959223210586 0.9369972791480247
6.433510137465872 1.399524465396798
6.317277358753087 1.854919995769617
6.168853182669615 2.3008632790296963
5.988993944794915 2.7350818904248873
5.778616166577768 3.155363151443331
5.538791884953069 3.5595654051159613
5.270743189487334 3.9456289294095073
4.975835994890397 4.3115864330978475
4.65557308062715 4.655573080627149
4.3115864330978475 4.975835994890397
3.945628929409508 5.270743189487334
3.559565405115962 5.538791884953068
3.1553631514433325 5.778616166577767
2.7350818904248877 5.988993944794914
2.300863279029697 6.168853182669615
1.8549199957696176 6.317277358753087
1.399524465396799 6.433510137465872
0.9369972791480244 6.516959223210586
0.46969536954370433 6.567199378574518
1.8650882073903768e-15 6.583974591242005
-0.4696953695437036 6.567199378574518
-0.9369972791480237 6.516959223210587
-1.3995244653967982 6.433510137465872
-1.854919995769617 6.317277358753087
-2.300863279029696 6.168853182669615
-2.735081890424887 5.988993944794915
-3.1553631514433316 5.778616166577767
-3.559565405115959 5.538791884953071
-3.945628929409508 5.270743189487334
-4.3115864330978475 4.975835994890397
-4.655573080627149 4.65557308062715
-4.975835994890396 4.311586433097848
-5.270743189487333 3.945628929409509
-5.538791884953068 3.559565405115963
-5.778616166577768 3.1553631514433302
-5.988993944794913 2.7350818904248895
-6.168853182669614 2.300863279029698
-6.317277358753087 1.854919995769617
-6.433510137465871 1.3995244653968009
-6.516959223210586 0.9369972791480248
-6.567199378574518 0.46969536954370483
-6.583974591242005 3.7301764147807535e-15
-6.567199378574518 -0.46969536954370317
-6.516959223210587 -0.9369972791480231
-6.433510137465872 -1.3995244653967993
-6.3172773587530875 -1.854919995769615
-6.168853182669616 -2.300863279029694
-5.988993944794914 -2.7350818904248877
-5.77861616657777 -3.155363151443329
-5.538791884953069 -3.5595654051159613
-5.270743189487334 -3.9456289294095073
-4.975835994890398 -4.3115864330978475
-4.655573080627148 -4.65557308062715
-4.311586433097848 -4.975835994890396
-3.9456289294095095 -5.270743189487333
-3.559565405115961 -5.538791884953069
-3.1553631514433333 -5.778616166577766
-2.735081890424892 -5.988993944794912
-2.3008632790296986 -6.168853182669614
-1.8549199957696172 -6.317277358753087
-1.3995244653967955 -6.4335101374658725
-0.9369972791480252 -6.516959223210586
-0.4696953695437081 -6.567199378574518
-1.2094565113248037e-15 -6.583974591242005
0.4696953695436999 -6.567199378574518
0.9369972791480228 -6.516959223210587
1.3995244653967989 -6.433510137465872
1.8549199957696147 -6.3172773587530875
2.3008632790296963 -6.168853182669615
2.735081890424885 -5.988993944794916
3.155363151443331 -5.778616166577768
3.5595654051159635 -5.538791884953068
3.9456289294095073 -5.270743189487334
4.311586433097844 -4.9758359948904
4.655573080627148 -4.65557308062715
4.975835994890394 -4.311586433097851
5.270743189487332 -3.9456289294095095
5.538791884953069 -3.559565405115961
5.778616166577766 -3.1553631514433333
5.988993944794912 -2.7350818904248926
6.168853182669617 -2.3008632790296932
6.317277358753087 -1.8549199957696176
6.433510137465871 -1.3995244653968015
6.516959223210586 -0.9369972791480257
6.567199378574518 -0.46969536954370844
6.810613478959113 0.0
6.7932608163808625 0.4858636026746253
6.741291253837025 0.969251355799922
6.654969616305833 1.4477000261883497
6.534735779065457 1.9187715490858555
6.381202426190412 2.380065451991008
6.1951519284539565 2.8292310869126225
5.977532356545966 3.2639796087331163
5.729452649922016 3.6820956386385664
5.452176965902104 4.081448553181343
5.147118237814724 4.460003341448816
4.815830975012493 4.815830975012492
4.460003341448816 5.147118237814724
4.081448553181344 5.452176965902104
3.682095638638567 5.729452649922015
3.263979608733117 5.977532356545965
2.829231086912623 6.1951519284539565
2.3800654519910083 6.381202426190412
1.9187715490858561 6.534735779065457
1.4477000261883508 6.654969616305833
0.9692513557999219 6.741291253837025
0.48586360267462536 6.7932608163808625
1.9292897790944242e-15 6.810613478959113
-0.48586360267462464 6.7932608163808625
-0.9692513557999212 6.7412912538370255
-1.44770002618835 6.654969616305833
-1.9187715490858555 6.534735779065457
-2.3800654519910074 6.381202426190412
-2.8292310869126225 6.1951519284539565
-3.2639796087331168 5.977532356545965
-3.6820956386385637 5.729452649922017
-4.081448553181344 5.452176965902104
-4.460003341448815 5.147118237814724
-4.815830975012492 4.815830975012493
-5.147118237814723 4.460003341448817
-5.452176965902103 4.081448553181345
-5.729452649922015 3.6820956386385677
-5.977532356545966 3.263979608733115
-6.195151928453956 2.829231086912625
-6.381202426190411 2.3800654519910096
-6.534735779065457 1.9187715490858555
-6.6549696163058325 1.4477000261883526
-6.741291253837025 0.9692513557999223
-6.7932608163808625 0.48586360267462586
-6.810613478959113 3.8585795581888485e-15
-6.7932608163808625 -0.48586360267462414
-6.7412912538370255 -0.9692513557999206
-6.654969616305833 -1.4477000261883508
-6.534735779065457 -1.9187715490858537
-6.381202426190412 -2.3800654519910056
-6.1951519284539565 -2.8292310869126234
-5.977532356545968 -3.2639796087331137
-5.729452649922016 -3.6820956386385664
-5.452176965902104 -4.081448553181343
-5.147118237814725 -4.460003341448815
-4.815830975012492 -4.815830975012494
-4.460003341448817 -5.147118237814723
-4.081448553181345 -5.452176965902103
-3.6820956386385655 -5.729452649922016
-3.263979608733118 -5.977532356545964
-2.829231086912628 -6.195151928453954
-2.38006545199101 -6.381202426190411
-1.918771549085856 -6.534735779065457
-1.447700026188347 -6.654969616305834
-0.9692513557999227 -6.741291253837025
-0.48586360267462925 -6.7932608163808625
-1.2510893995855645e-15 -6.810613478959113
0.48586360267462075 -6.793260816380863
0.9692513557999202 -6.7412912538370255
1.4477000261883506 -6.654969616305833
1.9187715490858532 -6.534735779065457
2.380065451991008 -6.381202426190412
2.8292310869126203 -6.195151928453957
3.263979608733116 -5.977532356545966
3.6820956386385686 -5.729452649922014
4.081448553181343 -5.452176965902105
4.460003341448813 -5.147118237814727
4.815830975012492 -4.815830975012494
5.147118237814721 -4.46000334144882
5.452176965902102 -4.081448553181345
5.729452649922016 -3.6820956386385655
5.977532356545964 -3.2639796087331185
6.195151928453954 -2.8292310869126283
6.381202426190413 -2.3800654519910047
6.534735779065457 -1.9187715490858561
6.6549696163058325 -1.4477000261883535
6.741291253837025 -0.9692513557999233
6.7932608163808625 -0.48586360267462964
7.007321895974498 0.0
6.989468042894495 0.49989662047291683
6.935997462797308 0.9972458823544605
6.847182629502565 1.4895134078087326
6.723476123042549 1.97419071436383
6.565508323418115 2.4488079975635264
6.37408419832669 2.9109467165246494
6.150179201231404 3.3582519182670456
5.894934300673838 3.7884442380141605
5.609650166159867 4.199331514313464
5.295780540246001 4.588819959788727
4.954924830600543 4.954924830600542
4.588819959788727 5.295780540246001
4.199331514313465 5.609650166159867
3.7884442380141614 5.894934300673837
3.358251918267047 6.150179201231403
2.91094671652465 6.374084198326689
2.448807997563527 6.565508323418115
1.9741907143638309 6.723476123042549
1.4895134078087338 6.847182629502565
0.9972458823544603 6.935997462797308
0.49989662047291694 6.989468042894495
1.9850127384991955e-15 7.007321895974498
-0.49989662047291616 6.989468042894495
-0.9972458823544595 6.935997462797309
-1.4895134078087329 6.847182629502565
-1.97419071436383 6.723476123042549
-2.448807997563526 6.565508323418115
-2.910946716524649 6.37408419832669
-3.358251918267046 6.150179201231403
-3.7884442380141583 5.894934300673839
-4.199331514313465 5.609650166159867
-4.588819959788726 5.295780540246001
-4.954924830600542 4.954924830600543
-5.2957805402460005 4.588819959788728
-5.609650166159866 4.1993315143134655
-5.894934300673837 3.788444238014162
-6.150179201231404 3.3582519182670447
-6.374084198326688 2.9109467165246516
-6.565508323418114 2.4488079975635286
-6.723476123042549 1.97419071436383
-6.847182629502564 1.4895134078087358
-6.935997462797308 0.9972458823544608
-6.989468042894495 0.49989662047291744
-7.007321895974498 3.970025476998391e-15
-6.989468042894495 -0.49989662047291566
-6.935997462797309 -0.997245882354459
-6.847182629502565 -1.489513407808734
-6.72347612304255 -1.9741907143638282
-6.565508323418116 -2.448807997563524
-6.374084198326689 -2.9109467165246503
-6.150179201231405 -3.358251918267043
-5.894934300673838 -3.7884442380141605
-5.609650166159867 -4.199331514313464
-5.295780540246002 -4.588819959788726
-4.954924830600541 -4.954924830600544
-4.588819959788728 -5.2957805402460005
-4.199331514313466 -5.609650166159866
-3.7884442380141596 -5.894934300673838
-3.358251918267048 -6.150179201231402
-2.9109467165246548 -6.374084198326687
-2.448807997563529 -6.565508323418114
-1.9741907143638304 -6.723476123042549
-1.48951340780873 -6.847182629502565
-0.9972458823544611 -6.935997462797308
-0.49989662047292094 -6.989468042894495
-1.2872241495750496e-15 -7.007321895974498
0.49989662047291217 -6.989468042894495
0.9972458823544585 -6.935997462797309
1.4895134078087335 -6.847182629502565
1.9741907143638278 -6.72347612304255
2.4488079975635264 -6.565508323418115
2.910946716524647 -6.374084198326691
3.3582519182670456 -6.150179201231404
3.7884442380141627 -5.894934300673836
4.199331514313464 -5.6096501661598674
4.588819959788723 -5.295780540246004
4.954924830600541 -4.954924830600544
5.295780540245998 -4.588819959788729
5.609650166159866 -4.199331514313466
5.894934300673838 -3.7884442380141596
6.150179201231402 -3.3582519182670483
6.374084198326687 -2.910946716524655
6.565508323418117 -2.4488079975635233
6.723476123042549 -1.9741907143638309
6.847182629502564 -1.4895134078087364
6.935997462797308 -0.9972458823544618
6.989468042894495 -0.4998966204729213
7.401213315309467 0.0
7.382355872036992 0.5279965125974598
7.325879635427975 1.0533024759943512
7.232072395438661 1.5732410514121031
7.101412172261493 2.0851627510509707
6.93456478044378 2.586458939272546
6.732380436049381 3.074575125609017
6.495889424152531 3.5470239818610545
6.226296848741268 4.001398016952163
5.92497649178374 4.435381844951366
5.5934638127501985 4.846763983749174
5.233448124263494 5.233448124263493
4.846763983749174 5.5934638127501985
4.435381844951367 5.92497649178374
4.001398016952164 6.226296848741267
3.547023981861056 6.49588942415253
3.0745751256090172 6.73238043604938
2.5864589392725463 6.93456478044378
2.085162751050971 7.101412172261493
1.5732410514121042 7.232072395438661
1.0533024759943512 7.325879635427975
0.5279965125974599 7.382355872036992
2.096593096383797e-15 7.401213315309467
-0.5279965125974591 7.382355872036992
-1.0533024759943503 7.325879635427976
-1.5732410514121036 7.232072395438661
-2.0851627510509707 7.101412172261493
-2.5864589392725454 6.93456478044378
-3.0745751256090164 6.732380436049381
-3.547023981861055 6.49588942415253
-4.001398016952161 6.22629684874127
-4.435381844951367 5.92497649178374
-4.846763983749174 5.5934638127501985
-5.233448124263493 5.233448124263494
-5.593463812750198 4.846763983749175
-5.924976491783739 4.435381844951368
-6.226296848741267 4.001398016952165
-6.495889424152531 3.547023981861053
-6.732380436049379 3.074575125609019
-6.934564780443779 2.5864589392725477
-7.101412172261493 2.0851627510509707
-7.23207239543866 1.5732410514121065
-7.325879635427975 1.0533024759943515
-7.382355872036992 0.5279965125974604
-7.401213315309467 4.193186192767594e-15
-7.382355872036992 -0.5279965125974586
-7.325879635427976 -1.0533024759943497
-7.232072395438661 -1.5732410514121045
-7.101412172261494 -2.0851627510509685
-6.934564780443781 -2.5864589392725432
-6.73238043604938 -3.0745751256090177
-6.495889424152533 -3.5470239818610514
-6.226296848741268 -4.001398016952163
-5.92497649178374 -4.435381844951366
-5.593463812750199 -4.846763983749174
-5.233448124263492 -5.233448124263495
-4.846763983749175 -5.593463812750198
-4.435381844951369 -5.924976491783739
-4.001398016952162 -6.226296848741268
-3.5470239818610567 -6.495889424152529
-3.0745751256090226 -6.732380436049378
-2.586458939272548 -6.934564780443779
-2.0851627510509707 -7.101412172261493
-1.5732410514121005 -7.232072395438662
-1.053302475994352 -7.325879635427975
-0.5279965125974642 -7.382355872036992
-1.3595808294600761e-15 -7.401213315309467
0.5279965125974548 -7.382355872036993
1.0533024759943492 -7.325879635427976
1.5732410514121042 -7.232072395438661
2.085162751050968 -7.101412172261494
2.586458939272546 -6.93456478044378
3.074575125609014 -6.7323804360493815
3.547023981861054 -6.495889424152531
4.001398016952166 -6.226296848741266
4.435381844951366 -5.924976491783741
4.84676398374917 -5.593463812750201
5.233448124263492 -5.233448124263495
5.593463812750195 -4.846763983749177
5.924976491783738 -4.435381844951369
6.226296848741268 -4.001398016952162
6.495889424152529 -3.547023981861057
6.732380436049378 -3.074575125609023
6.9345647804437816 -2.5864589392725423
7.101412172261493 -2.085162751050971
7.23207239543866 -1.5732410514121071
7.325879635427975 -1.0533024759943526
7.382355872036992 -0.5279965125974645
7.572084383620073 0.0
7.55279158044912 0.5401863150431186
7.495011482638914 1.0776199644465587
7.3990385243235135 1.6095623095237734
7.2653617616995225 2.133302694016344
7.094662380907818 2.646172256976933
6.887810226865116 3.1455575326729135
6.645859370733661 3.628913768208686
6.3700427386162035 4.09377789100312
6.061765828847184 4.537781060042847
5.7225995498953965 4.958660736953073
5.354272215374513 5.354272215374512
4.958660736953073 5.7225995498953965
4.537781060042848 6.061765828847184
4.093777891003121 6.370042738616203
3.628913768208687 6.64585937073366
3.145557532672914 6.887810226865115
2.6461722569769335 7.094662380907818
2.133302694016345 7.2653617616995225
1.6095623095237748 7.3990385243235135
1.0776199644465585 7.495011482638914
0.5401863150431188 7.55279158044912
2.1449969305836175e-15 7.572084383620073
-0.540186315043118 7.55279158044912
-1.0776199644465576 7.4950114826389145
-1.6095623095237739 7.3990385243235135
-2.133302694016344 7.2653617616995225
-2.6461722569769326 7.094662380907818
-3.145557532672913 6.887810226865116
-3.6289137682086863 6.64585937073366
-4.093777891003119 6.370042738616205
-4.537781060042848 6.061765828847184
-4.958660736953072 5.7225995498953965
-5.354272215374512 5.354272215374513
-5.722599549895396 4.958660736953074
-6.061765828847183 4.537781060042849
-6.370042738616203 4.093777891003122
-6.645859370733661 3.628913768208685
-6.887810226865114 3.1455575326729157
-7.094662380907817 2.6461722569769353
-7.2653617616995225 2.133302694016344
-7.399038524323513 1.609562309523777
-7.495011482638914 1.077619964446559
-7.55279158044912 0.5401863150431193
-7.572084383620073 4.289993861167235e-15
-7.55279158044912 -0.5401863150431174
-7.4950114826389145 -1.077619964446557
-7.3990385243235135 -1.609562309523775
-7.265361761699523 -2.133302694016342
-7.094662380907818 -2.646172256976931
-6.887810226865115 -3.1455575326729144
-6.645859370733663 -3.628913768208683
-6.3700427386162035 -4.09377789100312
-6.061765828847184 -4.537781060042847
-5.7225995498953965 -4.958660736953072
-5.354272215374511 -5.354272215374514
-4.958660736953074 -5.722599549895396
-4.53778106004285 -6.061765828847183
-4.0937778910031195 -6.3700427386162035
-3.628913768208688 -6.6458593707336595
-3.1455575326729193 -6.8878102268651125
-2.6461722569769357 -7.094662380907817
-2.1333026940163444 -7.2653617616995225
-1.6095623095237708 -7.399038524323514
-1.0776199644465594 -7.495011482638914
-0.5401863150431231 -7.55279158044912
-1.390969335491097e-15 -7.572084383620073
0.5401863150431137 -7.552791580449121
1.0776199644465565 -7.4950114826389145
1.6095623095237745 -7.3990385243235135
2.1333026940163418 -7.265361761699523
2.646172256976933 -7.094662380907818
3.145557532672911 -6.887810226865117
3.628913768208686 -6.645859370733661
4.093777891003123 -6.370042738616202
4.537781060042847 -6.061765828847185
4.958660736953068 -5.722599549895399
5.354272215374511 -5.354272215374514
5.722599549895393 -4.958660736953076
6.061765828847182 -4.53778106004285
6.3700427386162035 -4.0937778910031195
6.6458593707336595 -3.6289137682086885
6.8878102268651125 -3.1455575326729197
7.094662380907819 -2.64617225697693
7.2653617616995225 -2.133302694016345
7.399038524323513 -1.6095623095237777
7.495011482638914 -1.07761996444656
7.55279158044912 -0.5401863150431235
7.155670103376564 0.0
7.137438276066325 0.5104796604180505
7.082835699348474 1.0183580334990172
6.992140615437933 1.5210470874698176
6.865815185693137 2.0159852341380566
6.704503135547688 2.500650382158286
6.509026474233097 2.972572789031385
6.280381306008162 3.4293476463462227
6.019732754239998 3.8686473341320857
5.728409024202421 4.288233281876515
5.407894634846329 4.685967375767511
5.059822854031412 5.059822854031411
4.685967375767511 5.407894634846329
4.288233281876516 5.728409024202421
3.8686473341320866 6.019732754239997
3.429347646346224 6.280381306008161
2.9725727890313856 6.509026474233096
2.5006503821582866 6.704503135547688
2.0159852341380575 6.865815185693137
1.521047087469819 6.992140615437933
1.018358033499017 7.082835699348474
0.5104796604180506 7.137438276066325
2.027036365470833e-15 7.155670103376564
-0.5104796604180498 7.137438276066325
-1.0183580334990163 7.082835699348474
-1.521047087469818 6.992140615437933
-2.0159852341380566 6.865815185693137
-2.5006503821582857 6.704503135547688
-2.9725727890313847 6.509026474233097
-3.429347646346223 6.280381306008161
-3.8686473341320835 6.01973275424
-4.288233281876516 5.728409024202421
-4.68596737576751 5.407894634846329
-5.059822854031411 5.059822854031412
-5.407894634846329 4.685967375767512
-5.72840902420242 4.288233281876517
-6.019732754239997 3.8686473341320875
-6.280381306008162 3.4293476463462214
-6.509026474233096 2.9725727890313873
-6.704503135547688 2.5006503821582884
-6.865815185693137 2.0159852341380566
-6.992140615437932 1.521047087469821
-7.082835699348474 1.0183580334990174
-7.137438276066325 0.5104796604180512
-7.155670103376564 4.054072730941666e-15
-7.137438276066325 -0.5104796604180493
-7.082835699348474 -1.0183580334990157
-6.992140615437933 -1.5210470874698192
-6.865815185693138 -2.015985234138055
-6.7045031355476885 -2.500650382158284
-6.509026474233096 -2.9725727890313856
-6.280381306008164 -3.42934764634622
-6.019732754239998 -3.8686473341320857
-5.728409024202421 -4.288233281876515
-5.40789463484633 -4.68596737576751
-5.0598228540314105 -5.059822854031413
-4.685967375767512 -5.407894634846329
-4.288233281876518 -5.72840902420242
-3.868647334132085 -6.019732754239998
-3.4293476463462245 -6.280381306008161
-2.9725727890313904 -6.509026474233094
-2.500650382158289 -6.704503135547688
-2.015985234138057 -6.865815185693137
-1.5210470874698152 -6.9921406154379335
-1.0183580334990179 -7.082835699348474
-0.5104796604180547 -7.137438276066325
-1.3144752731781777e-15 -7.155670103376564
0.5104796604180457 -7.137438276066326
1.0183580334990152 -7.082835699348474
1.5210470874698188 -6.992140615437933
2.0159852341380544 -6.865815185693138
2.500650382158286 -6.704503135547688
2.9725727890313824 -6.509026474233098
3.4293476463462222 -6.280381306008162
3.8686473341320884 -6.019732754239996
4.288233281876515 -5.7284090242024215
4.685967375767507 -5.407894634846333
5.0598228540314105 -5.059822854031413
5.407894634846326 -4.685967375767514
5.728409024202419 -4.288233281876518
6.019732754239998 -3.868647334132085
6.280381306008161 -3.429347646346225
6.509026474233094 -2.972572789031391
6.704503135547689 -2.500650382158283
6.865815185693137 -2.0159852341380575
6.992140615437932 -1.5210470874698216
7.082835699348474 -1.0183580334990185
7.137438276066325 -0.510479660418055
7.266527993610314 0.0
7.24801371310121 0.5183881717585164
7.192565216103522 1.0341347562189511
7.100465055448016 1.5446116270065868
6.972182552442147 2.0472175109996575
6.808371405316254 2.5393912438209107
6.609866358127215 3.0186248209442
6.377678947094078 3.4824761779106708
6.112992346041351 3.9285816345294635
5.817155337216404 4.354667939650168
5.491675438204297 4.75856385512961
5.138211219963731 5.13821121996373
4.75856385512961 5.491675438204297
4.354667939650168 5.817155337216404
3.928581634529464 6.1129923460413504
3.4824761779106717 6.377678947094077
3.0186248209442 6.609866358127214
2.539391243820911 6.808371405316254
2.0472175109996584 6.972182552442147
1.5446116270065882 7.100465055448016
1.034134756218951 7.192565216103522
0.5183881717585165 7.24801371310121
2.0584398499323583e-15 7.266527993610314
-0.5183881717585157 7.24801371310121
-1.03413475621895 7.192565216103523
-1.5446116270065873 7.100465055448016
-2.0472175109996575 6.972182552442147
-2.5393912438209103 6.808371405316254
-3.0186248209441997 6.609866358127215
-3.482476177910671 6.377678947094077
-3.928581634529461 6.112992346041353
-4.354667939650168 5.817155337216404
-4.758563855129609 5.491675438204297
-5.13821121996373 5.138211219963731
-5.491675438204297 4.758563855129611
-5.817155337216403 4.354667939650169
-6.1129923460413504 3.928581634529465
-6.377678947094078 3.4824761779106694
-6.6098663581272135 3.0186248209442024
-6.808371405316253 2.5393912438209125
-6.972182552442147 2.0472175109996575
-7.100465055448016 1.5446116270065902
-7.192565216103522 1.0341347562189511
-7.24801371310121 0.518388171758517
-7.266527993610314 4.116879699864717e-15
-7.24801371310121 -0.5183881717585151
-7.192565216103523 -1.0341347562189493
-7.100465055448016 -1.5446116270065884
-6.972182552442148 -2.0472175109996558
-6.8083714053162545 -2.539391243820908
-6.609866358127214 -3.0186248209442006
-6.377678947094079 -3.4824761779106677
-6.112992346041351 -3.9285816345294635
-5.817155337216404 -4.354667939650168
-5.491675438204298 -4.758563855129609
-5.138211219963729 -5.138211219963732
-4.758563855129611 -5.491675438204297
-4.35466793965017 -5.817155337216403
-3.9285816345294626 -6.112992346041351
-3.4824761779106725 -6.3776789470940765
-3.0186248209442055 -6.609866358127212
-2.539391243820913 -6.808371405316253
-2.047217510999658 -6.972182552442147
-1.5446116270065842 -7.100465055448017
-1.0341347562189516 -7.192565216103522
-0.5183881717585206 -7.24801371310121
-1.3348395372434264e-15 -7.266527993610314
0.5183881717585116 -7.248013713101211
1.034134756218949 -7.192565216103523
1.544611627006588 -7.100465055448016
2.0472175109996553 -6.972182552442148
2.5393912438209107 -6.808371405316254
3.0186248209441975 -6.609866358127216
3.4824761779106703 -6.377678947094078
3.9285816345294657 -6.11299234604135
4.354667939650168 -5.817155337216405
4.758563855129606 -5.4916754382043
5.138211219963729 -5.138211219963732
5.491675438204294 -4.758563855129613
5.817155337216402 -4.35466793965017
6.112992346041351 -3.9285816345294626
6.3776789470940765 -3.482476177910673
6.609866358127212 -3.018624820944206
6.808371405316255 -2.5393912438209076
6.972182552442147 -2.0472175109996584
7.100465055448016 -1.5446116270065908
7.192565216103522 -1.0341347562189522
7.24801371310121 -0.518388171758521
7.718001990202237 0.0
7.698337405693366 0.5505959579110772
7.639443858381886 1.0983862050285242
7.541621456285287 1.6405793278177885
7.405368679941753 2.174412434406919
7.231379842267599 2.697165233650233
7.020541550497805 3.2061738971084472
6.773928188238767 3.6988446333078038
6.492796440655719 4.172666905106866
6.178578890693182 4.625226222818327
5.832876718960659 5.054216447895008
5.457451544483272 5.457451544483271
5.054216447895008 5.832876718960659
4.625226222818328 6.178578890693182
4.172666905106867 6.492796440655718
3.698844633307805 6.7739281882387665
3.2061738971084477 7.020541550497804
2.6971652336502334 7.231379842267599
2.17441243440692 7.405368679941753
1.6405793278177898 7.541621456285287
1.098386205028524 7.639443858381886
0.5505959579110773 7.698337405693366
2.1863320243807645e-15 7.718001990202237
-0.5505959579110764 7.698337405693366
-1.0983862050285231 7.639443858381887
-1.640579327817789 7.541621456285287
-2.174412434406919 7.405368679941753
-2.6971652336502325 7.231379842267599
-3.206173897108447 7.020541550497805
-3.698844633307804 6.7739281882387665
-4.172666905106864 6.492796440655721
-4.625226222818328 6.178578890693182
-5.054216447895007 5.832876718960659
-5.457451544483271 5.457451544483272
-5.832876718960658 5.0542164478950085
-6.178578890693181 4.625226222818329
-6.492796440655718 4.172666905106868
-6.773928188238767 3.698844633307803
-7.0205415504978035 3.20617389710845
-7.231379842267598 2.697165233650235
-7.405368679941753 2.174412434406919
-7.541621456285287 1.640579327817792
-7.639443858381886 1.0983862050285245
-7.698337405693366 0.5505959579110778
-7.718001990202237 4.372664048761529e-15
-7.698337405693366 -0.5505959579110759
-7.639443858381887 -1.0983862050285225
-7.541621456285287 -1.64057932781779
-7.405368679941754 -2.174412434406917
-7.2313798422676 -2.6971652336502308
-7.020541550497804 -3.206173897108448
-6.773928188238769 -3.698844633307801
-6.492796440655719 -4.172666905106866
-6.178578890693182 -4.625226222818327
-5.83287671896066 -5.054216447895007
-5.45745154448327 -5.4574515444832725
-5.0542164478950085 -5.832876718960658
-4.62522622281833 -6.178578890693181
-4.172666905106865 -6.492796440655719
-3.698844633307806 -6.773928188238766
-3.206173897108453 -7.020541550497802
-2.6971652336502356 -7.231379842267598
-2.1744124344069196 -7.405368679941753
-1.6405793278177858 -7.541621456285288
-1.098386205028525 -7.639443858381886
-0.5505959579110816 -7.698337405693366
-1.4177739649671105e-15 -7.718001990202237
0.5505959579110721 -7.698337405693367
1.098386205028522 -7.639443858381887
1.6405793278177896 -7.541621456285287
2.1744124344069165 -7.405368679941754
2.697165233650233 -7.231379842267599
3.2061738971084446 -7.020541550497806
3.6988446333078038 -6.773928188238767
4.172666905106869 -6.4927964406557175
4.625226222818327 -6.178578890693183
5.054216447895004 -5.832876718960662
5.45745154448327 -5.4574515444832725
5.832876718960655 -5.054216447895011
6.1785788906931804 -4.62522622281833
6.492796440655719 -4.172666905106865
6.773928188238766 -3.6988446333078064
7.020541550497802 -3.2061738971084535
7.231379842267601 -2.69716523365023
7.405368679941753 -2.17441243440692
7.541621456285287 -1.640579327817793
7.639443858381886 -1.0983862050285256
7.698337405693366 -0.5505959579110821
6.430255968861316 0.0
6.413872413625924 0.4587292085805547
6.364805234761782 0.9151208382643247
6.283304467365177 1.3668492219207622
6.169785420665115 1.8116124552521633
6.024826561702686 2.2471441267703254
5.8491665675956215 2.671224866909981
5.643700561409014 3.081693657427383
5.409475550813372 3.4764588434539174
5.147685092773513 3.8535087920898694
4.859663211455868 4.210922143224572
4.54687760034711 4.546877600347109
4.210922143224572 4.859663211455868
3.8535087920898703 5.147685092773513
3.4764588434539183 5.409475550813371
3.081693657427384 5.643700561409014
2.6712248669099816 5.849166567595621
2.247144126770326 6.024826561702686
1.811612455252164 6.169785420665115
1.3668492219207633 6.283304467365177
0.9151208382643246 6.364805234761782
0.45872920858055477 6.413872413625924
1.821543265670844e-15 6.430255968861316
-0.45872920858055405 6.413872413625924
-0.9151208382643238 6.364805234761783
-1.3668492219207624 6.283304467365177
-1.8116124552521633 6.169785420665115
-2.247144126770325 6.024826561702686
-2.6712248669099807 5.8491665675956215
-3.0816936574273837 5.643700561409014
-3.476458843453915 5.409475550813374
-3.8535087920898703 5.147685092773513
-4.210922143224571 4.859663211455868
-4.546877600347109 4.54687760034711
-4.859663211455867 4.210922143224573
-5.1476850927735125 3.8535087920898707
-5.409475550813371 3.4764588434539188
-5.643700561409014 3.0816936574273823
-5.84916656759562 2.6712248669099834
-6.024826561702686 2.247144126770327
-6.169785420665115 1.8116124552521633
-6.283304467365176 1.366849221920765
-6.364805234761782 0.9151208382643249
-6.413872413625924 0.4587292085805552
-6.430255968861316 3.643086531341688e-15
-6.413872413625924 -0.4587292085805536
-6.364805234761783 -0.9151208382643232
-6.283304467365177 -1.3668492219207633
-6.169785420665116 -1.8116124552521615
-6.024826561702687 -2.247144126770323
-5.849166567595621 -2.671224866909982
-5.643700561409016 -3.0816936574273806
-5.409475550813372 -3.4764588434539174
-5.147685092773513 -3.8535087920898694
-4.859663211455869 -4.210922143224571
-4.546877600347109 -4.546877600347111
-4.210922143224573 -4.859663211455867
-3.8535087920898716 -5.1476850927735125
-3.476458843453917 -5.409475550813372
-3.081693657427385 -5.643700561409013
-2.671224866909986 -5.849166567595619
-2.2471441267703276 -6.024826561702686
-1.8116124552521635 -6.169785420665115
-1.3668492219207597 -6.283304467365178
-0.9151208382643252 -6.364805234761782
-0.45872920858055843 -6.413872413625924
-1.181218858494626e-15 -6.430255968861316
0.4587292085805504 -6.413872413625925
0.9151208382643229 -6.364805234761783
1.366849221920763 -6.283304467365177
1.811612455252161 -6.169785420665116
2.2471441267703254 -6.024826561702686
2.671224866909979 -5.849166567595622
3.0816936574273828 -5.643700561409014
3.4764588434539196 -5.4094755508133705
3.8535087920898694 -5.147685092773514
4.210922143224568 -4.859663211455871
4.546877600347109 -4.546877600347111
4.8596632114558656 -4.2109221432245745
5.1476850927735125 -3.8535087920898716
5.409475550813372 -3.476458843453917
5.643700561409013 -3.0816936574273854
5.849166567595619 -2.6712248669099865
6.024826561702688 -2.2471441267703223
6.169785420665115 -1.811612455252164
6.283304467365176 -1.3668492219207657
6.364805234761782 -0.9151208382643258
6.413872413625924 -0.45872920858055877
7.832078482094829 0.0
7.812123243758951 0.5587340816649286
7.7523592160717305 1.1146209825230022
7.6530909428191185 1.6648280303481253
7.514824272367286 2.2065514961433195
7.338263779975301 2.737030881301021
7.124309177441107 3.253562984471218
6.874050728376435 3.7535156764559074
6.58876369247335 4.234341312936144
6.269901827073175 4.693589716683521
5.919089979152313 5.128920663101694
5.538115805474496 5.5381158054744954
5.128920663101694 5.919089979152313
4.693589716683522 6.269901827073175
4.234341312936145 6.588763692473349
3.753515676455909 6.874050728376434
3.2535629844712184 7.1243091774411065
2.7370308813010213 7.338263779975301
2.2065514961433204 7.514824272367286
1.6648280303481264 7.6530909428191185
1.114620982523002 7.7523592160717305
0.5587340816649287 7.812123243758951
2.2186472644869998e-15 7.832078482094829
-0.5587340816649278 7.812123243758951
-1.1146209825230011 7.752359216071731
-1.6648280303481258 7.6530909428191185
-2.2065514961433195 7.514824272367286
-2.7370308813010205 7.338263779975301
-3.2535629844712175 7.124309177441107
-3.753515676455908 6.874050728376434
-4.234341312936142 6.588763692473352
-4.693589716683522 6.269901827073175
-5.1289206631016935 5.919089979152313
-5.5381158054744954 5.538115805474496
-5.919089979152312 5.128920663101695
-6.269901827073174 4.6935897166835225
-6.588763692473349 4.234341312936146
-6.874050728376435 3.753515676455906
-7.124309177441106 3.2535629844712206
-7.3382637799753 2.737030881301023
-7.514824272367286 2.2065514961433195
-7.653090942819118 1.6648280303481287
-7.7523592160717305 1.1146209825230025
-7.812123243758951 0.5587340816649292
-7.832078482094829 4.4372945289739996e-15
-7.812123243758951 -0.5587340816649272
-7.752359216071731 -1.1146209825230005
-7.6530909428191185 -1.6648280303481267
-7.514824272367287 -2.2065514961433172
-7.338263779975302 -2.7370308813010182
-7.1243091774411065 -3.253562984471219
-6.874050728376437 -3.753515676455905
-6.58876369247335 -4.234341312936144
-6.269901827073175 -4.693589716683521
-5.9190899791523135 -5.1289206631016935
-5.538115805474495 -5.538115805474497
-5.128920663101695 -5.919089979152312
-4.693589716683523 -6.269901827073174
-4.234341312936143 -6.58876369247335
-3.7535156764559097 -6.874050728376433
-3.253562984471224 -7.124309177441104
-2.7370308813010236 -7.3382637799753
-2.20655149614332 -7.514824272367286
-1.6648280303481224 -7.653090942819119
-1.114620982523003 -7.7523592160717305
-0.5587340816649331 -7.812123243758951
-1.438729476565244e-15 -7.832078482094829
0.5587340816649233 -7.812123243758952
1.114620982523 -7.752359216071731
1.6648280303481262 -7.6530909428191185
2.2065514961433172 -7.514824272367287
2.737030881301021 -7.338263779975301
3.2535629844712153 -7.124309177441108
3.753515676455907 -6.874050728376435
4.234341312936147 -6.588763692473348
4.693589716683521 -6.269901827073176
5.12892066310169 -5.919089979152316
5.538115805474495 -5.538115805474497
5.919089979152309 -5.128920663101698
6.2699018270731735 -4.693589716683523
6.58876369247335 -4.234341312936143
6.874050728376433 -3.75351567645591
7.124309177441104 -3.2535629844712246
7.3382637799753025 -2.737030881301018
7.514824272367286 -2.2065514961433204
7.653090942819118 -1.6648280303481295
7.7523592160717305 -1.1146209825230036
7.812123243758951 -0.5587340816649335
7.9424760741297735 0.0
7.922239555382087 0.5666097557078635
7.861633119799942 1.1303321979792154
7.760965603886827 1.6882947264649846
7.620749986228775 2.2376540920164616
7.4417007734730785 2.7756108852312287
7.224730359366188 3.299423801601791
6.970944375404323 3.806423610574989
6.681636056788802 4.294026757339046
6.3582796523958915 4.759748528026694
6.002522912342457 5.20121571124749
5.616178691429071 5.61617869142907
5.20121571124749 6.002522912342457
4.7597485280266945 6.3582796523958915
4.294026757339047 6.681636056788801
3.8064236105749902 6.970944375404322
3.2994238016017916 7.224730359366188
2.775610885231229 7.4417007734730785
2.2376540920164625 7.620749986228775
1.688294726464986 7.760965603886827
1.1303321979792151 7.861633119799942
0.5666097557078636 7.922239555382087
2.2499203570810324e-15 7.9424760741297735
-0.5666097557078628 7.922239555382087
-1.1303321979792142 7.861633119799943
-1.688294726464985 7.760965603886827
-2.2376540920164616 7.620749986228775
-2.7756108852312287 7.4417007734730785
-3.2994238016017907 7.224730359366188
-3.8064236105749893 6.970944375404322
-4.294026757339044 6.681636056788804
-4.7597485280266945 6.3582796523958915
-5.201215711247489 6.002522912342457
-5.61617869142907 5.616178691429071
-6.002522912342456 5.201215711247491
-6.358279652395891 4.759748528026695
-6.681636056788801 4.294026757339048
-6.970944375404323 3.8064236105749876
-7.224730359366187 3.299423801601794
-7.441700773473078 2.775610885231231
-7.620749986228775 2.2376540920164616
-7.760965603886826 1.6882947264649881
-7.861633119799942 1.1303321979792156
-7.922239555382087 0.5666097557078642
-7.9424760741297735 4.499840714162065e-15
-7.922239555382087 -0.5666097557078622
-7.861633119799943 -1.1303321979792136
-7.760965603886827 -1.6882947264649861
-7.620749986228776 -2.2376540920164594
-7.441700773473079 -2.7756108852312265
-7.224730359366188 -3.299423801601792
-6.970944375404325 -3.806423610574986
-6.681636056788802 -4.294026757339046
-6.3582796523958915 -4.759748528026694
-6.0025229123424575 -5.201215711247489
-5.616178691429069 -5.616178691429072
-5.201215711247491 -6.002522912342456
-4.759748528026696 -6.358279652395891
-4.294026757339045 -6.681636056788802
-3.806423610574991 -6.970944375404321
-3.2994238016017974 -7.224730359366185
-2.7756108852312313 -7.441700773473078
-2.237654092016462 -7.620749986228775
-1.6882947264649817 -7.760965603886828
-1.130332197979216 -7.861633119799942
-0.5666097557078682 -7.922239555382087
-1.4590091852231194e-15 -7.9424760741297735
0.5666097557078583 -7.922239555382088
1.1303321979792131 -7.861633119799943
1.6882947264649857 -7.760965603886827
2.237654092016459 -7.620749986228776
2.7756108852312287 -7.4417007734730785
3.2994238016017885 -7.2247303593661885
3.8064236105749885 -6.970944375404323
4.294026757339049 -6.6816360567888005
4.759748528026694 -6.358279652395892
5.201215711247485 -6.00252291234246
5.616178691429069 -5.616178691429072
6.002522912342453 -5.201215711247493
6.35827965239589 -4.759748528026696
6.681636056788802 -4.294026757339045
6.970944375404321 -3.8064236105749916
7.224730359366185 -3.299423801601798
7.44170077347308 -2.7756108852312256
7.620749986228775 -2.2376540920164625
7.760965603886826 -1.688294726464989
7.861633119799942 -1.1303321979792167
7.922239555382087 -0.5666097557078686
1.0 0.5 0.4 0.32000000000000006 0.25600000000000006 0.20480000000000007 0.16384000000000007 0.13107200000000005 0.10485760000000005 0.08388608000000004 0.06710886400000003 0.05368709120000003 0.042949672960000025 0.03435973836800002 0.027487790694400018 0.021990232555520017 0.017592186044416015 0.014073748835532814 0.011258999068426251 