0.0 0.0
1.8224771089297505 0.0
1.7947895865612926 0.31646982880534685
1.7125682908125228 0.6233238820039037
1.5783114741487836 0.9112385544648751
1.3960984620071757 1.1714657045573889
1.171465704557389 1.3960984620071757
0.9112385544648754 1.5783114741487834
0.6233238820039038 1.7125682908125226
0.316469828805347 1.7947895865612926
1.1159453789850704e-16 1.8224771089297505
-0.3164698288053468 1.7947895865612926
-0.6233238820039032 1.7125682908125228
-0.9112385544648748 1.5783114741487836
-1.171465704557389 1.3960984620071757
-1.3960984620071755 1.1714657045573893
-1.5783114741487831 0.9112385544648758
-1.7125682908125226 0.6233238820039039
-1.7947895865612926 0.31646982880534674
-1.8224771089297505 2.231890757970141e-16
-1.7947895865612928 -0.3164698288053463
-1.7125682908125228 -0.6233238820039035
-1.5783114741487834 -0.9112385544648754
-1.3960984620071764 -1.1714657045573884
-1.1714657045573893 -1.3960984620071755
-0.911238554464876 -1.578311474148783
-0.6233238820039033 -1.7125682908125228
-0.31646982880534685 -1.7947895865612926
-3.3478361369552115e-16 -1.8224771089297505
0.3164698288053462 -1.7947895865612928
0.6233238820039041 -1.7125682908125226
0.911238554464874 -1.5783114741487843
1.1714657045573889 -1.396098462007176
1.3960984620071752 -1.1714657045573895
1.5783114741487838 -0.9112385544648747
1.7125682908125228 -0.6233238820039034
1.7947895865612926 -0.31646982880534696
2.8910591181860603 0.0
2.8471374340062696 0.5020271474003719
2.7167069196152562 0.9888004539649777
2.5037306401917663 1.44552955909303
2.2146797722148843 1.8583369800412917
1.858336980041292 2.2146797722148843
1.4455295590930304 2.503730640191766
0.9888004539649781 2.7167069196152562
0.5020271474003721 2.8471374340062696
1.770263147616164e-16 2.8910591181860603
-0.5020271474003719 2.8471374340062696
-0.9888004539649771 2.7167069196152562
-1.4455295590930295 2.5037306401917663
-1.858336980041292 2.2146797722148843
-2.214679772214884 1.8583369800412923
-2.5037306401917654 1.445529559093031
-2.7167069196152562 0.9888004539649783
-2.8471374340062696 0.5020271474003718
-2.8910591181860603 3.540526295232328e-16
-2.84713743400627 -0.502027147400371
-2.7167069196152562 -0.9888004539649776
-2.503730640191766 -1.4455295590930304
-2.214679772214885 -1.8583369800412908
-1.8583369800412923 -2.214679772214884
-1.4455295590930315 -2.5037306401917654
-0.9888004539649773 -2.7167069196152562
-0.5020271474003719 -2.8471374340062696
-5.310789442848492e-16 -2.8910591181860603
0.5020271474003709 -2.84713743400627
0.9888004539649785 -2.7167069196152562
1.4455295590930282 -2.503730640191767
1.8583369800412917 -2.2146797722148843
2.2146797722148834 -1.8583369800412926
2.5037306401917667 -1.4455295590930293
2.7167069196152562 -0.9888004539649774
2.8471374340062696 -0.5020271474003721
3.662858134295147 0.0
3.6072110888376923 0.6360486400728447
3.4419607597827895 1.2527712640732176
3.1721281947580704 1.8314290671475733
2.805912119709945 2.354439824764474
2.3544398247644747 2.805912119709945
1.831429067147574 3.17212819475807
1.252771264073218 3.441960759782789
0.6360486400728449 3.6072110888376923
2.242853744947699e-16 3.662858134295147
-0.6360486400728446 3.6072110888376923
-1.252771264073217 3.4419607597827895
-1.8314290671475726 3.1721281947580704
-2.3544398247644747 2.805912119709945
-2.8059121197099444 2.354439824764475
-3.1721281947580695 1.8314290671475746
-3.441960759782789 1.2527712640732183
-3.6072110888376923 0.6360486400728445
-3.662858134295147 4.485707489895398e-16
-3.6072110888376927 -0.6360486400728436
-3.4419607597827895 -1.2527712640732174
-3.17212819475807 -1.831429067147574
-2.8059121197099457 -2.354439824764473
-2.354439824764475 -2.8059121197099444
-1.831429067147575 -3.172128194758069
-1.2527712640732172 -3.4419607597827895
-0.6360486400728447 -3.6072110888376923
-6.728561234843096e-16 -3.662858134295147
0.6360486400728433 -3.6072110888376927
1.2527712640732187 -3.441960759782789
1.831429067147571 -3.1721281947580717
2.354439824764474 -2.8059121197099453
2.805912119709944 -2.3544398247644756
3.172128194758071 -1.8314290671475724
3.4419607597827895 -1.2527712640732172
3.6072110888376923 -0.6360486400728449
4.330724101296058 0.0
4.264930671113184 0.752022348168315
4.0695494806475905 1.4811948778292054
3.7505170885039187 2.1653620506480284
3.317527132479275 2.783735793283979
2.7837357932839795 3.317527132479275
2.1653620506480293 3.7505170885039183
1.481194877829206 4.06954948064759
0.7520223481683154 4.264930671113184
2.6518037043212576e-16 4.330724101296058
-0.7520223481683149 4.264930671113184
-1.4811948778292046 4.0695494806475905
-2.165362050648028 3.7505170885039187
-2.7837357932839795 3.317527132479275
-3.3175271324792748 2.78373579328398
-3.750517088503918 2.1653620506480302
-4.06954948064759 1.4811948778292063
-4.264930671113184 0.7520223481683148
-4.330724101296058 5.303607408642515e-16
-4.264930671113185 -0.7520223481683137
-4.0695494806475905 -1.4811948778292052
-3.7505170885039183 -2.1653620506480293
-3.3175271324792766 -2.7837357932839772
-2.78373579328398 -3.3175271324792748
-2.1653620506480307 -3.7505170885039174
-1.4811948778292048 -4.0695494806475905
-0.752022348168315 -4.264930671113184
-7.955411112963772e-16 -4.330724101296058
0.7520223481683135 -4.264930671113185
1.4811948778292068 -4.06954948064759
2.1653620506480262 -3.7505170885039205
2.783735793283979 -3.3175271324792757
3.3175271324792743 -2.7837357932839804
3.750517088503919 -2.1653620506480276
4.0695494806475905 -1.481194877829205
4.264930671113184 -0.7520223481683153
1.0 0.5 0.4 0.32000000000000006 0.25600000000000006 