0.0 0.0
2.422908941418879 0.0
2.4167356471263517 0.1728483448469395
2.398247221941439 0.3448158941489243
2.3675378786409573 0.5150263406932002
2.3247641049991543 0.6826123310599025
2.2701438663618823 0.8467198854562684
2.2039554949451587 1.0065127494019104
2.1265362715179905 1.1611766550899634
2.0382807066968893 1.3099234707091791
1.9396385306101978 1.4519952165829833
1.8311124011764441 1.5866679276601607
1.7132553426748087 1.7132553426748085
1.5866679276601607 1.8311124011764441
1.4519952165829837 1.9396385306101978
1.3099234707091796 2.038280706696889
1.1611766550899636 2.1265362715179905
1.0065127494019104 2.2039554949451587
0.8467198854562685 2.2701438663618823
0.6826123310599027 2.3247641049991543
0.5150263406932005 2.3675378786409573
0.3448158941489242 2.398247221941439
0.17284834484693953 2.4167356471263517
6.863542426533874e-16 2.422908941418879
-0.17284834484693926 2.4167356471263517
-0.34481589414892394 2.3982472219414395
-0.5150263406932003 2.3675378786409573
-0.6826123310599025 2.3247641049991543
-0.8467198854562683 2.2701438663618823
-1.0065127494019102 2.2039554949451587
-1.1611766550899634 2.1265362715179905
-1.3099234707091785 2.0382807066968898
-1.4519952165829837 1.9396385306101978
-1.5866679276601605 1.8311124011764441
-1.7132553426748085 1.7132553426748087
-1.831112401176444 1.5866679276601612
-1.9396385306101975 1.451995216582984
-2.038280706696889 1.3099234707091798
-2.1265362715179905 1.161176655089963
-2.2039554949451583 1.0065127494019113
-2.2701438663618823 0.8467198854562691
-2.3247641049991543 0.6826123310599025
-2.367537878640957 0.5150263406932012
-2.398247221941439 0.34481589414892433
-2.4167356471263517 0.1728483448469397
-2.422908941418879 1.3727084853067748e-15
-2.4167356471263517 -0.1728483448469391
-2.3982472219414395 -0.3448158941489237
-2.3675378786409573 -0.5150263406932006
-2.3247641049991543 -0.6826123310599018
-2.2701438663618827 -0.8467198854562676
-2.2039554949451587 -1.0065127494019106
-2.1265362715179914 -1.1611766550899623
-2.0382807066968893 -1.3099234707091791
-1.9396385306101978 -1.4519952165829833
-1.8311124011764446 -1.5866679276601605
-1.7132553426748083 -1.7132553426748092
-1.5866679276601612 -1.831112401176444
-1.4519952165829841 -1.9396385306101975
-1.309923470709179 -2.0382807066968893
-1.161176655089964 -2.12653627151799
-1.0065127494019122 -2.203955494945158
-0.8467198854562692 -2.2701438663618823
-0.6826123310599026 -2.3247641049991543
-0.5150263406931993 -2.3675378786409573
-0.34481589414892444 -2.398247221941439
-0.17284834484694092 -2.4167356471263517
-4.450811519601198e-16 -2.422908941418879
0.1728483448469379 -2.4167356471263517
0.3448158941489236 -2.3982472219414395
0.5150263406932005 -2.3675378786409573
0.6826123310599017 -2.3247641049991543
0.8467198854562684 -2.2701438663618823
1.0065127494019095 -2.203955494945159
1.1611766550899632 -2.1265362715179905
1.30992347070918 -2.038280706696889
1.4519952165829833 -1.939638530610198
1.5866679276601594 -1.8311124011764452
1.7132553426748083 -1.7132553426748092
1.8311124011764432 -1.5866679276601618
1.9396385306101973 -1.4519952165829841
2.0382807066968893 -1.309923470709179
2.12653627151799 -1.161176655089964
2.203955494945158 -1.0065127494019124
2.2701438663618827 -0.8467198854562673
2.3247641049991543 -0.6826123310599027
2.367537878640957 -0.5150263406932015
2.398247221941439 -0.34481589414892466
2.4167356471263517 -0.17284834484694103
3.628797311768156 0.0
3.6195515521151505 0.2588754362171103
3.5918613874280085 0.5164317025508169
3.545867920438822 0.7713563513050613
3.481805523312722 1.0223503449037492
3.400000643341048 1.2681346754884721
3.30087013944078 1.5074568824493788
3.1849191579370486 1.739097434677355
3.0527385584532545 1.9618759450150107
2.9050019030258625 2.174657185239069
2.7424620237866604 2.376356870923172
2.565947186702777 2.5659471867027768
2.376356870923172 2.7424620237866604
2.1746571852390693 2.9050019030258625
1.961875945015011 3.052738558453254
1.7390974346773553 3.184919157937048
1.507456882449379 3.3008701394407796
1.2681346754884724 3.400000643341048
1.0223503449037494 3.481805523312722
0.771356351305062 3.545867920438822
0.5164317025508168 3.5918613874280085
0.25887543621711034 3.6195515521151505
1.0279546160751455e-15 3.628797311768156
-0.25887543621710996 3.6195515521151505
-0.5164317025508165 3.591861387428009
-0.7713563513050615 3.545867920438822
-1.0223503449037492 3.481805523312722
-1.268134675488472 3.400000643341048
-1.5074568824493786 3.30087013944078
-1.7390974346773551 3.184919157937048
-1.9618759450150094 3.0527385584532554
-2.1746571852390693 2.9050019030258625
-2.3763568709231717 2.7424620237866604
-2.5659471867027768 2.565947186702777
-2.74246202378666 2.3763568709231726
-2.905001903025862 2.1746571852390697
-3.052738558453254 1.9618759450150114
-3.1849191579370486 1.7390974346773542
-3.300870139440779 1.50745688244938
-3.400000643341048 1.2681346754884733
-3.481805523312722 1.0223503449037492
-3.5458679204388215 0.771356351305063
-3.5918613874280085 0.516431702550817
-3.6195515521151505 0.2588754362171106
-3.628797311768156 2.055909232150291e-15
-3.6195515521151505 -0.2588754362171097
-3.591861387428009 -0.5164317025508162
-3.545867920438822 -0.7713563513050621
-3.4818055233127225 -1.022350344903748
-3.4000006433410483 -1.268134675488471
-3.3008701394407796 -1.5074568824493793
-3.1849191579370495 -1.7390974346773533
-3.0527385584532545 -1.9618759450150107
-2.9050019030258625 -2.174657185239069
-2.742462023786661 -2.3763568709231717
-2.5659471867027768 -2.5659471867027777
-2.3763568709231726 -2.74246202378666
-2.17465718523907 -2.905001903025862
-1.9618759450150103 -3.0527385584532545
-1.7390974346773558 -3.1849191579370477
-1.5074568824493817 -3.3008701394407787
-1.2681346754884733 -3.400000643341048
-1.0223503449037494 -3.481805523312722
-0.77135635130506 -3.5458679204388224
-0.5164317025508173 -3.5918613874280085
-0.2588754362171124 -3.6195515521151505
-6.665992518917087e-16 -3.628797311768156
0.2588754362171079 -3.619551552115151
0.5164317025508159 -3.591861387428009
0.7713563513050619 -3.545867920438822
1.0223503449037479 -3.4818055233127225
1.2681346754884721 -3.400000643341048
1.5074568824493775 -3.3008701394407804
1.7390974346773547 -3.1849191579370486
1.9618759450150118 -3.0527385584532536
2.174657185239069 -2.905001903025863
2.37635687092317 -2.742462023786662
2.5659471867027768 -2.5659471867027777
2.7424620237866586 -2.3763568709231735
2.9050019030258616 -2.17465718523907
3.0527385584532545 -1.9618759450150103
3.1849191579370477 -1.739097434677356
3.3008701394407787 -1.5074568824493817
3.400000643341049 -1.2681346754884706
3.481805523312722 -1.0223503449037494
3.5458679204388215 -0.7713563513050633
3.5918613874280085 -0.5164317025508176
3.6195515521151505 -0.2588754362171126
4.454007948996989 0.0
4.442659647217925 0.3177452890443333
4.4086725702253355 0.6338714209294329
4.35221990837304 0.9467674893498047
4.27358933148573 1.2548390476629738
4.1731815229594815 1.5565162338240957
4.051508137971018 1.8502617700430897
3.9091891962002023 2.134578796399886
3.746949922351881 2.408018498499462
3.565617050577015 2.669187490297906
3.3661146116249574 2.9167549144783025
3.149459224194558 3.149459224194557
2.9167549144783025 3.3661146116249574
2.6691874902979063 3.565617050577015
2.4080184984994624 3.74694992235188
2.1345787963998863 3.909189196200202
1.85026177004309 4.051508137971017
1.5565162338240959 4.1731815229594815
1.2548390476629743 4.27358933148573
0.9467674893498055 4.35221990837304
0.6338714209294328 4.4086725702253355
0.31774528904433336 4.442659647217925
1.261717764273787e-15 4.454007948996989
-0.31774528904433286 4.442659647217925
-0.6338714209294324 4.408672570225336
-0.9467674893498049 4.35221990837304
-1.2548390476629738 4.27358933148573
-1.5565162338240954 4.1731815229594815
-1.8502617700430892 4.051508137971018
-2.134578796399886 3.909189196200202
-2.40801849849946 3.746949922351882
-2.6691874902979063 3.565617050577015
-2.916754914478302 3.3661146116249574
-3.149459224194557 3.149459224194558
-3.366114611624957 2.916754914478303
-3.5656170505770146 2.6691874902979067
-3.74694992235188 2.408018498499463
-3.9091891962002023 2.134578796399885
-4.051508137971017 1.850261770043091
-4.1731815229594815 1.5565162338240968
-4.27358933148573 1.2548390476629738
-4.35221990837304 0.9467674893498067
-4.4086725702253355 0.6338714209294332
-4.442659647217925 0.3177452890443337
-4.454007948996989 2.523435528547574e-15
-4.442659647217925 -0.3177452890443326
-4.408672570225336 -0.633871420929432
-4.35221990837304 -0.9467674893498056
-4.27358933148573 -1.2548390476629727
-4.173181522959482 -1.556516233824094
-4.051508137971017 -1.8502617700430901
-3.909189196200203 -2.134578796399884
-3.746949922351881 -2.408018498499462
-3.565617050577015 -2.669187490297906
-3.366114611624958 -2.916754914478302
-3.1494592241945565 -3.1494592241945583
-2.916754914478303 -3.366114611624957
-2.669187490297907 -3.5656170505770146
-2.408018498499461 -3.746949922351881
-2.134578796399887 -3.9091891962002014
-1.850261770043093 -4.051508137971015
-1.5565162338240972 -4.1731815229594815
-1.254839047662974 -4.27358933148573
-0.9467674893498031 -4.352219908373041
-0.6338714209294334 -4.4086725702253355
-0.3177452890443359 -4.442659647217925
-8.181879867174045e-16 -4.454007948996989
0.31774528904433036 -4.442659647217925
0.6338714209294317 -4.408672570225336
0.9467674893498054 -4.35221990837304
1.2548390476629723 -4.27358933148573
1.5565162338240957 -4.1731815229594815
1.8502617700430881 -4.051508137971018
2.1345787963998855 -3.9091891962002023
2.4080184984994633 -3.7469499223518796
2.669187490297906 -3.5656170505770155
2.9167549144783 -3.3661146116249596
3.1494592241945565 -3.1494592241945583
3.3661146116249556 -2.9167549144783043
3.565617050577014 -2.669187490297907
3.746949922351881 -2.408018498499461
3.9091891962002014 -2.1345787963998872
4.051508137971015 -1.8502617700430932
4.173181522959482 -1.5565162338240937
4.27358933148573 -1.2548390476629743
4.35221990837304 -0.9467674893498071
4.4086725702253355 -0.6338714209294337
4.442659647217925 -0.31774528904433613
5.073852862100429 0.0
5.06092526652336 0.3619645188553318
5.022208355855944 0.7220845494922675
4.9578994226002315 1.078525002781577
4.868326170339169 1.4294695398767596
4.753945043834251 1.7731298278604635
4.615338903087648 2.107754652679108
4.453214053221233 2.4316388429282907
4.268396645307586 2.743131959015399
4.061828466493495 3.0406467034214635
3.834562140868534 3.3226670092054724
3.587755765533986 3.5877557655339856
3.3226670092054724 3.834562140868534
3.040646703421464 4.061828466493495
2.7431319590153995 4.268396645307585
2.4316388429282916 4.453214053221232
2.1077546526791084 4.615338903087647
1.773129827860464 4.753945043834251
1.4294695398767603 4.868326170339169
1.0785250027815778 4.9578994226002315
0.7220845494922673 5.022208355855944
0.36196451885533193 5.06092526652336
1.4373055375586255e-15 5.073852862100429
-0.3619645188553313 5.06092526652336
-0.7220845494922667 5.022208355855944
-1.0785250027815774 4.9578994226002315
-1.4294695398767596 4.868326170339169
-1.7731298278604632 4.753945043834251
-2.107754652679108 4.615338903087648
-2.431638842928291 4.453214053221232
-2.7431319590153973 4.268396645307587
-3.040646703421464 4.061828466493495
-3.3226670092054715 3.834562140868534
-3.5877557655339856 3.587755765533986
-3.8345621408685338 3.322667009205473
-4.061828466493495 3.040646703421465
-4.268396645307585 2.7431319590154004
-4.453214053221233 2.43163884292829
-4.615338903087646 2.1077546526791098
-4.75394504383425 1.773129827860465
-4.868326170339169 1.4294695398767596
-4.9578994226002315 1.0785250027815791
-5.022208355855944 0.7220845494922676
-5.06092526652336 0.36196451885533226
-5.073852862100429 2.874611075117251e-15
-5.06092526652336 -0.361964518855331
-5.022208355855944 -0.7220845494922663
-4.9578994226002315 -1.078525002781578
-4.868326170339169 -1.4294695398767583
-4.753945043834252 -1.773129827860462
-4.615338903087647 -2.1077546526791084
-4.453214053221234 -2.431638842928289
-4.268396645307586 -2.743131959015399
-4.061828466493495 -3.0406467034214635
-3.8345621408685346 -3.3226670092054715
-3.587755765533985 -3.5877557655339865
-3.322667009205473 -3.8345621408685338
-3.0406467034214653 -4.061828466493495
-2.7431319590153986 -4.268396645307586
-2.431638842928292 -4.453214053221231
-2.107754652679112 -4.615338903087645
-1.7731298278604652 -4.75394504383425
-1.42946953987676 -4.868326170339169
-1.0785250027815751 -4.957899422600232
-0.7220845494922679 -5.022208355855944
-0.3619645188553348 -5.06092526652336
-9.32051650037389e-16 -5.073852862100429
0.36196451885532843 -5.06092526652336
0.7220845494922661 -5.022208355855944
1.0785250027815776 -4.9578994226002315
1.429469539876758 -4.868326170339169
1.7731298278604635 -4.753945043834251
2.107754652679106 -4.615338903087648
2.4316388429282907 -4.453214053221233
2.743131959015401 -4.268396645307584
3.0406467034214635 -4.061828466493496
3.3226670092054693 -3.8345621408685364
3.587755765533985 -3.5877557655339865
3.834562140868532 -3.3226670092054746
4.061828466493494 -3.0406467034214653
4.268396645307586 -2.7431319590153986
4.453214053221231 -2.4316388429282925
4.615338903087645 -2.1077546526791124
4.753945043834252 -1.7731298278604612
4.868326170339169 -1.4294695398767603
4.9578994226002315 -1.0785250027815798
5.022208355855944 -0.7220845494922683
5.06092526652336 -0.3619645188553351
5.559878998923125 0.0
5.54571306445301 0.3966372264697413
5.503287447397605 0.791253280550779
5.432818338976599 1.181837289285608
5.334664833613544 1.5663989260955804
5.209327099072972 1.942978553028926
5.057443827720125 2.309657206626565
4.879788981891053 2.664566376520032
4.67726784995797 3.005897526932008
4.450912433187209 3.331911312560093
4.201876186897331 3.6409464418817747
3.931428142715215 3.9314281427152147
3.6409464418817747 4.201876186897331
3.331911312560094 4.450912433187209
3.0058975269320083 4.677267849957969
2.6645663765200327 4.8797889818910525
2.3096572066265653 5.057443827720124
1.9429785530289265 5.209327099072972
1.566398926095581 5.334664833613544
1.181837289285609 5.432818338976599
0.7912532805507789 5.503287447397605
0.39663722646974137 5.54571306445301
1.5749855367307537e-15 5.559878998923125
-0.39663722646974076 5.54571306445301
-0.7912532805507783 5.503287447397605
-1.1818372892856084 5.432818338976599
-1.5663989260955804 5.334664833613544
-1.9429785530289259 5.209327099072972
-2.309657206626565 5.057443827720125
-2.664566376520032 4.8797889818910525
-3.0058975269320056 4.677267849957971
-3.331911312560094 4.450912433187209
-3.640946441881774 4.201876186897331
-3.9314281427152147 3.931428142715215
-4.201876186897331 3.640946441881775
-4.4509124331872085 3.3319113125600945
-4.677267849957969 3.0058975269320087
-4.879788981891053 2.6645663765200305
-5.057443827720124 2.309657206626567
-5.209327099072972 1.9429785530289276
-5.334664833613544 1.5663989260955804
-5.432818338976599 1.1818372892856106
-5.503287447397605 0.7912532805507791
-5.54571306445301 0.39663722646974175
-5.559878998923125 3.1499710734615074e-15
-5.54571306445301 -0.39663722646974037
-5.503287447397605 -0.7912532805507778
-5.432818338976599 -1.181837289285609
-5.3346648336135445 -1.5663989260955788
-5.209327099072973 -1.9429785530289243
-5.057443827720124 -2.3096572066265657
-4.879788981891054 -2.6645663765200296
-4.67726784995797 -3.005897526932008
-4.450912433187209 -3.331911312560093
-4.201876186897332 -3.640946441881774
-3.9314281427152142 -3.931428142715216
-3.640946441881775 -4.201876186897331
-3.3319113125600954 -4.4509124331872085
-3.005897526932007 -4.67726784995797
-2.664566376520033 -4.879788981891052
-2.3096572066265693 -5.057443827720122
-1.942978553028928 -5.209327099072972
-1.5663989260955806 -5.334664833613544
-1.181837289285606 -5.4328183389766
-0.7912532805507795 -5.503287447397605
-0.39663722646974453 -5.54571306445301
-1.0213332029516692e-15 -5.559878998923125
0.3966372264697376 -5.545713064453011
0.7912532805507775 -5.503287447397605
1.1818372892856088 -5.432818338976599
1.5663989260955786 -5.3346648336135445
1.942978553028926 -5.209327099072972
2.309657206626563 -5.0574438277201255
2.6645663765200314 -4.879788981891053
3.0058975269320096 -4.6772678499579685
3.331911312560093 -4.450912433187209
3.6409464418817716 -4.2018761868973336
3.9314281427152142 -3.931428142715216
4.201876186897329 -3.640946441881777
4.450912433187208 -3.3319113125600954
4.67726784995797 -3.005897526932007
4.879788981891052 -2.6645663765200336
5.057443827720122 -2.3096572066265697
5.209327099072974 -1.9429785530289236
5.334664833613544 -1.566398926095581
5.432818338976599 -1.181837289285611
5.503287447397605 -0.7912532805507799
5.54571306445301 -0.39663722646974486
5.950477921323789 0.0
5.935316785566039 0.424502234552305
5.889910635965368 0.846841303021949
5.814490851852121 1.264865062324786
5.709441755158376 1.6764433592030268
5.575298652001478 2.079478884997966
5.412745104886765 2.4719178630541596
5.222609449429727 2.851760514294496
5.005860573347581 3.217071247635978
4.763602979229555 3.56598852331821
4.497071156244865 3.896734338883311
4.2076232894688825 4.2076232894688825
3.896734338883311 4.497071156244865
3.5659885233182105 4.763602979229555
3.217071247635979 5.00586057334758
2.851760514294497 5.222609449429727
2.47191786305416 5.412745104886765
2.0794788849979664 5.575298652001478
1.6764433592030272 5.709441755158376
1.2648650623247868 5.814490851852121
0.8468413030219488 5.889910635965368
0.4245022345523051 5.935316785566039
1.685633206142771e-15 5.950477921323789
-0.42450223455230446 5.935316785566039
-0.8468413030219482 5.889910635965369
-1.2648650623247861 5.814490851852121
-1.6764433592030268 5.709441755158376
-2.079478884997966 5.575298652001478
-2.471917863054159 5.412745104886765
-2.8517605142944964 5.222609449429727
-3.2170712476359764 5.005860573347582
-3.5659885233182105 4.763602979229555
-3.8967343388833102 4.497071156244865
-4.2076232894688825 4.2076232894688825
-4.497071156244864 3.8967343388833116
-4.763602979229554 3.5659885233182114
-5.00586057334758 3.2170712476359795
-5.222609449429727 2.851760514294495
-5.412745104886764 2.471917863054162
-5.575298652001477 2.0794788849979677
-5.709441755158376 1.6764433592030268
-5.81449085185212 1.2648650623247886
-5.889910635965368 0.8468413030219492
-5.935316785566039 0.4245022345523055
-5.950477921323789 3.371266412285542e-15
-5.935316785566039 -0.424502234552304
-5.889910635965369 -0.8468413030219477
-5.814490851852121 -1.264865062324787
-5.709441755158376 -1.676443359203025
-5.575298652001479 -2.079478884997964
-5.412745104886765 -2.4719178630541605
-5.222609449429728 -2.8517605142944937
-5.005860573347581 -3.217071247635978
-4.763602979229555 -3.56598852331821
-4.497071156244866 -3.8967343388833102
-4.207623289468882 -4.207623289468883
-3.8967343388833116 -4.497071156244864
-3.565988523318212 -4.763602979229554
-3.2170712476359777 -5.005860573347581
-2.8517605142944977 -5.222609449429726
-2.4719178630541645 -5.4127451048867625
-2.079478884997968 -5.575298652001477
-1.676443359203027 -5.709441755158376
-1.2648650623247837 -5.8144908518521214
-0.8468413030219495 -5.889910635965368
-0.4245022345523085 -5.935316785566039
-1.093085060961926e-15 -5.950477921323789
0.42450223455230107 -5.93531678556604
0.8468413030219474 -5.889910635965369
1.2648650623247868 -5.814490851852121
1.6764433592030248 -5.709441755158376
2.079478884997966 -5.575298652001478
2.471917863054158 -5.412745104886766
2.8517605142944955 -5.222609449429727
3.2170712476359804 -5.005860573347579
3.56598852331821 -4.763602979229556
3.8967343388833076 -4.497071156244868
4.207623289468882 -4.207623289468883
4.497071156244862 -3.8967343388833138
4.763602979229553 -3.565988523318212
5.005860573347581 -3.2170712476359777
5.222609449429726 -2.851760514294498
5.4127451048867625 -2.4719178630541645
5.57529865200148 -2.0794788849979633
5.709441755158376 -1.6764433592030272
5.81449085185212 -1.2648650623247892
5.889910635965368 -0.84684130302195
5.935316785566039 -0.42450223455230884
6.5199980193844835 0.0
6.503385811689718 0.4651313331635017
6.453633840607975 0.9278924636708422
6.370995630779715 1.385925266875297
6.255892287579852 1.8368957126022478
6.108910351261283 2.278505758831945
5.930798808080216 2.7085050619948787
5.7224652736338815 3.124702444206791
5.484971367859501 3.5249770590089042
5.219527305262426 3.9072891987153366
4.9274857279404305 4.2696906882959285
4.6103348128296275 4.610334812829627
4.2696906882959285 4.9274857279404305
3.907289198715337 5.219527305262426
3.5249770590089047 5.4849713678595
3.1247024442067923 5.722465273633881
2.708505061994879 5.930798808080215
2.2785057588319453 6.108910351261283
1.8368957126022487 6.255892287579852
1.3859252668752982 6.370995630779715
0.927892463670842 6.453633840607975
0.46513133316350175 6.503385811689718
1.846965119570529e-15 6.5199980193844835
-0.465131333163501 6.503385811689718
-0.9278924636708413 6.453633840607975
-1.3859252668752975 6.370995630779715
-1.8368957126022478 6.255892287579852
-2.2785057588319444 6.108910351261283
-2.7085050619948783 5.930798808080216
-3.1247024442067914 5.722465273633881
-3.524977059008902 5.484971367859503
-3.907289198715337 5.219527305262426
-4.269690688295928 4.9274857279404305
-4.610334812829627 4.6103348128296275
-4.92748572794043 4.2696906882959285
-5.219527305262425 3.907289198715338
-5.4849713678595 3.5249770590089056
-5.7224652736338815 3.12470244420679
-5.9307988080802145 2.708505061994881
-6.108910351261282 2.2785057588319466
-6.255892287579852 1.8368957126022478
-6.370995630779714 1.3859252668753
-6.453633840607975 0.9278924636708424
-6.503385811689718 0.4651313331635022
-6.5199980193844835 3.693930239141058e-15
-6.503385811689718 -0.4651313331635006
-6.453633840607975 -0.9278924636708408
-6.370995630779715 -1.3859252668752984
-6.255892287579852 -1.836895712602246
-6.108910351261284 -2.2785057588319426
-5.930798808080215 -2.7085050619948796
-5.722465273633883 -3.1247024442067888
-5.484971367859501 -3.5249770590089042
-5.219527305262426 -3.9072891987153366
-4.927485727940431 -4.269690688295928
-4.610334812829626 -4.610334812829628
-4.2696906882959285 -4.92748572794043
-3.9072891987153384 -5.219527305262425
-3.5249770590089033 -5.484971367859501
-3.124702444206793 -5.722465273633881
-2.7085050619948836 -5.930798808080213
-2.278505758831947 -6.108910351261282
-1.8368957126022483 -6.255892287579852
-1.3859252668752946 -6.370995630779716
-0.9278924636708428 -6.453633840607975
-0.46513133316350547 -6.503385811689718
-1.1977042057329434e-15 -6.5199980193844835
0.4651313331634973 -6.503385811689719
0.9278924636708404 -6.453633840607975
1.385925266875298 -6.370995630779715
1.8368957126022456 -6.255892287579852
2.278505758831945 -6.108910351261283
2.7085050619948765 -5.930798808080216
3.124702444206791 -5.7224652736338815
3.5249770590089065 -5.4849713678595
3.9072891987153366 -5.219527305262427
4.269690688295924 -4.927485727940433
4.610334812829626 -4.610334812829628
4.927485727940428 -4.269690688295931
5.219527305262425 -3.9072891987153384
5.484971367859501 -3.5249770590089033
5.722465273633881 -3.124702444206793
5.930798808080213 -2.708505061994884
6.108910351261284 -2.2785057588319417
6.255892287579852 -1.8368957126022487
6.370995630779714 -1.3859252668753006
6.453633840607975 -0.9278924636708433
6.503385811689718 -0.46513133316350586
6.248774472986322 0.0
6.23285331180278 0.44578246689905776
6.185170958840087 0.889293328529281
6.105970392439168 1.3282725552015866
5.99565520053201 1.7604832093998937
5.8547875240500655 2.183722844701953
5.684085192382928 2.595834728941469
5.484418065484296 2.994718834420852
5.256803601265046 3.378342539170996
5.0024016708609365 3.7447509847269145
4.722508648195167 4.092077037638385
4.418550803954023 4.418550803954023
4.092077037638385 4.722508648195167
3.744750984726915 5.0024016708609365
3.3783425391709967 5.256803601265045
2.994718834420853 5.484418065484295
2.595834728941469 5.684085192382927
2.1837228447019537 5.8547875240500655
1.7604832093998943 5.99565520053201
1.3282725552015877 6.105970392439168
0.8892933285292809 6.185170958840087
0.4457824668990578 6.23285331180278
1.7701337419666882e-15 6.248774472986322
-0.44578246689905715 6.23285331180278
-0.8892933285292802 6.185170958840088
-1.328272555201587 6.105970392439168
-1.7604832093998937 5.99565520053201
-2.183722844701953 5.8547875240500655
-2.5958347289414685 5.684085192382928
-2.9947188344208526 5.484418065484295
-3.378342539170994 5.256803601265047
-3.744750984726915 5.0024016708609365
-4.092077037638385 4.722508648195167
-4.418550803954023 4.418550803954023
-4.722508648195167 4.0920770376383855
-5.002401670860936 3.744750984726916
-5.256803601265045 3.3783425391709976
-5.484418065484296 2.994718834420851
-5.684085192382926 2.5958347289414707
-5.854787524050065 2.183722844701955
-5.99565520053201 1.7604832093998937
-6.105970392439168 1.3282725552015895
-6.185170958840087 0.8892933285292812
-6.23285331180278 0.44578246689905826
-6.248774472986322 3.5402674839333763e-15
-6.23285331180278 -0.4457824668990567
-6.185170958840088 -0.8892933285292797
-6.105970392439168 -1.328272555201588
-5.995655200532011 -1.7604832093998921
-5.854787524050066 -2.1837228447019514
-5.684085192382927 -2.5958347289414694
-5.484418065484297 -2.9947188344208495
-5.256803601265046 -3.378342539170996
-5.0024016708609365 -3.7447509847269145
-4.722508648195168 -4.092077037638385
-4.418550803954022 -4.418550803954024
-4.0920770376383855 -4.722508648195167
-3.7447509847269163 -5.002401670860936
-3.3783425391709954 -5.256803601265046
-2.994718834420854 -5.484418065484294
-2.5958347289414734 -5.684085192382925
-2.1837228447019554 -5.854787524050065
-1.7604832093998941 -5.99565520053201
-1.3282725552015844 -6.105970392439169
-0.8892933285292816 -6.185170958840087
-0.44578246689906137 -6.23285331180278
-1.1478812485404582e-15 -6.248774472986322
0.4457824668990536 -6.2328533118027805
0.8892933285292793 -6.185170958840088
1.3282725552015875 -6.105970392439168
1.7604832093998917 -5.995655200532011
2.183722844701953 -5.8547875240500655
2.5958347289414667 -5.684085192382929
2.9947188344208517 -5.484418065484296
3.378342539170998 -5.2568036012650445
3.7447509847269145 -5.002401670860937
4.092077037638382 -4.72250864819517
4.418550803954022 -4.418550803954024
4.722508648195165 -4.092077037638388
5.002401670860936 -3.7447509847269163
5.256803601265046 -3.3783425391709954
5.484418065484294 -2.994718834420854
5.684085192382925 -2.595834728941474
5.854787524050066 -2.1837228447019505
5.99565520053201 -1.7604832093998943
6.105970392439168 -1.3282725552015902
6.185170958840087 -0.8892933285292821
6.23285331180278 -0.44578246689906176
6.771457249294951 0.0
6.754204352302179 0.4830702292332224
6.702533578132222 0.9636788433078752
6.61670822920625 1.439376770891984
6.497165651829457 1.9077399643863007
6.344515007574547 2.366381752315227
6.159534169133985 2.8129650012575795
5.94316575645906 3.2452140253427886
5.69651233338469 3.660926182624454
5.420830789216836 4.057983099238822
5.117525933912716 4.4343614641524125
4.788143339491266 4.788143339491265
4.4343614641524125 5.117525933912716
4.057983099238823 5.420830789216836
3.660926182624455 5.696512333384689
3.2452140253427895 5.94316575645906
2.81296500125758 6.159534169133984
2.3663817523152275 6.344515007574547
1.9077399643863016 6.497165651829457
1.4393767708919851 6.61670822920625
0.963678843307875 6.702533578132222
0.48307022923322246 6.754204352302179
1.918197721982047e-15 6.771457249294951
-0.48307022923322174 6.754204352302179
-0.9636788433078742 6.702533578132223
-1.4393767708919845 6.61670822920625
-1.9077399643863007 6.497165651829457
-2.366381752315227 6.344515007574547
-2.8129650012575795 6.159534169133985
-3.245214025342789 5.94316575645906
-3.660926182624452 5.696512333384692
-4.057983099238823 5.420830789216836
-4.4343614641524125 5.117525933912716
-4.788143339491265 4.788143339491266
-5.117525933912715 4.434361464152413
-5.4208307892168355 4.057983099238823
-5.696512333384689 3.660926182624456
-5.94316575645906 3.2452140253427872
-6.159534169133983 2.812965001257582
-6.344515007574546 2.3663817523152293
-6.497165651829457 1.9077399643863007
-6.616708229206249 1.4393767708919871
-6.702533578132222 0.9636788433078753
-6.754204352302179 0.48307022923322296
-6.771457249294951 3.836395443964094e-15
-6.754204352302179 -0.48307022923322124
-6.702533578132223 -0.9636788433078737
-6.61670822920625 -1.4393767708919853
-6.497165651829458 -1.907739964386299
-6.344515007574548 -2.366381752315225
-6.159534169133984 -2.8129650012575804
-5.943165756459062 -3.245214025342786
-5.69651233338469 -3.660926182624454
-5.420830789216836 -4.057983099238822
-5.117525933912717 -4.4343614641524125
-4.788143339491264 -4.788143339491267
-4.434361464152413 -5.117525933912715
-4.0579830992388235 -5.4208307892168355
-3.6609261826244532 -5.69651233338469
-3.2452140253427904 -5.943165756459059
-2.812965001257585 -6.159534169133982
-2.3663817523152297 -6.344515007574546
-1.9077399643863011 -6.497165651829457
-1.4393767708919816 -6.6167082292062505
-0.9636788433078758 -6.702533578132222
-0.48307022923322634 -6.754204352302179
-1.2438965168868302e-15 -6.771457249294951
0.48307022923321785 -6.75420435230218
0.9636788433078733 -6.702533578132223
1.439376770891985 -6.61670822920625
1.9077399643862984 -6.497165651829458
2.366381752315227 -6.344515007574547
2.8129650012575773 -6.159534169133986
3.245214025342788 -5.94316575645906
3.6609261826244563 -5.696512333384688
4.057983099238822 -5.420830789216836
4.434361464152409 -5.117525933912718
4.788143339491264 -4.788143339491267
5.117525933912712 -4.434361464152416
5.420830789216835 -4.0579830992388235
5.69651233338469 -3.6609261826244532
5.943165756459059 -3.245214025342791
6.159534169133982 -2.8129650012575853
6.3445150075745484 -2.3663817523152244
6.497165651829457 -1.9077399643863016
6.616708229206249 -1.4393767708919878
6.702533578132222 -0.9636788433078763
6.754204352302179 -0.4830702292332267
7.130046384525449 0.0
7.111879843514102 0.5086516852446852
7.057472793008911 1.0147113980947606
6.967102478868039 1.5156003742528064
6.841229407497619 2.008766198310346
6.6804949992166645 2.4916958102717035
6.485718319726154 2.9619283115316923
6.25789190633796 3.417067505050826
5.998176710232225 3.8547941058261666
5.7078961805162525 4.272877559436076
5.388529520231226 4.669187408434262
5.041704148672571 5.04170414867257
4.669187408434262 5.388529520231226
4.272877559436077 5.7078961805162525
3.8547941058261674 5.998176710232224
3.4170675050508272 6.257891906337959
2.961928311531693 6.485718319726153
2.491695810271704 6.6804949992166645
2.008766198310347 6.841229407497619
1.5156003742528075 6.967102478868039
1.0147113980947606 7.057472793008911
0.5086516852446853 7.111879843514102
2.0197777566781638e-15 7.130046384525449
-0.5086516852446845 7.111879843514102
-1.0147113980947597 7.057472793008912
-1.5156003742528068 6.967102478868039
-2.008766198310346 6.841229407497619
-2.491695810271703 6.6804949992166645
-2.961928311531692 6.485718319726154
-3.4170675050508263 6.257891906337959
-3.8547941058261643 5.998176710232226
-4.272877559436077 5.7078961805162525
-4.6691874084342615 5.388529520231226
-5.04170414867257 5.041704148672571
-5.388529520231225 4.669187408434262
-5.707896180516252 4.272877559436078
-5.998176710232224 3.8547941058261683
-6.25789190633796 3.417067505050825
-6.4857183197261525 2.9619283115316946
-6.680494999216664 2.4916958102717053
-6.841229407497619 2.008766198310346
-6.967102478868038 1.5156003742528095
-7.057472793008911 1.0147113980947609
-7.111879843514102 0.5086516852446857
-7.130046384525449 4.0395555133563276e-15
-7.111879843514102 -0.508651685244684
-7.057472793008912 -1.014711398094759
-6.967102478868039 -1.5156003742528077
-6.84122940749762 -2.008766198310344
-6.680494999216665 -2.4916958102717013
-6.485718319726153 -2.9619283115316932
-6.257891906337962 -3.4170675050508232
-5.998176710232225 -3.8547941058261666
-5.7078961805162525 -4.272877559436076
-5.388529520231227 -4.6691874084342615
-5.0417041486725696 -5.041704148672572
-4.669187408434262 -5.388529520231225
-4.272877559436079 -5.707896180516252
-3.8547941058261657 -5.998176710232225
-3.417067505050828 -6.257891906337959
-2.9619283115316977 -6.485718319726151
-2.4916958102717057 -6.680494999216664
-2.0087661983103464 -6.841229407497619
-1.5156003742528037 -6.96710247886804
-1.0147113980947613 -7.057472793008911
-0.5086516852446894 -7.111879843514102
-1.3097682723871873e-15 -7.130046384525449
0.5086516852446804 -7.111879843514102
1.0147113980947586 -7.057472793008912
1.5156003742528075 -6.967102478868039
2.0087661983103438 -6.84122940749762
2.4916958102717035 -6.6804949992166645
2.96192831153169 -6.485718319726155
3.417067505050826 -6.25789190633796
3.8547941058261688 -5.998176710232223
4.272877559436076 -5.707896180516253
4.669187408434258 -5.388529520231229
5.0417041486725696 -5.041704148672572
5.388529520231223 -4.669187408434265
5.707896180516251 -4.272877559436079
5.998176710232225 -3.8547941058261657
6.257891906337959 -3.4170675050508286
6.485718319726151 -2.961928311531698
6.680494999216666 -2.4916958102717004
6.841229407497619 -2.008766198310347
6.967102478868038 -1.5156003742528104
7.057472793008911 -1.014711398094762
7.111879843514102 -0.5086516852446897
6.957293851506697 0.0
6.9395674641502705 0.496327660643529
6.886478631687707 0.9901261492968967
6.7982978826401865 1.4788791820506653
6.67547456589202 1.9600961854821397
6.518634560911733 2.431324988046639
6.32857708841376 2.8901643157815986
6.106270637712878 3.334276028648266
5.8528480315246645 3.7613970351573833
5.569600653360594 4.169350824564674
5.257971866933684 4.556058557870695
4.919549661107859 4.919549661107858
4.556058557870695 5.257971866933684
4.169350824564675 5.569600653360594
3.761397035157384 5.852848031524664
3.3342760286482673 6.1062706377128775
2.890164315781599 6.328577088413759
2.4313249880466397 6.518634560911733
1.9600961854821404 6.67547456589202
1.4788791820506664 6.7982978826401865
0.9901261492968965 6.886478631687707
0.4963276606435291 6.9395674641502705
1.970840946903916e-15 6.957293851506697
-0.49632766064352835 6.9395674641502705
-0.9901261492968957 6.886478631687707
-1.4788791820506657 6.7982978826401865
-1.9600961854821397 6.67547456589202
-2.4313249880466388 6.518634560911733
-2.890164315781598 6.32857708841376
-3.3342760286482664 6.1062706377128775
-3.761397035157381 5.852848031524666
-4.169350824564675 5.569600653360594
-4.556058557870695 5.257971866933684
-4.919549661107858 4.919549661107859
-5.2579718669336835 4.556058557870696
-5.5696006533605935 4.169350824564676
-5.852848031524664 3.761397035157385
-6.106270637712878 3.334276028648265
-6.328577088413758 2.8901643157816013
-6.518634560911732 2.431324988046641
-6.67547456589202 1.9600961854821397
-6.798297882640186 1.4788791820506684
-6.886478631687707 0.9901261492968969
-6.9395674641502705 0.4963276606435296
-6.957293851506697 3.941681893807832e-15
-6.9395674641502705 -0.49632766064352785
-6.886478631687707 -0.9901261492968951
-6.7982978826401865 -1.4788791820506666
-6.675474565892021 -1.9600961854821377
-6.5186345609117335 -2.431324988046637
-6.328577088413759 -2.8901643157815995
-6.10627063771288 -3.3342760286482633
-5.8528480315246645 -3.7613970351573833
-5.569600653360594 -4.169350824564674
-5.257971866933685 -4.556058557870695
-4.919549661107857 -4.91954966110786
-4.556058557870696 -5.2579718669336835
-4.169350824564677 -5.5696006533605935
-3.761397035157383 -5.8528480315246645
-3.334276028648268 -6.106270637712877
-2.890164315781604 -6.328577088413756
-2.4313249880466414 -6.518634560911732
-1.9600961854821402 -6.67547456589202
-1.4788791820506628 -6.798297882640187
-0.9901261492968972 -6.886478631687707
-0.49632766064353306 -6.9395674641502705
-1.2780341468962856e-15 -6.957293851506697
0.4963276606435244 -6.9395674641502705
0.9901261492968948 -6.886478631687707
1.4788791820506662 -6.7982978826401865
1.9600961854821375 -6.675474565892021
2.431324988046639 -6.518634560911733
2.8901643157815964 -6.32857708841376
3.3342760286482656 -6.106270637712878
3.761397035157386 -5.852848031524663
4.169350824564674 -5.569600653360595
4.556058557870691 -5.257971866933688
4.919549661107857 -4.91954966110786
5.257971866933682 -4.556058557870698
5.569600653360593 -4.169350824564677
5.8528480315246645 -3.761397035157383
6.106270637712877 -3.3342760286482687
6.328577088413756 -2.8901643157816044
6.518634560911734 -2.431324988046636
6.67547456589202 -1.9600961854821404
6.798297882640186 -1.478879182050669
6.886478631687707 -0.9901261492968979
6.9395674641502705 -0.49632766064353345
7.369849825567151 0.0
7.3510722928719625 0.5257590668569655
7.294835380788817 1.0488389860239877
7.201425659731038 1.566574262133636
7.0713191242257105 2.076326634894398
6.905178767354684 2.5754985230603826
6.703851202293797 3.0615462611099282
6.468362348166193 3.5319930611820447
6.19991220219363 3.9844416342196176
5.8998687247857085 4.416586406004939
5.569760868727179 4.826225265837436
5.211270787985027 5.211270787985026
4.826225265837436 5.569760868727179
4.41658640600494 5.8998687247857085
3.9844416342196185 6.199912202193629
3.531993061182046 6.468362348166192
3.0615462611099287 6.703851202293796
2.575498523060383 6.905178767354684
2.0763266348943987 7.0713191242257105
1.5665742621336372 7.201425659731038
1.0488389860239875 7.294835380788817
0.5257590668569656 7.3510722928719625
2.0877085428287436e-15 7.369849825567151
-0.5257590668569647 7.3510722928719625
-1.0488389860239868 7.294835380788818
-1.5665742621336363 7.201425659731038
-2.076326634894398 7.0713191242257105
-2.575498523060382 6.905178767354684
-3.061546261109928 6.703851202293797
-3.531993061182045 6.468362348166192
-3.984441634219615 6.199912202193632
-4.41658640600494 5.8998687247857085
-4.826225265837435 5.569760868727179
-5.211270787985026 5.211270787985027
-5.569760868727178 4.8262252658374365
-5.899868724785708 4.4165864060049405
-6.199912202193629 3.9844416342196194
-6.468362348166193 3.5319930611820434
-6.703851202293795 3.0615462611099304
-6.905178767354683 2.575498523060385
-7.0713191242257105 2.076326634894398
-7.201425659731037 1.5665742621336392
-7.294835380788817 1.048838986023988
-7.3510722928719625 0.525759066856966
-7.369849825567151 4.175417085657487e-15
-7.3510722928719625 -0.5257590668569643
-7.294835380788818 -1.0488389860239862
-7.201425659731038 -1.5665742621336374
-7.071319124225711 -2.076326634894396
-6.905178767354685 -2.57549852306038
-6.703851202293796 -3.061546261109929
-6.468362348166194 -3.531993061182042
-6.19991220219363 -3.9844416342196176
-5.8998687247857085 -4.416586406004939
-5.56976086872718 -4.826225265837435
-5.2112707879850255 -5.211270787985028
-4.8262252658374365 -5.569760868727178
-4.416586406004941 -5.899868724785708
-3.9844416342196167 -6.19991220219363
-3.531993061182047 -6.468362348166191
-3.061546261109934 -6.7038512022937935
-2.5754985230603853 -6.905178767354683
-2.0763266348943983 -7.0713191242257105
-1.5665742621336334 -7.201425659731039
-1.0488389860239884 -7.294835380788817
-0.5257590668569698 -7.3510722928719625
-1.3538194498616236e-15 -7.369849825567151
0.5257590668569606 -7.351072292871963
1.0488389860239857 -7.294835380788818
1.566574262133637 -7.201425659731038
2.0763266348943956 -7.071319124225711
2.5754985230603826 -6.905178767354684
3.0615462611099256 -6.703851202293798
3.5319930611820443 -6.468362348166193
3.98444163421962 -6.199912202193628
4.416586406004939 -5.899868724785709
4.826225265837432 -5.569760868727182
5.2112707879850255 -5.211270787985028
5.569760868727176 -4.826225265837439
5.899868724785707 -4.416586406004941
6.19991220219363 -3.9844416342196167
6.468362348166191 -3.5319930611820474
6.7038512022937935 -3.061546261109934
6.905178767354686 -2.5754985230603795
7.0713191242257105 -2.0763266348943987
7.201425659731037 -1.56657426213364
7.294835380788817 -1.048838986023989
7.3510722928719625 -0.5257590668569702
7.511112352016599 0.0
7.491974898594151 0.535836620110529
7.434660058402754 1.0689427396297166
7.339459894730284 1.596601771971348
7.206859525788988 2.116124887656881
7.037534652664266 2.6248647159741347
6.832348116096829 3.120228835371605
6.592345499644061 3.599692983844458
6.318749801625886 4.06081392199509
6.012955203005659 4.501241883221061
5.676519962963556 4.918732547587086
5.311158478364976 5.311158478364975
4.918732547587086 5.676519962963556
4.501241883221062 6.012955203005659
4.0608139219950905 6.318749801625886
3.599692983844459 6.59234549964406
3.1202288353716052 6.832348116096828
2.624864715974135 7.037534652664266
2.116124887656882 7.206859525788988
1.596601771971349 7.339459894730284
1.0689427396297164 7.434660058402754
0.5358366201105291 7.491974898594151
2.127724959747712e-15 7.511112352016599
-0.5358366201105283 7.491974898594151
-1.0689427396297155 7.434660058402755
-1.5966017719713483 7.339459894730284
-2.116124887656881 7.206859525788988
-2.6248647159741343 7.037534652664266
-3.1202288353716043 6.832348116096829
-3.599692983844458 6.59234549964406
-4.060813921995088 6.318749801625888
-4.501241883221062 6.012955203005659
-4.918732547587085 5.676519962963556
-5.311158478364975 5.311158478364976
-5.676519962963555 4.918732547587087
-6.012955203005658 4.501241883221063
-6.318749801625886 4.060813921995091
-6.592345499644061 3.5996929838444567
-6.832348116096827 3.1202288353716074
-7.037534652664265 2.624864715974137
-7.206859525788988 2.116124887656881
-7.339459894730283 1.5966017719713512
-7.434660058402754 1.0689427396297169
-7.491974898594151 0.5358366201105297
-7.511112352016599 4.255449919495424e-15
-7.491974898594151 -0.5358366201105278
-7.434660058402755 -1.0689427396297149
-7.339459894730284 -1.5966017719713492
-7.206859525788989 -2.116124887656879
-7.037534652664267 -2.6248647159741325
-6.832348116096828 -3.1202288353716057
-6.592345499644063 -3.599692983844455
-6.318749801625886 -4.06081392199509
-6.012955203005659 -4.501241883221061
-5.676519962963557 -4.918732547587085
-5.311158478364974 -5.311158478364977
-4.918732547587087 -5.676519962963555
-4.501241883221064 -6.012955203005658
-4.060813921995089 -6.318749801625886
-3.59969298384446 -6.592345499644059
-3.1202288353716106 -6.832348116096825
-2.6248647159741374 -7.037534652664265
-2.1161248876568814 -7.206859525788988
-1.5966017719713452 -7.339459894730285
-1.0689427396297173 -7.434660058402754
-0.5358366201105335 -7.491974898594151
-1.3797689549899913e-15 -7.511112352016599
0.535836620110524 -7.491974898594152
1.0689427396297146 -7.434660058402755
1.5966017719713488 -7.339459894730284
2.1161248876568783 -7.206859525788989
2.6248647159741347 -7.037534652664266
3.120228835371602 -6.83234811609683
3.5996929838444576 -6.592345499644061
4.060813921995092 -6.318749801625885
4.501241883221061 -6.01295520300566
4.918732547587083 -5.676519962963559
5.311158478364974 -5.311158478364977
5.676519962963553 -4.91873254758709
6.0129552030056574 -4.501241883221064
6.318749801625886 -4.060813921995089
6.592345499644059 -3.5996929838444602
6.832348116096825 -3.120228835371611
7.0375346526642675 -2.6248647159741316
7.206859525788988 -2.116124887656882
7.339459894730283 -1.5966017719713521
7.434660058402754 -1.068942739629718
7.491974898594151 -0.5358366201105338
7.725539767102253 0.0
7.705855977201748 0.5511336967582624
7.646904911581637 1.0994589425289902
7.548986971359528 1.6421815975471263
7.412601123913992 2.176536071565861
7.238442360261179 2.6997994166705985
7.027398153539904 3.2093052027973727
6.7805439366519575 3.7024571052492585
6.499137622102551 4.176742134971889
6.184613191966532 4.6297434441696526
5.838573390644424 5.059152642008068
5.462781557644345 5.462781557644344
5.059152642008068 5.838573390644424
4.629743444169653 6.184613191966532
4.17674213497189 6.49913762210255
3.70245710524926 6.780543936651957
3.209305202797373 7.027398153539903
2.699799416670599 7.238442360261179
2.1765360715658617 7.412601123913992
1.6421815975471277 7.548986971359528
1.09945894252899 7.646904911581637
0.5511336967582625 7.705855977201748
2.1884673027922066e-15 7.725539767102253
-0.5511336967582616 7.705855977201748
-1.0994589425289891 7.646904911581638
-1.6421815975471268 7.548986971359528
-2.176536071565861 7.412601123913992
-2.699799416670598 7.238442360261179
-3.2093052027973723 7.027398153539904
-3.702457105249259 6.780543936651957
-4.176742134971886 6.499137622102553
-4.629743444169653 6.184613191966532
-5.059152642008067 5.838573390644424
-5.462781557644344 5.462781557644345
-5.838573390644423 5.059152642008069
-6.184613191966531 4.629743444169654
-6.49913762210255 4.1767421349718905
-6.7805439366519575 3.7024571052492576
-7.027398153539902 3.2093052027973754
-7.238442360261178 2.6997994166706007
-7.412601123913992 2.176536071565861
-7.548986971359527 1.6421815975471297
-7.646904911581637 1.0994589425289905
-7.705855977201748 0.5511336967582631
-7.725539767102253 4.376934605584413e-15
-7.705855977201748 -0.5511336967582611
-7.646904911581638 -1.0994589425289885
-7.548986971359528 -1.642181597547128
-7.412601123913993 -2.1765360715658586
-7.23844236026118 -2.699799416670596
-7.027398153539903 -3.2093052027973736
-6.780543936651958 -3.702457105249256
-6.499137622102551 -4.176742134971889
-6.184613191966532 -4.6297434441696526
-5.838573390644425 -5.059152642008067
-5.462781557644343 -5.4627815576443455
-5.059152642008069 -5.838573390644423
-4.629743444169655 -6.184613191966531
-4.176742134971888 -6.499137622102551
-3.7024571052492607 -6.780543936651956
-3.209305202797379 -7.027398153539901
-2.6997994166706007 -7.238442360261178
-2.1765360715658613 -7.412601123913992
-1.6421815975471235 -7.548986971359529
-1.0994589425289907 -7.646904911581637
-0.5511336967582668 -7.705855977201748
-1.4191586321201043e-15 -7.725539767102253
0.5511336967582572 -7.7058559772017485
1.099458942528988 -7.646904911581638
1.6421815975471274 -7.548986971359528
2.176536071565858 -7.412601123913993
2.6997994166705985 -7.238442360261179
3.20930520279737 -7.027398153539905
3.702457105249258 -6.7805439366519575
4.176742134971891 -6.49913762210255
4.6297434441696526 -6.184613191966533
5.059152642008065 -5.838573390644427
5.462781557644343 -5.4627815576443455
5.83857339064442 -5.059152642008072
6.18461319196653 -4.629743444169655
6.499137622102551 -4.176742134971888
6.780543936651956 -3.702457105249261
7.027398153539901 -3.2093052027973794
7.238442360261181 -2.699799416670595
7.412601123913992 -2.1765360715658617
7.548986971359527 -1.6421815975471306
7.646904911581637 -1.0994589425289913
7.705855977201748 -0.5511336967582673
7.874158281874907 0.0
7.854095829031967 0.5617360202104266
7.794010704164108 1.1206095624232761
7.694209087294915 1.6737727351727087
7.555199544587376 2.2184067457267362
7.37769043680729 2.7517362640088603
7.162586309679178 3.2710435650439758
6.910983284528606 3.773682377861893
6.62416347269917 4.257091370287613
6.3035884422069675 4.71880720090299
5.950891769925018 5.156477071669947
5.567870717249961 5.56787071724996
5.156477071669947 5.950891769925018
4.718807200902991 6.3035884422069675
4.257091370287614 6.624163472699169
3.773682377861894 6.910983284528605
3.271043565043976 7.1625863096791775
2.7517362640088607 7.37769043680729
2.218406745726737 7.555199544587376
1.67377273517271 7.694209087294915
1.120609562423276 7.794010704164108
0.5617360202104267 7.854095829031967
2.2305675016099637e-15 7.874158281874907
-0.5617360202104258 7.854095829031967
-1.120609562423275 7.7940107041641085
-1.6737727351727092 7.694209087294915
-2.2184067457267362 7.555199544587376
-2.75173626400886 7.37769043680729
-3.2710435650439753 7.162586309679178
-3.7736823778618933 6.910983284528605
-4.25709137028761 6.624163472699172
-4.718807200902991 6.3035884422069675
-5.156477071669946 5.950891769925018
-5.56787071724996 5.567870717249961
-5.9508917699250174 5.156477071669948
-6.303588442206967 4.718807200902992
-6.624163472699169 4.257091370287615
-6.910983284528606 3.7736823778618915
-7.162586309679177 3.2710435650439784
-7.377690436807289 2.7517362640088625
-7.555199544587376 2.2184067457267362
-7.694209087294914 1.6737727351727123
-7.794010704164108 1.1206095624232764
-7.854095829031967 0.5617360202104272
-7.874158281874907 4.461135003219927e-15
-7.854095829031967 -0.5617360202104252
-7.7940107041641085 -1.1206095624232744
-7.694209087294915 -1.6737727351727103
-7.555199544587377 -2.218406745726734
-7.377690436807291 -2.7517362640088576
-7.1625863096791775 -3.2710435650439766
-6.910983284528608 -3.7736823778618898
-6.62416347269917 -4.257091370287613
-6.3035884422069675 -4.71880720090299
-5.950891769925019 -5.156477071669946
-5.567870717249959 -5.567870717249962
-5.156477071669948 -5.9508917699250174
-4.718807200902993 -6.303588442206967
-4.257091370287612 -6.62416347269917
-3.773682377861895 -6.910983284528604
-3.271043565043982 -7.162586309679175
-2.751736264008863 -7.377690436807289
-2.2184067457267367 -7.555199544587376
-1.6737727351727059 -7.694209087294916
-1.1206095624232768 -7.794010704164108
-0.5617360202104311 -7.854095829031967
-1.446459410381659e-15 -7.874158281874907
0.5617360202104213 -7.854095829031968
1.120609562423274 -7.7940107041641085
1.6737727351727099 -7.694209087294915
2.218406745726734 -7.555199544587377
2.7517362640088603 -7.37769043680729
3.271043565043973 -7.162586309679179
3.7736823778618924 -6.910983284528606
4.257091370287616 -6.624163472699168
4.71880720090299 -6.303588442206968
5.156477071669943 -5.950891769925022
5.567870717249959 -5.567870717249962
5.950891769925015 -5.156477071669951
6.303588442206966 -4.718807200902993
6.62416347269917 -4.257091370287612
6.910983284528604 -3.7736823778618955
7.162586309679175 -3.2710435650439824
7.377690436807292 -2.7517362640088567
7.555199544587376 -2.218406745726737
7.694209087294914 -1.6737727351727132
7.794010704164108 -1.1206095624232775
7.854095829031967 -0.5617360202104316
7.259242260448056 0.0
7.240746543152031 0.5178684135057133
7.185353641199696 1.0330978882822621
7.093345824122214 1.543062933027346
6.9651919426653315 2.0451648827673905
6.801545039633455 2.5368451410585844
6.60323902213321 3.0155982180078724
6.371284412173971 3.478984497675146
6.1068631972793375 3.924642669796857
5.811322807349646 4.350301762481866
5.486169248468062 4.7537927145636445
5.1330594286387825 5.133059428638782
4.7537927145636445 5.486169248468062
4.350301762481867 5.811322807349646
3.924642669796858 6.106863197279337
3.478984497675147 6.371284412173971
3.015598218007873 6.603239022133209
2.536845141058585 6.801545039633455
2.0451648827673914 6.9651919426653315
1.543062933027347 7.093345824122214
1.033097888282262 7.185353641199696
0.5178684135057134 7.240746543152031
2.0563759697009255e-15 7.259242260448056
-0.5178684135057127 7.240746543152031
-1.033097888282261 7.185353641199697
-1.5430629330273462 7.093345824122214
-2.0451648827673905 6.9651919426653315
-2.536845141058584 6.801545039633455
-3.015598218007872 6.60323902213321
-3.4789844976751465 6.371284412173971
-3.924642669796855 6.106863197279338
-4.350301762481867 5.811322807349646
-4.753792714563644 5.486169248468062
-5.133059428638782 5.1330594286387825
-5.4861692484680615 4.753792714563645
-5.8113228073496455 4.350301762481868
-6.106863197279337 3.924642669796859
-6.371284412173971 3.4789844976751447
-6.6032390221332085 3.0155982180078746
-6.801545039633454 2.5368451410585866
-6.9651919426653315 2.0451648827673905
-7.093345824122213 1.543062933027349
-7.185353641199696 1.0330978882822621
-7.240746543152031 0.517868413505714
-7.259242260448056 4.112751939401851e-15
-7.240746543152031 -0.5178684135057122
-7.185353641199697 -1.0330978882822603
-7.093345824122214 -1.5430629330273473
-6.965191942665332 -2.0451648827673883
-6.801545039633456 -2.536845141058582
-6.603239022133209 -3.0155982180078733
-6.3712844121739725 -3.478984497675143
-6.1068631972793375 -3.924642669796857
-5.811322807349646 -4.350301762481866
-5.486169248468063 -4.753792714563644
-5.133059428638782 -5.133059428638783
-4.753792714563645 -5.4861692484680615
-4.350301762481869 -5.8113228073496455
-3.924642669796856 -6.1068631972793375
-3.478984497675148 -6.37128441217397
-3.015598218007878 -6.603239022133208
-2.5368451410585866 -6.801545039633454
-2.045164882767391 -6.9651919426653315
-1.5430629330273433 -7.093345824122215
-1.0330978882822626 -7.185353641199696
-0.5178684135057177 -7.240746543152031
-1.3335011697739364e-15 -7.259242260448056
0.5178684135057086 -7.2407465431520315
1.03309788828226 -7.185353641199697
1.5430629330273469 -7.093345824122214
2.045164882767388 -6.965191942665332
2.5368451410585844 -6.801545039633455
3.01559821800787 -6.603239022133211
3.4789844976751456 -6.371284412173971
3.9246426697968593 -6.106863197279336
4.350301762481866 -5.811322807349647
4.753792714563641 -5.486169248468065
5.133059428638782 -5.133059428638783
5.486169248468059 -4.753792714563648
5.811322807349645 -4.350301762481869
6.1068631972793375 -3.924642669796856
6.37128441217397 -3.4789844976751483
6.603239022133208 -3.0155982180078786
6.8015450396334565 -2.5368451410585813
6.9651919426653315 -2.0451648827673914
7.093345824122213 -1.54306293302735
7.185353641199696 -1.0330978882822632
7.240746543152031 -0.517868413505718
7.619202716540967 0.0
7.5997898612579755 0.5435476984274047
7.541650218869699 1.0843256023759025
7.44508005566695 1.6195780316043569
7.310571471065549 2.1465774624242533
7.138809889980496 2.6626384265352105
6.9306705700577265 3.165131195555874
6.687214141561765 3.6514951815169625
6.409681202647021 4.119251985030617
6.0994859975539635 4.566018024645586
5.758209209944644 4.989516683031927
5.3875899081010825 5.387589908101082
4.989516683031927 5.758209209944644
4.566018024645586 6.0994859975539635
4.119251985030618 6.40968120264702
3.651495181516964 6.687214141561764
3.1651311955558743 6.930670570057726
2.662638426535211 7.138809889980496
2.146577462424254 7.310571471065549
1.6195780316043582 7.44508005566695
1.0843256023759023 7.541650218869699
0.5435476984274048 7.5997898612579755
2.1583444679814e-15 7.619202716540967
-0.543547698427404 7.5997898612579755
-1.0843256023759014 7.5416502188697
-1.6195780316043573 7.44508005566695
-2.1465774624242533 7.310571471065549
-2.66263842653521 7.138809889980496
-3.1651311955558734 6.9306705700577265
-3.651495181516963 6.687214141561764
-4.1192519850306155 6.409681202647023
-4.566018024645586 6.0994859975539635
-4.989516683031926 5.758209209944644
-5.387589908101082 5.3875899081010825
-5.758209209944643 4.989516683031928
-6.099485997553963 4.566018024645587
-6.40968120264702 4.119251985030619
-6.687214141561765 3.651495181516961
-6.930670570057725 3.165131195555876
-7.138809889980495 2.6626384265352128
-7.310571471065549 2.1465774624242533
-7.445080055666949 1.6195780316043602
-7.541650218869699 1.0843256023759027
-7.5997898612579755 0.5435476984274054
-7.619202716540967 4.3166889359628e-15
-7.5997898612579755 -0.5435476984274035
-7.5416502188697 -1.0843256023759007
-7.44508005566695 -1.6195780316043584
-7.31057147106555 -2.146577462424251
-7.138809889980497 -2.662638426535208
-6.930670570057726 -3.1651311955558743
-6.687214141561767 -3.65149518151696
-6.409681202647021 -4.119251985030617
-6.0994859975539635 -4.566018024645586
-5.758209209944645 -4.989516683031926
-5.387589908101081 -5.387589908101083
-4.989516683031928 -5.758209209944643
-4.5660180246455875 -6.099485997553963
-4.119251985030617 -6.409681202647021
-3.6514951815169647 -6.687214141561763
-3.1651311955558796 -6.930670570057724
-2.662638426535213 -7.138809889980495
-2.1465774624242537 -7.310571471065549
-1.6195780316043542 -7.445080055666951
-1.0843256023759031 -7.541650218869699
-0.5435476984274091 -7.5997898612579755
-1.399624832830007e-15 -7.619202716540967
0.5435476984273997 -7.599789861257976
1.0843256023759005 -7.5416502188697
1.619578031604358 -7.44508005566695
2.1465774624242506 -7.31057147106555
2.6626384265352105 -7.138809889980496
3.165131195555871 -6.930670570057727
3.651495181516962 -6.687214141561765
4.11925198503062 -6.409681202647019
4.566018024645586 -6.099485997553964
4.9895166830319235 -5.758209209944647
5.387589908101081 -5.387589908101083
5.75820920994464 -4.989516683031931
6.099485997553962 -4.5660180246455875
6.409681202647021 -4.119251985030617
6.687214141561763 -3.651495181516965
6.930670570057724 -3.16513119555588
7.1388098899804975 -2.662638426535207
7.310571471065549 -2.146577462424254
7.445080055666949 -1.619578031604361
7.541650218869699 -1.0843256023759038
7.5997898612579755 -0.5435476984274096
1.0 0.5 0.4 0.32000000000000006 0.25600000000000006 0.20480000000000007 0.16384000000000007 0.13107200000000005 0.10485760000000005 0.08388608000000004 0.06710886400000003 0.05368709120000003 0.042949672960000025 0.03435973836800002 0.027487790694400018 0.021990232555520017 0.017592186044416015 0.014073748835532814 