0.0 0.0
1.1506388128444924 0.0
1.0630516485001116 0.4403304103118225
0.8136245072587793 0.8136245072587792
0.4403304103118226 1.0630516485001116
7.04563069562359e-17 1.1506388128444924
-0.44033041031182246 1.0630516485001116
-0.8136245072587792 0.8136245072587793
-1.0630516485001116 0.44033041031182263
-1.1506388128444924 1.409126139124718e-16
-1.0630516485001118 -0.4403304103118224
-0.8136245072587796 -0.8136245072587792
-0.4403304103118232 -1.0630516485001114
-2.113689208687077e-16 -1.1506388128444924
0.4403304103118228 -1.0630516485001116
0.8136245072587791 -0.8136245072587796
1.0630516485001114 -0.44033041031182324
1.8731111173439132 0.0
1.7305290234333885 0.7168085915863772
1.324489572989792 1.3244895729897919
0.7168085915863772 1.7305290234333885
1.146949767151273e-16 1.8731111173439132
-0.7168085915863771 1.7305290234333885
-1.3244895729897919 1.324489572989792
-1.7305290234333885 0.7168085915863773
-1.8731111173439132 2.293899534302546e-16
-1.7305290234333888 -0.716808591586377
-1.3244895729897923 -1.3244895729897919
-0.7168085915863782 -1.730529023433388
-3.440849301453818e-16 -1.8731111173439132
0.7168085915863776 -1.7305290234333883
1.3244895729897916 -1.3244895729897923
1.730529023433388 -0.7168085915863783
2.350038472918766 0.0
2.171152445743728 0.8993207890065674
1.6617281402501383 1.661728140250138
0.8993207890065676 2.171152445743728
1.4389835468665504e-16 2.350038472918766
-0.8993207890065673 2.171152445743728
-1.661728140250138 1.6617281402501383
-2.171152445743728 0.8993207890065678
-2.350038472918766 2.877967093733101e-16
-2.171152445743728 -0.8993207890065672
-1.6617281402501385 -1.661728140250138
-0.8993207890065688 -2.171152445743727
-4.316950640599651e-16 -2.350038472918766
0.899320789006568 -2.1711524457437275
1.6617281402501378 -1.6617281402501385
2.171152445743727 -0.8993207890065689
2.758456199018506 0.0
2.548481223602078 1.0556154862691611
1.9505230839320544 1.950523083932054
1.0556154862691611 2.548481223602078
1.6890672773580937e-16 2.758456199018506
-1.055615486269161 2.548481223602078
-1.950523083932054 1.9505230839320544
-2.548481223602078 1.0556154862691614
-2.758456199018506 3.3781345547161875e-16
-2.5484812236020784 -1.0556154862691607
-1.9505230839320546 -1.950523083932054
-1.0556154862691627 -2.5484812236020775
-5.067201832074281e-16 -2.758456199018506
1.0556154862691616 -2.548481223602078
1.9505230839320538 -1.9505230839320546
2.5484812236020775 -1.0556154862691627
3.0658987385848224 0.0
2.8325210933306892 1.173268652565439
2.16791778848461 2.1679177884846097
1.1732686525654392 2.8325210933306892
1.8773215383589054e-16 3.0658987385848224
-1.1732686525654388 2.8325210933306892
-2.1679177884846097 2.16791778848461
-2.8325210933306892 1.1732686525654392
-3.0658987385848224 3.7546430767178107e-16
-2.8325210933306897 -1.1732686525654386
-2.1679177884846106 -2.1679177884846097
-1.1732686525654408 -2.832521093330689
-5.631964615076716e-16 -3.0658987385848224
1.1732686525654397 -2.8325210933306892
2.1679177884846097 -2.1679177884846106
2.832521093330689 -1.1732686525654408
3.3278855406246164 0.0
3.0745653375233415 1.2735266612043807
2.353170432788326 2.3531704327883256
1.2735266612043807 3.0745653375233415
2.0377421876273476e-16 3.3278855406246164
-1.2735266612043805 3.0745653375233415
-2.3531704327883256 2.353170432788326
-3.0745653375233415 1.273526661204381
-3.3278855406246164 4.0754843752546953e-16
-3.0745653375233415 -1.2735266612043803
-2.3531704327883265 -2.3531704327883256
-1.2735266612043825 -3.0745653375233406
-6.113226562882043e-16 -3.3278855406246164
1.2735266612043814 -3.074565337523341
2.3531704327883256 -2.3531704327883265
3.0745653375233406 -1.2735266612043827
3.70965544056169 0.0
3.4272747342040857 1.419623676885977
2.6231225178867406 2.62312251788674
1.4196236768859771 3.4272747342040857
2.271508830611719e-16 3.70965544056169
-1.4196236768859767 3.4272747342040857
-2.62312251788674 2.6231225178867406
-3.4272747342040857 1.4196236768859771
-3.70965544056169 4.543017661223438e-16
-3.427274734204086 -1.4196236768859765
-2.623122517886741 -2.62312251788674
-1.419623676885979 -3.427274734204085
-6.814526491835156e-16 -3.70965544056169
1.4196236768859776 -3.4272747342040852
2.6231225178867397 -2.623122517886741
3.427274734204085 -1.4196236768859791
3.9735509044890893 0.0
3.67108235204918 1.5206120988072918
2.8097247899541746 2.809724789954174
1.520612098807292 3.67108235204918
2.433098198215817e-16 3.9735509044890893
-1.5206120988072915 3.67108235204918
-2.809724789954174 2.8097247899541746
-3.67108235204918 1.5206120988072922
-3.9735509044890893 4.866196396431634e-16
-3.6710823520491807 -1.5206120988072913
-2.809724789954175 -2.809724789954174
-1.520612098807294 -3.6710823520491793
-7.29929459464745e-16 -3.9735509044890893
1.5206120988072926 -3.6710823520491798
2.8097247899541737 -2.809724789954175
3.6710823520491793 -1.5206120988072942
3.525387198031693 0.0
3.2570330764387956 1.3491072733587148
2.4928251940364525 2.492825194036452
1.349107273358715 3.2570330764387956
2.1586770739122847e-16 3.525387198031693
-1.3491072733587146 3.2570330764387956
-2.492825194036452 2.4928251940364525
-3.2570330764387956 1.3491072733587153
-3.525387198031693 4.3173541478245694e-16
-3.257033076438796 -1.3491072733587144
-2.492825194036453 -2.492825194036452
-1.3491072733587168 -3.2570330764387947
-6.476031221736854e-16 -3.525387198031693
1.3491072733587155 -3.257033076438795
2.4928251940364516 -2.492825194036453
3.2570330764387947 -1.349107273358717
4.29336255402845 0.0
3.9665497893172685 1.6429987185633554
3.0358657760459122 3.035865776045912
1.6429987185633557 3.9665497893172685
2.628926354685023e-16 4.29336255402845
-1.6429987185633552 3.9665497893172685
-3.035865776045912 3.0358657760459122
-3.9665497893172685 1.6429987185633559
-4.29336255402845 5.257852709370046e-16
-3.966549789317269 -1.642998718563355
-3.0358657760459127 -3.035865776045912
-1.6429987185633579 -3.966549789317267
-7.886779064055069e-16 -4.29336255402845
1.6429987185633563 -3.966549789317268
3.0358657760459113 -3.0358657760459127
3.966549789317267 -1.642998718563358
4.1410493034296705 0.0
3.8258306945587934 1.5847109610295305
2.9281640436829495 2.9281640436829486
1.5847109610295307 3.8258306945587934
2.535661387278261e-16 4.1410493034296705
-1.5847109610295302 3.8258306945587934
-2.9281640436829486 2.9281640436829495
-3.8258306945587934 1.584710961029531
-4.1410493034296705 5.071322774556522e-16
-3.825830694558794 -1.58471096102953
-2.92816404368295 -2.9281640436829486
-1.5847109610295327 -3.8258306945587925
-7.606984161834783e-16 -4.1410493034296705
1.5847109610295314 -3.825830694558793
2.928164043682948 -2.92816404368295
3.8258306945587925 -1.584710961029533
4.451424795124629 0.0
4.112580258728892 1.7034865195133595
3.147632658574563 3.1476326585745626
1.7034865195133597 4.112580258728892
2.7257115634972696e-16 4.451424795124629
-1.7034865195133593 4.112580258728892
-3.1476326585745626 3.147632658574563
-4.112580258728892 1.70348651951336
-4.451424795124629 5.451423126994539e-16
-4.112580258728893 -1.703486519513359
-3.1476326585745635 -3.1476326585745626
-1.703486519513362 -4.112580258728891
-8.177134690491808e-16 -4.451424795124629
1.7034865195133604 -4.112580258728892
3.147632658574562 -3.1476326585745635
4.112580258728891 -1.7034865195133622
4.732166988755436 0.0
4.371952225336716 1.8109219057817014
3.3461473674560938 3.3461473674560933
1.8109219057817019 4.371952225336716
2.8976165779050567e-16 4.732166988755436
-1.8109219057817012 4.371952225336716
-3.3461473674560933 3.3461473674560938
-4.371952225336716 1.810921905781702
-4.732166988755436 5.795233155810113e-16
-4.371952225336717 -1.810921905781701
-3.346147367456094 -3.3461473674560933
-1.810921905781704 -4.371952225336715
-8.6928497337151705e-16 -4.732166988755436
1.8109219057817025 -4.371952225336715
3.346147367456093 -3.346147367456094
4.371952225336715 -1.8109219057817043
4.585420074767475 0.0
4.236375755044044 1.754764293047804
3.2423816294570074 3.242381629457007
1.7547642930478042 4.236375755044044
2.8077600086550025e-16 4.585420074767475
-1.7547642930478036 4.236375755044044
-3.242381629457007 3.2423816294570074
-4.236375755044044 1.7547642930478045
-4.585420074767475 5.615520017310005e-16
-4.236375755044045 -1.7547642930478033
-3.242381629457008 -3.242381629457007
-1.7547642930478065 -4.236375755044043
-8.4232800259650075e-16 -4.585420074767475
1.754764293047805 -4.236375755044044
3.2423816294570065 -3.242381629457008
4.236375755044043 -1.7547642930478067
3.846391816350758 0.0
3.5536026731453774 1.4719504225021003
2.719809736442063 2.7198097364420626
1.4719504225021005 3.5536026731453774
2.355235713080265e-16 3.846391816350758
-1.4719504225021 3.5536026731453774
-2.7198097364420626 2.719809736442063
-3.5536026731453774 1.4719504225021007
-3.846391816350758 4.71047142616053e-16
-3.553602673145378 -1.4719504225020998
-2.7198097364420635 -2.7198097364420626
-1.4719504225021023 -3.553602673145377
-7.065707139240794e-16 -3.846391816350758
1.4719504225021012 -3.5536026731453774
2.719809736442062 -2.7198097364420635
3.553602673145377 -1.4719504225021025
2.5654638894644703 0.0
2.370179578873022 0.9817605268289568
1.8140569131295425 1.8140569131295423
0.981760526828957 2.370179578873022
1.5708935702803914e-16 2.5654638894644703
-0.9817605268289566 2.370179578873022
-1.8140569131295423 1.8140569131295425
-2.370179578873022 0.9817605268289571
-2.5654638894644703 3.1417871405607827e-16
-2.3701795788730227 -0.9817605268289565
-1.8140569131295428 -1.8140569131295423
-0.9817605268289582 -2.3701795788730218
-4.712680710841174e-16 -2.5654638894644703
0.9817605268289574 -2.3701795788730218
1.8140569131295419 -1.8140569131295428
2.3701795788730218 -0.9817605268289584
1.0 0.5 0.4 0.32000000000000006 0.25600000000000006 0.20480000000000007 0.16384000000000007 0.13107200000000005 0.10485760000000005 0.08388608000000004 0.06710886400000003 0.05368709120000003 0.042949672960000025 0.03435973836800002 0.027487790694400018 0.021990232555520017 0.017592186044416015 