0.0 0.0
1.4512270672082979 0.0
1.409057046133104 0.347301369621038
1.2849977512506232 0.6744188460288154
1.0862590578422358 0.9623415505181596
0.8243909363830799 1.194336462060598
0.5146122102404687 1.3569208796644767
0.17492609297795675 1.4406459879489704
-0.17492609297795658 1.4406459879489704
-0.5146122102404684 1.3569208796644767
-0.8243909363830796 1.1943364620605983
-1.086259057842236 0.9623415505181596
-1.2849977512506228 0.6744188460288162
-1.409057046133104 0.3473013696210379
-1.4512270672082979 -4.667502233202925e-16
-1.4090570461331042 -0.3473013696210376
-1.2849977512506234 -0.6744188460288147
-1.0862590578422362 -0.9623415505181593
-0.8243909363830799 -1.194336462060598
-0.5146122102404691 -1.3569208796644765
-0.17492609297795758 -1.4406459879489704
0.17492609297795703 -1.4406459879489704
0.5146122102404687 -1.3569208796644767
0.8243909363830783 -1.194336462060599
1.0862590578422353 -0.9623415505181601
1.2849977512506234 -0.6744188460288153
1.409057046133104 -0.3473013696210381
2.3077906015196095 0.0
2.240730400878211 0.5522904408392478
2.043447094061384 1.0724837687509894
1.7274060697656783 1.530348238342807
1.3109744835607788 1.8992744309116547
0.8183538255696863 2.1578216971375785
0.2781734178316087 2.2909642096886023
-0.2781734178316084 2.2909642096886023
-0.818353825569686 2.1578216971375785
-1.3109744835607784 1.8992744309116552
-1.7274060697656786 1.530348238342807
-2.043447094061383 1.0724837687509907
-2.240730400878211 0.5522904408392477
-2.3077906015196095 -7.422420674029107e-16
-2.2407304008782116 -0.552290440839247
-2.0434470940613845 -1.0724837687509885
-1.7274060697656788 -1.5303482383428066
-1.3109744835607788 -1.8992744309116547
-0.818353825569687 -2.1578216971375785
-0.27817341783161004 -2.2909642096886023
0.27817341783160915 -2.2909642096886023
0.8183538255696863 -2.1578216971375785
1.3109744835607764 -1.8992744309116563
1.7274060697656775 -1.530348238342808
2.0434470940613845 -1.0724837687509892
2.240730400878211 -0.5522904408392479
2.8724303010259837 0.0
2.7889626969078303 0.6874175656097428
2.543410718312321 1.334884920967432
2.1500449536903004 1.9047736168277578
1.6317263914552234 2.363963793648443
1.0185778224328754 2.68576898744105
0.3462332127504702 2.8514870500566385
-0.34623321275046987 2.8514870500566385
-1.018577822432875 2.68576898744105
-1.6317263914552227 2.3639637936484434
-2.1500449536903004 1.9047736168277578
-2.54341071831232 1.3348849209674336
-2.7889626969078303 0.6874175656097425
-2.8724303010259837 -9.238440453394728e-16
-2.7889626969078307 -0.6874175656097419
-2.5434107183123214 -1.3348849209674307
-2.150044953690301 -1.9047736168277571
-1.6317263914552234 -2.363963793648443
-1.0185778224328763 -2.68576898744105
-0.34623321275047186 -2.8514870500566385
0.34623321275047075 -2.8514870500566385
1.0185778224328754 -2.68576898744105
1.6317263914552202 -2.363963793648445
2.150044953690299 -1.904773616827759
2.5434107183123214 -1.3348849209674316
2.7889626969078303 -0.6874175656097429
3.300201154436563 0.0
3.2043033067601914 0.789789831556551
2.9221829980635343 1.5336799488722663
2.4702360352224435 2.1884381622593145
1.8747279329568747 2.7160123043049103
1.170267457586623 3.0857416835273437
0.39779529133056785 3.2761389723178183
-0.39779529133056746 3.2761389723178183
-1.1702674575866225 3.0857416835273437
-1.8747279329568738 2.7160123043049107
-2.4702360352224435 2.1884381622593145
-2.9221829980635334 1.533679948872268
-3.2043033067601914 0.7897898315565508
-3.300201154436563 -1.061425644987684e-15
-3.204303306760192 -0.78978983155655
-2.922182998063535 -1.5336799488722648
-2.470236035222444 -2.188438162259314
-1.8747279329568747 -2.7160123043049103
-1.170267457586624 -3.0857416835273432
-0.39779529133056973 -3.2761389723178183
0.3977952913305685 -3.2761389723178183
1.170267457586623 -3.0857416835273437
1.874727932956871 -2.7160123043049125
2.470236035222442 -2.188438162259316
2.9221829980635348 -1.5336799488722659
3.2043033067601914 -0.7897898315565512
3.6476025221997275 0.0
3.541609822152455 0.8729284206571989
3.229791632469595 1.6951254144715078
2.7302696929225134 2.4188078807269124
2.0720744029493137 3.0019180249633832
1.293457680360702 3.4105676051170315
0.4396698989168983 3.6210073929701134
-0.43966989891689784 3.6210073929701134
-1.2934576803607019 3.4105676051170315
-2.0720744029493128 3.0019180249633837
-2.730269692922514 2.4188078807269124
-3.2297916324695937 1.69512541447151
-3.541609822152455 0.8729284206571987
-3.6476025221997275 -1.1731584465934016e-15
-3.5416098221524552 -0.8729284206571978
-3.229791632469596 -1.6951254144715062
-2.7302696929225143 -2.4188078807269116
-2.0720744029493137 -3.0019180249633832
-1.2934576803607034 -3.410567605117031
-0.43966989891690034 -3.6210073929701134
0.439669898916899 -3.6210073929701134
1.293457680360702 -3.4105676051170315
2.0720744029493097 -3.0019180249633854
2.730269692922512 -2.4188078807269138
3.2297916324695954 -1.6951254144715076
3.541609822152455 -0.8729284206571991
3.9399497934722216 0.0
3.8254620130413173 0.9428917020844306
3.4886522854010984 1.8309859657156013
2.949094767668468 2.6126699803825715
2.2381465815622676 3.242515112458682
1.3971254514674785 3.683917052261573
0.4749084684777871 3.9112231234806694
-0.4749084684777866 3.9112231234806694
-1.397125451467478 3.683917052261573
-2.2381465815622668 3.2425151124586824
-2.9490947676684685 2.6126699803825715
-3.488652285401097 1.8309859657156036
-3.8254620130413173 0.9428917020844304
-3.9399497934722216 -1.2671845002942932e-15
-3.8254620130413177 -0.9428917020844294
-3.4886522854010993 -1.8309859657155998
-2.9490947676684685 -2.6126699803825706
-2.2381465815622676 -3.242515112458682
-1.3971254514674798 -3.6839170522615725
-0.47490846847778934 -3.9112231234806694
0.47490846847778784 -3.9112231234806694
1.3971254514674785 -3.683917052261573
2.238146581562263 -3.2425151124586846
2.9490947676684667 -2.612669980382573
3.488652285401099 -1.830985965715601
3.8254620130413173 -0.9428917020844308
4.191583121316139 0.0
4.069783333703056 1.0031114990942864
3.711462531795665 1.9479258040231562
3.1374450181577025 2.7795337416444075
2.3810906042130404 3.4496052813953546
1.486355859263708 3.91919830099662
0.5052395144576922 4.161021761050151
-0.5052395144576917 4.161021761050151
-1.4863558592637076 3.91919830099662
-2.3810906042130395 3.4496052813953555
-3.137445018157703 2.7795337416444075
-3.7114625317956635 1.9479258040231586
-4.069783333703056 1.0031114990942862
-4.191583121316139 -1.3481159510781552e-15
-4.0697833337030564 -1.0031114990942853
-3.7114625317956658 -1.9479258040231544
-3.1374450181577034 -2.7795337416444066
-2.3810906042130404 -3.4496052813953546
-1.4863558592637096 -3.919198300996619
-0.5052395144576947 -4.161021761050151
0.505239514457693 -4.161021761050151
1.486355859263708 -3.91919830099662
2.381090604213036 -3.4496052813953577
3.1374450181577007 -2.779533741644409
3.7114625317956653 -1.9479258040231557
4.069783333703056 -1.0031114990942867
4.5944585977393935 0.0
4.460951980977837 1.099525911359684
4.068191049982543 2.1351513733652157
3.4390016424350613 3.046689598510223
2.6099499596916105 3.7811652984559134
1.629217472072984 4.295893415231988
0.5538007869420329 4.5609598216519975
-0.5538007869420324 4.5609598216519975
-1.6292174720729835 4.295893415231988
-2.609949959691609 3.781165298455914
-3.439001642435062 3.046689598510223
-4.068191049982541 2.1351513733652183
-4.460951980977837 1.0995259113596838
-4.5944585977393935 -1.4776905868052556e-15
-4.460951980977837 -1.0995259113596825
-4.068191049982544 -2.1351513733652134
-3.4390016424350622 -3.046689598510222
-2.6099499596916105 -3.7811652984559134
-1.6292174720729855 -4.295893415231987
-0.5538007869420356 -4.5609598216519975
0.5538007869420338 -4.5609598216519975
1.629217472072984 -4.295893415231988
2.609949959691605 -3.7811652984559165
3.43900164243506 -3.0466895985102243
4.068191049982544 -2.135151373365215
4.460951980977837 -1.0995259113596842
4.397583773176802 0.0
4.2697979810116 1.052410681937991
3.893867050274178 2.0436590803989274
3.2916387202056616 2.9161374415055867
2.498112312338721 3.619140494240256
1.5594046971474471 4.111812256490123
0.530070149163409 4.365520436222215
-0.5300701491634084 4.365520436222215
-1.5594046971474467 4.111812256490123
-2.49811231233872 3.619140494240257
-3.291638720205662 2.9161374415055867
-3.893867050274176 2.04365908039893
-4.2697979810116 1.0524106819379906
-4.397583773176802 -1.4143708138992119e-15
-4.2697979810116 -1.0524106819379897
-3.893867050274179 -2.0436590803989256
-3.2916387202056625 -2.916137441505586
-2.498112312338721 -3.619140494240256
-1.5594046971474487 -4.111812256490122
-0.5300701491634116 -4.365520436222215
0.5300701491634099 -4.365520436222215
1.5594046971474471 -4.111812256490123
2.498112312338716 -3.619140494240259
3.29163872020566 -2.9161374415055885
3.8938670502741783 -2.043659080398927
4.2697979810116 -1.0524106819379913
4.791360256064853 0.0
4.652132034966562 1.146647562521163
4.242538809807931 2.226656136602901
3.5863846500243817 3.1772595495910223
2.721802850359207 3.943212186425472
1.6990397623819715 4.479999663977986
0.5775346591733518 4.756425845196304
-0.5775346591733511 4.756425845196304
-1.6990397623819709 4.479999663977986
-2.721802850359206 3.9432121864254723
-3.586384650024382 3.1772595495910223
-4.242538809807929 2.226656136602904
-4.652132034966562 1.1466475625211627
-4.791360256064853 -1.5410189901076678e-15
-4.652132034966563 -1.1466475625211616
-4.2425388098079315 -2.2266561366028994
-3.5863846500243826 -3.1772595495910214
-2.721802850359207 -3.943212186425472
-1.699039762381973 -4.479999663977986
-0.5775346591733544 -4.756425845196304
0.5775346591733527 -4.756425845196304
1.6990397623819715 -4.479999663977986
2.7218028503592016 -3.943212186425475
3.58638465002438 -3.177259549591024
4.2425388098079315 -2.2266561366029007
4.652132034966562 -1.1466475625211634
4.962136765141667 0.0
4.81794608906328 1.1875170562355908
4.393753898810016 2.3060199376116395
3.714212702603516 3.290505322255122
2.8188149647355583 4.083758498069331
1.7595979470926735 4.63967847383392
0.5981194926430639 4.925957201244343
-0.5981194926430633 4.925957201244343
-1.759597947092673 4.63967847383392
-2.818814964735557 4.083758498069332
-3.7142127026035165 3.290505322255122
-4.393753898810014 2.3060199376116426
-4.81794608906328 1.1875170562355906
-4.962136765141667 -1.5959449045634942e-15
-4.817946089063281 -1.1875170562355892
-4.393753898810017 -2.3060199376116373
-3.7142127026035174 -3.2905053222551213
-2.8188149647355583 -4.083758498069331
-1.7595979470926753 -4.63967847383392
-0.5981194926430667 -4.925957201244343
0.5981194926430649 -4.925957201244343
1.7595979470926735 -4.63967847383392
2.8188149647355525 -4.083758498069335
3.7142127026035143 -3.290505322255124
4.393753898810016 -2.306019937611639
4.81794608906328 -1.187517056235591
5.128282320250281 0.0
4.979263756297699 1.2272782901248338
4.540868481716435 2.383231627002688
3.838574436363168 3.4006802044136393
2.9131963974188406 4.2204936093136665
1.8185139728945832 4.795027266510459
0.6181461262950341 5.0908913681926125
-0.6181461262950334 5.0908913681926125
-1.8185139728945825 4.795027266510459
-2.9131963974188393 4.2204936093136665
-3.8385744363631686 3.4006802044136393
-4.5408684817164335 2.3832316270026905
-4.979263756297699 1.2272782901248336
-5.128282320250281 -1.6493813906261463e-15
-4.9792637562977 -1.2272782901248322
-4.540868481716437 -2.383231627002685
-3.838574436363169 -3.400680204413638
-2.9131963974188406 -4.2204936093136665
-1.8185139728945847 -4.795027266510458
-0.618146126295037 -5.0908913681926125
0.6181461262950351 -5.0908913681926125
1.8185139728945832 -4.795027266510459
2.913196397418835 -4.220493609313669
3.8385744363631664 -3.400680204413641
4.540868481716436 -2.383231627002687
4.979263756297699 -1.2272782901248342
5.304900681297184 0.0
5.150749908763389 1.2695458305241532
4.69725627374641 2.465310271989576
3.970775177931139 3.517799841485194
3.0135270619550214 4.365847670875848
1.881143706863258 4.960168302845791
0.6394351172077638 5.266221982532527
-0.6394351172077631 5.266221982532527
-1.8811437068632573 4.960168302845791
-3.01352706195502 4.365847670875849
-3.9707751779311398 3.517799841485194
-4.697256273746408 2.465310271989579
-5.150749908763389 1.269545830524153
-5.304900681297184 -1.7061861879758045e-15
-5.15074990876339 -1.2695458305241516
-4.697256273746412 -2.4653102719895736
-3.97077517793114 -3.5177998414851928
-3.0135270619550214 -4.365847670875848
-1.8811437068632597 -4.96016830284579
-0.6394351172077668 -5.266221982532527
0.6394351172077649 -5.266221982532527
1.881143706863258 -4.960168302845791
3.0135270619550156 -4.365847670875851
3.970775177931137 -3.517799841485196
4.697256273746411 -2.4653102719895754
5.150749908763389 -1.2695458305241536
1.0 0.5 0.4 0.32000000000000006 0.25600000000000006 0.20480000000000007 0.16384000000000007 0.13107200000000005 0.10485760000000005 0.08388608000000004 0.06710886400000003 0.05368709120000003 0.042949672960000025 0.03435973836800002 