0.0 0.0
2.1913834131424608 0.0
2.1820353578320093 0.2021953524857462
2.154070946212533 0.4026656455161573
2.1077287607839947 0.5997005372349322
2.0434041767326767 0.7916189954184726
1.9616459887294955 0.9767836394500989
1.863151728807369 1.1536147098741476
1.7487617152638544 1.3206035463466403
1.6194518833617222 1.4763254589933994
1.4763254589933994 1.6194518833617222
1.3206035463466406 1.7487617152638542
1.1536147098741483 1.8631517288073682
0.976783639450099 1.9616459887294955
0.7916189954184725 2.0434041767326767
0.5997005372349326 2.1077287607839947
0.40266564551615774 2.154070946212533
0.20219535248574624 2.1820353578320093
1.3418353413047582e-16 2.1913834131424608
-0.20219535248574597 2.1820353578320097
-0.40266564551615697 2.154070946212533
-0.5997005372349323 2.1077287607839947
-0.7916189954184726 2.0434041767326767
-0.9767836394500979 1.9616459887294961
-1.1536147098741472 1.8631517288073691
-1.3206035463466403 1.7487617152638544
-1.4763254589933994 1.6194518833617222
-1.6194518833617226 1.4763254589933992
-1.7487617152638542 1.3206035463466406
-1.8631517288073682 1.1536147098741483
-1.9616459887294952 0.9767836394500992
-2.0434041767326767 0.7916189954184735
-2.1077287607839947 0.5997005372349328
-2.154070946212533 0.40266564551615736
-2.1820353578320097 0.20219535248574588
-2.1913834131424608 2.6836706826095164e-16
-2.1820353578320097 -0.20219535248574536
-2.154070946212533 -0.40266564551615686
-2.1077287607839947 -0.5997005372349322
-2.043404176732677 -0.7916189954184721
-1.9616459887294955 -0.9767836394500986
-1.8631517288073687 -1.1536147098741478
-1.748761715263855 -1.3206035463466395
-1.6194518833617222 -1.4763254589933994
-1.4763254589934 -1.619451883361722
-1.3206035463466423 -1.7487617152638528
-1.1536147098741485 -1.8631517288073682
-0.9767836394501003 -1.9616459887294948
-0.7916189954184728 -2.0434041767326767
-0.5997005372349329 -2.1077287607839947
-0.40266564551615847 -2.1540709462125327
-0.20219535248574602 -2.1820353578320097
-4.0255060239142744e-16 -2.1913834131424608
0.20219535248574716 -2.1820353578320093
0.4026656455161577 -2.154070946212533
0.5997005372349321 -2.1077287607839947
0.7916189954184737 -2.0434041767326763
0.9767836394500977 -1.9616459887294961
1.153614709874146 -1.8631517288073698
1.3206035463466401 -1.7487617152638546
1.4763254589933987 -1.6194518833617229
1.6194518833617209 -1.4763254589934007
1.748761715263854 -1.320603546346641
1.863151728807368 -1.1536147098741485
1.9616459887294957 -0.9767836394500985
2.0434041767326767 -0.7916189954184729
2.1077287607839947 -0.599700537234933
2.154070946212533 -0.4026656455161567
2.1820353578320097 -0.20219535248574616
3.32081777430826 0.0
3.306651751126745 0.306406408111997
3.264274541097186 0.6101986647858391
3.194047691633772 0.9087849216017176
3.096570353454834 1.1996177458950286
2.9726741688401748 1.4802158545536672
2.8234161763523615 1.748185283450664
2.650069792556414 2.0012398119020296
2.454113947678666 2.237220467895531
2.237220467895531 2.454113947678666
2.00123981190203 2.650069792556414
1.748185283450665 2.8234161763523606
1.4802158545536672 2.9726741688401748
1.1996177458950283 3.096570353454834
0.9087849216017182 3.194047691633772
0.6101986647858397 3.264274541097186
0.3064064081119971 3.306651751126745
2.0334144289291242e-16 3.32081777430826
-0.30640640811199665 3.3066517511267453
-0.6101986647858385 3.264274541097186
-0.9087849216017178 3.194047691633772
-1.1996177458950286 3.096570353454834
-1.4802158545536657 2.972674168840175
-1.7481852834506633 2.8234161763523615
-2.0012398119020296 2.650069792556414
-2.237220467895531 2.454113947678666
-2.454113947678667 2.2372204678955305
-2.650069792556414 2.00123981190203
-2.8234161763523606 1.748185283450665
-2.9726741688401743 1.4802158545536674
-3.0965703534548337 1.19961774589503
-3.194047691633772 0.9087849216017183
-3.264274541097186 0.6101986647858392
-3.3066517511267453 0.30640640811199654
-3.32081777430826 4.0668288578582483e-16
-3.3066517511267453 -0.30640640811199576
-3.264274541097186 -0.6101986647858384
-3.194047691633772 -0.9087849216017176
-3.0965703534548346 -1.199617745895028
-2.9726741688401748 -1.4802158545536668
-2.823416176352361 -1.7481852834506644
-2.6500697925564154 -2.001239811902028
-2.454113947678666 -2.237220467895531
-2.2372204678955314 -2.4541139476786658
-2.0012398119020323 -2.650069792556412
-1.7481852834506653 -2.8234161763523606
-1.4802158545536692 -2.9726741688401734
-1.1996177458950288 -3.096570353454834
-0.9087849216017185 -3.194047691633772
-0.6101986647858408 -3.2642745410971856
-0.30640640811199676 -3.3066517511267453
-6.100243286787372e-16 -3.32081777430826
0.3064064081119985 -3.306651751126745
0.6101986647858396 -3.264274541097186
0.9087849216017174 -3.194047691633772
1.1996177458950303 -3.0965703534548332
1.4802158545536652 -2.972674168840175
1.7481852834506617 -2.823416176352363
2.001239811902029 -2.6500697925564145
2.2372204678955296 -2.4541139476786675
2.4541139476786644 -2.2372204678955327
2.6500697925564136 -2.00123981190203
2.82341617635236 -1.7481852834506653
2.972674168840175 -1.4802158545536666
3.096570353454834 -1.199617745895029
3.1940476916337714 -0.9087849216017188
3.264274541097186 -0.6101986647858382
3.3066517511267453 -0.30640640811199693
4.090252083848069 0.0
4.072803789549505 0.3774008495680137
4.0206077693486755 0.7515818481553048
3.9341093412861325 1.1193506154144304
3.8140464794516213 1.4775694778947508
3.66144351784934 1.8231822385659977
3.4776024111413912 2.1532402512137505
3.2640916268296585 2.4649275772492767
3.022732763644106 2.755585010304697
2.755585010304697 3.022732763644106
2.464927577249277 3.264091626829658
2.153240251213752 3.4776024111413903
1.823182238565998 3.66144351784934
1.4775694778947506 3.8140464794516213
1.119350615414431 3.9341093412861325
0.7515818481553056 4.0206077693486755
0.3774008495680138 4.072803789549505
2.5045570610951646e-16 4.090252083848069
-0.3774008495680133 4.072803789549506
-0.7515818481553042 4.0206077693486755
-1.1193506154144306 3.9341093412861325
-1.4775694778947508 3.8140464794516213
-1.823182238565996 3.661443517849341
-2.1532402512137496 3.4776024111413917
-2.4649275772492767 3.2640916268296585
-2.755585010304697 3.022732763644106
-3.022732763644107 2.7555850103046966
-3.264091626829658 2.464927577249277
-3.4776024111413903 2.153240251213752
-3.6614435178493396 1.8231822385659981
-3.814046479451621 1.4775694778947526
-3.9341093412861325 1.1193506154144313
-4.0206077693486755 0.7515818481553049
-4.072803789549506 0.3774008495680131
-4.090252083848069 5.009114122190329e-16
-4.072803789549506 -0.3774008495680122
-4.0206077693486755 -0.7515818481553038
-3.9341093412861325 -1.1193506154144304
-3.814046479451622 -1.47756947789475
-3.66144351784934 -1.8231822385659973
-3.477602411141391 -2.153240251213751
-3.26409162682966 -2.464927577249275
-3.022732763644106 -2.755585010304697
-2.755585010304698 -3.0227327636441057
-2.4649275772492802 -3.264091626829656
-2.1532402512137523 -3.4776024111413903
-1.8231822385660001 -3.6614435178493387
-1.477569477894751 -3.8140464794516213
-1.1193506154144315 -3.9341093412861325
-0.7515818481553069 -4.020607769348675
-0.3774008495680134 -4.072803789549506
-7.513671183285493e-16 -4.090252083848069
0.3774008495680155 -4.072803789549505
0.7515818481553055 -4.0206077693486755
1.1193506154144302 -3.9341093412861325
1.477569477894753 -3.8140464794516205
1.8231822385659955 -3.661443517849341
2.153240251213748 -3.477602411141393
2.4649275772492762 -3.264091626829659
2.7555850103046957 -3.0227327636441075
3.022732763644104 -2.7555850103046993
3.2640916268296576 -2.4649275772492776
3.47760241114139 -2.1532402512137523
3.6614435178493405 -1.823182238565997
3.8140464794516213 -1.4775694778947515
3.934109341286132 -1.1193506154144317
4.0206077693486755 -0.7515818481553036
4.072803789549506 -0.3774008495680136
5.16261786288279 0.0
5.140595045223626 0.47634628074413315
5.074714483161377 0.9486285429759256
4.9655382464227245 1.4128174409560506
4.813997788165066 1.8649526786753376
4.621385998146597 2.3011767977039606
4.389346172246748 2.7177680876666592
4.11985799244516 3.1111723385634233
3.8152206368730437 3.478033164036035
3.478033164036035 3.8152206368730437
3.1111723385634242 4.1198579924451595
2.717768087666661 4.389346172246747
2.301176797703961 4.621385998146597
1.8649526786753374 4.813997788165066
1.4128174409560514 4.9655382464227245
0.9486285429759266 5.074714483161377
0.4763462807441333 5.140595045223626
3.161191720500179e-16 5.16261786288279
-0.47634628074413266 5.140595045223627
-0.9486285429759247 5.074714483161377
-1.4128174409560508 4.9655382464227245
-1.8649526786753376 4.813997788165066
-2.3011767977039583 4.6213859981465975
-2.717768087666658 4.389346172246748
-3.1111723385634233 4.11985799244516
-3.478033164036035 3.8152206368730437
-3.815220636873045 3.4780331640360345
-4.1198579924451595 3.1111723385634242
-4.389346172246747 2.717768087666661
-4.621385998146596 2.3011767977039614
-4.813997788165065 1.8649526786753396
-4.9655382464227245 1.4128174409560517
-5.074714483161377 0.9486285429759257
-5.140595045223627 0.47634628074413243
-5.16261786288279 6.322383441000358e-16
-5.140595045223627 -0.47634628074413127
-5.074714483161377 -0.9486285429759244
-4.9655382464227245 -1.4128174409560506
-4.813997788165067 -1.8649526786753365
-4.621385998146597 -2.30117679770396
-4.389346172246747 -2.7177680876666597
-4.119857992445162 -3.111172338563421
-3.8152206368730437 -3.478033164036035
-3.4780331640360362 -3.8152206368730432
-3.1111723385634282 -4.119857992445157
-2.7177680876666614 -4.389346172246747
-2.3011767977039637 -4.621385998146595
-1.8649526786753379 -4.813997788165066
-1.4128174409560519 -4.9655382464227245
-0.9486285429759282 -5.074714483161376
-0.4763462807441328 -5.140595045223627
-9.483575161500536e-16 -5.16261786288279
0.4763462807441355 -5.140595045223626
0.9486285429759264 -5.074714483161377
1.41281744095605 -4.9655382464227245
1.8649526786753403 -4.813997788165065
2.301176797703958 -4.6213859981465975
2.7177680876666557 -4.38934617224675
3.111172338563423 -4.119857992445161
3.478033164036033 -3.8152206368730455
3.815220636873041 -3.4780331640360376
4.1198579924451595 -3.1111723385634247
4.389346172246746 -2.7177680876666614
4.621385998146597 -2.3011767977039597
4.813997788165066 -1.8649526786753383
4.965538246422724 -1.412817440956052
5.074714483161377 -0.9486285429759241
5.140595045223627 -0.4763462807441331
4.619369780776172 0.0
4.599664363663336 0.42622167142657036
4.5407162319957 0.8488069698340579
4.443028310448126 1.2641505464558291
4.307434037923468 1.6687088363421678
4.135090256945711 2.0590302908069993
3.927467343887453 2.431784824824297
3.6863366642371296 2.7837922281393737
3.4137554599332325 3.1120492977014593
3.1120492977014593 3.4137554599332325
2.783792228139374 3.6863366642371287
2.4317848248242986 3.9274673438874523
2.0590302908069993 4.135090256945711
1.6687088363421676 4.307434037923468
1.2641505464558298 4.443028310448126
0.8488069698340588 4.5407162319957
0.4262216714265705 4.599664363663336
2.828548208052775e-16 4.619369780776172
-0.4262216714265699 4.5996643636633365
-0.8488069698340571 4.5407162319957
-1.2641505464558294 4.443028310448126
-1.6687088363421678 4.307434037923468
-2.059030290806997 4.135090256945713
-2.431784824824296 3.9274673438874537
-2.7837922281393737 3.6863366642371296
-3.1120492977014593 3.4137554599332325
-3.4137554599332334 3.112049297701459
-3.6863366642371287 2.783792228139374
-3.9274673438874523 2.4317848248242986
-4.135090256945711 2.0590302908069997
-4.307434037923468 1.6687088363421696
-4.443028310448126 1.2641505464558302
-4.5407162319957 0.848806969834058
-4.5996643636633365 0.42622167142656975
-4.619369780776172 5.65709641610555e-16
-4.5996643636633365 -0.42622167142656864
-4.5407162319957 -0.8488069698340569
-4.443028310448126 -1.2641505464558291
-4.307434037923469 -1.668708836342167
-4.135090256945711 -2.0590302908069984
-3.9274673438874528 -2.4317848248242977
-3.686336664237131 -2.7837922281393714
-3.4137554599332325 -3.1120492977014593
-3.11204929770146 -3.413755459933232
-2.7837922281393777 -3.6863366642371265
-2.431784824824299 -3.9274673438874523
-2.059030290807002 -4.13509025694571
-1.668708836342168 -4.307434037923468
-1.2641505464558305 -4.443028310448126
-0.8488069698340603 -4.5407162319957
-0.4262216714265701 -4.5996643636633365
-8.485644624158325e-16 -4.619369780776172
0.4262216714265724 -4.599664363663336
0.8488069698340587 -4.5407162319957
1.264150546455829 -4.443028310448126
1.6687088363421703 -4.307434037923467
2.0590302908069966 -4.135090256945713
2.431784824824294 -3.9274673438874554
2.783792228139373 -3.68633666423713
3.112049297701458 -3.4137554599332343
3.41375545993323 -3.112049297701462
3.6863366642371282 -2.7837922281393745
3.927467343887452 -2.431784824824299
4.135090256945712 -2.0590302908069984
4.307434037923468 -1.6687088363421683
4.443028310448126 -1.2641505464558307
4.5407162319957 -0.8488069698340567
4.5996643636633365 -0.4262216714265703
5.571985115284884 0.0
5.548216009096386 0.5141179255412738
5.477111480164145 1.0238495782147046
5.359278167258258 1.5248461072860005
5.195721382657582 2.0128331870155267
4.987836535179833 2.483647483698429
4.737397225045558 2.9332721757598534
4.446540112146409 3.357871223860334
4.117746686816311 3.753822098630886
3.753822098630886 4.117746686816311
3.357871223860335 4.446540112146408
2.933272175759855 4.737397225045557
2.4836474836984292 4.987836535179833
2.0128331870155263 5.195721382657582
1.5248461072860013 5.359278167258258
1.0238495782147055 5.477111480164145
0.514117925541274 5.548216009096386
3.4118568681651643e-16 5.571985115284884
-0.5141179255412732 5.548216009096387
-1.0238495782147035 5.477111480164145
-1.5248461072860007 5.359278167258258
-2.0128331870155267 5.195721382657582
-2.4836474836984266 4.987836535179834
-2.933272175759852 4.737397225045559
-3.357871223860334 4.446540112146409
-3.753822098630886 4.117746686816311
-4.117746686816313 3.7538220986308852
-4.446540112146408 3.357871223860335
-4.737397225045557 2.933272175759855
-4.987836535179833 2.4836474836984297
-5.195721382657581 2.012833187015529
-5.359278167258258 1.5248461072860016
-5.477111480164145 1.0238495782147046
-5.548216009096387 0.514117925541273
-5.571985115284884 6.823713736330329e-16
-5.548216009096387 -0.5141179255412717
-5.477111480164145 -1.0238495782147032
-5.359278167258258 -1.5248461072860005
-5.195721382657583 -2.0128331870155254
-4.987836535179833 -2.4836474836984284
-4.737397225045557 -2.9332721757598543
-4.446540112146411 -3.357871223860332
-4.117746686816311 -3.753822098630886
-3.753822098630887 -4.117746686816311
-3.3578712238603394 -4.446540112146406
-2.933272175759856 -4.737397225045557
-2.4836474836984324 -4.987836535179831
-2.012833187015527 -5.195721382657582
-1.524846107286002 -5.359278167258258
-1.0238495782147075 -5.477111480164144
-0.5141179255412734 -5.548216009096387
-1.0235570604495493e-15 -5.571985115284884
0.5141179255412763 -5.548216009096386
1.0238495782147055 -5.477111480164145
1.5248461072860002 -5.359278167258258
2.0128331870155294 -5.195721382657581
2.4836474836984257 -4.987836535179834
2.93327217575985 -4.7373972250455605
3.3578712238603337 -4.44654011214641
3.753822098630884 -4.117746686816313
4.117746686816308 -3.7538220986308892
4.446540112146407 -3.3578712238603354
4.737397225045556 -2.933272175759856
4.9878365351798335 -2.483647483698428
5.195721382657582 -2.012833187015527
5.359278167258257 -1.5248461072860022
5.477111480164145 -1.023849578214703
5.548216009096387 -0.5141179255412738
5.8883874049228115 0.0
5.863268582346872 0.543311845736598
5.788126419556622 1.0819883463717326
5.6636020029906105 1.611433703933969
5.490757731064903 2.127130877309762
5.271068250164398 2.624680120045571
5.006407873479809 3.0998365174332956
4.699034590028387 3.548546202625851
4.3515708002877735 3.966980942799754
3.966980942799754 4.3515708002877735
3.5485462026258516 4.699034590028387
3.0998365174332974 5.006407873479808
2.6246801200455714 5.271068250164398
2.1271308773097615 5.490757731064903
1.61143370393397 5.6636020029906105
1.0819883463717337 5.788126419556622
0.5433118457365981 5.863268582346872
3.6055973937891554e-16 5.8883874049228115
-0.5433118457365974 5.863268582346872
-1.0819883463717315 5.788126419556622
-1.6114337039339692 5.6636020029906105
-2.127130877309762 5.490757731064903
-2.6246801200455683 5.271068250164399
-3.0998365174332942 5.00640787347981
-3.548546202625851 4.699034590028387
-3.966980942799754 4.3515708002877735
-4.351570800287775 3.9669809427997533
-4.699034590028387 3.5485462026258516
-5.006407873479808 3.0998365174332974
-5.271068250164397 2.624680120045572
-5.490757731064902 2.127130877309764
-5.6636020029906105 1.6114337039339703
-5.788126419556622 1.0819883463717328
-5.863268582346872 0.5433118457365971
-5.8883874049228115 7.211194787578311e-16
-5.863268582346872 -0.5433118457365957
-5.788126419556622 -1.0819883463717312
-5.6636020029906105 -1.611433703933969
-5.490757731064904 -2.1271308773097606
-5.271068250164398 -2.6246801200455705
-5.006407873479808 -3.099836517433296
-4.69903459002839 -3.5485462026258485
-4.3515708002877735 -3.966980942799754
-3.9669809427997555 -4.351570800287773
-3.5485462026258565 -4.699034590028384
-3.0998365174332982 -5.006407873479808
-2.6246801200455745 -5.271068250164396
-2.1271308773097624 -5.490757731064903
-1.6114337039339706 -5.6636020029906105
-1.0819883463717357 -5.7881264195566215
-0.5433118457365975 -5.863268582346872
-1.0816792181367466e-15 -5.8883874049228115
0.5433118457366005 -5.863268582346872
1.0819883463717335 -5.788126419556622
1.6114337039339686 -5.6636020029906105
2.127130877309765 -5.490757731064902
2.624680120045568 -5.271068250164399
3.0998365174332916 -5.006407873479811
3.5485462026258503 -4.699034590028388
3.9669809427997524 -4.351570800287775
4.35157080028777 -3.9669809427997573
4.699034590028386 -3.5485462026258525
5.006407873479807 -3.0998365174332982
5.271068250164399 -2.62468012004557
5.490757731064903 -2.127130877309763
5.66360200299061 -1.611433703933971
5.788126419556622 -1.081988346371731
5.863268582346872 -0.5433118457365979
6.160765105203684 0.0
6.134484367377182 0.568443689295901
6.055866371886484 1.132037617462329
5.925581859749193 1.68597339982179
5.744742372485839 2.225525051591449
5.514890768839546 2.7460893083189615
5.237988061649231 3.243224899311715
4.916396687179497 3.7126904389924325
4.5528603496473945 4.1504806129054455
4.1504806129054455 4.5528603496473945
3.7126904389924333 4.916396687179496
3.243224899311717 5.23798806164923
2.746089308318962 5.514890768839546
2.2255250515914486 5.744742372485839
1.685973399821791 5.925581859749193
1.1320376174623303 6.055866371886484
0.5684436892959012 6.134484367377182
3.772380633193199e-16 6.160765105203684
-0.5684436892959004 6.134484367377182
-1.1320376174623281 6.055866371886484
-1.6859733998217903 5.925581859749193
-2.225525051591449 5.744742372485839
-2.746089308318959 5.514890768839548
-3.2432248993117136 5.237988061649232
-3.7126904389924325 4.916396687179497
-4.1504806129054455 4.5528603496473945
-4.552860349647395 4.150480612905445
-4.916396687179496 3.7126904389924333
-5.23798806164923 3.243224899311717
-5.514890768839545 2.7460893083189624
-5.744742372485839 2.2255250515914513
-5.925581859749193 1.6859733998217914
-6.055866371886484 1.1320376174623292
-6.134484367377182 0.5684436892959002
-6.160765105203684 7.544761266386398e-16
-6.134484367377182 -0.5684436892958986
-6.055866371886484 -1.1320376174623277
-5.925581859749193 -1.68597339982179
-5.74474237248584 -2.2255250515914478
-5.514890768839546 -2.746089308318961
-5.23798806164923 -3.243224899311716
-4.916396687179499 -3.71269043899243
-4.5528603496473945 -4.1504806129054455
-4.150480612905446 -4.552860349647394
-3.712690438992438 -4.9163966871794935
-3.243224899311718 -5.23798806164923
-2.7460893083189655 -5.514890768839544
-2.2255250515914495 -5.744742372485839
-1.6859733998217918 -5.925581859749193
-1.1320376174623323 -6.055866371886483
-0.5684436892959005 -6.134484367377182
-1.1317141899579597e-15 -6.160765105203684
0.5684436892959037 -6.134484367377182
1.1320376174623301 -6.055866371886484
1.6859733998217896 -5.925581859749193
2.225525051591452 -5.744742372485838
2.7460893083189584 -5.514890768839548
3.243224899311711 -5.237988061649234
3.712690438992432 -4.916396687179498
4.150480612905444 -4.552860349647396
4.552860349647391 -4.150480612905449
4.916396687179496 -3.712690438992434
5.237988061649229 -3.243224899311718
5.514890768839547 -2.7460893083189606
5.744742372485839 -2.22552505159145
5.925581859749192 -1.685973399821792
6.055866371886484 -1.1320376174623275
6.134484367377182 -0.5684436892959008
6.401530550293799 0.0
6.374222749524295 0.5906587219298176
6.29253232774349 1.1762781519045298
6.157156238826784 1.7518619914311868
5.9692494638325515 2.312499562136094
5.730415157110981 2.853407701941236
5.442690968756415 3.3699715733166338
5.108531660095204 3.857784035447004
4.730788160527591 4.3126832444032805
4.3126832444032805 4.730788160527591
3.857784035447005 5.1085316600952035
3.369971573316636 5.442690968756414
2.8534077019412365 5.730415157110981
2.3124995621360935 5.9692494638325515
1.751861991431188 6.157156238826784
1.176278151904531 6.29253232774349
0.5906587219298178 6.374222749524295
3.919806949030648e-16 6.401530550293799
-0.590658721929817 6.374222749524296
-1.1762781519045287 6.29253232774349
-1.7518619914311873 6.157156238826784
-2.312499562136094 5.9692494638325515
-2.8534077019412334 5.730415157110982
-3.3699715733166324 5.442690968756415
-3.857784035447004 5.108531660095204
-4.3126832444032805 4.730788160527591
-4.730788160527592 4.31268324440328
-5.1085316600952035 3.857784035447005
-5.442690968756414 3.369971573316636
-5.73041515711098 2.853407701941237
-5.969249463832551 2.312499562136096
-6.157156238826784 1.7518619914311884
-6.29253232774349 1.17627815190453
-6.374222749524296 0.5906587219298167
-6.401530550293799 7.839613898061296e-16
-6.374222749524296 -0.5906587219298153
-6.29253232774349 -1.1762781519045284
-6.157156238826784 -1.7518619914311868
-5.969249463832552 -2.3124995621360926
-5.730415157110981 -2.8534077019412356
-5.4426909687564144 -3.3699715733166347
-5.108531660095206 -3.8577840354470014
-4.730788160527591 -4.3126832444032805
-4.312683244403282 -4.73078816052759
-3.85778403544701 -5.1085316600952
-3.369971573316637 -5.442690968756414
-2.85340770194124 -5.730415157110978
-2.3124995621360944 -5.9692494638325515
-1.7518619914311886 -6.157156238826784
-1.176278151904533 -6.292532327743489
-0.5906587219298172 -6.374222749524296
-1.1759420847091943e-15 -6.401530550293799
0.5906587219298205 -6.374222749524295
1.1762781519045309 -6.29253232774349
1.7518619914311866 -6.157156238826784
2.312499562136097 -5.96924946383255
2.8534077019412325 -5.730415157110982
3.3699715733166298 -5.442690968756418
3.857784035447003 -5.108531660095204
4.312683244403279 -4.7307881605275925
4.730788160527587 -4.312683244403284
5.108531660095203 -3.8577840354470054
5.442690968756413 -3.369971573316637
5.730415157110982 -2.853407701941235
5.9692494638325515 -2.3124995621360944
6.157156238826783 -1.751861991431189
6.29253232774349 -1.176278151904528
6.374222749524296 -0.5906587219298176
6.620523387417099 0.0
6.592281401811777 0.6108648317453986
6.507796395659151 1.216517980131219
6.367789165243142 1.8117922260427177
6.173454202888499 2.3916088995015663
5.926449505973457 2.951021209087415
5.6288824314806885 3.485256446218101
5.283291716770573 3.9897567042164654
4.89262581996916 4.460217764763048
4.460217764763048 4.89262581996916
3.9897567042164663 5.283291716770572
3.485256446218103 5.628882431480688
2.9510212090874153 5.926449505973457
2.3916088995015663 6.173454202888499
1.8117922260427188 6.367789165243142
1.21651798013122 6.507796395659151
0.6108648317453987 6.592281401811777
4.0539013875402713e-16 6.620523387417099
-0.610864831745398 6.592281401811777
-1.2165179801312178 6.507796395659151
-1.8117922260427182 6.367789165243142
-2.3916088995015663 6.173454202888499
-2.951021209087412 5.9264495059734585
-3.4852564462180995 5.628882431480689
-3.9897567042164654 5.283291716770573
-4.460217764763048 4.89262581996916
-4.892625819969162 4.460217764763047
-5.283291716770572 3.9897567042164663
-5.628882431480688 3.485256446218103
-5.926449505973456 2.9510212090874157
-6.173454202888499 2.391608899501569
-6.367789165243142 1.8117922260427193
-6.507796395659151 1.216517980131219
-6.592281401811777 0.6108648317453976
-6.620523387417099 8.107802775080543e-16
-6.592281401811777 -0.6108648317453961
-6.507796395659151 -1.2165179801312174
-6.367789165243142 -1.8117922260427177
-6.1734542028885 -2.391608899501565
-5.926449505973457 -2.9510212090874144
-5.6288824314806885 -3.4852564462181017
-5.283291716770575 -3.9897567042164623
-4.89262581996916 -4.460217764763048
-4.460217764763049 -4.89262581996916
-3.989756704216471 -5.283291716770568
-3.485256446218104 -5.628882431480688
-2.951021209087419 -5.926449505973454
-2.3916088995015667 -6.173454202888499
-1.8117922260427195 -6.367789165243142
-1.2165179801312223 -6.50779639565915
-0.6108648317453982 -6.592281401811777
-1.2161704162620813e-15 -6.620523387417099
0.6108648317454015 -6.592281401811777
1.2165179801312198 -6.507796395659151
1.8117922260427173 -6.367789165243142
2.39160889950157 -6.173454202888498
2.9510212090874113 -5.9264495059734585
3.4852564462180964 -5.628882431480692
3.9897567042164646 -5.283291716770574
4.460217764763045 -4.892625819969163
4.892625819969156 -4.460217764763051
5.283291716770571 -3.9897567042164668
5.628882431480687 -3.485256446218104
5.926449505973458 -2.951021209087414
6.173454202888499 -2.391608899501567
6.367789165243141 -1.81179222604272
6.507796395659151 -1.216517980131217
6.592281401811777 -0.6108648317453985
6.828190453300786 0.0
6.7990625966030755 0.6300259312290438
6.7119275351131 1.2546767033537283
6.5675286744525305 1.8686230162319437
6.3670979747869225 2.4666268963935867
6.112345440175947 3.0435863855833474
5.80544452942169 3.5945790688696446
5.449013612884495 4.114904070953228
5.046093633470255 4.60012216237775
4.60012216237775 5.046093633470255
4.114904070953229 5.449013612884494
3.594579068869647 5.805444529421688
3.043586385583348 6.112345440175947
2.4666268963935862 6.3670979747869225
1.8686230162319448 6.5675286744525305
1.2546767033537296 6.7119275351131
0.630025931229044 6.7990625966030755
4.181060791301661e-16 6.828190453300786
-0.6300259312290432 6.799062596603076
-1.2546767033537272 6.7119275351131
-1.8686230162319442 6.5675286744525305
-2.4666268963935867 6.3670979747869225
-3.0435863855833447 6.112345440175948
-3.594579068869643 5.805444529421691
-4.114904070953228 5.449013612884495
-4.60012216237775 5.046093633470255
-5.046093633470257 4.600122162377749
-5.449013612884494 4.114904070953229
-5.805444529421688 3.594579068869647
-6.112345440175946 3.0435863855833483
-6.367097974786922 2.4666268963935893
-6.5675286744525305 1.8686230162319453
-6.7119275351131 1.2546767033537285
-6.799062596603076 0.6300259312290429
-6.828190453300786 8.362121582603322e-16
-6.799062596603076 -0.6300259312290413
-6.7119275351131 -1.2546767033537267
-6.5675286744525305 -1.8686230162319437
-6.367097974786923 -2.4666268963935853
-6.112345440175947 -3.043586385583347
-5.805444529421689 -3.5945790688696455
-5.449013612884498 -4.114904070953225
-5.046093633470255 -4.60012216237775
-4.600122162377751 -5.046093633470254
-4.1149040709532345 -5.449013612884491
-3.5945790688696477 -5.805444529421688
-3.043586385583352 -6.112345440175944
-2.466626896393587 -6.3670979747869225
-1.8686230162319455 -6.5675286744525305
-1.2546767033537318 -6.711927535113099
-0.6300259312290434 -6.799062596603076
-1.2543182373904982e-15 -6.828190453300786
0.6300259312290468 -6.7990625966030755
1.2546767033537294 -6.7119275351131
1.8686230162319433 -6.5675286744525305
2.4666268963935902 -6.367097974786921
3.043586385583344 -6.112345440175948
3.59457906886964 -5.805444529421693
4.114904070953227 -5.449013612884496
4.6001221623777475 -5.0460936334702575
5.046093633470251 -4.600122162377754
5.449013612884494 -4.114904070953229
5.805444529421687 -3.5945790688696477
6.112345440175947 -3.0435863855833465
6.3670979747869225 -2.4666268963935876
6.5675286744525305 -1.868623016231946
6.7119275351131 -1.2546767033537263
6.799062596603076 -0.6300259312290437
7.042615989751249 0.0
7.012573431517199 0.6498106237043665
6.922702069329195 1.2940772922840602
6.773768653961675 1.9273033496847878
6.567043832802111 2.5440863344540263
6.304291309135517 3.1391640716372793
5.9877527948498885 3.707459567799399
5.620128884940772 4.2441243261424795
5.20455601698697 4.744579712171003
4.744579712171003 5.20455601698697
4.24412432614248 5.620128884940771
3.7074595677994013 5.987752794849887
3.1391640716372797 6.304291309135517
2.544086334454026 6.567043832802111
1.927303349684789 6.773768653961675
1.2940772922840615 6.922702069329195
0.6498106237043667 7.012573431517199
4.3123585647364176e-16 7.042615989751249
-0.6498106237043658 7.0125734315171995
-1.294077292284059 6.922702069329195
-1.9273033496847882 6.773768653961675
-2.5440863344540263 6.567043832802111
-3.139164071637276 6.304291309135519
-3.7074595677993973 5.987752794849889
-4.2441243261424795 5.620128884940772
-4.744579712171003 5.20455601698697
-5.204556016986972 4.744579712171002
-5.620128884940771 4.24412432614248
-5.987752794849887 3.7074595677994013
-6.304291309135517 3.1391640716372797
-6.56704383280211 2.544086334454029
-6.773768653961675 1.9273033496847893
-6.922702069329195 1.2940772922840604
-7.0125734315171995 0.6498106237043655
-7.042615989751249 8.624717129472835e-16
-7.0125734315171995 -0.6498106237043638
-6.922702069329195 -1.2940772922840587
-6.773768653961675 -1.9273033496847878
-6.567043832802112 -2.5440863344540245
-6.304291309135517 -3.1391640716372784
-5.987752794849888 -3.7074595677994
-5.620128884940774 -4.244124326142477
-5.20455601698697 -4.744579712171003
-4.744579712171005 -5.204556016986969
-4.244124326142486 -5.620128884940767
-3.7074595677994022 -5.987752794849887
-3.1391640716372833 -6.3042913091355155
-2.5440863344540263 -6.567043832802111
-1.9273033496847898 -6.773768653961675
-1.294077292284064 -6.922702069329194
-0.649810623704366 -7.0125734315171995
-1.2937075694209251e-15 -7.042615989751249
0.6498106237043696 -7.012573431517199
1.2940772922840613 -6.922702069329195
1.9273033496847873 -6.773768653961675
2.5440863344540294 -6.567043832802109
3.1391640716372753 -6.304291309135519
3.7074595677993942 -5.987752794849892
4.2441243261424795 -5.6201288849407725
4.744579712171 -5.204556016986973
5.204556016986967 -4.7445797121710065
5.62012888494077 -4.244124326142481
5.987752794849887 -3.7074595677994022
6.304291309135518 -3.139164071637278
6.567043832802111 -2.5440863344540268
6.773768653961674 -1.9273033496847902
6.922702069329195 -1.2940772922840582
7.0125734315171995 -0.6498106237043664
4.878729136718771 0.0
4.85791733831725 0.45015233371085256
4.795659502038617 0.8964641264297267
4.692486789790505 1.3351276033062505
4.549279434776141 1.7624002422240992
4.367259231655018 2.174636703680115
4.147979112621647 2.5683199315356373
3.8933098983356307 2.9400911592993997
3.60542433673942 3.286778565938965
3.286778565938965 3.60542433673942
2.9400911592994 3.8933098983356302
2.568319931535639 4.147979112621646
2.174636703680115 4.367259231655018
1.7624002422240987 4.549279434776141
1.3351276033062511 4.692486789790505
0.8964641264297276 4.795659502038617
0.4501523337108527 4.85791733831725
2.9873600105947863e-16 4.878729136718771
-0.4501523337108521 4.857917338317251
-0.8964641264297258 4.795659502038617
-1.3351276033062507 4.692486789790505
-1.7624002422240992 4.549279434776141
-2.174636703680113 4.3672592316550185
-2.5683199315356364 4.147979112621647
-2.9400911592993997 3.8933098983356307
-3.286778565938965 3.60542433673942
-3.605424336739421 3.2867785659389646
-3.8933098983356302 2.9400911592994
-4.147979112621646 2.568319931535639
-4.367259231655017 2.1746367036801155
-4.549279434776141 1.762400242224101
-4.692486789790505 1.3351276033062514
-4.795659502038617 0.8964641264297268
-4.857917338317251 0.4501523337108519
-4.878729136718771 5.974720021189573e-16
-4.857917338317251 -0.4501523337108507
-4.795659502038617 -0.8964641264297256
-4.692486789790505 -1.3351276033062505
-4.549279434776142 -1.762400242224098
-4.367259231655018 -2.1746367036801146
-4.1479791126216465 -2.5683199315356378
-3.8933098983356325 -2.9400911592993975
-3.60542433673942 -3.286778565938965
-3.286778565938966 -3.6054243367394196
-2.940091159299404 -3.8933098983356276
-2.5683199315356395 -4.147979112621646
-2.174636703680118 -4.367259231655016
-1.7624002422240994 -4.549279434776141
-1.3351276033062518 -4.692486789790505
-0.8964641264297293 -4.795659502038617
-0.4501523337108522 -4.857917338317251
-8.96208003178436e-16 -4.878729136718771
0.4501523337108547 -4.85791733831725
0.8964641264297275 -4.795659502038617
1.33512760330625 -4.692486789790505
1.7624002422241016 -4.54927943477614
2.1746367036801124 -4.3672592316550185
2.568319931535634 -4.147979112621649
2.9400911592993992 -3.8933098983356316
3.2867785659389632 -3.605424336739422
3.6054243367394174 -3.2867785659389677
3.89330989833563 -2.9400911592994006
4.147979112621646 -2.5683199315356395
4.367259231655018 -2.174636703680114
4.549279434776141 -1.7624002422240996
4.692486789790504 -1.335127603306252
4.795659502038617 -0.8964641264297254
4.857917338317251 -0.4501523337108525
1.0 0.5 0.4 0.32000000000000006 0.25600000000000006 0.20480000000000007 0.16384000000000007 0.13107200000000005 0.10485760000000005 0.08388608000000004 0.06710886400000003 0.05368709120000003 0.042949672960000025 0.03435973836800002 