0.0 0.0
1.9137147415332167 0.0
1.8986245291973405 0.23985205667603482
1.8535918738527042 0.47592150313761494
1.7793269673752976 0.7044853831929895
1.6770010117039738 0.9219391079162417
1.5482277482862323 1.1248533021679268
1.3950380084115903 1.3100278878896319
1.2198476857889855 1.4745425512465902
1.0254196364598023 1.6158027977213658
0.8148201069076492 1.731580868842271
0.5913703775196241 1.8200508752652613
0.3585943840105746 1.8798175921396263
0.12016314285177664 1.9099384626373517
-0.1201631428517764 1.9099384626373517
-0.3585943840105743 1.8798175921396265
-0.5913703775196234 1.8200508752652615
-0.8148201069076493 1.7315808688422707
-1.025419636459803 1.6158027977213656
-1.2198476857889855 1.4745425512465902
-1.3950380084115899 1.3100278878896323
-1.548227748286232 1.124853302167927
-1.6770010117039738 0.9219391079162415
-1.7793269673752974 0.7044853831929898
-1.853591873852704 0.4759215031376158
-1.8986245291973403 0.23985205667603535
-1.9137147415332167 2.3436246326997585e-16
-1.8986245291973405 -0.23985205667603487
-1.8535918738527044 -0.4759215031376145
-1.7793269673752976 -0.7044853831929895
-1.6770010117039735 -0.9219391079162418
-1.548227748286233 -1.124853302167926
-1.3950380084115908 -1.3100278878896314
-1.2198476857889853 -1.4745425512465904
-1.0254196364598018 -1.6158027977213663
-0.8148201069076482 -1.7315808688422714
-0.5913703775196243 -1.8200508752652613
-0.35859438401057436 -1.8798175921396265
-0.12016314285177603 -1.9099384626373517
0.1201631428517753 -1.9099384626373517
0.3585943840105737 -1.8798175921396265
0.5913703775196236 -1.8200508752652615
0.8148201069076476 -1.7315808688422716
1.0254196364598027 -1.6158027977213656
1.2198476857889848 -1.4745425512465908
1.3950380084115896 -1.3100278878896325
1.548227748286232 -1.1248533021679272
1.6770010117039729 -0.9219391079162431
1.7793269673752976 -0.7044853831929894
1.853591873852704 -0.475921503137616
1.8986245291973403 -0.23985205667603554
2.9398810629352075 0.0
2.916699222654053 0.36846479991213343
2.847519293279983 0.7311186898194502
2.7334322836253144 1.0822424012391787
2.5762374139845763 1.4162985034910924
2.378413741355667 1.728018732287235
2.1430810632300785 2.012487073406853
1.873950716522779 2.2652172911773407
1.5752670475720179 2.4822236790907426
1.2517404762621254 2.6600839167763324
0.9084732098880636 2.7959930420372516
0.550878778298477 2.8878076867799596
0.18459665929609215 2.9340798792094547
-0.1845966592960918 2.9340798792094547
-0.5508787782984765 2.88780768677996
-0.9084732098880626 2.7959930420372516
-1.2517404762621256 2.660083916776332
-1.5752670475720187 2.4822236790907426
-1.873950716522779 2.2652172911773407
-2.143081063230078 2.0124870734068536
-2.3784137413556667 1.7280187322872353
-2.5762374139845763 1.416298503491092
-2.7334322836253144 1.0822424012391794
-2.847519293279983 0.7311186898194514
-2.916699222654053 0.36846479991213427
-2.9398810629352075 3.60031593359752e-16
-2.916699222654053 -0.3684647999121335
-2.8475192932799835 -0.7311186898194495
-2.7334322836253144 -1.0822424012391787
-2.5762374139845763 -1.4162985034910924
-2.378413741355668 -1.7280187322872338
-2.1430810632300794 -2.0124870734068523
-1.8739507165227782 -2.265217291177341
-1.5752670475720172 -2.4822236790907435
-1.251740476262124 -2.660083916776333
-0.9084732098880639 -2.7959930420372516
-0.5508787782984766 -2.88780768677996
-0.1845966592960912 -2.9340798792094547
0.18459665929609012 -2.9340798792094547
0.5508787782984755 -2.88780768677996
0.9084732098880629 -2.7959930420372516
1.251740476262123 -2.6600839167763333
1.5752670475720185 -2.4822236790907426
1.8739507165227776 -2.265217291177342
2.1430810632300776 -2.012487073406854
2.3784137413556667 -1.7280187322872356
2.576237413984575 -1.4162985034910947
2.7334322836253144 -1.0822424012391785
2.847519293279983 -0.7311186898194517
2.916699222654053 -0.36846479991213454
3.6324118572612014 0.0
3.6037692048178647 0.4552619237078664
3.518292959227176 0.9033440949185688
3.3773311319431367 1.3371799901208
3.183106775188528 1.7499277580862194
2.9386829230933778 2.135078119950446
2.647914285816958 2.4865570244292083
2.315386458465883 2.7988214392355557
1.946343603519974 3.066946768010272
1.546605747257244 3.2867045141482727
1.122476994462777 3.454628966716047
0.6806461089303778 3.568071856783395
0.2280810276618695 3.6252441222064586
-0.22808102766186902 3.6252441222064586
-0.6806461089303774 3.5680718567833956
-1.122476994462776 3.4546289667160472
-1.5466057472572443 3.2867045141482722
-1.946343603519975 3.0669467680102716
-2.315386458465883 2.7988214392355557
-2.6479142858169573 2.486557024429209
-2.9386829230933773 2.1350781199504465
-3.183106775188528 1.749927758086219
-3.3773311319431363 1.3371799901208008
-3.518292959227176 0.9033440949185705
-3.6037692048178642 0.4552619237078674
-3.6324118572612014 4.448421554179822e-16
-3.6037692048178647 -0.4552619237078665
-3.5182929592271766 -0.903344094918568
-3.3773311319431367 -1.3371799901208
-3.1831067751885276 -1.7499277580862196
-2.938682923093379 -2.1350781199504447
-2.647914285816959 -2.4865570244292075
-2.3153864584658823 -2.798821439235556
-1.946343603519973 -3.066946768010273
-1.5466057472572423 -3.2867045141482736
-1.1224769944627775 -3.454628966716047
-0.6806461089303775 -3.5680718567833956
-0.22808102766186833 -3.6252441222064586
0.22808102766186697 -3.6252441222064586
0.6806461089303761 -3.5680718567833956
1.1224769944627764 -3.4546289667160472
1.5466057472572412 -3.286704514148274
1.9463436035199746 -3.0669467680102716
2.3153864584658814 -2.798821439235557
2.647914285816957 -2.4865570244292092
2.9386829230933773 -2.135078119950447
3.1831067751885262 -1.749927758086222
3.3773311319431367 -1.3371799901207997
3.518292959227176 -0.9033440949185708
3.6037692048178642 -0.4552619237078678
4.146741189311649 0.0
4.114042896462369 0.5197244820107176
4.016463689525776 1.0312525984717698
3.855542450886253 1.52651724541448
3.633817004606833 1.9977078034998033
3.354784093427705 2.4373933161511374
3.0228442330443444 2.838639680178577
2.6432323133462576 3.1951190007284516
2.221935041076253 3.501209385965263
1.7655965258888207 3.7520836076642956
1.2814134987718806 3.9437852294843583
0.7770218152999884 4.073291002332351
0.2603760336304819 4.1385585428074645
-0.26037603363048134 4.1385585428074645
-0.7770218152999878 4.073291002332352
-1.2814134987718793 3.9437852294843587
-1.7655965258888209 3.752083607664295
-2.2219350410762546 3.5012093859652627
-2.6432323133462576 3.1951190007284516
-3.0228442330443435 2.838639680178578
-3.3547840934277047 2.437393316151138
-3.633817004606833 1.9977078034998028
-3.8555424508862526 1.5265172454144809
-4.016463689525775 1.0312525984717715
-4.114042896462369 0.5197244820107189
-4.146741189311649 5.078293324382999e-16
-4.114042896462369 -0.5197244820107177
-4.016463689525776 -1.0312525984717686
-3.855542450886253 -1.52651724541448
-3.6338170046068328 -1.9977078034998035
-3.3547840934277064 -2.4373933161511356
-3.0228442330443452 -2.8386396801785763
-2.6432323133462567 -3.195119000728452
-2.221935041076252 -3.501209385965264
-1.7655965258888184 -3.7520836076642965
-1.281413498771881 -3.9437852294843583
-0.7770218152999879 -4.073291002332352
-0.26037603363048056 -4.1385585428074645
0.260376033630479 -4.1385585428074645
0.7770218152999864 -4.073291002332352
1.2814134987718797 -3.9437852294843587
1.765596525888817 -3.752083607664297
2.221935041076254 -3.5012093859652627
2.643232313346256 -3.195119000728453
3.022844233044343 -2.8386396801785785
3.3547840934277047 -2.4373933161511383
3.6338170046068314 -1.9977078034998066
3.855542450886253 -1.5265172454144798
4.016463689525775 -1.031252598471772
4.114042896462369 -0.5197244820107193
4.549557555286011 0.0
4.513682935075607 0.5702107596909067
4.4066248386355715 1.1314289550740908
4.230071636100171 1.6748038399528595
3.9868076769411607 2.191766067796254
3.6806693791133225 2.674162835452915
3.3164847264515562 3.1143864577270386
2.8999971284817043 3.5054943451185165
2.437774843421382 3.841318492606657
1.9371073928242017 4.116562752773952
1.405890601470317 4.326886359214609
0.8525020754929088 4.4689723830138295
0.2856690825249222 4.540580042698223
-0.2856690825249216 4.540580042698223
-0.8525020754929081 4.46897238301383
-1.4058906014703154 4.326886359214609
-1.937107392824202 4.116562752773951
-2.4377748434213835 3.8413184926066566
-2.8999971284817043 3.5054943451185165
-3.3164847264515553 3.1143864577270395
-3.680669379113322 2.6741628354529157
-3.9868076769411607 2.191766067796253
-4.230071636100171 1.6748038399528606
-4.406624838635571 1.1314289550740928
-4.5136829350756065 0.570210759690908
-4.549557555286011 5.571601097617671e-16
-4.513682935075607 -0.5702107596909068
-4.4066248386355715 -1.1314289550740897
-4.230071636100171 -1.6748038399528595
-3.9868076769411602 -2.191766067796254
-3.680669379113324 -2.6741628354529134
-3.316484726451557 -3.1143864577270377
-2.8999971284817034 -3.505494345118517
-2.4377748434213813 -3.841318492606658
-1.9371073928241993 -4.116562752773953
-1.4058906014703174 -4.326886359214609
-0.8525020754929084 -4.46897238301383
-0.28566908252492074 -4.540580042698223
0.285669082524919 -4.540580042698223
0.8525020754929067 -4.46897238301383
1.4058906014703159 -4.326886359214609
1.937107392824198 -4.116562752773953
2.437774843421383 -3.8413184926066566
2.899997128481702 -3.505494345118518
3.3164847264515545 -3.11438645772704
3.680669379113322 -2.674162835452916
3.9868076769411585 -2.1917660677962574
4.230071636100171 -1.6748038399528593
4.406624838635571 -1.1314289550740932
4.5136829350756065 -0.5702107596909085
4.8768639273584995 0.0
4.838408398642629 0.6112331256689529
4.7236482791550864 1.2128267398131358
4.534393404534563 1.7952933517628893
4.273628437209204 2.349447115099078
3.9454657964871753 2.866548693938477
3.55508080324752 3.338443087481279
3.108630062038319 3.7576882392452684
2.6131543677451865 4.117672402742212
2.07646766804996 4.412718412669648
1.5070338328079256 4.638173217199075
0.9138331737641361 4.790481259382895
0.3062208196726085 4.867240550411455
-0.3062208196726079 4.867240550411455
-0.9138331737641353 4.790481259382896
-1.507033832807924 4.638173217199076
-2.0764676680499603 4.412718412669647
-2.6131543677451883 4.117672402742211
-3.108630062038319 3.7576882392452684
-3.555080803247519 3.3384430874812803
-3.945465796487175 2.8665486939384777
-4.273628437209204 2.3494471150990774
-4.534393404534562 1.7952933517628904
-4.723648279155086 1.212826739813138
-4.8384083986426285 0.6112331256689544
-4.8768639273584995 5.972435798516776e-16
-4.838408398642629 -0.6112331256689532
-4.7236482791550864 -1.2128267398131347
-4.534393404534563 -1.7952933517628893
-4.273628437209204 -2.3494471150990783
-3.945465796487177 -2.866548693938475
-3.555080803247521 -3.338443087481278
-3.108630062038318 -3.7576882392452693
-2.6131543677451856 -4.117672402742213
-2.0764676680499576 -4.412718412669649
-1.507033832807926 -4.638173217199075
-0.9138331737641355 -4.790481259382896
-0.30622081967260695 -4.867240550411455
0.3062208196726051 -4.867240550411455
0.9138331737641338 -4.790481259382896
1.5070338328079245 -4.638173217199076
2.076467668049956 -4.412718412669649
2.613154367745188 -4.117672402742211
3.108630062038317 -3.75768823924527
3.555080803247518 -3.3384430874812807
3.945465796487175 -2.866548693938478
4.273628437209203 -2.349447115099082
4.534393404534563 -1.7952933517628888
4.723648279155086 -1.2128267398131385
4.8384083986426285 -0.6112331256689548
5.147948260656966 0.0
5.107355151004072 0.6452090017298734
4.986215999633762 1.2802426720732913
4.78644124332817 1.8950861506982113
4.511181449333888 2.4800429886570283
4.164777629034437 3.025888067178853
3.7526927776075514 3.5240130833033523
3.281425719327791 3.966562307960783
2.758408617225522 4.346556475512203
2.191889763436171 4.658002850937814
1.590803498705954 4.895989738848109
0.9646293125011974 5.056763943854265
0.3232423457966768 5.1377899607014825
-0.32324234579667616 5.1377899607014825
-0.9646293125011967 5.056763943854266
-1.5908034987059523 4.895989738848109
-2.1918897634361714 4.658002850937814
-2.7584086172255238 4.346556475512202
-3.281425719327791 3.966562307960783
-3.75269277760755 3.5240130833033536
-4.164777629034436 3.0258880671788533
-4.511181449333888 2.4800429886570274
-4.786441243328169 1.8950861506982124
-4.986215999633761 1.2802426720732936
-5.107355151004071 0.6452090017298748
-5.147948260656966 6.304418359589737e-16
-5.107355151004072 -0.6452090017298735
-4.986215999633763 -1.2802426720732902
-4.78644124332817 -1.8950861506982113
-4.511181449333887 -2.4800429886570283
-4.164777629034439 -3.0258880671788506
-3.7526927776075523 -3.524013083303351
-3.28142571932779 -3.9665623079607832
-2.7584086172255207 -4.3465564755122035
-2.1918897634361683 -4.658002850937816
-1.5908034987059547 -4.895989738848109
-0.9646293125011969 -5.056763943854266
-0.32324234579667516 -5.1377899607014825
0.3232423457966732 -5.1377899607014825
0.964629312501195 -5.056763943854266
1.590803498705953 -4.895989738848109
2.1918897634361665 -4.658002850937816
2.758408617225523 -4.346556475512202
3.2814257193277885 -3.9665623079607846
3.7526927776075496 -3.524013083303354
4.164777629034436 -3.025888067178854
4.511181449333885 -2.4800429886570323
4.78644124332817 -1.895086150698211
4.986215999633761 -1.2802426720732942
5.107355151004071 -0.6452090017298754
5.664648648034865 0.0
5.619981201496571 0.709968732063874
5.486683294196635 1.4087408331083378
5.266857113761491 2.0852962496737
4.9639694503743925 2.7289652986861106
4.582797023423276 3.32959693473339
4.12935114978253 3.877718838115125
3.6107829417549047 4.364686798982834
3.0352705297586273 4.782821041693071
2.411890088325331 5.125527339457009
1.7504726994058435 5.38740100923609
1.0614493103350213 5.56431214682215
0.3556862315611326 5.653470757893867
-0.35568623156113194 5.653470757893867
-1.0614493103350204 5.564312146822151
-1.7504726994058415 5.38740100923609
-2.4118900883253316 5.125527339457008
-3.035270529758629 4.7828210416930705
-3.6107829417549047 4.364686798982834
-4.129351149782528 3.8777188381151264
-4.582797023423275 3.3295969347333902
-4.9639694503743925 2.7289652986861097
-5.26685711376149 2.0852962496737013
-5.486683294196634 1.4087408331083402
-5.61998120149657 0.7099687320638756
-5.664648648034865 6.937193835110279e-16
-5.619981201496571 -0.7099687320638742
-5.486683294196636 -1.4087408331083364
-5.266857113761491 -2.0852962496737
-4.963969450374392 -2.7289652986861106
-4.582797023423278 -3.329596934733387
-4.129351149782531 -3.8777188381151237
-3.6107829417549033 -4.364686798982834
-3.035270529758626 -4.782821041693073
-2.4118900883253285 -5.125527339457011
-1.7504726994058442 -5.38740100923609
-1.0614493103350207 -5.564312146822151
-0.35568623156113083 -5.653470757893867
0.3556862315611287 -5.653470757893867
1.0614493103350187 -5.564312146822151
1.7504726994058422 -5.38740100923609
2.4118900883253267 -5.125527339457011
3.0352705297586287 -4.7828210416930705
3.6107829417549024 -4.364686798982836
4.129351149782528 -3.877718838115127
4.582797023423275 -3.329596934733391
4.96396945037439 -2.728965298686115
5.266857113761491 -2.0852962496736995
5.486683294196634 -1.4087408331083409
5.61998120149657 -0.7099687320638762
5.874542082898553 0.0
5.828219563934229 0.7362753549592588
5.689982540837053 1.4609392077412322
5.462011094040066 2.162563176494346
5.147900469442794 2.8300822321015215
4.752604379235731 3.4529692002992767
4.282356878899878 4.021400781504495
3.7445740524277737 4.526412470117004
3.1477370562487703 4.960039930128022
2.5012583663257524 5.315444597456689
1.8153333377864542 5.587021528190773
1.1007794180826924 5.770487791900403
0.36886554938201577 5.862950016009447
-0.368865549382015 5.862950016009447
-1.1007794180826915 5.770487791900404
-1.8153333377864522 5.587021528190773
-2.5012583663257524 5.315444597456688
-3.147737056248772 4.960039930128021
-3.7445740524277737 4.526412470117004
-4.2823568788998765 4.021400781504496
-4.75260437923573 3.452969200299277
-5.147900469442794 2.8300822321015207
-5.462011094040065 2.162563176494347
-5.689982540837052 1.4609392077412349
-5.828219563934228 0.7362753549592603
-5.874542082898553 7.194239158278138e-16
-5.828219563934229 -0.7362753549592589
-5.689982540837054 -1.4609392077412309
-5.462011094040066 -2.162563176494346
-5.147900469442793 -2.8300822321015215
-4.752604379235732 -3.452969200299274
-4.282356878899879 -4.021400781504493
-3.7445740524277724 -4.526412470117004
-3.147737056248769 -4.960039930128023
-2.5012583663257493 -5.31544459745669
-1.815333337786455 -5.587021528190773
-1.1007794180826918 -5.770487791900404
-0.3688655493820139 -5.862950016009447
0.36886554938201166 -5.862950016009447
1.1007794180826895 -5.770487791900404
1.815333337786453 -5.587021528190773
2.5012583663257475 -5.315444597456691
3.1477370562487716 -4.960039930128021
3.744574052427771 -4.526412470117005
4.2823568788998765 -4.0214007815044965
4.75260437923573 -3.452969200299278
5.147900469442791 -2.830082232101526
5.462011094040066 -2.1625631764943454
5.689982540837052 -1.4609392077412355
5.828219563934228 -0.736275354959261
5.479014534082664 0.0
5.435810867979105 0.6867026083024002
5.3068812172915 1.362575506255617
5.0942588796300345 2.0169597745120296
4.801297036274055 2.639535382251021
4.43261587050021 3.2204839402299057
3.994029704532204 3.7506435426475098
3.49245530420603 4.221653255871713
2.9358027974408536 4.626084975357405
2.332850926796453 4.957560571292498
1.6931086034588778 5.210852475515172
1.0266649460307016 5.3819661233865865
0.34403016910371015 5.468202950461471
-0.3440301691037095 5.468202950461471
-1.026664946030701 5.381966123386587
-1.693108603458876 5.210852475515172
-2.3328509267964535 4.957560571292498
-2.9358027974408554 4.626084975357404
-3.49245530420603 4.221653255871713
-3.994029704532203 3.750643542647511
-4.432615870500209 3.220483940229906
-4.801297036274055 2.6395353822510206
-5.094258879630034 2.016959774512031
-5.306881217291499 1.3625755062556195
-5.435810867979105 0.6867026083024017
-5.479014534082664 6.709857611646161e-16
-5.435810867979105 -0.6867026083024003
-5.306881217291501 -1.362575506255616
-5.0942588796300345 -2.0169597745120296
-4.801297036274055 -2.6395353822510215
-4.432615870500212 -3.220483940229903
-3.9940297045322053 -3.7506435426475084
-3.492455304206029 -4.221653255871714
-2.9358027974408527 -4.626084975357406
-2.3328509267964503 -4.9575605712924995
-1.6931086034588785 -5.210852475515172
-1.0266649460307011 -5.381966123386587
-0.34403016910370837 -5.468202950461471
0.3440301691037063 -5.468202950461471
1.0266649460306991 -5.381966123386587
1.6931086034588767 -5.210852475515172
2.3328509267964486 -4.9575605712925
2.935802797440855 -4.626084975357404
3.4924553042060276 -4.221653255871715
3.994029704532202 -3.7506435426475115
4.432615870500209 -3.220483940229907
4.801297036274053 -2.6395353822510255
5.0942588796300345 -2.016959774512029
5.306881217291499 -1.3625755062556202
5.435810867979105 -0.6867026083024023
5.33370820741646 0.0
5.29165032509956 0.6684908965239738
5.166139956077159 1.3264392922726593
4.959156473845001 1.9634689480057794
4.6739641315638245 2.569533525509353
4.315060582837053 3.1350750243507184
3.888105951026694 3.651174517255031
3.399833565726732 4.109692806916298
2.8579437741331306 4.503398786001011
2.270982501968594 4.826083476030452
1.6482064791288231 5.0726579466803665
0.9994372555223656 5.239233571252156
0.33490630936144306 5.32318335263887
-0.3349063093614424 5.32318335263887
-0.9994372555223648 5.239233571252157
-1.6482064791288213 5.0726579466803665
-2.2709825019685943 4.826083476030451
-2.8579437741331324 4.503398786001011
-3.399833565726732 4.109692806916298
-3.888105951026693 3.6511745172550323
-4.315060582837052 3.135075024350719
-4.6739641315638245 2.5695335255093528
-4.959156473845001 1.9634689480057808
-5.166139956077158 1.3264392922726616
-5.2916503250995595 0.6684908965239752
-5.33370820741646 6.531908683798535e-16
-5.29165032509956 -0.6684908965239739
-5.166139956077159 -1.326439292272658
-4.959156473845001 -1.9634689480057794
-4.6739641315638245 -2.5695335255093537
-4.315060582837055 -3.135075024350716
-3.888105951026695 -3.65117451725503
-3.3998335657267305 -4.109692806916299
-2.8579437741331293 -4.5033987860010125
-2.270982501968591 -4.826083476030453
-1.6482064791288238 -5.0726579466803665
-0.9994372555223651 -5.239233571252157
-0.33490630936144133 -5.32318335263887
0.33490630936143934 -5.32318335263887
0.9994372555223631 -5.239233571252157
1.648206479128822 -5.0726579466803665
2.2709825019685894 -4.826083476030454
2.8579437741331315 -4.503398786001011
3.3998335657267296 -4.1096928069163
3.8881059510266924 -3.6511745172550327
4.315060582837052 -3.1350750243507197
4.673964131563823 -2.5695335255093577
4.959156473845001 -1.9634689480057792
5.166139956077158 -1.3264392922726622
5.2916503250995595 -0.6684908965239758
6.038935571474282 0.0
5.991316760750583 0.7568793224593714
5.849211305670696 1.501822205865767
5.614860294150917 2.22308045594056
5.291959581637419 2.909279399221277
4.885601505258079 3.549597268457001
4.402194574623945 4.1339358683425305
3.8493624058044205 4.653079830090713
3.2358234923477194 5.098841943303206
2.571253709429437 5.464192273169272
1.8661337195209382 5.743369026737213
1.1315836860813457 5.931969419831154
0.37918790193692203 6.027019111587592
-0.37918790193692126 6.027019111587592
-1.1315836860813449 5.931969419831154
-1.8661337195209362 5.743369026737213
-2.571253709429437 5.464192273169271
-3.235823492347721 5.0988419433032055
-3.8493624058044205 4.653079830090713
-4.402194574623944 4.133935868342532
-4.885601505258078 3.549597268457002
-5.291959581637419 2.909279399221276
-5.614860294150916 2.2230804559405613
-5.849211305670695 1.5018222058657698
-5.991316760750582 0.7568793224593731
-6.038935571474282 7.395563117863071e-16
-5.991316760750583 -0.7568793224593715
-5.849211305670696 -1.5018222058657658
-5.614860294150917 -2.22308045594056
-5.291959581637419 -2.9092793992212775
-4.885601505258081 -3.5495972684569983
-4.402194574623946 -4.13393586834253
-3.849362405804419 -4.6530798300907135
-3.235823492347718 -5.098841943303207
-2.571253709429434 -5.464192273169273
-1.8661337195209389 -5.743369026737213
-1.131583686081345 -5.931969419831154
-0.3791879019369201 -6.027019111587592
0.3791879019369178 -6.027019111587592
1.1315836860813429 -5.931969419831154
1.8661337195209369 -5.743369026737213
2.5712537094294317 -5.464192273169274
3.2358234923477207 -5.0988419433032055
3.849362405804418 -4.653079830090714
4.402194574623943 -4.133935868342533
4.885601505258078 -3.5495972684570023
5.291959581637417 -2.9092793992212815
5.614860294150917 -2.2230804559405595
5.849211305670695 -1.5018222058657704
5.991316760750582 -0.7568793224593737
6.343648135152173 0.0
6.293626574850642 0.7950699333727904
6.144350763833438 1.5776011389445355
5.898174870813347 2.3352526321418847
5.558981236681647 3.056075796318054
5.132119147673051 3.728702819575097
4.624320473926277 4.3425259719483424
4.043593503870533 4.887864895644689
3.399096648733077 5.356119270067761
2.7009940089231863 5.7399044440113025
1.960295080096965 6.033167896020073
1.1886811268340953 6.2312846862688005
0.39832096211736584 6.331130394626029
-0.39832096211736506 6.331130394626029
-1.1886811268340944 6.231284686268801
-1.9602950800969627 6.033167896020074
-2.7009940089231868 5.739904444011302
-3.3990966487330794 5.35611927006776
-4.043593503870533 4.887864895644689
-4.624320473926275 4.342525971948344
-5.132119147673051 3.7287028195750973
-5.558981236681647 3.0560757963180536
-5.898174870813346 2.3352526321418865
-6.144350763833437 1.5776011389445384
-6.293626574850642 0.7950699333727922
-6.343648135152173 7.768728383631185e-16
-6.293626574850642 -0.7950699333727906
-6.144350763833438 -1.5776011389445341
-5.898174870813347 -2.3352526321418847
-5.558981236681646 -3.0560757963180545
-5.132119147673054 -3.7287028195750938
-4.624320473926278 -4.342525971948342
-4.043593503870532 -4.8878648956446895
-3.399096648733076 -5.3561192700677625
-2.700994008923183 -5.739904444011304
-1.9602950800969656 -6.033167896020073
-1.1886811268340947 -6.231284686268801
-0.39832096211736384 -6.331130394626029
0.39832096211736145 -6.331130394626029
1.1886811268340924 -6.231284686268801
1.9602950800969634 -6.033167896020074
2.7009940089231814 -5.739904444011304
3.3990966487330785 -5.35611927006776
4.043593503870531 -4.887864895644691
4.624320473926274 -4.342525971948344
5.132119147673051 -3.728702819575098
5.558981236681644 -3.056075796318059
5.898174870813347 -2.3352526321418847
6.144350763833437 -1.577601138944539
6.293626574850642 -0.7950699333727929
6.227602440010276 0.0
6.178495934676109 0.7805255511594391
6.031950857597529 1.54874174811373
5.790278312181855 2.292533362526792
5.45728961883847 3.000170356319758
5.038236208179203 3.6604928713786618
4.539726802820525 4.263087227183474
3.9696231938800257 4.798450150770735
3.336916255834085 5.258138649025164
2.651584155056493 5.63490315972469
1.9244349881740646 5.922801881467371
1.1669363319263926 6.117294479428967
0.39103439263026585 6.215313689155377
-0.39103439263026507 6.215313689155377
-1.1669363319263917 6.117294479428968
-1.9244349881740626 5.922801881467372
-2.6515841550564936 5.634903159724689
-3.3369162558340872 5.258138649025163
-3.9696231938800257 4.798450150770735
-4.539726802820523 4.263087227183476
-5.038236208179202 3.660492871378662
-5.45728961883847 3.000170356319757
-5.790278312181854 2.292533362526793
-6.031950857597529 1.5487417481137329
-6.178495934676108 0.7805255511594408
-6.227602440010276 7.626613394520832e-16
-6.178495934676109 -0.7805255511594392
-6.03195085759753 -1.5487417481137287
-5.790278312181855 -2.292533362526792
-5.457289618838469 -3.000170356319758
-5.038236208179205 -3.6604928713786586
-4.5397268028205255 -4.2630872271834725
-3.9696231938800244 -4.798450150770736
-3.3369162558340837 -5.258138649025165
-2.65158415505649 -5.634903159724691
-1.9244349881740652 -5.922801881467371
-1.166936331926392 -6.117294479428968
-0.39103439263026385 -6.215313689155377
0.3910343926302615 -6.215313689155377
1.1669363319263897 -6.117294479428968
1.9244349881740632 -5.922801881467372
2.6515841550564883 -5.634903159724692
3.3369162558340864 -5.258138649025163
3.969623193880023 -4.798450150770738
4.539726802820523 -4.263087227183476
5.038236208179202 -3.660492871378663
5.457289618838467 -3.000170356319763
5.790278312181855 -2.2925333625267914
6.031950857597529 -1.5487417481137336
6.178495934676108 -0.7805255511594414
6.4667258324491295 0.0
6.4157337677428865 0.8104956591546666
6.263561748945756 1.6082093175978256
6.012609619697329 2.3805605544047874
5.666835044987387 3.1153689291908417
5.231691096414825 3.801046074932365
4.714040253991027 4.4267784534373416
4.122046180730641 4.982697891302344
3.4650449768091005 5.460037206902065
2.753397943685745 5.851268474080813
1.99832818019026 6.150221742044946
1.211743587549783 6.3521823391726455
0.40604907467311335 6.453965226201795
-0.4060490746731125 6.453965226201795
-1.2117435875497822 6.352182339172646
-1.998328180190258 6.1502217420449465
-2.7533979436857456 5.851268474080812
-3.4650449768091027 5.460037206902064
-4.122046180730641 4.982697891302344
-4.714040253991025 4.426778453437342
-5.231691096414824 3.8010460749323656
-5.666835044987387 3.115368929190841
-6.012609619697328 2.3805605544047888
-6.263561748945755 1.6082093175978285
-6.415733767742886 0.8104956591546684
-6.4667258324491295 7.91945509167233e-16
-6.4157337677428865 -0.8104956591546668
-6.263561748945757 -1.6082093175978243
-6.012609619697329 -2.3805605544047874
-5.666835044987386 -3.115368929190842
-5.231691096414827 -3.801046074932362
-4.714040253991028 -4.42677845343734
-4.122046180730639 -4.982697891302345
-3.465044976809099 -5.460037206902067
-2.753397943685742 -5.851268474080814
-1.9983281801902608 -6.150221742044946
-1.2117435875497824 -6.352182339172646
-0.4060490746731113 -6.453965226201795
0.40604907467310886 -6.453965226201795
1.21174358754978 -6.352182339172646
1.9983281801902586 -6.1502217420449465
2.75339794368574 -5.851268474080815
3.465044976809102 -5.460037206902064
4.1220461807306386 -4.9826978913023465
4.714040253991024 -4.426778453437343
5.231691096414824 -3.8010460749323665
5.666835044987383 -3.1153689291908466
6.012609619697329 -2.380560554404787
6.263561748945755 -1.6082093175978294
6.415733767742886 -0.8104956591546691
6.139996650636912 0.0
6.091580943118535 0.769545634298322
5.947097365193107 1.5269550742394802
5.708824509194822 2.260283520501134
5.380520080400075 2.9579659454165586
4.967361635770519 3.6089994803695578
4.475864930786854 4.20311693760534
3.9137811620925724 4.730948729914732
3.2899747264925505 5.1841706346215854
2.6142834241201034 5.55563507154703
1.8973633104520629 5.839483824618653
1.1505206439482916 6.031240429437489
0.3855335796017367 6.127880769795703
-0.3855335796017359 6.127880769795703
-1.1505206439482907 6.0312404294374895
-1.8973633104520609 5.839483824618654
-2.614283424120104 5.555635071547029
-3.2899747264925523 5.184170634621585
-3.9137811620925724 4.730948729914732
-4.4758649307868525 4.203116937605341
-4.967361635770518 3.608999480369558
-5.380520080400075 2.957965945416558
-5.708824509194821 2.2602835205011353
-5.947097365193107 1.5269550742394828
-6.091580943118534 0.7695456342983237
-6.139996650636912 7.519327244977964e-16
-6.091580943118535 -0.7695456342983221
-5.947097365193108 -1.5269550742394786
-5.708824509194822 -2.260283520501134
-5.380520080400074 -2.957965945416559
-4.967361635770521 -3.6089994803695546
-4.475864930786855 -4.203116937605339
-3.913781162092571 -4.730948729914733
-3.2899747264925487 -5.184170634621586
-2.6142834241201003 -5.555635071547031
-1.8973633104520635 -5.839483824618653
-1.150520643948291 -6.0312404294374895
-0.38553357960173473 -6.127880769795703
0.3855335796017324 -6.127880769795703
1.1505206439482887 -6.0312404294374895
1.8973633104520615 -5.839483824618654
2.6142834241200985 -5.555635071547032
3.289974726492552 -5.184170634621585
3.9137811620925698 -4.730948729914735
4.4758649307868525 -4.203116937605341
4.967361635770518 -3.608999480369559
5.380520080400072 -2.9579659454165634
5.708824509194822 -2.2602835205011336
5.947097365193107 -1.5269550742394835
6.091580943118534 -0.7695456342983243
6.665775196088041 0.0
6.6132135676963415 0.8354431595384485
6.456357610799776 1.6577108813814228
6.197681037539809 2.453835512356531
5.841263332002645 3.2112616914514955
5.392725414318223 3.9180443553575186
4.859140995391989 4.5630371192533055
4.2489250202582936 5.136068061952219
3.571700959370347 5.6281001431758035
2.8381490407223993 6.031373723077445
2.0598378162742024 6.339528936398136
1.2490417189758942 6.547705991340807
0.41854748762797983 6.652621811390068
-0.418547487627979 6.652621811390068
-1.2490417189758933 6.547705991340807
-2.0598378162742 6.339528936398136
-2.8381490407223997 6.031373723077445
-3.5717009593703493 5.628100143175803
-4.2489250202582936 5.136068061952219
-4.859140995391988 4.563037119253306
-5.392725414318222 3.9180443553575195
-5.841263332002645 3.211261691451495
-6.197681037539808 2.453835512356533
-6.456357610799775 1.6577108813814256
-6.6132135676963415 0.8354431595384503
-6.665775196088041 8.16322025772504e-16
-6.6132135676963415 -0.8354431595384486
-6.456357610799776 -1.6577108813814212
-6.197681037539809 -2.453835512356531
-5.841263332002645 -3.211261691451496
-5.3927254143182255 -3.918044355357516
-4.859140995391991 -4.563037119253304
-4.248925020258293 -5.136068061952219
-3.5717009593703457 -5.628100143175804
-2.838149040722396 -6.031373723077447
-2.0598378162742033 -6.339528936398136
-1.2490417189758936 -6.547705991340807
-0.4185474876279777 -6.652621811390068
0.4185474876279752 -6.652621811390068
1.2490417189758911 -6.547705991340807
2.059837816274201 -6.339528936398136
2.838149040722394 -6.031373723077448
3.571700959370349 -5.628100143175803
4.248925020258291 -5.136068061952221
4.8591409953919875 -4.563037119253307
5.392725414318222 -3.9180443553575204
5.841263332002642 -3.211261691451501
6.197681037539809 -2.4538355123565307
6.456357610799775 -1.6577108813814265
6.6132135676963415 -0.835443159538451
6.565955467663961 0.0
6.514180947645594 0.8229324302015478
6.359673902699778 1.6328867243828118
6.104871001223348 2.417089419481311
5.753790637184459 3.1631731705353596
5.31196955764925 3.8593717911020047
4.78637554497311 4.494705813046013
4.185297530710586 5.059155639311182
3.5182148742131982 5.543819558951325
2.7956478674697767 5.941054132429526
2.0289918238172695 6.244594733225602
1.2303373670422 6.449654344738633
0.4122797550209569 6.552999054398384
-0.41227975502095604 6.552999054398384
-1.230337367042199 6.449654344738634
-2.0289918238172673 6.244594733225603
-2.7956478674697767 5.941054132429526
-3.5182148742132004 5.543819558951324
-4.185297530710586 5.059155639311182
-4.786375544973108 4.494705813046015
-5.311969557649249 3.859371791102005
-5.753790637184459 3.1631731705353587
-6.104871001223347 2.417089419481312
-6.359673902699777 1.6328867243828147
-6.514180947645593 0.8229324302015496
-6.565955467663961 8.040976346818732e-16
-6.514180947645594 -0.8229324302015479
-6.359673902699779 -1.6328867243828102
-6.104871001223348 -2.417089419481311
-5.7537906371844585 -3.16317317053536
-5.3119695576492525 -3.8593717911020016
-4.786375544973112 -4.494705813046012
-4.185297530710584 -5.059155639311183
-3.518214874213197 -5.543819558951326
-2.795647867469773 -5.941054132429528
-2.0289918238172704 -6.244594733225602
-1.2303373670421993 -6.449654344738634
-0.41227975502095476 -6.552999054398384
0.4122797550209523 -6.552999054398384
1.2303373670421969 -6.449654344738634
2.028991823817268 -6.244594733225603
2.795647867469771 -5.941054132429529
3.5182148742132 -5.543819558951324
4.185297530710583 -5.059155639311184
4.786375544973108 -4.494705813046016
5.311969557649249 -3.859371791102006
5.753790637184456 -3.1631731705353645
6.104871001223348 -2.4170894194813104
6.359673902699777 -1.6328867243828153
6.514180947645593 -0.8229324302015504
1.0 0.5 0.4 0.32000000000000006 0.25600000000000006 0.20480000000000007 0.16384000000000007 0.13107200000000005 0.10485760000000005 0.08388608000000004 0.06710886400000003 0.05368709120000003 0.042949672960000025 0.03435973836800002 0.027487790694400018 0.021990232555520017 0.017592186044416015 0.014073748835532814 0.011258999068426251 