0.0 0.0
2.5386249971995936 0.0
2.5315264868264973 0.18971168362156163
2.510270653456639 0.3783624225541119
2.4749763683323875 0.5648972053416995
2.425841011412849 0.7482728538134474
2.363139367545068 0.9274638569590361
2.2872220897556996 1.1014681060022602
2.1985137382570477 1.2693124985997966
2.097510406134138 1.4300583808242375
1.9847769449909562 1.5828067964976025
1.8609438060711496 1.72670351451894
1.7267035145189402 1.8609438060711494
1.5828067964976027 1.9847769449909562
1.430058380824237 2.097510406134138
1.269312498599797 2.198513738257047
1.1014681060022604 2.2872220897556996
0.9274638569590361 2.363139367545068
0.7482728538134471 2.4258410114128495
0.5648972053416997 2.4749763683323875
0.3783624225541124 2.510270653456639
0.189711683621562 2.5315264868264973
1.5544594885279704e-16 2.5386249971995936
-0.1897116836215611 2.5315264868264973
-0.37836242255411157 2.510270653456639
-0.5648972053416994 2.4749763683323875
-0.7482728538134474 2.425841011412849
-0.9274638569590364 2.363139367545068
-1.10146810600226 2.2872220897556996
-1.2693124985997961 2.1985137382570477
-1.4300583808242375 2.097510406134138
-1.5828067964976025 1.9847769449909565
-1.7267035145189398 1.86094380607115
-1.8609438060711496 1.72670351451894
-1.9847769449909562 1.5828067964976027
-2.0975104061341385 1.4300583808242369
-2.198513738257047 1.2693124985997977
-2.2872220897556996 1.1014681060022604
-2.3631393675450685 0.9274638569590357
-2.425841011412849 0.7482728538134484
-2.4749763683323875 0.5648972053416998
-2.510270653456639 0.3783624225541126
-2.5315264868264973 0.18971168362156268
-2.5386249971995936 3.108918977055941e-16
-2.5315264868264973 -0.18971168362156093
-2.510270653456639 -0.37836242255411084
-2.4749763683323875 -0.5648972053416993
-2.4258410114128495 -0.7482728538134467
-2.363139367545068 -0.9274638569590362
-2.2872220897556996 -1.10146810600226
-2.1985137382570477 -1.2693124985997961
-2.097510406134138 -1.4300583808242375
-1.9847769449909565 -1.5828067964976023
-1.8609438060711494 -1.7267035145189402
-1.72670351451894 -1.8609438060711496
-1.582806796497603 -1.984776944990956
-1.430058380824237 -2.097510406134138
-1.269312498599798 -2.1985137382570468
-1.1014681060022606 -2.2872220897556996
-0.9274638569590359 -2.3631393675450685
-0.7482728538134485 -2.425841011412849
-0.5648972053417001 -2.4749763683323875
-0.3783624225541116 -2.510270653456639
-0.18971168362156282 -2.5315264868264973
-4.663378465583911e-16 -2.5386249971995936
0.1897116836215619 -2.5315264868264973
0.37836242255411073 -2.510270653456639
0.5648972053416992 -2.4749763683323875
0.7482728538134477 -2.425841011412849
0.9274638569590371 -2.363139367545068
1.1014681060022598 -2.2872220897557
1.269312498599795 -2.1985137382570485
1.4300583808242382 -2.0975104061341376
1.5828067964976023 -1.9847769449909565
1.7267035145189387 -1.8609438060711512
1.8609438060711503 -1.7267035145189396
1.984776944990956 -1.582806796497603
2.097510406134137 -1.430058380824239
2.1985137382570468 -1.269312498599798
2.2872220897556996 -1.1014681060022606
2.363139367545068 -0.927463856959036
2.425841011412849 -0.7482728538134487
2.474976368332387 -0.5648972053417002
2.5102706534566384 -0.378362422554114
2.5315264868264973 -0.18971168362156077
3.8462932909761713 0.0
3.8355382748339357 0.287433857595485
3.8033333728201364 0.5732602684653045
3.749858687810354 0.8558807753779237
3.675413271934509 1.133714849817172
3.5804134541560417 1.405208730938827
3.465390511991471 1.6688441148315192
3.330987700391016 1.9231466454880854
3.1779566543959863 2.1666941600024168
3.007153185690737 2.398124641881309
2.8195324965565853 2.6161438379931816
2.616143837993182 2.819532496556585
2.3981246418813096 3.007153185690737
2.1666941600024163 3.1779566543959863
1.9231466454880861 3.3309877003910158
1.6688441148315194 3.465390511991471
1.405208730938827 3.5804134541560417
1.1337148498171716 3.6754132719345094
0.855880775377924 3.749858687810354
0.5732602684653052 3.8033333728201364
0.28743385759548556 3.8355382748339357
2.3551753836879537e-16 3.8462932909761713
-0.28743385759548423 3.8355382748339357
-0.573260268465304 3.8033333728201364
-0.8558807753779235 3.749858687810354
-1.133714849817172 3.675413271934509
-1.4052087309388275 3.5804134541560417
-1.668844114831519 3.465390511991471
-1.9231466454880848 3.330987700391016
-2.1666941600024168 3.177956654395986
-2.398124641881309 3.0071531856907376
-2.616143837993181 2.8195324965565858
-2.8195324965565853 2.6161438379931816
-3.007153185690737 2.3981246418813096
-3.1779566543959867 2.166694160002416
-3.3309877003910153 1.923146645488087
-3.4653905119914707 1.6688441148315196
-3.580413454156042 1.4052087309388264
-3.6754132719345085 1.1337148498171736
-3.749858687810354 0.8558807753779242
-3.8033333728201364 0.5732602684653055
-3.8355382748339357 0.2874338575954866
-3.8462932909761713 4.710350767375907e-16
-3.8355382748339357 -0.28743385759548395
-3.8033333728201364 -0.5732602684653029
-3.749858687810354 -0.8558807753779233
-3.6754132719345094 -1.133714849817171
-3.5804134541560417 -1.4052087309388273
-3.465390511991471 -1.6688441148315187
-3.3309877003910167 -1.9231466454880846
-3.1779566543959863 -2.1666941600024168
-3.0071531856907376 -2.3981246418813087
-2.819532496556585 -2.616143837993182
-2.6161438379931816 -2.8195324965565853
-2.39812464188131 -3.0071531856907368
-2.1666941600024163 -3.1779566543959863
-1.9231466454880874 -3.3309877003910153
-1.6688441148315198 -3.4653905119914707
-1.4052087309388266 -3.580413454156042
-1.1337148498171739 -3.6754132719345085
-0.8558807753779245 -3.749858687810354
-0.5732602684653041 -3.8033333728201364
-0.28743385759548684 -3.8355382748339357
-7.065526151063861e-16 -3.8462932909761713
0.28743385759548545 -3.8355382748339357
0.5732602684653026 -3.8033333728201364
0.8558807753779232 -3.749858687810354
1.1337148498171725 -3.675413271934509
1.4052087309388284 -3.5804134541560413
1.6688441148315185 -3.4653905119914716
1.923146645488083 -3.3309877003910175
2.166694160002418 -3.1779566543959854
2.3981246418813087 -3.0071531856907376
2.61614383799318 -2.8195324965565876
2.819532496556586 -2.616143837993181
3.0071531856907368 -2.39812464188131
3.1779566543959845 -2.1666941600024194
3.3309877003910153 -1.9231466454880874
3.4653905119914707 -1.66884411483152
3.5804134541560417 -1.4052087309388268
3.6754132719345085 -1.133714849817174
3.7498586878103537 -0.8558807753779247
3.803333372820136 -0.5732602684653078
3.8355382748339357 -0.2874338575954837
4.782034803141694 0.0
4.768663263945454 0.3573619083723167
4.728623425427921 0.7127253039935743
4.662139206607749 1.0641028506066899
4.569582414205083 1.409529502439044
4.451470663347558 1.7470734935355385
4.3084644828565395 2.0748471409774143
4.141363621302024 2.3910174015708465
3.951102574484223 2.6938161229680406
3.7387453593539837 2.981549931892382
3.505479563598394 3.252609704168705
3.252609704168706 3.5054795635983935
2.981549931892383 3.7387453593539837
2.69381612296804 3.951102574484223
2.3910174015708474 4.141363621302024
2.0748471409774143 4.3084644828565395
1.7470734935355385 4.451470663347558
1.4095295024390435 4.569582414205084
1.06410285060669 4.662139206607749
0.7127253039935753 4.728623425427921
0.35736190837231735 4.768663263945454
2.9281518075393594e-16 4.782034803141694
-0.3573619083723157 4.768663263945454
-0.7127253039935736 4.728623425427921
-1.0641028506066894 4.662139206607749
-1.409529502439044 4.569582414205083
-1.747073493535539 4.451470663347558
-2.074847140977414 4.3084644828565395
-2.391017401570846 4.141363621302024
-2.6938161229680406 3.9511025744842225
-2.981549931892382 3.738745359353984
-3.2526097041687048 3.5054795635983944
-3.505479563598394 3.252609704168705
-3.7387453593539837 2.981549931892383
-3.951102574484224 2.6938161229680393
-4.141363621302023 2.3910174015708487
-4.3084644828565395 2.0748471409774147
-4.451470663347559 1.7470734935355376
-4.569582414205083 1.4095295024390457
-4.662139206607749 1.0641028506066903
-4.728623425427921 0.7127253039935756
-4.768663263945454 0.3573619083723187
-4.782034803141694 5.856303615078719e-16
-4.768663263945454 -0.35736190837231535
-4.728623425427921 -0.7127253039935723
-4.662139206607749 -1.0641028506066892
-4.569582414205084 -1.4095295024390426
-4.451470663347558 -1.7470734935355388
-4.3084644828565395 -2.0748471409774134
-4.141363621302025 -2.3910174015708456
-3.951102574484223 -2.6938161229680406
-3.738745359353984 -2.9815499318923817
-3.5054795635983935 -3.252609704168706
-3.252609704168705 -3.505479563598394
-2.9815499318923835 -3.738745359353983
-2.69381612296804 -3.951102574484223
-2.391017401570849 -4.141363621302022
-2.0748471409774147 -4.3084644828565395
-1.7470734935355379 -4.451470663347559
-1.4095295024390462 -4.569582414205083
-1.0641028506066907 -4.662139206607749
-0.7127253039935738 -4.728623425427921
-0.3573619083723189 -4.768663263945454
-8.784455422618078e-16 -4.782034803141694
0.3573619083723172 -4.768663263945454
0.712725303993572 -4.728623425427921
1.064102850606689 -4.662139206607749
1.4095295024390444 -4.569582414205083
1.7470734935355403 -4.451470663347558
2.0748471409774134 -4.30846448285654
2.391017401570844 -4.141363621302026
2.693816122968042 -3.951102574484222
2.9815499318923817 -3.738745359353984
3.2526097041687025 -3.5054795635983966
3.505479563598395 -3.2526097041687043
3.738745359353983 -2.9815499318923835
3.951102574484221 -2.6938161229680437
4.141363621302022 -2.391017401570849
4.3084644828565395 -2.074847140977415
4.451470663347558 -1.747073493535538
4.569582414205083 -1.4095295024390464
4.662139206607749 -1.064102850606691
4.72862342542792 -0.7127253039935783
4.768663263945454 -0.357361908372315
5.539751621774493 0.0
5.5242613526741255 0.41398615714075343
5.477877173241268 0.8256571357624081
5.400858482622478 1.2327107047632675
5.293636000577376 1.6328704554692302
5.156809358719032 2.023898532234491
4.991143747130756 2.4036081474380735
4.797565635112755 2.769875810887246
4.577157589990002 3.120653205236052
4.331152222956624 3.4539786410067763
4.060925295814108 3.7679880271532475
3.767988027153248 4.0609252958141075
3.4539786410067768 4.331152222956624
3.120653205236051 4.577157589990002
2.769875810887247 4.797565635112754
2.403608147438074 4.991143747130756
2.023898532234491 5.156809358719032
1.6328704554692295 5.293636000577376
1.232710704763268 5.400858482622478
0.8256571357624092 5.477877173241268
0.41398615714075415 5.5242613526741255
3.392119545838746e-16 5.539751621774493
-0.41398615714075226 5.5242613526741255
-0.8256571357624073 5.477877173241268
-1.2327107047632673 5.400858482622478
-1.6328704554692302 5.293636000577376
-2.023898532234492 5.156809358719032
-2.4036081474380735 4.991143747130756
-2.769875810887245 4.797565635112755
-3.120653205236052 4.577157589990001
-3.4539786410067763 4.331152222956625
-3.767988027153247 4.060925295814109
-4.060925295814108 3.7679880271532475
-4.331152222956624 3.4539786410067768
-4.577157589990003 3.1206532052360507
-4.797565635112753 2.7698758108872483
-4.991143747130755 2.4036081474380744
-5.156809358719033 2.0238985322344902
-5.293636000577375 1.6328704554692324
-5.400858482622478 1.2327107047632682
-5.477877173241268 0.8256571357624096
-5.5242613526741255 0.4139861571407557
-5.539751621774493 6.784239091677492e-16
-5.5242613526741255 -0.4139861571407519
-5.477877173241268 -0.8256571357624057
-5.400858482622478 -1.2327107047632668
-5.293636000577376 -1.6328704554692286
-5.156809358719032 -2.0238985322344916
-4.991143747130756 -2.403608147438073
-4.797565635112755 -2.769875810887245
-4.577157589990002 -3.120653205236052
-4.331152222956625 -3.4539786410067754
-4.0609252958141075 -3.767988027153248
-3.7679880271532475 -4.060925295814108
-3.453978641006777 -4.331152222956623
-3.120653205236051 -4.577157589990002
-2.769875810887249 -4.797565635112753
-2.4036081474380744 -4.991143747130755
-2.0238985322344907 -5.156809358719033
-1.6328704554692326 -5.293636000577375
-1.2327107047632686 -5.400858482622478
-0.8256571357624074 -5.477877173241268
-0.41398615714075604 -5.5242613526741255
-1.0176358637516237e-15 -5.539751621774493
0.41398615714075404 -5.5242613526741255
0.8256571357624054 -5.477877173241268
1.2327107047632666 -5.400858482622478
1.6328704554692308 -5.293636000577376
2.0238985322344933 -5.156809358719031
2.4036081474380726 -4.9911437471307565
2.769875810887243 -4.797565635112757
3.120653205236054 -4.5771575899900006
3.4539786410067754 -4.331152222956625
3.7679880271532444 -4.060925295814111
4.060925295814109 -3.767988027153246
4.331152222956623 -3.453978641006777
4.57715758999 -3.1206532052360556
4.797565635112753 -2.769875810887249
4.991143747130755 -2.403608147438075
5.156809358719032 -2.023898532234491
5.293636000577375 -1.6328704554692328
5.4008584826224775 -1.2327107047632688
5.477877173241267 -0.8256571357624126
5.5242613526741255 -0.4139861571407515
6.227356992687548 0.0
6.209944039510797 0.46537097085961393
6.15780256027806 0.9281393984781987
6.071224151291751 1.3857172940922184
5.950692994134383 1.8355456964985821
5.796883147928756 2.2751089828037014
5.610654779725913 2.701948936807145
5.393049354102081 3.1136784963437734
5.145283808866299 3.507995102703652
4.868743749450557 3.8826935774743574
4.564975700042165 4.2356784547931685
4.235678454793169 4.564975700042164
3.8826935774743583 4.868743749450557
3.5079951027036516 5.145283808866299
3.1136784963437747 5.3930493541020805
2.7019489368071454 5.610654779725913
2.2751089828037014 5.796883147928756
1.8355456964985812 5.950692994134384
1.3857172940922187 6.071224151291751
0.9281393984781999 6.15780256027806
0.4653709708596148 6.209944039510797
3.813156404121346e-16 6.227356992687548
-0.46537097085961265 6.209944039510797
-0.9281393984781978 6.15780256027806
-1.385717294092218 6.071224151291751
-1.8355456964985821 5.950692994134383
-2.2751089828037023 5.796883147928756
-2.701948936807145 5.610654779725913
-3.1136784963437725 5.393049354102081
-3.507995102703652 5.145283808866298
-3.8826935774743574 4.868743749450558
-4.235678454793168 4.564975700042166
-4.564975700042165 4.2356784547931685
-4.868743749450557 3.8826935774743583
-5.1452838088663 3.5079951027036507
-5.39304935410208 3.113678496343776
-5.6106547797259125 2.701948936807146
-5.796883147928757 2.2751089828037006
-5.950692994134382 1.8355456964985843
-6.071224151291751 1.385717294092219
-6.15780256027806 0.9281393984782004
-6.209944039510797 0.46537097085961654
-6.227356992687548 7.626312808242692e-16
-6.209944039510797 -0.4653709708596122
-6.15780256027806 -0.928139398478196
-6.071224151291751 -1.3857172940922178
-5.950692994134384 -1.8355456964985803
-5.796883147928756 -2.275108982803702
-5.610654779725913 -2.7019489368071445
-5.393049354102082 -3.113678496343772
-5.145283808866299 -3.507995102703652
-4.868743749450558 -3.882693577474357
-4.564975700042164 -4.235678454793169
-4.2356784547931685 -4.564975700042165
-3.8826935774743587 -4.868743749450556
-3.5079951027036516 -5.145283808866299
-3.1136784963437765 -5.39304935410208
-2.7019489368071463 -5.6106547797259125
-2.275108982803701 -5.796883147928757
-1.8355456964985848 -5.950692994134382
-1.3857172940922196 -6.071224151291751
-0.9281393984781979 -6.15780256027806
-0.4653709708596169 -6.209944039510797
-1.1439469212364037e-15 -6.227356992687548
0.4653709708596146 -6.209944039510797
0.9281393984781957 -6.15780256027806
1.3857172940922173 -6.071224151291751
1.8355456964985828 -5.950692994134383
2.275108982803704 -5.796883147928755
2.701948936807144 -5.610654779725914
3.11367849634377 -5.393049354102083
3.5079951027036542 -5.145283808866298
3.882693577474357 -4.868743749450558
4.235678454793165 -4.564975700042169
4.564975700042166 -4.235678454793167
4.868743749450556 -3.8826935774743587
5.145283808866297 -3.5079951027036564
5.39304935410208 -3.1136784963437765
5.6106547797259125 -2.7019489368071468
5.796883147928756 -2.275108982803701
5.950692994134382 -1.8355456964985852
6.07122415129175 -1.38571729409222
6.157802560278059 -0.9281393984782038
6.209944039510797 -0.46537097085961177
1.0 0.5 0.4 0.32000000000000006 0.25600000000000006 0.20480000000000007 