0.0 0.0
3.324275850562631 0.0
3.3174457693001833 0.2129870850221193
3.296983591781795 0.42509896042629625
3.262973401484013 0.6354640130186405
3.215554953573933 0.8432178076748879
3.154923100625244 1.0475066394897465
3.0813269919272024 1.2474910418334724
2.9950690496767653 1.4423492359003152
2.8965037262609097 1.6312805075739027
2.786036047735747 1.8135084977332978
2.6641199494875805 1.9882843924791536
2.5312564109150326 2.1548900001706475
2.387991396797237 2.3126407026289852
2.234913613807453 2.4608882683803452
2.0726520913910678 2.5990235163780526
1.9018735969486773 2.7264788192581664
1.7232798959458178 2.8427304358420753
1.5376048682081376 2.947300663301344
1.345611492251781 3.0397598001410966
1.1480887100410024 3.1197279119356374
0.9458481850564081 3.1868763925604964
0.7397209669956183 3.2409293145054816
0.5305540768117945 3.281664562720006
0.3192070261228568 3.3089147473314733
0.10654828529388868 3.3225678914861674
-0.10654828529388827 3.3225678914861674
-0.31920702612285634 3.3089147473314733
-0.5305540768117932 3.2816645627200063
-0.7397209669956178 3.2409293145054816
-0.9458481850564078 3.186876392560497
-1.1480887100410013 3.119727911935638
-1.3456114922517806 3.0397598001410966
-1.5376048682081371 2.947300663301344
-1.7232798959458175 2.8427304358420757
-1.9018735969486777 2.726478819258166
-2.0726520913910678 2.599023516378053
-2.2349136138074535 2.4608882683803452
-2.3879913967972364 2.3126407026289857
-2.5312564109150313 2.154890000170649
-2.66411994948758 1.9882843924791538
-2.786036047735747 1.8135084977332978
-2.8965037262609092 1.6312805075739036
-2.995069049676765 1.4423492359003156
-3.081326991927202 1.2474910418334737
-3.1549231006252434 1.0475066394897485
-3.215554953573933 0.8432178076748879
-3.262973401484013 0.6354640130186414
-3.296983591781795 0.42509896042629647
-3.3174457693001833 0.21298708502212035
-3.324275850562631 4.0710637798743714e-16
-3.3174457693001833 -0.21298708502211958
-3.296983591781795 -0.4250989604262957
-3.262973401484013 -0.6354640130186405
-3.215554953573933 -0.8432178076748871
-3.154923100625244 -1.0475066394897463
-3.0813269919272024 -1.2474910418334728
-2.9950690496767653 -1.442349235900315
-2.89650372626091 -1.6312805075739016
-2.7860360477357475 -1.813508497733297
-2.6641199494875805 -1.9882843924791536
-2.531256410915033 -2.154890000170647
-2.387991396797237 -2.3126407026289852
-2.234913613807454 -2.460888268380345
-2.072652091391068 -2.599023516378052
-1.9018735969486784 -2.7264788192581655
-1.7232798959458193 -2.8427304358420744
-1.537604868208138 -2.9473006633013434
-1.3456114922517821 -3.039759800141096
-1.1480887100410009 -3.119727911935638
-0.9458481850564078 -3.186876392560497
-0.7397209669956187 -3.2409293145054816
-0.5305540768117918 -3.2816645627200063
-0.3192070261228557 -3.3089147473314733
-0.10654828529388834 -3.3225678914861674
0.10654828529388712 -3.3225678914861674
0.31920702612285445 -3.3089147473314733
0.5305540768117907 -3.2816645627200067
0.7397209669956175 -3.2409293145054816
0.9458481850564067 -3.186876392560497
1.1480887100410024 -3.1197279119356374
1.3456114922517808 -3.0397598001410966
1.537604868208137 -2.947300663301344
1.7232798959458155 -2.8427304358420766
1.9018735969486773 -2.7264788192581664
2.0726520913910673 -2.599023516378053
2.2349136138074517 -2.4608882683803466
2.387991396797235 -2.312640702628987
2.53125641091503 -2.1548900001706506
2.6641199494875782 -1.988284392479157
2.7860360477357475 -1.8135084977332967
2.8965037262609097 -1.6312805075739027
2.995069049676765 -1.442349235900316
3.081326991927202 -1.247491041833474
3.154923100625243 -1.047506639489749
3.215554953573933 -0.8432178076748884
3.262973401484013 -0.6354640130186417
3.296983591781795 -0.4250989604262984
3.3174457693001833 -0.21298708502212224
1.0 0.5 