0.0 0.0
2.8297366011361715 0.0
2.8218240836755566 0.2114664810278362
2.7981307813009675 0.42175035571500047
2.7587891965701776 0.6296756313351876
2.7040193435834285 0.8340795054048116
2.6341275175753376 1.0338188685461698
2.549504581987696 1.2277766972187723
2.450623782602558 1.4148683005680855
2.3380381009598596 1.5940473864567848
2.2123771618603367 1.7643119127547975
2.074343712248241 1.9247096911653658
1.924709691165366 2.074343712248241
1.764311912754798 2.2123771618603367
1.5940473864567843 2.3380381009598596
1.414868300568086 2.4506237826025576
1.2277766972187725 2.549504581987696
1.0338188685461698 2.6341275175753376
0.8340795054048112 2.704019343583429
0.6296756313351878 2.7587891965701776
0.421750355715001 2.7981307813009675
0.21146648102783658 2.8218240836755566
1.7327139355057616e-16 2.8297366011361715
-0.21146648102783558 2.8218240836755566
-0.4217503557150001 2.7981307813009675
-0.6296756313351874 2.7587891965701776
-0.8340795054048116 2.7040193435834285
-1.03381886854617 2.6341275175753376
-1.227776697218772 2.549504581987696
-1.414868300568085 2.450623782602558
-1.5940473864567848 2.338038100959859
-1.7643119127547975 2.212377161860337
-1.9247096911653656 2.0743437122482415
-2.074343712248241 1.9247096911653658
-2.2123771618603367 1.764311912754798
-2.33803810095986 1.5940473864567841
-2.4506237826025576 1.4148683005680867
-2.5495045819876956 1.2277766972187727
-2.6341275175753376 1.0338188685461693
-2.7040193435834285 0.8340795054048126
-2.7587891965701776 0.6296756313351879
-2.7981307813009675 0.42175035571500125
-2.8218240836755566 0.21146648102783736
-2.8297366011361715 3.465427871011523e-16
-2.8218240836755566 -0.21146648102783538
-2.798130781300968 -0.42175035571499925
-2.7587891965701776 -0.6296756313351872
-2.704019343583429 -0.8340795054048107
-2.6341275175753376 -1.03381886854617
-2.549504581987696 -1.227776697218772
-2.4506237826025585 -1.4148683005680849
-2.3380381009598596 -1.5940473864567848
-2.212377161860337 -1.7643119127547973
-2.074343712248241 -1.924709691165366
-1.9247096911653658 -2.074343712248241
-1.7643119127547982 -2.2123771618603367
-1.5940473864567843 -2.3380381009598596
-1.414868300568087 -2.450623782602557
-1.2277766972187727 -2.5495045819876956
-1.0338188685461696 -2.6341275175753376
-0.8340795054048128 -2.7040193435834285
-0.6296756313351881 -2.7587891965701776
-0.42175035571500014 -2.7981307813009675
-0.21146648102783752 -2.8218240836755566
-5.198141806517284e-16 -2.8297366011361715
0.2114664810278365 -2.8218240836755566
0.42175035571499914 -2.798130781300968
0.6296756313351871 -2.7587891965701776
0.8340795054048118 -2.7040193435834285
1.0338188685461709 -2.634127517575337
1.2277766972187718 -2.549504581987696
1.414868300568084 -2.450623782602559
1.5940473864567857 -2.338038100959859
1.7643119127547973 -2.212377161860337
1.9247096911653643 -2.074343712248243
2.074343712248242 -1.9247096911653652
2.2123771618603367 -1.7643119127547982
2.3380381009598583 -1.5940473864567866
2.450623782602557 -1.414868300568087
2.5495045819876956 -1.227776697218773
2.6341275175753376 -1.0338188685461696
2.7040193435834285 -0.8340795054048129
2.758789196570177 -0.6296756313351883
2.798130781300967 -0.4217503557150028
2.8218240836755566 -0.2114664810278352
4.436207494028612 0.0
4.42380295812894 0.3315182011975548
4.38665872162642 0.6611824181377522
4.324982510158675 0.9871490347952478
4.2391192421184245 1.3075951136253638
4.129549099729926 1.6207285901702913
3.9968848436751867 1.9247982950104667
3.8418683862876817 2.2181037470143057
3.6653666424776317 2.4990046631184732
3.4683666815921734 2.765930131456128
3.2519702073231773 3.0173873965333105
3.017387396533311 3.251970207323177
2.7659301314561286 3.4683666815921734
2.499004663118473 3.6653666424776317
2.2181037470143066 3.8418683862876812
1.924798295010467 3.9968848436751867
1.6207285901702913 4.129549099729926
1.3075951136253634 4.239119242118425
0.9871490347952481 4.324982510158675
0.6611824181377531 4.38665872162642
0.33151820119755543 4.42380295812894
2.7163936539578205e-16 4.436207494028612
-0.3315182011975539 4.42380295812894
-0.6611824181377516 4.38665872162642
-0.9871490347952475 4.324982510158675
-1.3075951136253638 4.2391192421184245
-1.6207285901702917 4.129549099729926
-1.9247982950104665 3.9968848436751867
-2.2181037470143052 3.8418683862876817
-2.4990046631184732 3.665366642477631
-2.765930131456128 3.468366681592174
-3.01738739653331 3.2519702073231778
-3.2519702073231773 3.0173873965333105
-3.4683666815921734 2.7659301314561286
-3.6653666424776326 2.4990046631184724
-3.841868386287681 2.2181037470143075
-3.9968848436751863 1.9247982950104672
-4.1295490997299265 1.6207285901702906
-4.2391192421184245 1.3075951136253656
-4.324982510158675 0.9871490347952483
-4.38665872162642 0.6611824181377535
-4.42380295812894 0.33151820119755665
-4.436207494028612 5.432787307915641e-16
-4.42380295812894 -0.3315182011975536
-4.38665872162642 -0.6611824181377504
-4.324982510158675 -0.9871490347952473
-4.239119242118425 -1.3075951136253627
-4.129549099729926 -1.6207285901702915
-3.9968848436751867 -1.9247982950104663
-3.8418683862876826 -2.218103747014305
-3.6653666424776317 -2.4990046631184732
-3.468366681592174 -2.7659301314561278
-3.251970207323177 -3.017387396533311
-3.0173873965333105 -3.2519702073231773
-2.765930131456129 -3.468366681592173
-2.499004663118473 -3.6653666424776317
-2.218103747014308 -3.8418683862876803
-1.9247982950104674 -3.9968848436751863
-1.6207285901702908 -4.1295490997299265
-1.3075951136253658 -4.2391192421184245
-0.9871490347952486 -4.324982510158675
-0.6611824181377517 -4.38665872162642
-0.3315182011975569 -4.42380295812894
-8.149180961873461e-16 -4.436207494028612
0.3315182011975553 -4.42380295812894
0.6611824181377501 -4.38665872162642
0.9871490347952471 -4.324982510158675
1.3075951136253643 -4.2391192421184245
1.620728590170293 -4.129549099729925
1.9247982950104658 -3.996884843675187
2.218103747014303 -3.8418683862876835
2.4990046631184746 -3.6653666424776308
2.7659301314561278 -3.468366681592174
3.0173873965333082 -3.25197020732318
3.251970207323178 -3.0173873965333096
3.468366681592173 -2.765930131456129
3.66536664247763 -2.4990046631184764
3.8418683862876803 -2.218103747014308
3.9968848436751863 -1.9247982950104676
4.129549099729926 -1.620728590170291
4.2391192421184245 -1.307595113625366
4.324982510158674 -0.987149034795249
4.386658721626419 -0.6611824181377559
4.42380295812894 -0.33151820119755326
1.0 0.5 0.4 