0.0 0.0
1.5708198327389706 0.0
1.531436099946006 0.3495402962581773
1.4152597663814979 0.6815531825088018
1.228116398520492 0.9793901462701897
0.9793901462701898 1.228116398520492
0.6815531825088019 1.4152597663814979
0.3495402962581774 1.531436099946006
9.618497401004806e-17 1.5708198327389706
-0.34954029625817723 1.531436099946006
-0.6815531825088017 1.4152597663814979
-0.9793901462701897 1.2281163985204921
-1.2281163985204915 0.9793901462701904
-1.4152597663814976 0.681553182508802
-1.5314360999460062 0.34954029625817684
-1.5708198327389706 1.923699480200961e-16
-1.5314360999460062 -0.34954029625817645
-1.4152597663814979 -0.6815531825088016
-1.2281163985204917 -0.9793901462701902
-0.97939014627019 -1.228116398520492
-0.681553182508802 -1.4152597663814976
-0.3495402962581776 -1.531436099946006
-2.8855492203014417e-16 -1.5708198327389706
0.3495402962581757 -1.5314360999460064
0.6815531825088016 -1.4152597663814979
0.9793901462701895 -1.2281163985204921
1.228116398520492 -0.97939014627019
1.415259766381498 -0.6815531825088008
1.531436099946006 -0.3495402962581777
2.506595127735936 0.0
2.4437495545687273 0.5577698888741477
2.258364174525966 1.0875708664759212
1.9597349846649272 1.5628364995321455
1.5628364995321458 1.9597349846649272
1.0875708664759212 2.258364174525966
0.5577698888741478 2.4437495545687273
1.5348468499700825e-16 2.506595127735936
-0.5577698888741475 2.4437495545687273
-1.087570866475921 2.258364174525966
-1.5628364995321455 1.9597349846649277
-1.9597349846649266 1.5628364995321467
-2.2583641745259655 1.0875708664759214
-2.4437495545687278 0.5577698888741469
-2.506595127735936 3.069693699940165e-16
-2.4437495545687278 -0.5577698888741462
-2.258364174525966 -1.087570866475921
-1.9597349846649268 -1.5628364995321462
-1.562836499532146 -1.959734984664927
-1.0875708664759216 -2.2583641745259655
-0.5577698888741481 -2.4437495545687273
-4.604540549910247e-16 -2.506595127735936
0.557769888874145 -2.443749554568728
1.0875708664759207 -2.2583641745259664
1.562836499532145 -1.9597349846649277
1.959734984664927 -1.562836499532146
2.2583641745259664 -1.0875708664759196
2.4437495545687273 -0.5577698888741482
3.147557118182477 0.0
3.06864128970268 0.7003973496188103
2.835850973427067 1.3656738515230988
2.4608592478614058 1.962469763954639
1.9624697639546391 2.4608592478614058
1.365673851523099 2.835850973427067
0.7003973496188104 3.06864128970268
1.927322874957819e-16 3.147557118182477
-0.7003973496188101 3.06864128970268
-1.3656738515230988 2.835850973427067
-1.962469763954639 2.460859247861406
-2.460859247861405 1.9624697639546402
-2.8358509734270667 1.3656738515230993
-3.06864128970268 0.7003973496188093
-3.147557118182477 3.854645749915638e-16
-3.06864128970268 -0.7003973496188085
-2.835850973427067 -1.3656738515230986
-2.460859247861405 -1.9624697639546398
-1.9624697639546396 -2.4608592478614053
-1.3656738515230995 -2.8358509734270667
-0.7003973496188108 -3.06864128970268
-5.781968624873457e-16 -3.147557118182477
0.700397349618807 -3.0686412897026805
1.3656738515230984 -2.8358509734270676
1.9624697639546385 -2.460859247861406
2.4608592478614053 -1.9624697639546396
2.835850973427068 -1.365673851523097
3.0686412897026796 -0.7003973496188111
3.6561145570994498 0.0
3.5644481318505394 0.8135620258970463
3.2940453934314458 1.5863286546764441
2.858465464250007 2.2795501407787673
2.2795501407787673 2.858465464250007
1.5863286546764443 3.2940453934314458
0.8135620258970465 3.5644481318505394
2.238724494833942e-16 3.6561145570994498
-0.8135620258970461 3.5644481318505394
-1.586328654676444 3.2940453934314458
-2.2795501407787673 2.8584654642500076
-2.858465464250006 2.2795501407787686
-3.2940453934314453 1.5863286546764446
-3.56444813185054 0.8135620258970452
-3.6561145570994498 4.477448989667884e-16
-3.56444813185054 -0.8135620258970443
-3.2940453934314458 -1.586328654676444
-2.8584654642500062 -2.279550140778768
-2.2795501407787677 -2.8584654642500067
-1.5863286546764448 -3.2940453934314453
-0.8135620258970471 -3.5644481318505394
-6.716173484501826e-16 -3.6561145570994498
0.8135620258970424 -3.5644481318505403
1.5863286546764437 -3.294045393431446
2.279550140778767 -2.8584654642500076
2.8584654642500067 -2.2795501407787677
3.2940453934314466 -1.586328654676442
3.564448131850539 -0.8135620258970472
4.10204180357281 0.0
3.9991950512398016 0.912790173258866
3.6958119598533923 1.7798092357507027
3.2071054244331605 2.557581231325853
2.5575812313258535 3.2071054244331605
1.779809235750703 3.6958119598533923
0.9127901732588662 3.9991950512398016
2.5117761823570386e-16 4.10204180357281
-0.9127901732588658 3.9991950512398016
-1.7798092357507025 3.6958119598533923
-2.557581231325853 3.207105424433161
-3.207105424433159 2.557581231325855
-3.695811959853392 1.7798092357507032
-3.9991950512398025 0.9127901732588648
-4.10204180357281 5.023552364714077e-16
-3.9991950512398025 -0.9127901732588637
-3.6958119598533923 -1.7798092357507023
-3.2071054244331596 -2.5575812313258544
-2.557581231325854 -3.20710542443316
-1.7798092357507034 -3.695811959853392
-0.9127901732588668 -3.9991950512398016
-7.535328547071115e-16 -4.10204180357281
0.9127901732588617 -3.999195051239803
1.779809235750702 -3.6958119598533927
2.5575812313258526 -3.207105424433161
3.20710542443316 -2.557581231325854
3.695811959853393 -1.7798092357507
3.999195051239801 -0.912790173258867
4.538596560359319 0.0
4.424804468826717 1.0099327454620717
4.0891342048527495 1.9692232459547894
3.5484176771100273 2.829768670135161
2.8297686701351616 3.5484176771100273
1.9692232459547896 4.0891342048527495
1.009932745462072 4.424804468826717
2.7790888751326136e-16 4.538596560359319
-1.0099327454620715 4.424804468826717
-1.9692232459547891 4.0891342048527495
-2.829768670135161 3.5484176771100278
-3.548417677110026 2.829768670135163
-4.089134204852749 1.9692232459547898
-4.424804468826718 1.0099327454620703
-4.538596560359319 5.558177750265227e-16
-4.424804468826718 -1.0099327454620692
-4.0891342048527495 -1.969223245954789
-3.5484176771100264 -2.8297686701351625
-2.829768670135162 -3.548417677110027
-1.9692232459547903 -4.089134204852749
-1.0099327454620726 -4.424804468826717
-8.33726662539784e-16 -4.538596560359319
1.009932745462067 -4.424804468826718
1.9692232459547887 -4.0891342048527495
2.8297686701351608 -3.5484176771100278
3.548417677110027 -2.829768670135162
4.08913420485275 -1.9692232459547867
4.424804468826716 -1.0099327454620728
1.0 0.5 0.4 0.32000000000000006 0.25600000000000006 0.20480000000000007 0.16384000000000007 