0.0 0.0
0.693214659708848 0.0
0.34660732985442405 0.6003415055836473
-0.34660732985442383 0.6003415055836474
-0.693214659708848 8.489431141344623e-17
-0.34660732985442433 -0.6003415055836471
0.34660732985442405 -0.6003415055836473
1.2607719869975615 0.0
0.6303859934987809 1.091860569119672
-0.6303859934987804 1.0918605691196723
-1.2607719869975615 1.5440003783312122e-16
-0.6303859934987813 -1.0918605691196719
0.6303859934987809 -1.091860569119672
1.7039302350480634 0.0
0.8519651175240319 1.4756468698280125
-0.8519651175240314 1.4756468698280127
-1.7039302350480634 2.0867127083220081e-16
-0.8519651175240325 -1.475646869828012
0.8519651175240319 -1.4756468698280125
2.0865398672107838 0.0
1.043269933605392 1.8069965310135478
-1.0432699336053914 1.806996531013548
-2.0865398672107838 2.55527436967303e-16
-1.0432699336053928 -1.8069965310135474
1.043269933605392 -1.8069965310135478
2.4341791010866425 0.0
1.2170895505433215 2.1080609389022014
-1.2170895505433208 2.108060938902202
-2.4341791010866425 2.981009644697138e-16
-1.2170895505433224 -2.108060938902201
1.2170895505433215 -2.1080609389022014
2.7669552180539956 0.0
1.383477609026998 2.396253509968671
-1.3834776090269971 2.396253509968671
-2.7669552180539956 3.3885428511738925e-16
-1.3834776090269991 -2.39625350996867
1.383477609026998 -2.396253509968671
3.1162200187013167 0.0
1.5581100093506588 2.6987256999769587
-1.5581100093506577 2.698725699976959
-3.1162200187013167 3.816268871341473e-16
-1.5581100093506597 -2.6987256999769578
1.5581100093506588 -2.6987256999769587
1.0 0.5 0.4 0.32000000000000006 0.25600000000000006 0.20480000000000007 0.16384000000000007 0.13107200000000005 