0.0 0.0
2.0343502903410804 0.0
1.9898948555492488 0.4229652085804136
1.8584714669950002 0.8274448079336104
1.6458239573975426 1.1957610986593978
1.3612460433222464 1.5118168914754082
1.0171751451705404 1.761799031631624
0.6286488122270023 1.934782100055822
0.21264750959745776 2.023205906593008
-0.2126475095974575 2.0232059065930086
-0.6286488122270021 1.9347821000558223
-1.0171751451705398 1.7617990316316243
-1.3612460433222457 1.5118168914754089
-1.6458239573975424 1.195761098659398
-1.8584714669950004 0.8274448079336102
-1.9898948555492488 0.4229652085804136
-2.0343502903410804 1.1525690701368852e-15
-1.9898948555492488 -0.4229652085804131
-1.8584714669950002 -0.8274448079336105
-1.6458239573975428 -1.1957610986593976
-1.3612460433222469 -1.511816891475408
-1.017175145170541 -1.7617990316316237
-0.6286488122270025 -1.934782100055822
-0.21264750959745934 -2.023205906593008
0.21264750959745682 -2.0232059065930086
0.6286488122270019 -1.9347821000558223
1.0171751451705404 -1.761799031631624
1.3612460433222469 -1.511816891475408
1.6458239573975424 -1.1957610986593983
1.8584714669950004 -0.8274448079336104
1.9898948555492488 -0.4229652085804129
1.0 0.5 