0.0 0.0
2.2528886935155636 0.0
2.24381922597402 0.20194738552309432
2.216683845369273 0.40226880944109644
2.171701029830606 0.5993514014357085
2.1092329545392703 0.7916083683588772
2.0297825757068777 0.9774917701582032
1.93398958106772 1.1555049829800685
1.8226252394892635 1.3242147491049057
1.6965861911687252 1.4822627166956135
1.556887228413422 1.6283763764478518
1.4046531251298 1.761379307086736
1.2411095808052952 1.8802006472192183
1.0675733518967616 1.9838837172803694
0.8854416500817212 2.071593722154714
0.6961808927314816 2.142624472455652
0.5013148961807042 2.196404070347165
0.30241260685426535 2.2324995141289214
0.10107546903316912 2.250620184511369
-0.10107546903316883 2.250620184511369
-0.3024126068542651 2.232499514128922
-0.501314896180704 2.196404070347165
-0.6961808927314814 2.142624472455652
-0.8854416500817204 2.0715937221547143
-1.0675733518967614 1.9838837172803694
-1.2411095808052948 1.8802006472192185
-1.4046531251297998 1.7613793070867363
-1.556887228413422 1.6283763764478518
-1.696586191168725 1.482262716695614
-1.8226252394892632 1.324214749104906
-1.93398958106772 1.1555049829800688
-2.0297825757068773 0.9774917701582034
-2.1092329545392703 0.7916083683588774
-2.171701029830606 0.5993514014357088
-2.216683845369273 0.4022688094410967
-2.24381922597402 0.2019473855230946
-2.2528886935155636 2.7589929273490975e-16
-2.24381922597402 -0.20194738552309405
-2.216683845369273 -0.40226880944109616
-2.1717010298306065 -0.5993514014357082
-2.1092329545392703 -0.7916083683588769
-2.0297825757068777 -0.9774917701582029
-1.9339895810677206 -1.1555049829800674
-1.8226252394892637 -1.3242147491049054
-1.6965861911687257 -1.4822627166956133
-1.556887228413423 -1.628376376447851
-1.4046531251298002 -1.7613793070867356
-1.2411095808052952 -1.8802006472192183
-1.0675733518967618 -1.9838837172803692
-0.8854416500817214 -2.071593722154714
-0.6961808927314819 -2.142624472455652
-0.5013148961807046 -2.196404070347165
-0.30241260685426563 -2.2324995141289214
-0.10107546903316939 -2.250620184511369
0.10107546903316857 -2.250620184511369
0.3024126068542648 -2.232499514128922
0.5013148961807038 -2.196404070347165
0.6961808927314811 -2.142624472455652
0.8854416500817206 -2.0715937221547143
1.0675733518967612 -1.9838837172803696
1.2411095808052945 -1.8802006472192188
1.4046531251297996 -1.7613793070867363
1.5568872284134219 -1.628376376447852
1.6965861911687248 -1.4822627166956142
1.8226252394892632 -1.3242147491049063
1.9339895810677197 -1.155504982980069
2.0297825757068773 -0.9774917701582037
2.10923295453927 -0.7916083683588776
2.171701029830606 -0.599351401435709
2.216683845369273 -0.40226880944109694
2.2438192259740197 -0.20194738552309488
3.4168196907018866 0.0
3.4030645791558425 0.30628135572216053
3.3619099925880045 0.610096714058567
3.293687283530911 0.9089999323844324
3.1989457411235875 1.2005844177380431
3.078448168558373 1.482502503292233
2.933164741438136 1.7524843503872694
2.764265196492778 2.0083562239370987
2.573109413546874 2.248057994066122
2.3612364665669254 2.46965972306362
2.1303522319427386 2.671377204107411
1.8823156537737764 2.851586326648088
1.619123776744308 3.008836152792203
1.3428956670938585 3.141860599401042
1.0558553511418345 3.24958863184762
0.7603139087353092 3.3311528873577347
0.458650865792986 3.3858966585050227
0.15329503576163922 3.4133791806330236
-0.1532950357616388 3.413379180633024
-0.4586508657929855 3.385896658505023
-0.7603139087353089 3.3311528873577347
-1.0558553511418343 3.2495886318476206
-1.3428956670938574 3.141860599401043
-1.6191237767443076 3.008836152792203
-1.8823156537737755 2.8515863266480883
-2.130352231942738 2.6713772041074115
-2.3612364665669254 2.46965972306362
-2.573109413546874 2.2480579940661225
-2.7642651964927776 2.0083562239370987
-2.933164741438136 1.7524843503872698
-3.0784481685583724 1.4825025032922334
-3.1989457411235875 1.2005844177380436
-3.293687283530911 0.9089999323844329
-3.3619099925880045 0.6100967140585674
-3.4030645791558425 0.3062813557221609
-3.4168196907018866 4.184397297481715e-16
-3.4030645791558425 -0.3062813557221601
-3.3619099925880045 -0.6100967140585665
-3.2936872835309114 -0.9089999323844321
-3.1989457411235875 -1.2005844177380427
-3.078448168558373 -1.4825025032922325
-2.9331647414381368 -1.7524843503872678
-2.7642651964927785 -2.0083562239370982
-2.5731094135468746 -2.2480579940661216
-2.3612364665669268 -2.469659723063619
-2.130352231942739 -2.6713772041074106
-1.8823156537737764 -2.851586326648088
-1.6191237767443085 -3.0088361527922025
-1.342895667093859 -3.141860599401042
-1.055855351141835 -3.24958863184762
-0.7603139087353098 -3.3311528873577347
-0.4586508657929863 -3.3858966585050227
-0.15329503576163964 -3.4133791806330236
0.15329503576163842 -3.413379180633024
0.4586508657929851 -3.385896658505023
0.7603139087353085 -3.3311528873577347
1.0558553511418338 -3.2495886318476206
1.3428956670938579 -3.1418605994010425
1.6191237767443074 -3.0088361527922034
1.882315653773775 -2.8515863266480888
2.130352231942738 -2.6713772041074115
2.361236466566925 -2.4696597230636206
2.5731094135468737 -2.248057994066123
2.7642651964927776 -2.008356223937099
2.9331647414381354 -1.75248435038727
3.0784481685583724 -1.4825025032922337
3.1989457411235875 -1.2005844177380438
3.293687283530911 -0.9089999323844332
3.3619099925880045 -0.6100967140585678
3.4030645791558425 -0.30628135572216136
4.21909843475363 0.0
4.202113584850165 0.3781970678868734
4.151295787164262 0.7533491153593965
4.0670541967225065 1.1224356387171521
3.9500670772778825 1.482484970293425
3.801276340328847 1.830598204575942
3.6218799614017754 2.1639725384895265
3.4133223346564274 2.479923837918441
3.1772826434734567 2.775908248776039
2.915661340657178 3.049542678622111
2.630564847107034 3.2986239839219746
2.324288592155066 3.521146708462792
1.9992985321186252 3.715319230107804
1.6582112958700652 3.8795781858843172
1.303773117279612 4.0126010592631225
0.9388377241550022 4.113316828283956
0.5663433617031385 4.180914588794576
0.18928913550734494 4.2148500833741895
-0.1892891355073444 4.21485008337419
-0.5663433617031379 4.180914588794576
-0.9388377241550018 4.113316828283956
-1.3037731172796116 4.012601059263123
-1.6582112958700639 3.879578185884318
-1.9992985321186245 3.715319230107804
-2.324288592155065 3.5211467084627923
-2.6305648471070335 3.298623983921975
-2.915661340657178 3.049542678622111
-3.1772826434734562 2.7759082487760396
-3.413322334656427 2.4799238379184416
-3.6218799614017754 2.163972538489527
-3.8012763403288465 1.8305982045759424
-3.9500670772778825 1.4824849702934255
-4.0670541967225065 1.1224356387171528
-4.151295787164262 0.753349115359397
-4.202113584850165 0.37819706788687396
-4.21909843475363 5.166905393408641e-16
-4.202113584850165 -0.3781970678868729
-4.151295787164262 -0.753349115359396
-4.0670541967225065 -1.1224356387171517
-3.9500670772778825 -1.4824849702934246
-3.801276340328847 -1.8305982045759415
-3.6218799614017767 -2.1639725384895248
-3.413322334656428 -2.4799238379184407
-3.177282643473457 -2.7759082487760387
-2.91566134065718 -3.049542678622109
-2.6305648471070344 -3.298623983921974
-2.324288592155066 -3.521146708462792
-1.9992985321186256 -3.7153192301078035
-1.6582112958700657 -3.8795781858843172
-1.3037731172796125 -4.0126010592631225
-0.9388377241550028 -4.113316828283956
-0.5663433617031389 -4.180914588794576
-0.18928913550734544 -4.2148500833741895
0.18928913550734391 -4.21485008337419
0.5663433617031375 -4.180914588794576
0.9388377241550013 -4.113316828283956
1.3037731172796112 -4.012601059263123
1.6582112958700643 -3.8795781858843177
1.999298532118624 -3.7153192301078044
2.3242885921550647 -3.5211467084627928
2.630564847107033 -3.298623983921975
2.9156613406571776 -3.0495426786221116
3.177282643473456 -2.77590824877604
3.413322334656427 -2.479923837918442
3.621879961401775 -2.1639725384895274
3.8012763403288465 -1.8305982045759428
3.950067077277882 -1.482484970293426
4.0670541967225065 -1.1224356387171532
4.151295787164262 -0.7533491153593974
4.2021135848501645 -0.37819706788687446
4.829829905419739 0.0
4.810386430167517 0.432942614842961
4.752212551841002 0.8623994303173416
4.655776652302794 1.2849127126614603
4.521855176712584 1.6970806333596689
4.351526382047271 2.0955846586653184
4.146161655609791 2.4772162684832204
3.907414473424914 2.8389027894868732
3.637207087422525 3.177732134477386
3.337715048595343 3.490976248797324
3.011349690741539 3.776113075022739
2.660738715822829 4.030846859086603
2.2887050372533415 4.253126634340674
1.8982440514606602 4.4411627347329965
1.4924995207150447 4.593441204146648
1.0747382614041383 4.708735985884201
0.64832384154827 4.786118794155337
0.21668949932850046 4.824966588088213
-0.21668949932849985 4.8249665880882135
-0.6483238415482694 4.786118794155338
-1.0747382614041376 4.708735985884201
-1.492499520715044 4.593441204146648
-1.8982440514606587 4.441162734732997
-2.288705037253341 4.253126634340674
-2.6607387158228275 4.030846859086603
-3.0113496907415387 3.7761130750227396
-3.337715048595343 3.490976248797324
-3.6372070874225244 3.1777321344773863
-3.9074144734249137 2.8389027894868737
-4.146161655609791 2.477216268483221
-4.35152638204727 2.0955846586653193
-4.521855176712584 1.6970806333596695
-4.655776652302794 1.2849127126614608
-4.752212551841002 0.8623994303173421
-4.810386430167517 0.4329426148429616
-4.829829905419739 5.914835734098447e-16
-4.810386430167517 -0.43294261484296037
-4.752212551841002 -0.8623994303173409
-4.655776652302794 -1.2849127126614597
-4.521855176712584 -1.6970806333596684
-4.351526382047271 -2.095584658665318
-4.1461616556097916 -2.477216268483218
-3.907414473424915 -2.838902789486873
-3.6372070874225253 -3.1777321344773855
-3.3377150485953453 -3.4909762487973217
-3.01134969074154 -3.7761130750227383
-2.660738715822829 -4.030846859086603
-2.2887050372533424 -4.253126634340673
-1.8982440514606607 -4.4411627347329965
-1.492499520715045 -4.593441204146648
-1.074738261404139 -4.708735985884201
-0.6483238415482705 -4.786118794155337
-0.216689499328501 -4.824966588088213
0.21668949932849926 -4.8249665880882135
0.6483238415482688 -4.786118794155338
1.0747382614041372 -4.708735985884201
1.4924995207150435 -4.593441204146648
1.898244051460659 -4.4411627347329965
2.2887050372533406 -4.253126634340674
2.660738715822827 -4.030846859086604
3.0113496907415382 -3.7761130750227396
3.3377150485953426 -3.4909762487973244
3.6372070874225235 -3.177732134477387
3.9074144734249137 -2.838902789486874
4.14616165560979 -2.4772162684832213
4.35152638204727 -2.0955846586653197
4.521855176712584 -1.69708063335967
4.655776652302794 -1.2849127126614615
4.752212551841002 -0.8623994303173427
4.810386430167517 -0.4329426148429622
5.3195704567715145 0.0
5.298155430040941 0.4768426194081206
5.234082771052621 0.9498459824236868
5.127868355182616 1.4152017440891709
4.980367358454447 1.8691631334363987
4.792767372164586 2.308075120283321
4.566578841095635 2.7284038433879156
4.303622902303057 3.1267650630210313
4.006016722390423 3.4999514088747854
3.6761564513287883 3.8449582039223817
3.3166979300660446 4.159007656310807
2.9305353072572102 4.439571224507518
2.5207777372811964 4.684389975630102
2.090724347157902 4.891492773045613
1.6438376739172997 5.059212146803735
1.1837157862872156 5.186197719124363
0.714063315159558 5.271427076845476
0.23866162608066552 5.314214003292757
-0.23866162608066485 5.314214003292758
-0.7140633151595573 5.271427076845477
-1.183715786287215 5.186197719124363
-1.643837673917299 5.059212146803736
-2.0907243471579 4.891492773045615
-2.520777737281196 4.684389975630102
-2.930535307257209 4.439571224507519
-3.3166979300660437 4.159007656310808
-3.6761564513287883 3.8449582039223817
-4.006016722390422 3.499951408874786
-4.303622902303056 3.1267650630210317
-4.566578841095635 2.7284038433879165
-4.792767372164586 2.308075120283322
-4.980367358454447 1.8691631334363992
-5.127868355182616 1.4152017440891713
-5.234082771052621 0.9498459824236875
-5.298155430040941 0.4768426194081213
-5.3195704567715145 6.514594932724059e-16
-5.298155430040941 -0.47684261940811995
-5.234082771052621 -0.9498459824236861
-5.127868355182616 -1.4152017440891702
-4.980367358454447 -1.869163133436398
-4.792767372164586 -2.3080751202833207
-4.5665788410956365 -2.7284038433879134
-4.303622902303058 -3.126765063021031
-4.006016722390424 -3.4999514088747845
-3.6761564513287905 -3.8449582039223795
-3.316697930066045 -4.159007656310807
-2.9305353072572102 -4.439571224507518
-2.520777737281197 -4.6843899756301015
-2.0907243471579022 -4.891492773045613
-1.6438376739173004 -5.059212146803735
-1.1837157862872163 -5.186197719124363
-0.7140633151595587 -5.271427076845476
-0.23866162608066613 -5.314214003292757
0.2386616260806642 -5.314214003292758
0.7140633151595567 -5.271427076845477
1.1837157862872145 -5.186197719124363
1.6438376739172986 -5.059212146803736
2.0907243471579005 -4.891492773045614
2.520777737281195 -4.684389975630103
2.9305353072572085 -4.439571224507519
3.3166979300660433 -4.159007656310808
3.676156451328788 -3.8449582039223826
4.006016722390422 -3.4999514088747863
4.303622902303056 -3.1267650630210326
4.566578841095634 -2.728403843387917
4.792767372164586 -2.3080751202833225
4.980367358454446 -1.8691631334363998
5.127868355182616 -1.415201744089172
5.234082771052621 -0.949845982423688
5.29815543004094 -0.47684261940812195
5.728946946055661 0.0
5.705883889933968 0.5135388449888654
5.636880411735922 1.0229429771538314
5.522492086894587 1.524110973947485
5.36363990294234 2.0130077253416534
5.16160284426079 2.485696922160746
4.918007594450577 2.938372748928721
4.634815439231485 3.36739052605752
4.314306475323047 3.769296054664069
3.9590612524464333 4.140853427748652
3.5719399962554412 4.4790710838153895
3.1560595794813056 4.7812258931663925
2.7147684267061667 5.04488508294092
2.2516195548171756 5.267925824371997
1.7703419662036546 5.448552324555456
1.274810625022481 5.58531028511848
0.7690152582651355 5.677098611374994
0.25702823282188814 5.723178277692644
-0.25702823282188747 5.723178277692645
-0.7690152582651347 5.677098611374995
-1.2748106250224804 5.58531028511848
-1.770341966203654 5.448552324555457
-2.2516195548171734 5.267925824371998
-2.7147684267061662 5.04488508294092
-3.1560595794813042 4.781225893166393
-3.5719399962554403 4.47907108381539
-3.9590612524464333 4.140853427748652
-4.314306475323046 3.7692960546640695
-4.634815439231485 3.367390526057521
-4.918007594450577 2.938372748928722
-5.1616028442607895 2.4856969221607463
-5.36363990294234 2.013007725341654
-5.522492086894587 1.5241109739474856
-5.636880411735922 1.022942977153832
-5.705883889933968 0.513538844988866
-5.728946946055661 7.01593653997207e-16
-5.705883889933968 -0.5135388449888646
-5.636880411735922 -1.0229429771538305
-5.522492086894587 -1.5241109739474843
-5.36363990294234 -2.0130077253416525
-5.16160284426079 -2.485696922160745
-4.918007594450579 -2.938372748928719
-4.6348154392314855 -3.3673905260575197
-4.314306475323047 -3.769296054664068
-3.959061252446436 -4.14085342774865
-3.5719399962554417 -4.479071083815389
-3.1560595794813056 -4.7812258931663925
-2.714768426706167 -5.044885082940919
-2.251619554817176 -5.267925824371997
-1.7703419662036552 -5.448552324555456
-1.274810625022482 -5.58531028511848
-0.7690152582651362 -5.677098611374994
-0.25702823282188886 -5.723178277692644
0.25702823282188675 -5.723178277692645
0.7690152582651341 -5.677098611374995
1.2748106250224798 -5.58531028511848
1.7703419662036533 -5.448552324555457
2.2516195548171742 -5.267925824371998
2.7147684267061654 -5.044885082940921
3.156059579481304 -4.781225893166393
3.57193999625544 -4.47907108381539
3.959061252446433 -4.140853427748653
4.314306475323045 -3.7692960546640704
4.634815439231485 -3.3673905260575214
4.918007594450577 -2.9383727489287224
5.1616028442607895 -2.4856969221607472
5.363639902942339 -2.0130077253416547
5.522492086894587 -1.5241109739474863
5.636880411735922 -1.0229429771538328
5.7058838899339674 -0.5135388449888668
6.085461477914958 0.0
6.060963199101574 0.5454965612387639
5.987665608397673 1.086601104913217
5.866158854905318 1.618956975402012
5.697421239558815 2.138277956256156
5.482811338420822 2.6403827802936033
5.224057064226725 3.1212287947040593
4.923241754247285 3.57694451011237
4.582787396481918 4.003860771534568
4.205435129235431 4.3985403002563785
3.794223171084153 4.757805368780339
3.3524623589264015 5.078763386019133
2.883709491070519 5.3588301867382135
2.3917386899862594 5.5957508377347995
1.880511015289806 5.787617793234157
1.35414257162081 5.9328862533265445
0.8168713681880615 6.030386601787772
0.27302319681124876 6.079333823141304
-0.27302319681124804 6.0793338231413045
-0.8168713681880606 6.030386601787772
-1.3541425716208093 5.9328862533265445
-1.8805110152898052 5.787617793234157
-2.391738689986257 5.595750837734801
-2.883709491070518 5.3588301867382135
-3.3524623589264 5.0787633860191335
-3.7942231710841523 4.75780536878034
-4.205435129235431 4.3985403002563785
-4.582787396481917 4.003860771534568
-4.923241754247284 3.5769445101123707
-5.224057064226725 3.1212287947040602
-5.482811338420821 2.6403827802936037
-5.697421239558815 2.1382779562561565
-5.866158854905318 1.6189569754020128
-5.987665608397673 1.0866011049132178
-6.060963199101574 0.5454965612387646
-6.085461477914958 7.4525409202630745e-16
-6.060963199101574 -0.5454965612387631
-5.987665608397673 -1.0866011049132163
-5.8661588549053185 -1.6189569754020114
-5.697421239558815 -2.138277956256155
-5.482811338420822 -2.6403827802936024
-5.224057064226726 -3.1212287947040567
-4.923241754247286 -3.5769445101123694
-4.582787396481919 -4.003860771534567
-4.2054351292354335 -4.398540300256376
-3.7942231710841536 -4.757805368780338
-3.3524623589264015 -5.078763386019133
-2.8837094910705194 -5.358830186738213
-2.3917386899862603 -5.5957508377347995
-1.8805110152898066 -5.787617793234157
-1.3541425716208109 -5.9328862533265445
-0.8168713681880622 -6.030386601787772
-0.2730231968112495 -6.079333823141304
0.2730231968112473 -6.0793338231413045
0.8168713681880599 -6.030386601787772
1.3541425716208086 -5.9328862533265445
1.8805110152898046 -5.787617793234157
2.391738689986258 -5.5957508377348
2.8837094910705177 -5.3588301867382135
3.3524623589263998 -5.078763386019134
3.794223171084152 -4.75780536878034
4.205435129235431 -4.398540300256379
4.582787396481917 -4.003860771534569
4.923241754247284 -3.576944510112371
5.224057064226724 -3.1212287947040607
5.482811338420821 -2.6403827802936046
5.697421239558814 -2.1382779562561574
5.866158854905318 -1.6189569754020134
5.987665608397673 -1.0866011049132185
6.0609631991015736 -0.5454965612387653
6.411443452788072 0.0
6.385632866380998 0.5747173601813662
6.308408918825146 1.1448074341068875
6.180393371939289 1.7056801917088507
6.002616931635031 2.252819815330885
5.776510949278847 2.781821058436476
5.503895897292503 3.28842471406383
5.186966711779541 3.768551907455962
4.828275120190367 4.218336936761896
4.430709096313215 4.634158397394976
3.99746960800731 5.012668339453242
3.5320448448917956 5.350819223443484
3.0381821334939483 5.645888457277313
2.5198577659793737 5.895500316981797
1.9812449853855054 6.097645074631995
1.4266803851224992 6.250695179498497
0.8606289932729686 6.353418362128925
0.2876483228112569 6.40498755585699
-0.2876483228112561 6.404987555856991
-0.8606289932729677 6.3534183621289255
-1.4266803851224985 6.250695179498497
-1.9812449853855048 6.097645074631996
-2.5198577659793715 5.895500316981798
-3.0381821334939474 5.645888457277313
-3.5320448448917943 5.350819223443485
-3.997469608007309 5.012668339453243
-4.430709096313215 4.634158397394976
-4.828275120190366 4.218336936761896
-5.186966711779541 3.768551907455963
-5.503895897292503 3.2884247140638307
-5.776510949278846 2.781821058436477
-6.002616931635031 2.252819815330886
-6.180393371939289 1.7056801917088513
-6.308408918825146 1.1448074341068883
-6.385632866380998 0.574717360181367
-6.411443452788072 7.851753702371167e-16
-6.385632866380998 -0.5747173601813654
-6.308408918825146 -1.1448074341068866
-6.18039337193929 -1.70568019170885
-6.002616931635031 -2.2528198153308843
-5.776510949278847 -2.781821058436475
-5.503895897292506 -3.288424714063827
-5.186966711779542 -3.7685519074559615
-4.8282751201903675 -4.2183369367618955
-4.430709096313218 -4.634158397394973
-3.9974696080073104 -5.012668339453241
-3.5320448448917956 -5.350819223443484
-3.038182133493949 -5.645888457277312
-2.5198577659793746 -5.895500316981797
-1.981244985385506 -6.097645074631995
-1.4266803851225 -6.250695179498497
-0.8606289932729693 -6.353418362128925
-0.28764832281125763 -6.40498755585699
0.28764832281125535 -6.404987555856991
0.8606289932729669 -6.3534183621289255
1.4266803851224978 -6.250695179498497
1.9812449853855039 -6.097645074631996
2.5198577659793724 -5.895500316981798
3.038182133493947 -5.645888457277314
3.5320448448917934 -5.3508192234434855
3.9974696080073087 -5.012668339453243
4.4307090963132145 -4.634158397394977
4.828275120190366 -4.218336936761897
5.186966711779541 -3.7685519074559637
5.5038958972925025 -3.2884247140638316
5.776510949278846 -2.7818210584364773
6.00261693163503 -2.2528198153308865
6.180393371939289 -1.705680191708852
6.308408918825146 -1.144807434106889
6.385632866380997 -0.5747173601813679
6.736162514686635 0.0
6.709044704802215 0.6038249524777246
6.627909611809131 1.2027882614814212
6.493410487769501 1.7920674266317143
6.306630240545888 2.3669179185813514
6.06907271486393 2.92271137917577
5.782650584238854 3.4549728862715265
5.449669951252969 3.959416983178184
5.072811780173635 4.431982182635775
4.655110311405365 4.868863667522105
4.199928631570199 5.266543925003023
3.710931595911672 5.621821067477496
3.1920563210353072 5.9318346122938985
2.647480485560689 6.194088512674379
2.0815886939096515 6.406471254415872
1.4989371740495858 6.567272856560904
0.9042170934248581 6.675198639158813
0.3022167884349143 6.7293796472674545
-0.30221678843491345 6.729379647267455
-0.9042170934248571 6.675198639158814
-1.498937174049585 6.567272856560904
-2.081588693909651 6.406471254415873
-2.6474804855606866 6.194088512674381
-3.1920563210353063 5.9318346122938985
-3.7109315959116707 5.621821067477497
-4.199928631570198 5.266543925003024
-4.655110311405365 4.868863667522105
-5.072811780173634 4.4319821826357755
-5.449669951252968 3.9594169831781847
-5.782650584238854 3.4549728862715274
-6.069072714863929 2.922711379175771
-6.306630240545888 2.366917918581352
-6.493410487769501 1.792067426631715
-6.627909611809131 1.2027882614814218
-6.709044704802215 0.6038249524777255
-6.736162514686635 8.249419862147373e-16
-6.709044704802215 -0.6038249524777238
-6.627909611809131 -1.2027882614814203
-6.493410487769502 -1.7920674266317134
-6.306630240545888 -2.3669179185813505
-6.06907271486393 -2.9227113791757695
-5.782650584238857 -3.4549728862715234
-5.44966995125297 -3.9594169831781834
-5.072811780173636 -4.431982182635775
-4.655110311405369 -4.868863667522103
-4.1999286315702 -5.266543925003022
-3.710931595911672 -5.621821067477496
-3.1920563210353077 -5.9318346122938985
-2.6474804855606893 -6.194088512674379
-2.0815886939096524 -6.406471254415872
-1.4989371740495867 -6.567272856560904
-0.9042170934248588 -6.675198639158813
-0.30221678843491506 -6.7293796472674545
0.3022167884349127 -6.729379647267455
0.9042170934248563 -6.675198639158814
1.4989371740495843 -6.567272856560904
2.08158869390965 -6.406471254415873
2.647480485560687 -6.19408851267438
3.1920563210353055 -5.931834612293899
3.7109315959116698 -5.621821067477498
4.199928631570197 -5.266543925003024
4.655110311405364 -4.868863667522106
5.072811780173633 -4.431982182635776
5.449669951252968 -3.9594169831781856
5.782650584238853 -3.454972886271528
6.069072714863929 -2.9227113791757717
6.306630240545887 -2.3669179185813527
6.493410487769501 -1.7920674266317156
6.627909611809131 -1.2027882614814227
6.709044704802214 -0.6038249524777263
1.0 0.5 0.4 0.32000000000000006 0.25600000000000006 0.20480000000000007 0.16384000000000007 0.13107200000000005 0.10485760000000005 0.08388608000000004 