0.0 0.0
2.5257408086971584 0.0
2.5203330037463463 0.1651913525130663
2.50413274594493 0.3296753302940338
2.4772094072839246 0.4927475876980048
2.4396782776328223 0.653709824283467
2.391700071050673 0.8118727750419895
2.33348023758381 0.9665591619368062
2.26526808349721 1.1171065941113472
2.187355703706791 1.262870404348579
2.1000767309841435 1.4032264096349987
2.0038049072897763 1.537573584008124
1.8989524833526683 1.665336632241935
1.7859684533493554 1.785968453349355
1.665336632241935 1.8989524833526683
1.537573584008124 2.0038049072897763
1.4032264096349993 2.100076730984143
1.2628704043485794 2.187355703706791
1.1171065941113472 2.26526808349721
0.9665591619368064 2.33348023758381
0.8118727750419898 2.391700071050673
0.653709824283467 2.4396782776328223
0.49274758769800503 2.4772094072839246
0.3296753302940342 2.50413274594493
0.16519135251306682 2.5203330037463463
1.5465701984234112e-16 2.5257408086971584
-0.16519135251306652 2.5203330037463463
-0.3296753302940339 2.50413274594493
-0.4927475876980047 2.4772094072839246
-0.6537098242834668 2.4396782776328223
-0.8118727750419895 2.391700071050673
-0.9665591619368055 2.33348023758381
-1.117106594111347 2.26526808349721
-1.2628704043485786 2.187355703706791
-1.4032264096349991 2.100076730984143
-1.537573584008124 2.0038049072897763
-1.665336632241935 1.8989524833526683
-1.785968453349355 1.7859684533493554
-1.8989524833526679 1.6653366322419352
-2.003804907289776 1.5375735840081244
-2.100076730984143 1.4032264096349996
-2.187355703706791 1.262870404348579
-2.2652680834972094 1.1171065941113483
-2.33348023758381 0.9665591619368065
-2.391700071050673 0.81187277504199
-2.4396782776328223 0.6537098242834678
-2.4772094072839246 0.4927475876980046
-2.50413274594493 0.32967533029403484
-2.5203330037463463 0.16519135251306644
-2.5257408086971584 3.0931403968468224e-16
-2.5203330037463463 -0.1651913525130658
-2.50413274594493 -0.3296753302940343
-2.477209407283925 -0.492747587698004
-2.4396782776328223 -0.6537098242834672
-2.391700071050673 -0.8118727750419894
-2.33348023758381 -0.9665591619368059
-2.2652680834972094 -1.1171065941113478
-2.1873557037067917 -1.2628704043485786
-2.100076730984144 -1.4032264096349982
-2.0038049072897763 -1.537573584008124
-1.8989524833526685 -1.665336632241935
-1.7859684533493563 -1.7859684533493543
-1.6653366322419356 -1.8989524833526679
-1.5375735840081244 -2.003804907289776
-1.4032264096349987 -2.1000767309841435
-1.2628704043485803 -2.1873557037067908
-1.1171065941113474 -2.2652680834972094
-0.9665591619368055 -2.33348023758381
-0.8118727750419901 -2.391700071050673
-0.6537098242834668 -2.4396782776328223
-0.49274758769800586 -2.477209407283924
-0.32967533029403395 -2.50413274594493
-0.16519135251306546 -2.5203330037463463
-4.639710595270234e-16 -2.5257408086971584
0.16519135251306455 -2.5203330037463463
0.32967533029403306 -2.50413274594493
0.492747587698005 -2.4772094072839246
0.6537098242834659 -2.4396782776328227
0.8118727750419893 -2.391700071050673
0.9665591619368047 -2.3334802375838106
1.1171065941113467 -2.2652680834972103
1.2628704043485794 -2.187355703706791
1.403226409634998 -2.100076730984144
1.537573584008122 -2.0038049072897777
1.6653366322419356 -1.8989524833526676
1.7859684533493547 -1.7859684533493556
1.8989524833526685 -1.6653366322419347
2.003804907289776 -1.5375735840081244
2.100076730984142 -1.4032264096350007
2.1873557037067908 -1.2628704043485803
2.2652680834972094 -1.1171065941113476
2.33348023758381 -0.9665591619368057
2.391700071050673 -0.8118727750419903
2.439678277632822 -0.6537098242834691
2.477209407283924 -0.49274758769800603
2.50413274594493 -0.3296753302940341
2.5203330037463463 -0.16519135251306563
3.771860165362972 0.0
3.7637843232156762 0.24669145783326324
3.7395913787696893 0.4923265449713228
3.6993849299272976 0.7358534142604689
3.6433371468750506 0.9762292462594804
3.57168803482459 1.2124247147525684
3.4847444062734874 1.4434283944822572
3.382878567187028 1.6682510922276144
3.2665267227269075 1.8859300826814858
3.1361871093537643 2.0955332309880617
2.9924178613021644 2.2961629842874323
2.8358346205641207 2.4869602151747294
2.6671079006155702 2.66710790061557
2.4869602151747294 2.8358346205641207
2.2961629842874323 2.9924178613021644
2.0955332309880625 3.136187109353764
1.8859300826814864 3.266526722726907
1.6682510922276144 3.382878567187028
1.4434283944822575 3.4847444062734874
1.2124247147525689 3.5716880348245894
0.9762292462594804 3.6433371468750506
0.7358534142604692 3.6993849299272976
0.49232654497132333 3.7395913787696893
0.24669145783326402 3.7637843232156762
2.309598239171585e-16 3.771860165362972
-0.24669145783326354 3.7637843232156762
-0.4923265449713229 3.7395913787696893
-0.7358534142604687 3.6993849299272976
-0.9762292462594799 3.6433371468750506
-1.2124247147525684 3.57168803482459
-1.4434283944822561 3.484744406273488
-1.668251092227614 3.382878567187028
-1.885930082681485 3.2665267227269075
-2.095533230988062 3.136187109353764
-2.2961629842874323 2.9924178613021644
-2.4869602151747294 2.8358346205641207
-2.66710790061557 2.6671079006155702
-2.8358346205641203 2.4869602151747294
-2.992417861302164 2.296162984287433
-3.1361871093537634 2.095533230988063
-3.2665267227269075 1.8859300826814858
-3.382878567187027 1.668251092227616
-3.4847444062734874 1.4434283944822577
-3.5716880348245894 1.212424714752569
-3.64333714687505 0.9762292462594814
-3.6993849299272976 0.7358534142604687
-3.7395913787696893 0.4923265449713244
-3.7637843232156762 0.24669145783326343
-3.771860165362972 4.61919647834317e-16
-3.7637843232156762 -0.2466914578332625
-3.7395913787696893 -0.4923265449713235
-3.699384929927298 -0.7358534142604677
-3.6433371468750506 -0.9762292462594806
-3.57168803482459 -1.2124247147525682
-3.484744406273488 -1.4434283944822568
-3.3828785671870274 -1.6682510922276153
-3.266526722726908 -1.8859300826814849
-3.136187109353765 -2.0955332309880608
-2.9924178613021644 -2.2961629842874323
-2.835834620564121 -2.4869602151747294
-2.6671079006155716 -2.6671079006155685
-2.48696021517473 -2.8358346205641203
-2.296162984287433 -2.9924178613021635
-2.0955332309880617 -3.1361871093537643
-1.8859300826814878 -3.266526722726906
-1.6682510922276148 -3.3828785671870274
-1.4434283944822561 -3.484744406273488
-1.2124247147525693 -3.5716880348245894
-0.9762292462594799 -3.6433371468750506
-0.7358534142604705 -3.699384929927297
-0.492326544971323 -3.7395913787696893
-0.246691457833262 -3.7637843232156762
-6.928794717514755e-16 -3.771860165362972
0.24669145783326063 -3.7637843232156767
0.49232654497132167 -3.7395913787696897
0.7358534142604691 -3.6993849299272976
0.9762292462594787 -3.643337146875051
1.212424714752568 -3.57168803482459
1.443428394482255 -3.4847444062734882
1.6682510922276135 -3.3828785671870283
1.8859300826814864 -3.266526722726907
2.0955332309880603 -3.136187109353765
2.296162984287429 -2.9924178613021666
2.48696021517473 -2.83583462056412
2.6671079006155693 -2.6671079006155707
2.835834620564121 -2.486960215174729
2.9924178613021635 -2.296162984287433
3.136187109353763 -2.0955332309880643
3.266526722726906 -1.8859300826814878
3.3828785671870274 -1.668251092227615
3.484744406273488 -1.4434283944822563
3.5716880348245894 -1.2124247147525693
3.6433371468750497 -0.9762292462594835
3.699384929927297 -0.7358534142604707
3.7395913787696893 -0.4923265449713232
3.7637843232156762 -0.24669145783326224
4.628434983461012 0.0
4.618525148876288 0.3027141313566156
4.588838080555197 0.6041319943292432
4.5395009030819296 0.902962871354122
4.470724885824808 1.1979271227384805
4.382804538248413 1.487761666274155
4.276116348778845 1.7712253859495175
4.151117172622481 2.0471044465987753
4.008342275441844 2.3142174917305054
3.8484030412658647 2.571420702277513
3.6719843544496014 2.8176126946056796
3.479841666894291 3.0517392368077743
3.2727977630863276 3.272797763086327
3.0517392368077743 3.479841666894291
2.8176126946056796 3.6719843544496014
2.5714207022775137 3.8484030412658643
2.3142174917305063 4.008342275441844
2.0471044465987753 4.151117172622481
1.7712253859495177 4.276116348778845
1.4877616662741557 4.382804538248412
1.1979271227384805 4.470724885824808
0.9029628713541223 4.5395009030819296
0.6041319943292439 4.588838080555197
0.30271413135661657 4.618525148876288
2.83409904377858e-16 4.628434983461012
-0.302714131356616 4.618525148876288
-0.6041319943292434 4.588838080555197
-0.9029628713541218 4.5395009030819296
-1.19792712273848 4.470724885824808
-1.487761666274155 4.382804538248413
-1.7712253859495162 4.276116348778845
-2.047104446598775 4.151117172622481
-2.314217491730505 4.008342275441844
-2.5714207022775133 3.8484030412658643
-2.8176126946056796 3.6719843544496014
-3.0517392368077743 3.479841666894291
-3.272797763086327 3.2727977630863276
-3.4798416668942904 3.0517392368077747
-3.671984354449601 2.817612694605681
-3.848403041265864 2.571420702277514
-4.008342275441844 2.3142174917305054
-4.15111717262248 2.0471044465987775
-4.276116348778845 1.771225385949518
-4.382804538248412 1.487761666274156
-4.470724885824807 1.1979271227384818
-4.5395009030819296 0.9029628713541216
-4.588838080555197 0.6041319943292451
-4.618525148876288 0.30271413135661585
-4.628434983461012 5.66819808755716e-16
-4.618525148876288 -0.30271413135661474
-4.588838080555197 -0.6041319943292441
-4.53950090308193 -0.9029628713541205
-4.470724885824808 -1.1979271227384807
-4.382804538248413 -1.4877616662741548
-4.276116348778845 -1.771225385949517
-4.15111717262248 -2.0471044465987767
-4.008342275441845 -2.3142174917305045
-3.8484030412658656 -2.571420702277512
-3.6719843544496014 -2.8176126946056796
-3.4798416668942913 -3.0517392368077743
-3.272797763086329 -3.2727977630863254
-3.0517392368077756 -3.4798416668942904
-2.817612694605681 -3.6719843544496005
-2.571420702277513 -3.8484030412658647
-2.314217491730508 -4.008342275441843
-2.047104446598776 -4.15111717262248
-1.7712253859495162 -4.276116348778845
-1.4877616662741562 -4.382804538248412
-1.19792712273848 -4.470724885824808
-0.9029628713541239 -4.539500903081929
-0.6041319943292435 -4.588838080555197
-0.30271413135661407 -4.618525148876288
-8.50229713133574e-16 -4.628434983461012
0.3027141313566124 -4.618525148876289
0.6041319943292418 -4.588838080555197
0.9029628713541222 -4.5395009030819296
1.1979271227384785 -4.470724885824809
1.4877616662741546 -4.382804538248413
1.7712253859495146 -4.276116348778846
2.0471044465987744 -4.151117172622481
2.3142174917305063 -4.008342275441844
2.571420702277511 -3.8484030412658656
2.817612694605676 -3.671984354449604
3.0517392368077756 -3.47984166689429
3.2727977630863263 -3.272797763086328
3.4798416668942913 -3.051739236807774
3.6719843544496005 -2.817612694605681
3.8484030412658625 -2.5714207022775164
4.008342275441843 -2.314217491730508
4.15111717262248 -2.047104446598776
4.276116348778845 -1.7712253859495164
4.382804538248412 -1.4877616662741564
4.470724885824807 -1.1979271227384842
4.539500903081929 -0.9029628713541241
4.588838080555197 -0.6041319943292437
4.618525148876288 -0.3027141313566144
5.275163588877363 0.0
5.263869058704652 0.3450122059134914
5.230033833098689 0.6885470165940237
5.173802799689995 1.0291333632418396
5.0954167483963735 1.3653128028328254
4.995211340323507 1.6956457633954465
4.87361567041258 2.0187177084789347
4.731150429989856 2.333145194415535
4.568425677086487 2.637581794438681
4.3861382240763644 2.9307238642891176
4.185068653818556 3.211316124619755
3.966077977081668 3.4781570362945495
3.7301039455635485 3.730103945563548
3.4781570362945495 3.966077977081668
3.211316124619755 4.185068653818556
2.9307238642891185 4.386138224076364
2.637581794438682 4.568425677086487
2.333145194415535 4.731150429989856
2.0187177084789347 4.87361567041258
1.6956457633954471 4.995211340323507
1.3653128028328254 5.0954167483963735
1.02913336324184 5.173802799689995
0.6885470165940245 5.230033833098689
0.3450122059134925 5.263869058704652
3.230106102048663e-16 5.275163588877363
-0.34501220591349185 5.263869058704652
-0.688547016594024 5.230033833098689
-1.0291333632418391 5.173802799689995
-1.3653128028328247 5.0954167483963735
-1.6956457633954465 4.995211340323507
-2.018717708478933 4.873615670412581
-2.3331451944155344 4.731150429989856
-2.63758179443868 4.568425677086487
-2.930723864289118 4.386138224076364
-3.211316124619755 4.185068653818556
-3.4781570362945495 3.966077977081668
-3.730103945563548 3.7301039455635485
-3.9660779770816674 3.47815703629455
-4.185068653818555 3.211316124619756
-4.386138224076363 2.9307238642891194
-4.568425677086487 2.637581794438681
-4.731150429989855 2.333145194415537
-4.87361567041258 2.018717708478935
-4.995211340323507 1.6956457633954474
-5.0954167483963735 1.3653128028328267
-5.173802799689995 1.0291333632418391
-5.230033833098689 0.688547016594026
-5.263869058704652 0.34501220591349174
-5.275163588877363 6.460212204097326e-16
-5.263869058704652 -0.3450122059134904
-5.230033833098689 -0.6885470165940248
-5.173802799689996 -1.0291333632418378
-5.0954167483963735 -1.3653128028328256
-4.995211340323507 -1.6956457633954463
-4.873615670412581 -2.018717708478934
-4.731150429989856 -2.333145194415536
-4.568425677086488 -2.63758179443868
-4.386138224076365 -2.9307238642891162
-4.185068653818556 -3.211316124619755
-3.9660779770816683 -3.4781570362945495
-3.7301039455635503 -3.7301039455635463
-3.4781570362945504 -3.9660779770816674
-3.211316124619756 -4.185068653818555
-2.9307238642891176 -4.3861382240763644
-2.6375817944386837 -4.568425677086485
-2.3331451944155353 -4.731150429989856
-2.018717708478933 -4.873615670412581
-1.6956457633954476 -4.995211340323507
-1.3653128028328247 -5.0954167483963735
-1.0291333632418418 -5.173802799689995
-0.6885470165940241 -5.230033833098689
-0.3450122059134897 -5.263869058704652
-9.69031830614599e-16 -5.275163588877363
0.34501220591348775 -5.263869058704653
0.6885470165940222 -5.230033833098689
1.0291333632418398 -5.173802799689995
1.365312802832823 -5.095416748396374
1.6956457633954458 -4.995211340323507
2.018717708478931 -4.873615670412581
2.3331451944155335 -4.731150429989857
2.637581794438682 -4.568425677086487
2.930723864289116 -4.386138224076365
3.2113161246197506 -4.185068653818559
3.4781570362945504 -3.966077977081667
3.730103945563547 -3.730103945563549
3.9660779770816683 -3.4781570362945486
4.185068653818555 -3.211316124619756
4.386138224076362 -2.9307238642891216
4.568425677086485 -2.6375817944386837
4.731150429989856 -2.3331451944155357
4.873615670412581 -2.0187177084789334
4.995211340323507 -1.6956457633954478
5.095416748396373 -1.3653128028328299
5.173802799689995 -1.029133363241842
5.230033833098689 -0.6885470165940244
5.263869058704652 -0.34501220591349
5.785781689686623 0.0
5.773393886964322 0.3784082275479697
5.736283525270485 0.755196052971291
5.674609516871171 1.128750012955982
5.588635959338713 1.4974704920963409
5.478731004645366 1.859778572693691
5.34536528268004 2.2141227959243657
5.189109885938872 2.5589858054245767
5.01063392401947 2.8928908448433113
4.810701658390902 3.214408081539745
4.590169229708749 3.5221607293461195
4.3499809916893835 3.8148309441774804
4.091165467242373 4.091165467242372
3.8148309441774804 4.3499809916893835
3.5221607293461195 4.590169229708749
3.214408081539746 4.810701658390901
2.892890844843312 5.010633924019469
2.5589858054245767 5.189109885938872
2.214122795924366 5.34536528268004
1.8597785726936917 5.478731004645365
1.4974704920963409 5.588635959338713
1.1287500129559824 5.674609516871171
0.7551960529712918 5.736283525270485
0.37840822754797093 5.773393886964322
3.542769513420044e-16 5.785781689686623
-0.3784082275479702 5.773393886964322
-0.7551960529712911 5.736283525270485
-1.1287500129559815 5.674609516871171
-1.4974704920963402 5.588635959338713
-1.859778572693691 5.478731004645366
-2.2141227959243643 5.345365282680041
-2.5589858054245758 5.189109885938872
-2.8928908448433104 5.01063392401947
-3.2144080815397458 4.810701658390901
-3.5221607293461195 4.590169229708749
-3.8148309441774804 4.3499809916893835
-4.091165467242372 4.091165467242373
-4.349980991689383 3.814830944177481
-4.590169229708748 3.5221607293461203
-4.810701658390901 3.214408081539747
-5.01063392401947 2.8928908448433113
-5.189109885938871 2.5589858054245793
-5.34536528268004 2.2141227959243666
-5.478731004645365 1.859778572693692
-5.5886359593387125 1.4974704920963424
-5.674609516871171 1.1287500129559815
-5.736283525270485 0.7551960529712934
-5.773393886964322 0.37840822754797004
-5.785781689686623 7.085539026840088e-16
-5.773393886964322 -0.3784082275479686
-5.736283525270485 -0.7551960529712921
-5.674609516871172 -1.12875001295598
-5.588635959338713 -1.497470492096341
-5.478731004645366 -1.8597785726936906
-5.345365282680041 -2.2141227959243652
-5.189109885938871 -2.558985805424578
-5.010633924019471 -2.89289084484331
-4.8107016583909035 -3.2144080815397436
-4.590169229708749 -3.5221607293461195
-4.349980991689384 -3.8148309441774804
-4.091165467242375 -4.09116546724237
-3.8148309441774817 -4.349980991689383
-3.5221607293461203 -4.590169229708748
-3.214408081539745 -4.810701658390902
-2.8928908448433144 -5.010633924019468
-2.558985805424577 -5.189109885938871
-2.2141227959243643 -5.345365282680041
-1.8597785726936924 -5.478731004645365
-1.4974704920963402 -5.588635959338713
-1.1287500129559844 -5.674609516871171
-0.7551960529712913 -5.736283525270485
-0.37840822754796777 -5.773393886964322
-1.0628308540260132e-15 -5.785781689686623
0.3784082275479657 -5.773393886964323
0.7551960529712892 -5.736283525270485
1.1287500129559822 -5.674609516871171
1.4974704920963382 -5.588635959338714
1.8597785726936904 -5.478731004645366
2.214122795924362 -5.345365282680041
2.5589858054245753 -5.189109885938873
2.892890844843312 -5.010633924019469
3.214408081539743 -4.8107016583909035
3.5221607293461146 -4.590169229708753
3.8148309441774817 -4.349980991689383
4.091165467242371 -4.091165467242373
4.349980991689384 -3.8148309441774795
4.590169229708748 -3.5221607293461203
4.810701658390899 -3.2144080815397493
5.010633924019468 -2.8928908448433144
5.189109885938871 -2.5589858054245775
5.345365282680041 -2.2141227959243643
5.478731004645365 -1.8597785726936926
5.5886359593387125 -1.4974704920963458
5.674609516871171 -1.1287500129559846
5.736283525270485 -0.7551960529712917
5.773393886964322 -0.3784082275479682
6.200326605638279 0.0
6.187051230429878 0.4055207622576546
6.147281951999392 0.8093050223546419
6.081189068502549 1.2096237140991393
5.989055599813248 1.604762611395053
5.871276075589004 1.9930296688213351
5.728354845834386 2.372762267230243
5.5609039211968705 2.74233433333778
5.369640352243288 3.100163302819139
5.155383158939216 3.4447168970920976
4.919049823479744 3.7745196847691487
4.661652361489865 4.088159399681214
4.384292988418196 4.384292988418195
4.088159399681214 4.661652361489865
3.7745196847691487 4.919049823479744
3.444716897092099 5.155383158939215
3.10016330281914 5.369640352243287
2.74233433333778 5.5609039211968705
2.372762267230243 5.728354845834386
1.9930296688213358 5.871276075589003
1.604762611395053 5.989055599813248
1.2096237140991397 6.081189068502549
0.8093050223546427 6.147281951999392
0.40552076225765593 6.187051230429878
3.7966050656315456e-16 6.200326605638279
-0.40552076225765515 6.187051230429878
-0.8093050223546421 6.147281951999392
-1.2096237140991388 6.081189068502549
-1.6047626113950522 5.989055599813248
-1.9930296688213351 5.871276075589004
-2.3727622672302413 5.728354845834387
-2.7423343333377797 5.5609039211968705
-3.100163302819138 5.369640352243288
-3.444716897092098 5.155383158939215
-3.7745196847691487 4.919049823479744
-4.088159399681214 4.661652361489865
-4.384292988418195 4.384292988418196
-4.661652361489864 4.0881593996812144
-4.919049823479743 3.7745196847691505
-5.155383158939214 3.4447168970920994
-5.369640352243288 3.100163302819139
-5.56090392119687 2.7423343333377828
-5.728354845834386 2.3727622672302435
-5.871276075589003 1.9930296688213363
-5.9890555998132475 1.6047626113950546
-6.081189068502549 1.2096237140991386
-6.147281951999392 0.8093050223546444
-6.187051230429878 0.40552076225765493
-6.200326605638279 7.593210131263091e-16
-6.187051230429878 -0.40552076225765343
-6.147281951999392 -0.8093050223546431
-6.08118906850255 -1.209623714099137
-5.989055599813248 -1.6047626113950533
-5.871276075589004 -1.9930296688213347
-5.728354845834387 -2.372762267230242
-5.5609039211968705 -2.7423343333377814
-5.369640352243289 -3.1001633028191375
-5.155383158939217 -3.4447168970920963
-4.919049823479744 -3.7745196847691487
-4.661652361489866 -4.088159399681214
-4.384292988418197 -4.384292988418193
-4.088159399681215 -4.661652361489864
-3.7745196847691505 -4.919049823479743
-3.4447168970920976 -5.155383158939216
-3.100163302819142 -5.3696403522432865
-2.742334333337781 -5.5609039211968705
-2.3727622672302413 -5.728354845834387
-1.9930296688213365 -5.871276075589003
-1.6047626113950522 -5.989055599813248
-1.2096237140991417 -6.081189068502549
-0.8093050223546422 -6.147281951999392
-0.40552076225765255 -6.187051230429878
-1.1389815196894637e-15 -6.200326605638279
0.4055207622576503 -6.187051230429879
0.80930502235464 -6.147281951999392
1.2096237140991395 -6.081189068502549
1.6047626113950502 -5.989055599813249
1.9930296688213345 -5.871276075589004
2.372762267230239 -5.728354845834388
2.7423343333377788 -5.560903921196871
3.10016330281914 -5.369640352243287
3.4447168970920954 -5.155383158939217
3.7745196847691442 -4.919049823479748
4.088159399681215 -4.661652361489863
4.384292988418194 -4.3842929884181965
4.661652361489866 -4.088159399681214
4.919049823479743 -3.7745196847691505
5.155383158939213 -3.4447168970921025
5.3696403522432865 -3.100163302819142
5.5609039211968705 -2.742334333337781
5.728354845834387 -2.3727622672302418
5.871276075589003 -1.993029668821337
5.9890555998132475 -1.6047626113950582
6.081189068502549 -1.2096237140991422
6.147281951999392 -0.8093050223546425
6.187051230429878 -0.405520762257653
6.5444847387241945 0.0
6.530472494534798 0.42802978111147755
6.488495764547427 0.8542266729879082
6.418734299564271 1.27676563510734
6.321486828888365 1.693837290764616
6.197169781118844 2.1036556751002062
6.046315500939759 2.5044658828759228
5.869569969538408 2.8945515832485667
5.667690038414717 3.272242369362097
5.44154018842693 3.635920911286231
5.192088827951851 3.9840298816715043
4.920404146011504 4.315078624464065
4.627649538123749 4.627649538123748
4.315078624464065 4.920404146011504
3.9840298816715043 5.192088827951851
3.6359209112862323 5.441540188426929
3.272242369362098 5.667690038414716
2.8945515832485667 5.869569969538408
2.5044658828759228 6.046315500939759
2.103655675100207 6.197169781118844
1.693837290764616 6.321486828888365
1.2767656351073406 6.418734299564271
0.8542266729879091 6.488495764547427
0.4280297811114789 6.530472494534798
4.007341143673643e-16 6.5444847387241945
-0.4280297811114781 6.530472494534798
-0.8542266729879083 6.488495764547427
-1.2767656351073398 6.418734299564271
-1.6938372907646153 6.321486828888365
-2.1036556751002062 6.197169781118844
-2.5044658828759205 6.04631550093976
-2.8945515832485658 5.869569969538408
-3.272242369362096 5.667690038414717
-3.635920911286232 5.441540188426929
-3.9840298816715043 5.192088827951851
-4.315078624464065 4.920404146011504
-4.627649538123748 4.627649538123749
-4.920404146011503 4.315078624464066
-5.19208882795185 3.984029881671506
-5.441540188426929 3.635920911286233
-5.667690038414717 3.272242369362097
-5.869569969538406 2.8945515832485693
-6.046315500939759 2.504465882875923
-6.197169781118844 2.103655675100207
-6.321486828888364 1.6938372907646178
-6.418734299564271 1.2767656351073395
-6.488495764547427 0.8542266729879109
-6.530472494534798 0.4280297811114779
-6.5444847387241945 8.014682287347286e-16
-6.530472494534798 -0.42802978111147627
-6.488495764547427 -0.8542266729879094
-6.418734299564272 -1.2767656351073378
-6.321486828888365 -1.6938372907646162
-6.197169781118844 -2.103655675100206
-6.04631550093976 -2.504465882875922
-5.869569969538407 -2.894551583248568
-5.667690038414718 -3.2722423693620954
-5.441540188426932 -3.6359209112862296
-5.192088827951851 -3.9840298816715043
-4.920404146011505 -4.315078624464065
-4.627649538123751 -4.627649538123746
-4.315078624464067 -4.920404146011503
-3.984029881671506 -5.192088827951849
-3.635920911286231 -5.44154018842693
-3.2722423693621003 -5.667690038414715
-2.894551583248567 -5.869569969538407
-2.5044658828759205 -6.04631550093976
-2.1036556751002076 -6.197169781118844
-1.6938372907646153 -6.321486828888365
-1.2767656351073429 -6.418734299564271
-0.8542266729879086 -6.488495764547427
-0.4280297811114754 -6.530472494534798
-1.202202343102093e-15 -6.5444847387241945
0.428029781111473 -6.5304724945347985
0.8542266729879062 -6.4884957645474275
1.2767656351073404 -6.418734299564271
1.693837290764613 -6.321486828888365
2.1036556751002053 -6.197169781118844
2.5044658828759188 -6.046315500939761
2.894551583248565 -5.869569969538409
3.272242369362098 -5.667690038414716
3.6359209112862287 -5.441540188426932
3.9840298816714994 -5.192088827951855
4.315078624464067 -4.920404146011503
4.627649538123747 -4.62764953812375
4.920404146011505 -4.315078624464064
5.192088827951849 -3.984029881671506
5.441540188426927 -3.6359209112862363
5.667690038414715 -3.2722423693621003
5.869569969538407 -2.8945515832485675
6.04631550093976 -2.504465882875921
6.197169781118844 -2.103655675100208
6.321486828888363 -1.6938372907646213
6.418734299564271 -1.276765635107343
6.488495764547427 -0.8542266729879089
6.530472494534798 -0.4280297811114758
6.835256827551221 0.0
6.820622017999574 0.44704718561355017
6.776780257845911 0.8921800465463705
6.703919284237919 1.3334924555499068
6.602351099050408 1.7690946451372922
6.472510632845383 2.197121299857849
6.314953882432603 2.615739543864216
6.13035553000589 3.023156789568115
5.919506054050387 3.41762841377561
5.683308344392339 3.7974652284314585
5.4227738358862325 4.161040713981696
5.139018177295475 4.5067979843800705
4.833256453913116 4.8332564539131155
4.5067979843800705 5.139018177295475
4.161040713981696 5.4227738358862325
3.79746522843146 5.683308344392338
3.417628413775611 5.9195060540503865
3.023156789568115 6.13035553000589
2.615739543864216 6.314953882432603
2.1971212998578498 6.472510632845382
1.7690946451372922 6.602351099050408
1.3334924555499075 6.703919284237919
0.8921800465463715 6.776780257845911
0.4470471856135516 6.820622017999574
4.1853876976053473e-16 6.835256827551221
-0.4470471856135507 6.820622017999574
-0.8921800465463707 6.776780257845911
-1.3334924555499064 6.703919284237919
-1.7690946451372915 6.602351099050408
-2.197121299857849 6.472510632845383
-2.6157395438642137 6.3149538824326035
-3.023156789568114 6.13035553000589
-3.417628413775609 5.919506054050387
-3.797465228431459 5.683308344392338
-4.161040713981696 5.4227738358862325
-4.5067979843800705 5.139018177295475
-4.8332564539131155 4.833256453913116
-5.139018177295474 4.506797984380071
-5.422773835886232 4.161040713981697
-5.683308344392337 3.7974652284314607
-5.919506054050387 3.41762841377561
-6.130355530005888 3.023156789568118
-6.314953882432603 2.6157395438642164
-6.472510632845382 2.19712129985785
-6.6023510990504075 1.7690946451372942
-6.703919284237919 1.3334924555499064
-6.776780257845911 0.8921800465463734
-6.820622017999574 0.44704718561355056
-6.835256827551221 8.370775395210695e-16
-6.820622017999574 -0.44704718561354884
-6.776780257845911 -0.8921800465463718
-6.70391928423792 -1.3334924555499046
-6.602351099050408 -1.7690946451372926
-6.472510632845383 -2.1971212998578484
-6.3149538824326035 -2.615739543864215
-6.130355530005889 -3.0231567895681164
-5.919506054050388 -3.4176284137756086
-5.683308344392341 -3.7974652284314567
-5.4227738358862325 -4.161040713981696
-5.139018177295476 -4.5067979843800705
-4.833256453913118 -4.833256453913113
-4.506797984380071 -5.139018177295474
-4.161040713981697 -5.422773835886231
-3.7974652284314585 -5.683308344392339
-3.4176284137756134 -5.919506054050385
-3.023156789568116 -6.130355530005889
-2.6157395438642137 -6.3149538824326035
-2.1971212998578507 -6.472510632845382
-1.7690946451372915 -6.602351099050408
-1.3334924555499097 -6.7039192842379185
-0.892180046546371 -6.776780257845911
-0.4470471856135479 -6.820622017999574
-1.255616309281604e-15 -6.835256827551221
0.44704718561354545 -6.8206220179995745
0.8921800465463684 -6.776780257845911
1.3334924555499073 -6.703919284237919
1.769094645137289 -6.602351099050409
2.197121299857848 -6.472510632845383
2.6157395438642115 -6.314953882432604
3.0231567895681137 -6.1303555300058905
3.417628413775611 -5.9195060540503865
3.7974652284314563 -5.683308344392341
4.1610407139816905 -5.422773835886236
4.506797984380071 -5.1390181772954735
4.833256453913115 -4.833256453913117
5.139018177295476 -4.50679798438007
5.422773835886231 -4.161040713981697
5.683308344392335 -3.797465228431464
5.919506054050385 -3.4176284137756134
6.130355530005889 -3.0231567895681164
6.3149538824326035 -2.615739543864214
6.472510632845382 -2.1971212998578507
6.602351099050407 -1.769094645137298
6.7039192842379185 -1.3334924555499101
6.776780257845911 -0.8921800465463713
6.820622017999574 -0.4470471856135484
7.4410294890051 0.0
7.4250976736853245 0.48666661327470595
7.377370450205096 0.9712492453969518
7.298052193862573 1.4516728391415112
7.187482557608575 1.925880146923998
7.046135017600499 2.391840540250857
6.8746148457047305 2.8475587051823217
6.673656517629583 3.29108318657303
6.444120567787557 3.7205147445025495
6.186989904354877 4.134014487112295
5.903365600307779 4.529811745022775
5.594462178458988 4.906211653611717
5.261602410684577 5.261602410684576
4.906211653611717 5.594462178458988
4.529811745022775 5.903365600307779
4.134014487112296 6.186989904354876
3.720514744502551 6.444120567787556
3.29108318657303 6.673656517629583
2.847558705182322 6.8746148457047305
2.391840540250858 7.046135017600498
1.925880146923998 7.187482557608575
1.4516728391415117 7.298052193862573
0.9712492453969528 7.377370450205096
0.4866666132747075 7.4250976736853245
4.55631647303558e-16 7.4410294890051
-0.48666661327470656 7.4250976736853245
-0.971249245396952 7.377370450205096
-1.4516728391415108 7.298052193862573
-1.925880146923997 7.187482557608575
-2.391840540250857 7.046135017600499
-2.8475587051823195 6.874614845704731
-3.291083186573029 6.673656517629583
-3.720514744502548 6.444120567787557
-4.134014487112296 6.186989904354876
-4.529811745022775 5.903365600307779
-4.906211653611717 5.594462178458988
-5.261602410684576 5.261602410684577
-5.594462178458987 4.9062116536117175
-5.903365600307778 4.529811745022776
-6.186989904354875 4.134014487112297
-6.444120567787557 3.7205147445025495
-6.673656517629581 3.291083186573033
-6.8746148457047305 2.8475587051823226
-7.046135017600498 2.391840540250858
-7.187482557608574 1.925880146924
-7.298052193862573 1.4516728391415106
-7.377370450205096 0.9712492453969549
-7.4250976736853245 0.48666661327470634
-7.4410294890051 9.11263294607116e-16
-7.4250976736853245 -0.4866666132747045
-7.377370450205096 -0.9712492453969532
-7.298052193862574 -1.4516728391415086
-7.187482557608575 -1.9258801469239981
-7.046135017600499 -2.3918405402508567
-6.874614845704731 -2.847558705182321
-6.673656517629582 -3.2910831865730312
-6.444120567787558 -3.7205147445025477
-6.186989904354879 -4.134014487112293
-5.903365600307779 -4.529811745022775
-5.594462178458989 -4.906211653611717
-5.26160241068458 -5.261602410684573
-4.906211653611718 -5.594462178458987
-4.529811745022776 -5.903365600307777
-4.134014487112295 -6.186989904354877
-3.720514744502553 -6.444120567787555
-3.291083186573031 -6.673656517629582
-2.8475587051823195 -6.874614845704731
-2.3918405402508585 -7.046135017600498
-1.925880146923997 -7.187482557608575
-1.4516728391415143 -7.298052193862572
-0.9712492453969522 -7.377370450205096
-0.48666661327470345 -7.4250976736853245
-1.366894941910674e-15 -7.4410294890051
0.4866666132747008 -7.425097673685325
0.9712492453969496 -7.377370450205097
1.4516728391415117 -7.298052193862573
1.9258801469239946 -7.1874825576085755
2.3918405402508562 -7.046135017600499
2.8475587051823172 -6.874614845704732
3.291083186573028 -6.673656517629584
3.720514744502551 -6.444120567787556
4.134014487112292 -6.186989904354879
4.529811745022769 -5.903365600307783
4.906211653611718 -5.594462178458986
5.261602410684575 -5.261602410684578
5.594462178458989 -4.906211653611716
5.903365600307777 -4.529811745022776
6.186989904354873 -4.1340144871123
6.444120567787555 -3.720514744502553
6.673656517629582 -3.291083186573031
6.874614845704731 -2.84755870518232
7.046135017600498 -2.391840540250859
7.187482557608573 -1.9258801469240039
7.298052193862572 -1.4516728391415146
7.377370450205096 -0.9712492453969527
7.4250976736853245 -0.48666661327470395
7.067036588927684 0.0
7.051905521115192 0.46220630729978673
7.006577111233054 0.9224333762325125
6.931245462491328 1.3787104438336624
6.826233156575052 1.8290836616508386
6.691989872299942 2.271624462422794
6.529090460018668 2.7044378185005225
6.3382324800233905 3.1256703566465838
6.1202332154855 3.5335182944638417
5.876026172723603 3.926235164468608
5.606657083786155 4.302139292732532
5.313279428466279 4.659621000068534
4.997149494924214 4.997149494924213
4.659621000068534 5.313279428466279
4.302139292732532 5.606657083786155
3.9262351644686095 5.876026172723603
3.533518294463843 6.1202332154854995
3.1256703566465838 6.3382324800233905
2.7044378185005225 6.529090460018668
2.2716244624227944 6.691989872299941
1.8290836616508386 6.826233156575052
1.378710443833663 6.931245462491328
0.9224333762325135 7.006577111233054
0.46220630729978823 7.051905521115192
4.327311869043759e-16 7.067036588927684
-0.46220630729978734 7.051905521115192
-0.9224333762325128 7.006577111233054
-1.3787104438336621 6.931245462491328
-1.829083661650838 6.826233156575052
-2.271624462422794 6.691989872299942
-2.7044378185005202 6.5290904600186686
-3.125670356646583 6.3382324800233905
-3.5335182944638404 6.1202332154855
-3.9262351644686087 5.876026172723603
-4.302139292732532 5.606657083786155
-4.659621000068534 5.313279428466279
-4.997149494924213 4.997149494924214
-5.313279428466278 4.659621000068535
-5.606657083786154 4.302139292732534
-5.876026172723602 3.9262351644686104
-6.1202332154855 3.5335182944638417
-6.338232480023389 3.125670356646587
-6.529090460018668 2.704437818500523
-6.691989872299941 2.271624462422795
-6.826233156575052 1.8290836616508406
-6.931245462491328 1.378710443833662
-7.006577111233054 0.9224333762325154
-7.051905521115192 0.4622063072997871
-7.067036588927684 8.654623738087518e-16
-7.051905521115192 -0.46220630729978535
-7.006577111233054 -0.9224333762325139
-6.9312454624913284 -1.3787104438336601
-6.826233156575052 -1.829083661650839
-6.691989872299942 -2.2716244624227935
-6.5290904600186686 -2.7044378185005216
-6.33823248002339 -3.1256703566465855
-6.120233215485501 -3.5335182944638404
-5.876026172723605 -3.9262351644686064
-5.606657083786155 -4.302139292732532
-5.31327942846628 -4.659621000068534
-4.997149494924216 -4.99714949492421
-4.659621000068536 -5.313279428466278
-4.302139292732534 -5.606657083786153
-3.926235164468608 -5.876026172723603
-3.5335182944638452 -6.120233215485498
-3.1256703566465847 -6.33823248002339
-2.7044378185005202 -6.5290904600186686
-2.2716244624227953 -6.691989872299941
-1.829083661650838 -6.826233156575052
-1.3787104438336655 -6.931245462491328
-0.9224333762325129 -7.006577111233054
-0.4622063072997844 -7.051905521115192
-1.2981935607131275e-15 -7.067036588927684
0.46220630729978185 -7.051905521115193
0.9224333762325103 -7.006577111233055
1.3787104438336628 -6.931245462491328
1.8290836616508355 -6.826233156575053
2.271624462422793 -6.691989872299942
2.704437818500518 -6.5290904600186686
3.1256703566465824 -6.338232480023391
3.533518294463843 -6.1202332154854995
3.9262351644686055 -5.876026172723605
4.302139292732527 -5.606657083786159
4.659621000068536 -5.313279428466277
4.997149494924212 -4.997149494924215
5.31327942846628 -4.659621000068533
5.606657083786153 -4.302139292732534
5.8760261727236 -3.9262351644686135
6.120233215485498 -3.5335182944638452
6.33823248002339 -3.125670356646585
6.5290904600186686 -2.7044378185005207
6.691989872299941 -2.2716244624227957
6.826233156575051 -1.8290836616508446
6.931245462491328 -1.378710443833666
7.006577111233054 -0.9224333762325133
7.051905521115192 -0.4622063072997849
7.6829681158044 0.0
7.666518291313101 0.5024901565490238
7.617239258513099 1.0028285731040125
7.535342037788297 1.4988727237519264
7.421177325610931 1.9884984712856077
7.275233992805428 2.469609163085405
7.098136991128491 2.9401446093075743
6.890644677129725 3.398089904933476
6.653645564752473 3.8414840579021994
6.3881545205807 4.268428386379624
6.095308418024477 4.677094649205524
5.776361269053502 5.065732874702892
5.4326788543253235 5.432678854325323
5.065732874702892 5.776361269053502
4.677094649205524 6.095308418024477
4.268428386379626 6.3881545205806995
3.8414840579022007 6.653645564752472
3.398089904933476 6.890644677129725
2.9401446093075747 7.098136991128491
2.469609163085406 7.275233992805427
1.9884984712856077 7.421177325610931
1.498872723751927 7.535342037788297
1.0028285731040136 7.617239258513099
0.5024901565490255 7.666518291313101
4.704461155485515e-16 7.6829681158044
-0.5024901565490245 7.666518291313101
-1.0028285731040127 7.617239258513099
-1.498872723751926 7.535342037788297
-1.9884984712856069 7.421177325610931
-2.469609163085405 7.275233992805428
-2.940144609307572 7.0981369911284915
-3.398089904933475 6.890644677129725
-3.841484057902198 6.653645564752473
-4.268428386379625 6.3881545205806995
-4.677094649205524 6.095308418024477
-5.065732874702892 5.776361269053502
-5.432678854325323 5.4326788543253235
-5.776361269053501 5.065732874702893
-6.0953084180244765 4.677094649205526
-6.388154520580699 4.268428386379627
-6.653645564752473 3.8414840579021994
-6.890644677129723 3.3980899049334794
-7.098136991128491 2.940144609307575
-7.275233992805427 2.4696091630854062
-7.42117732561093 1.9884984712856097
-7.535342037788297 1.4988727237519257
-7.617239258513099 1.0028285731040156
-7.666518291313101 0.5024901565490243
-7.6829681158044 9.40892231097103e-16
-7.666518291313101 -0.5024901565490224
-7.617239258513099 -1.002828573104014
-7.535342037788298 -1.498872723751924
-7.421177325610931 -1.9884984712856082
-7.275233992805428 -2.4696091630854045
-7.0981369911284915 -2.9401446093075734
-6.890644677129724 -3.3980899049334776
-6.653645564752474 -3.8414840579021976
-6.388154520580702 -4.268428386379623
-6.095308418024477 -4.677094649205524
-5.776361269053503 -5.065732874702892
-5.432678854325326 -5.43267885432532
-5.065732874702894 -5.776361269053501
-4.677094649205526 -6.095308418024476
-4.268428386379624 -6.3881545205807
-3.8414840579022034 -6.653645564752471
-3.3980899049334767 -6.890644677129724
-2.940144609307572 -7.0981369911284915
-2.4696091630854067 -7.275233992805427
-1.9884984712856069 -7.421177325610931
-1.4988727237519297 -7.535342037788296
-1.002828573104013 -7.617239258513099
-0.5024901565490213 -7.666518291313101
-1.4113383466456542e-15 -7.6829681158044
0.5024901565490185 -7.666518291313102
1.00282857310401 -7.617239258513099
1.4988727237519268 -7.535342037788297
1.9884984712856042 -7.421177325610932
2.469609163085404 -7.275233992805428
2.9401446093075694 -7.098136991128492
3.398089904933474 -6.890644677129726
3.8414840579022007 -6.653645564752472
4.268428386379622 -6.388154520580702
4.677094649205518 -6.095308418024482
5.065732874702894 -5.7763612690535
5.432678854325322 -5.432678854325324
5.776361269053503 -5.065732874702891
6.095308418024476 -4.677094649205526
6.388154520580697 -4.26842838637963
6.653645564752471 -3.8414840579022034
6.890644677129724 -3.398089904933477
7.0981369911284915 -2.9401446093075725
7.275233992805427 -2.469609163085407
7.4211773256109295 -1.9884984712856142
7.535342037788296 -1.4988727237519301
7.617239258513099 -1.0028285731040134
7.666518291313101 -0.5024901565490218
7.242463254932301 0.0
7.226956585161897 0.47367976020689984
7.180502977791271 0.9453311509599539
7.103301354298869 1.4129344885947188
6.995682303888698 1.8744874238316724
6.858106667856588 2.3280135161432343
6.691163566197027 2.7715706971755334
6.495567874900891 3.203259586983252
6.272157164746706 3.62123162746615
6.02188811469399 4.023696998178645
5.745832415237072 4.408932280615738
5.445172179261869 4.775287838155636
5.1211948800570255 5.121194880057025
4.775287838155636 5.445172179261869
4.408932280615738 5.745832415237072
4.023696998178647 6.021888114693989
3.6212316274661513 6.272157164746705
3.203259586983252 6.495567874900891
2.7715706971755334 6.691163566197027
2.3280135161432347 6.858106667856587
1.8744874238316724 6.995682303888698
1.4129344885947195 7.103301354298869
0.9453311509599549 7.180502977791271
0.47367976020690133 7.226956585161897
4.4347297215475817e-16 7.242463254932301
-0.47367976020690045 7.226956585161897
-0.9453311509599541 7.180502977791271
-1.4129344885947186 7.103301354298869
-1.8744874238316716 6.995682303888698
-2.3280135161432343 6.858106667856588
-2.771570697175531 6.6911635661970275
-3.203259586983251 6.495567874900891
-3.6212316274661487 6.272157164746706
-4.023696998178646 6.021888114693989
-4.408932280615738 5.745832415237072
-4.775287838155636 5.445172179261869
-5.121194880057025 5.1211948800570255
-5.445172179261868 4.775287838155636
-5.7458324152370714 4.40893228061574
-6.021888114693988 4.0236969981786475
-6.272157164746706 3.62123162746615
-6.495567874900889 3.203259586983255
-6.691163566197027 2.771570697175534
-6.858106667856587 2.328013516143235
-6.995682303888697 1.8744874238316744
-7.103301354298869 1.4129344885947184
-7.180502977791271 0.9453311509599569
-7.226956585161897 0.4736797602069002
-7.242463254932301 8.869459443095163e-16
-7.226956585161897 -0.47367976020689845
-7.180502977791271 -0.9453311509599553
-7.10330135429887 -1.4129344885947166
-6.995682303888698 -1.8744874238316727
-6.858106667856588 -2.328013516143234
-6.6911635661970275 -2.7715706971755325
-6.49556787490089 -3.2032595869832536
-6.272157164746707 -3.6212316274661482
-6.021888114693992 -4.023696998178643
-5.745832415237072 -4.408932280615738
-5.44517217926187 -4.775287838155636
-5.121194880057028 -5.121194880057023
-4.775287838155637 -5.445172179261868
-4.40893228061574 -5.745832415237071
-4.023696998178645 -6.02188811469399
-3.6212316274661536 -6.272157164746703
-3.2032595869832527 -6.49556787490089
-2.771570697175531 -6.6911635661970275
-2.3280135161432356 -6.858106667856587
-1.8744874238316716 -6.995682303888698
-1.412934488594722 -7.1033013542988686
-0.9453311509599543 -7.180502977791271
-0.4736797602068974 -7.226956585161897
-1.3304189164642744e-15 -7.242463254932301
0.4736797602068948 -7.226956585161898
0.9453311509599517 -7.180502977791272
1.4129344885947193 -7.103301354298869
1.874487423831669 -6.995682303888699
2.3280135161432334 -6.858106667856588
2.771570697175529 -6.6911635661970275
3.20325958698325 -6.495567874900892
3.6212316274661513 -6.272157164746705
4.023696998178642 -6.021888114693992
4.4089322806157325 -5.745832415237077
4.775287838155637 -5.445172179261867
5.121194880057024 -5.121194880057026
5.44517217926187 -4.775287838155635
5.745832415237071 -4.40893228061574
6.021888114693986 -4.02369699817865
6.272157164746703 -3.6212316274661536
6.49556787490089 -3.203259586983253
6.6911635661970275 -2.7715706971755316
6.858106667856587 -2.328013516143236
6.995682303888696 -1.8744874238316784
7.1033013542988686 -1.4129344885947224
7.180502977791271 -0.9453311509599547
7.226956585161897 -0.47367976020689795
7.902220538674126 0.0
7.885301277915341 0.5168299510959946
7.834615946511047 1.0314467569962185
7.7503815868316694 1.5416467495323978
7.6329589033372525 2.0452451740091644
7.482850717985574 2.540085544659073
7.30069981707134 3.0240488790457234
7.087286198716582 3.49506277187187
6.843523732798945 3.9511102693370628
6.570456247620586 4.39023850604347
6.269253060075122 4.810567067465324
5.941203968453176 5.210296042172597
5.587713729328088 5.587713729328087
5.210296042172597 5.941203968453176
4.810567067465324 6.269253060075122
4.390238506043472 6.570456247620585
3.951110269337064 6.843523732798944
3.49506277187187 7.087286198716582
3.024048879045724 7.30069981707134
2.5400855446590738 7.482850717985573
2.0452451740091644 7.6329589033372525
1.5416467495323984 7.7503815868316694
1.0314467569962196 7.834615946511047
0.5168299510959963 7.885301277915341
4.838714544421871e-16 7.902220538674126
-0.5168299510959953 7.885301277915341
-1.0314467569962187 7.834615946511047
-1.5416467495323973 7.7503815868316694
-2.0452451740091635 7.6329589033372525
-2.540085544659073 7.482850717985574
-3.024048879045721 7.300699817071341
-3.495062771871869 7.087286198716582
-3.9511102693370614 6.843523732798945
-4.390238506043471 6.570456247620585
-4.810567067465324 6.269253060075122
-5.210296042172597 5.941203968453176
-5.587713729328087 5.587713729328088
-5.941203968453175 5.2102960421725975
-6.269253060075121 4.810567067465326
-6.5704562476205846 4.390238506043473
-6.843523732798945 3.9511102693370628
-7.08728619871658 3.4950627718718734
-7.30069981707134 3.0240488790457243
-7.482850717985573 2.540085544659074
-7.632958903337252 2.0452451740091666
-7.7503815868316694 1.541646749532397
-7.834615946511047 1.0314467569962218
-7.885301277915341 0.516829951095995
-7.902220538674126 9.677429088843743e-16
-7.885301277915341 -0.5168299510959931
-7.834615946511047 -1.03144675699622
-7.75038158683167 -1.541646749532395
-7.6329589033372525 -2.045245174009165
-7.482850717985574 -2.5400855446590724
-7.300699817071341 -3.0240488790457225
-7.087286198716581 -3.4950627718718716
-6.843523732798946 -3.951110269337061
-6.570456247620588 -4.3902385060434685
-6.269253060075122 -4.810567067465324
-5.941203968453177 -5.210296042172597
-5.58771372932809 -5.587713729328084
-5.210296042172598 -5.941203968453175
-4.810567067465326 -6.26925306007512
-4.39023850604347 -6.570456247620586
-3.9511102693370668 -6.843523732798943
-3.4950627718718708 -7.087286198716581
-3.024048879045721 -7.300699817071341
-2.5400855446590747 -7.482850717985573
-2.0452451740091635 -7.6329589033372525
-1.541646749532401 -7.750381586831669
-1.031446756996219 -7.834615946511047
-0.516829951095992 -7.885301277915341
-1.4516143633265613e-15 -7.902220538674126
0.5168299510959892 -7.8853012779153415
1.031446756996216 -7.834615946511048
1.5416467495323982 -7.7503815868316694
2.045245174009161 -7.632958903337253
2.540085544659072 -7.482850717985574
3.0240488790457185 -7.300699817071342
3.495062771871868 -7.0872861987165825
3.951110269337064 -6.843523732798944
4.390238506043468 -6.570456247620588
4.810567067465318 -6.269253060075126
5.210296042172598 -5.941203968453174
5.587713729328086 -5.5877137293280885
5.941203968453177 -5.210296042172596
6.26925306007512 -4.810567067465326
6.570456247620583 -4.3902385060434765
6.843523732798943 -3.9511102693370668
7.087286198716581 -3.495062771871871
7.300699817071341 -3.0240488790457216
7.482850717985573 -2.540085544659075
7.632958903337251 -2.045245174009171
7.750381586831669 -1.5416467495324016
7.834615946511047 -1.0314467569962193
7.885301277915341 -0.5168299510959925
1.0 0.5 0.4 0.32000000000000006 0.25600000000000006 0.20480000000000007 0.16384000000000007 0.13107200000000005 0.10485760000000005 0.08388608000000004 0.06710886400000003 0.05368709120000003 0.042949672960000025 0.03435973836800002 