0.0 0.0
1.3792519694385206 0.0
1.323382573520218 0.3885801838784918
1.1603005919545197 0.7456799122344846
0.9032179570019895 1.0423690888304344
0.5729619748171805 1.2546117210570107
0.19628802096875303 1.3652131731067525
-0.1962880209687529 1.3652131731067527
-0.5729619748171804 1.2546117210570107
-0.9032179570019894 1.0423690888304344
-1.1603005919545197 0.7456799122344849
-1.323382573520218 0.3885801838784918
-1.3792519694385206 7.814205682511521e-16
-1.323382573520218 -0.3885801838784914
-1.1603005919545197 -0.7456799122344846
-0.9032179570019897 -1.0423690888304342
-0.5729619748171815 -1.2546117210570102
-0.1962880209687532 -1.3652131731067525
0.1962880209687527 -1.3652131731067527
0.5729619748171799 -1.254611721057011
0.9032179570019887 -1.0423690888304349
1.1603005919545197 -0.7456799122344845
1.323382573520218 -0.38858018387849197
2.221383514534394 0.0
2.1314018738988287 0.625836057275176
1.8687467293750046 1.200970599180263
1.45469683870195 1.6788096455869346
0.9227960615724815 2.0206415187735534
0.316135835613904 2.198773033326968
-0.31613583561390374 2.198773033326968
-0.9227960615724813 2.020641518773554
-1.4546968387019499 1.6788096455869346
-1.8687467293750044 1.2009705991802635
-2.1314018738988287 0.625836057275176
-2.221383514534394 1.2585334708188587e-15
-2.131401873898829 -0.6258360572751753
-1.8687467293750046 -1.200970599180263
-1.4546968387019505 -1.6788096455869344
-0.9227960615724831 -2.020641518773553
-0.31613583561390424 -2.198773033326968
0.31613583561390346 -2.198773033326968
0.9227960615724806 -2.0206415187735542
1.454696838701949 -1.6788096455869357
1.8687467293750046 -1.2009705991802628
2.1314018738988287 -0.6258360572751762
2.7847688165098945 0.0
2.671966112582003 0.7845600388876147
2.342696605007056 1.5055596893827663
1.8236357510476124 2.1045878477523643
1.1568347741177056 2.5331148151629357
0.3963139237500932 2.7564238852628824
-0.39631392375009294 2.7564238852628824
-1.1568347741177054 2.533114815162936
-1.8236357510476122 2.1045878477523643
-2.3426966050070557 1.505559689382767
-2.671966112582003 0.7845600388876147
-2.7847688165098945 1.5777216050893936e-15
-2.6719661125820036 -0.7845600388876139
-2.342696605007056 -1.5055596893827663
-1.8236357510476129 -2.104587847752364
-1.1568347741177076 -2.533114815162935
-0.39631392375009356 -2.7564238852628824
0.39631392375009256 -2.7564238852628824
1.1568347741177047 -2.5331148151629366
1.8236357510476109 -2.1045878477523656
2.342696605007056 -1.505559689382766
2.671966112582003 -0.7845600388876149
3.226662387244078 0.0
3.095959888786873 0.9090558444223453
2.7144411325225732 1.7444653906928682
2.1130144991043025 2.4385487257446066
1.3404039975496964 2.9350753456442042
0.459201935803133 3.1938196166049053
-0.4592019358031327 3.1938196166049058
-1.3404039975496962 2.9350753456442042
-2.113014499104302 2.4385487257446066
-2.714441132522573 1.7444653906928689
-3.095959888786873 0.9090558444223453
-3.226662387244078 1.8280781264509012e-15
-3.0959598887868736 -0.9090558444223444
-2.7144411325225732 -1.7444653906928682
-2.113014499104303 -2.438548725744606
-1.3404039975496989 -2.935075345644203
-0.45920193580313334 -3.1938196166049053
0.4592019358031322 -3.1938196166049058
1.3404039975496953 -2.9350753456442047
2.1130144991043007 -2.438548725744608
2.7144411325225732 -1.7444653906928678
3.095959888786873 -0.9090558444223457
3.6000134325056385 0.0
3.4541875934069686 1.014240989003305
3.0285240183350757 1.94631420500098
2.3575074386235277 2.7207086192857486
1.4954996268712957 3.2746874019131726
0.512335329428694 3.563370486553457
-0.5123353294286935 3.5633704865534575
-1.4954996268712952 3.274687401913173
-2.3575074386235273 2.7207086192857486
-3.0285240183350752 1.946314205000981
-3.4541875934069686 1.014240989003305
-3.6000134325056385 2.0396016133915915e-15
-3.454187593406969 -1.0142409890033042
-3.0285240183350757 -1.94631420500098
-2.3575074386235277 -2.720708619285748
-1.4954996268712983 -3.2746874019131713
-0.5123353294286944 -3.563370486553457
0.5123353294286931 -3.5633704865534575
1.4954996268712943 -3.2746874019131735
2.3575074386235255 -2.7207086192857504
3.0285240183350757 -1.9463142050009796
3.4541875934069686 -1.0142409890033055
3.9311178870412156 0.0
3.771879991066316 1.1075238935612002
3.307066810449271 2.125322787964284
2.5743347447332487 2.97094066986781
1.633045388157175 3.575870607563139
0.5594564063274889 3.8911047751550614
-0.5594564063274885 3.891104775155062
-1.6330453881571745 3.5758706075631395
-2.5743347447332483 2.97094066986781
-3.3070668104492706 2.125322787964285
-3.771879991066316 1.1075238935612002
-3.9311178870412156 2.2271901300271745e-15
-3.7718799910663163 -1.107523893561199
-3.307066810449271 -2.125322787964284
-2.574334744733249 -2.9709406698678094
-1.6330453881571778 -3.5758706075631377
-0.5594564063274894 -3.8911047751550614
0.5594564063274879 -3.891104775155062
1.6330453881571734 -3.57587060756314
2.5743347447332465 -2.9709406698678116
3.307066810449271 -2.1253227879642838
3.771879991066316 -1.1075238935612006
4.5259254493017895 0.0
4.342593667708104 1.2751005489054896
3.8074507735556815 2.4469000346536123
2.963850861511414 3.4204662318689327
1.8801373793672715 4.1169265972741815
0.6441063483543294 4.479858054073506
-0.6441063483543289 4.479858054073506
-1.880137379367271 4.116926597274182
-2.9638508615114136 3.4204662318689327
-3.807450773555681 2.446900034653613
-4.342593667708104 1.2751005489054896
-4.5259254493017895 2.56418066808742e-15
-4.342593667708105 -1.2751005489054883
-3.8074507735556815 -2.4469000346536123
-2.9638508615114145 -3.420466231868932
-1.8801373793672749 -4.11692659727418
-0.64410634835433 -4.479858054073506
0.6441063483543283 -4.479858054073506
1.8801373793672698 -4.116926597274182
2.9638508615114114 -3.4204662318689345
3.8074507735556815 -2.446900034653612
4.342593667708104 -1.27510054890549
4.219680440671217 0.0
4.048753733722559 1.1888213596040726
3.549821078133297 2.281331482845883
2.7633030303925175 3.189021696948261
1.7529186051252397 3.8383563390061926
0.6005231394790688 4.176730178061954
-0.6005231394790683 4.176730178061954
-1.752918605125239 3.838356339006193
-2.763303030392517 3.189021696948261
-3.5498210781332964 2.281331482845884
-4.048753733722559 1.1888213596040726
-4.219680440671217 2.390676367226715e-15
-4.04875373372256 -1.1888213596040715
-3.549821078133297 -2.281331482845883
-2.763303030392518 -3.1890216969482608
-1.7529186051252426 -3.838356339006191
-0.6005231394790692 -4.176730178061954
0.6005231394790677 -4.176730178061954
1.752918605125238 -3.8383563390061934
2.763303030392515 -3.1890216969482634
3.549821078133297 -2.2813314828458826
4.048753733722559 -1.188821359604073
1.0 0.5 0.4 0.32000000000000006 0.25600000000000006 0.20480000000000007 0.16384000000000007 0.13107200000000005 0.10485760000000005 