0.0 0.0
1.9031539370208042 0.0
1.8854278585502229 0.25914609431845204
1.832579826441357 0.5134647872229917
1.7455942995400788 0.7582186026542536
1.6260916536296208 0.9888482401227562
1.476297996895606 1.2010575058504933
1.2990037017425065 1.3908933427323076
1.097511425435335 1.5548194683102878
0.8755745878436672 1.689782249025057
0.6373274523312126 1.7932675836312864
0.38720811225167606 1.863347736147035
0.1298758176667752 1.8987172459276744
-0.12987581766677453 1.8987172459276744
-0.38720811225167623 1.863347736147035
-0.6373274523312124 1.7932675836312866
-0.8755745878436669 1.689782249025057
-1.0975114254353349 1.554819468310288
-1.2990037017425067 1.3908933427323074
-1.4762979968956058 1.2010575058504938
-1.6260916536296204 0.9888482401227568
-1.7455942995400788 0.7582186026542534
-1.832579826441357 0.5134647872229917
-1.8854278585502227 0.259146094318453
-1.9031539370208042 2.3306913772572113e-16
-1.8854278585502229 -0.25914609431845165
-1.832579826441357 -0.513464787222992
-1.7455942995400786 -0.7582186026542538
-1.6260916536296213 -0.9888482401227555
-1.476297996895606 -1.2010575058504933
-1.2990037017425065 -1.3908933427323076
-1.097511425435335 -1.5548194683102878
-0.875574587843668 -1.6897822490250565
-0.6373274523312128 -1.7932675836312864
-0.3872081122516759 -1.863347736147035
-0.12987581766677372 -1.8987172459276747
0.12987581766677472 -1.8987172459276744
0.3872081122516752 -1.8633477361470352
0.6373274523312121 -1.7932675836312866
0.8755745878436659 -1.6897822490250576
1.0975114254353346 -1.5548194683102883
1.2990037017425067 -1.3908933427323076
1.4762979968956056 -1.201057505850494
1.6260916536296208 -0.9888482401227562
1.7455942995400784 -0.7582186026542543
1.8325798264413566 -0.5134647872229935
1.8854278585502229 -0.2591460943184515
2.9471424146562955 0.0
2.9196925711675683 0.40130250701316866
2.837854379348483 0.7951295076141844
2.7031523298688245 1.1741447499311517
2.5180956670443324 1.5312878971240835
2.2861316463627754 1.8599060481015608
2.0115813186366687 2.1538776684802925
1.6995590370023799 2.4077266231882892
1.3558771861979275 2.6167241865000084
0.9869379088327642 2.776977129249528
0.5996138455842818 2.885500242323637
0.2011201109055302 2.9402719454593798
-0.20112011090552917 2.9402719454593798
-0.5996138455842821 2.885500242323637
-0.9869379088327639 2.7769771292495284
-1.3558771861979273 2.6167241865000084
-1.6995590370023796 2.4077266231882897
-2.011581318636669 2.153877668480292
-2.286131646362775 1.8599060481015615
-2.518095667044332 1.5312878971240846
-2.7031523298688245 1.1741447499311515
-2.837854379348483 0.7951295076141844
-2.919692571167568 0.4013025070131701
-2.9471424146562955 3.609208524740234e-16
-2.9196925711675683 -0.4013025070131681
-2.837854379348483 -0.795129507614185
-2.703152329868824 -1.1741447499311521
-2.5180956670443333 -1.5312878971240826
-2.2861316463627754 -1.8599060481015608
-2.0115813186366687 -2.1538776684802925
-1.6995590370023799 -2.4077266231882892
-1.355877186197929 -2.6167241865000075
-0.9869379088327646 -2.776977129249528
-0.5996138455842815 -2.885500242323637
-0.20112011090552795 -2.94027194545938
0.20112011090552948 -2.9402719454593798
0.5996138455842804 -2.8855002423236376
0.9869379088327636 -2.7769771292495284
1.3558771861979257 -2.6167241865000093
1.6995590370023792 -2.40772662318829
2.011581318636669 -2.1538776684802925
2.2861316463627745 -1.859906048101562
2.5180956670443324 -1.5312878971240835
2.7031523298688236 -1.174144749931153
2.8378543793484825 -0.7951295076141872
2.9196925711675683 -0.40130250701316783
3.6618058250759855 0.0
3.6276995680167494 0.49861582884171346
3.526016131876538 0.9879433882094841
3.358649686678194 1.458867431515588
3.1287179526262867 1.9026155348557405
2.8405041228786554 2.3109215106683694
2.499377075761991 2.6761793911686595
2.1116913627269165 2.991585113137341
1.6846688350777361 3.251263264744681
1.2262641145469044 3.4503765333561662
0.74501641374287 3.585215815514337
0.24989046677599638 3.653269310518305
-0.2498904667759951 3.653269310518305
-0.7450164137428704 3.585215815514337
-1.226264114546904 3.4503765333561667
-1.684668835077736 3.251263264744681
-2.111691362726916 2.9915851131373414
-2.4993770757619913 2.676179391168659
-2.8405041228786554 2.31092151066837
-3.128717952626286 1.9026155348557416
-3.358649686678194 1.4588674315155878
-3.526016131876538 0.9879433882094841
-3.627699568016749 0.4986158288417153
-3.6618058250759855 4.484418782778439e-16
-3.6276995680167494 -0.49861582884171274
-3.526016131876538 -0.9879433882094847
-3.3586496866781936 -1.4588674315155885
-3.1287179526262876 -1.9026155348557392
-2.8405041228786554 -2.3109215106683694
-2.499377075761991 -2.6761793911686595
-2.1116913627269165 -2.991585113137341
-1.6846688350777381 -3.25126326474468
-1.2262641145469049 -3.4503765333561662
-0.7450164137428698 -3.585215815514337
-0.24989046677599358 -3.6532693105183056
0.24989046677599547 -3.653269310518305
0.7450164137428684 -3.585215815514337
1.2262641145469035 -3.4503765333561667
1.684668835077734 -3.2512632647446824
2.1116913627269156 -2.991585113137342
2.4993770757619913 -2.6761793911686595
2.840504122878655 -2.3109215106683703
3.1287179526262867 -1.9026155348557405
3.358649686678193 -1.4588674315155896
3.526016131876537 -0.9879433882094876
3.6276995680167494 -0.49861582884171246
4.203312086102735 0.0
4.164162210506631 0.5723509218703634
4.047441871826265 1.134040028995814
3.8553253491278907 1.6746041160672083
3.591391409730958 2.1839734969289375
3.26055664354424 2.6526595837794273
2.86898387629838 3.0719316416087854
2.42396736776304 3.4339794252728493
1.9337969334886629 3.7320586695826705
1.4076035212277032 3.9606167222043456
0.8551891186544113 4.115395979065978
0.2868441608805414 4.193513195465833
-0.28684416088053993 4.193513195465833
-0.8551891186544117 4.115395979065978
-1.4076035212277027 3.9606167222043465
-1.9337969334886624 3.7320586695826705
-2.4239673677630393 3.4339794252728497
-2.8689838762983806 3.071931641608785
-3.2605566435442395 2.6526595837794287
-3.5913914097309565 2.183973496928939
-3.8553253491278907 1.674604116067208
-4.047441871826265 1.134040028995814
-4.164162210506631 0.5723509218703655
-4.203312086102735 5.147572692063099e-16
-4.164162210506631 -0.5723509218703625
-4.047441871826265 -1.1340400289958146
-3.8553253491278903 -1.6746041160672087
-3.5913914097309587 -2.183973496928936
-3.26055664354424 -2.6526595837794273
-2.86898387629838 -3.0719316416087854
-2.42396736776304 -3.4339794252728493
-1.933796933488665 -3.7320586695826696
-1.4076035212277036 -3.9606167222043456
-0.8551891186544109 -4.115395979065978
-0.28684416088053816 -4.193513195465834
0.2868441608805403 -4.193513195465833
0.8551891186544094 -4.115395979065978
1.4076035212277023 -3.9606167222043465
1.9337969334886604 -3.732058669582672
2.423967367763039 -3.43397942527285
2.8689838762983806 -3.0719316416087854
3.260556643544239 -2.652659583779429
3.591391409730958 -2.1839734969289375
3.85532534912789 -1.6746041160672103
4.047441871826264 -1.134040028995818
4.164162210506631 -0.5723509218703622
4.932140690812931 0.0
4.88620246626229 0.6715930707392436
4.749243534815288 1.330675633273504
4.523815182228533 1.9649702264948659
4.214116712183891 2.5626611422630745
3.825917221206287 3.1126145296920105
3.36644813131099 3.6045857977256412
2.8442684822938444 4.029410452485887
2.269105493014202 4.379174814453681
1.6516733617121746 4.647363435345148
1.0034736807674618 4.82898046858544
0.3365811837951711 4.920642732477912
-0.33658118379516944 4.920642732477912
-1.0034736807674622 4.82898046858544
-1.6516733617121742 4.647363435345149
-2.2691054930142016 4.379174814453681
-2.844268482293844 4.029410452485888
-3.3664481313109906 3.6045857977256404
-3.8259172212062866 3.1126145296920114
-4.21411671218389 2.5626611422630763
-4.523815182228533 1.9649702264948656
-4.749243534815288 1.330675633273504
-4.88620246626229 0.6715930707392461
-4.932140690812931 6.040130309948472e-16
-4.88620246626229 -0.6715930707392427
-4.749243534815288 -1.3306756332735048
-4.523815182228532 -1.9649702264948663
-4.214116712183892 -2.562661142263073
-3.825917221206287 -3.1126145296920105
-3.36644813131099 -3.6045857977256412
-2.8442684822938444 -4.029410452485887
-2.2691054930142047 -4.3791748144536795
-1.651673361712175 -4.647363435345148
-1.0034736807674614 -4.82898046858544
-0.3365811837951674 -4.920642732477913
0.3365811837951699 -4.920642732477912
1.0034736807674596 -4.828980468585441
1.6516733617121735 -4.647363435345149
2.269105493014199 -4.379174814453682
2.8442684822938435 -4.029410452485888
3.3664481313109906 -3.6045857977256412
3.825917221206286 -3.112614529692012
4.214116712183891 -2.5626611422630745
4.523815182228532 -1.964970226494868
4.749243534815287 -1.3306756332735086
4.88620246626229 -0.6715930707392422
5.632592144713472 0.0
5.580129877522271 0.7669711980714744
5.423720348724019 1.5196551738881132
5.166277171902035 2.244030849113226
4.812596026339314 2.92660447548878
4.369265322587264 3.5546609978342976
3.8445434728428807 4.116500911467057
3.248205052355036 4.601658201838021
2.591358717581795 5.0010953065804244
1.8862402729389913 5.307371468196941
1.1459847409149866 5.514781341293409
0.3843816814541368 5.619461272368589
-0.38438168145413487 5.619461272368589
-1.145984740914987 5.514781341293409
-1.8862402729389907 5.3073714681969415
-2.5913587175817945 5.0010953065804244
-3.248205052355035 4.601658201838022
-3.8445434728428816 4.116500911467057
-4.369265322587263 3.554660997834299
-4.812596026339312 2.9266044754887823
-5.166277171902035 2.2440308491132255
-5.423720348724019 1.5196551738881132
-5.580129877522271 0.7669711980714772
-5.632592144713472 6.897935940925879e-16
-5.580129877522271 -0.7669711980714733
-5.423720348724019 -1.519655173888114
-5.166277171902034 -2.2440308491132264
-4.812596026339315 -2.9266044754887783
-4.369265322587264 -3.5546609978342976
-3.8445434728428807 -4.116500911467057
-3.248205052355036 -4.601658201838021
-2.591358717581798 -5.001095306580423
-1.886240272938992 -5.307371468196941
-1.1459847409149861 -5.514781341293409
-0.38438168145413254 -5.619461272368589
0.3843816814541354 -5.619461272368589
1.145984740914984 -5.514781341293409
1.88624027293899 -5.3073714681969415
2.591358717581792 -5.001095306580426
3.2482050523550345 -4.601658201838022
3.8445434728428816 -4.116500911467057
4.369265322587262 -3.5546609978343
4.812596026339314 -2.92660447548878
5.166277171902034 -2.244030849113228
5.423720348724018 -1.5196551738881185
5.580129877522271 -0.7669711980714728
4.583298273227184 0.0
4.540609185778754 0.6240923676739589
4.413337140361772 1.2365590753662592
4.203852974374401 1.8259910271441067
3.9160589814697198 2.381408220993962
3.5553162192083976 2.892464285484091
3.1283446426998442 3.34963921308825
2.643097924553167 3.744416699913356
2.108615293005389 4.069442788327548
1.5348531482022705 4.318662857276644
0.9324995933018236 4.487434408418603
0.31277533533515334 4.572613547083688
-0.3127753353351517 4.572613547083688
-0.9324995933018242 4.487434408418603
-1.53485314820227 4.318662857276644
-2.1086152930053887 4.069442788327548
-2.6430979245531665 3.744416699913357
-3.1283446426998447 3.3496392130882495
-3.555316219208397 2.892464285484092
-3.916058981469719 2.3814082209939635
-4.203852974374401 1.8259910271441064
-4.413337140361772 1.2365590753662592
-4.540609185778753 0.6240923676739613
-4.583298273227184 5.612921559845262e-16
-4.540609185778754 -0.624092367673958
-4.413337140361772 -1.2365590753662599
-4.2038529743744 -1.825991027144107
-3.916058981469721 -2.3814082209939604
-3.5553162192083976 -2.892464285484091
-3.1283446426998442 -3.34963921308825
-2.643097924553167 -3.744416699913356
-2.1086152930053914 -4.069442788327547
-1.534853148202271 -4.318662857276644
-0.9324995933018233 -4.487434408418603
-0.31277533533514984 -4.572613547083689
0.31277533533515217 -4.572613547083688
0.9324995933018216 -4.487434408418604
1.5348531482022694 -4.318662857276644
2.1086152930053865 -4.0694427883275495
2.643097924553166 -3.7444166999133572
3.1283446426998447 -3.34963921308825
3.5553162192083962 -2.8924642854840923
3.9160589814697198 -2.381408220993962
4.2038529743744 -1.8259910271441087
4.413337140361771 -1.2365590753662634
4.540609185778754 -0.6240923676739577
5.27873992617951 0.0
5.229573457646898 0.718788327198432
5.082989930331296 1.4241869878609004
4.8417199179999075 2.103055739604785
4.510257824482072 2.7427485420541027
4.0947781614296614 3.3313491286444865
3.6030205288476305 3.8578929841228353
3.04414544098981 4.312571592720823
2.4285636833107156 4.686915152245232
1.767742379230495 4.973950350467339
1.0739913793222373 5.168330264735718
0.3602339520869362 5.266433965028469
-0.3602339520869344 5.266433965028469
-1.0739913793222378 5.168330264735718
-1.7677423792304945 4.973950350467339
-2.428563683310715 4.686915152245232
-3.0441454409898094 4.312571592720823
-3.6030205288476314 3.857892984122835
-4.094778161429661 3.3313491286444874
-4.51025782448207 2.7427485420541045
-4.8417199179999075 2.1030557396047844
-5.082989930331296 1.4241869878609004
-5.2295734576468975 0.7187883271984346
-5.27873992617951 6.464591954127072e-16
-5.229573457646898 -0.7187883271984309
-5.082989930331296 -1.4241869878609013
-4.841719917999907 -2.1030557396047853
-4.510257824482073 -2.742748542054101
-4.0947781614296614 -3.3313491286444865
-3.6030205288476305 -3.8578929841228353
-3.04414544098981 -4.312571592720823
-2.4285636833107183 -4.686915152245231
-1.7677423792304956 -4.973950350467339
-1.0739913793222369 -5.168330264735718
-0.36023395208693215 -5.26643396502847
0.36023395208693487 -5.266433965028469
1.0739913793222349 -5.168330264735719
1.7677423792304938 -4.973950350467339
2.4285636833107125 -4.686915152245234
3.044145440989809 -4.312571592720824
3.6030205288476314 -3.8578929841228353
4.09477816142966 -3.3313491286444883
4.510257824482072 -2.7427485420541027
4.841719917999906 -2.103055739604787
5.082989930331294 -1.4241869878609055
5.229573457646898 -0.7187883271984306
1.0 0.5 0.4 0.32000000000000006 0.25600000000000006 0.20480000000000007 0.16384000000000007 0.13107200000000005 0.10485760000000005 