0.0 0.0
2.637792408801314 0.0
2.632144692773441 0.17251987779512268
2.615225729076908 0.34430099898779315
2.587107967311709 0.5146077704447469
2.5479118120504407 0.6827109124246341
2.497805107247435 0.847890581465833
2.437002417505179 1.0094394528666648
2.365764109275748 1.1666657495583574
2.284395235931685 1.3188962044006567
2.1932442314806253 1.4654789432150837
2.0927014185173856 1.6057862762102433
1.9831973368026878 1.7392173858458764
1.865200899625807 1.8652008996258065
1.7392173858458764 1.9831973368026878
1.6057862762102433 2.0927014185173856
1.4654789432150843 2.193244231480625
1.3188962044006571 2.284395235931685
1.1666657495583574 2.365764109275748
1.009439452866665 2.437002417505179
0.8478905814658332 2.4978051072474345
0.6827109124246341 2.5479118120504407
0.5146077704447471 2.587107967311709
0.34430099898779354 2.615225729076908
0.17251987779512323 2.632144692773441
1.615182015126858e-16 2.637792408801314
-0.1725198777951229 2.632144692773441
-0.3443009989877932 2.615225729076908
-0.5146077704447468 2.587107967311709
-0.6827109124246338 2.5479118120504407
-0.847890581465833 2.497805107247435
-1.0094394528666641 2.437002417505179
-1.166665749558357 2.365764109275748
-1.3188962044006562 2.284395235931685
-1.4654789432150839 2.193244231480625
-1.6057862762102433 2.0927014185173856
-1.7392173858458764 1.9831973368026878
-1.8652008996258065 1.865200899625807
-1.9831973368026874 1.7392173858458766
-2.092701418517385 1.605786276210244
-2.193244231480625 1.4654789432150845
-2.284395235931685 1.3188962044006567
-2.3657641092757475 1.1666657495583586
-2.437002417505179 1.009439452866665
-2.4978051072474345 0.8478905814658334
-2.5479118120504407 0.6827109124246348
-2.587107967311709 0.5146077704447467
-2.615225729076908 0.34430099898779426
-2.632144692773441 0.17251987779512284
-2.637792408801314 3.230364030253716e-16
-2.632144692773441 -0.17251987779512218
-2.615225729076908 -0.34430099898779365
-2.5871079673117094 -0.514607770444746
-2.5479118120504407 -0.6827109124246342
-2.497805107247435 -0.8478905814658327
-2.437002417505179 -1.0094394528666646
-2.365764109275748 -1.166665749558358
-2.2843952359316853 -1.3188962044006562
-2.1932442314806257 -1.465478943215083
-2.0927014185173856 -1.6057862762102433
-1.983197336802688 -1.7392173858458764
-1.8652008996258078 -1.8652008996258056
-1.7392173858458768 -1.9831973368026874
-1.605786276210244 -2.092701418517385
-1.4654789432150837 -2.1932442314806253
-1.318896204400658 -2.284395235931684
-1.1666657495583577 -2.365764109275748
-1.0094394528666641 -2.437002417505179
-0.8478905814658335 -2.4978051072474345
-0.6827109124246338 -2.5479118120504407
-0.514607770444748 -2.587107967311709
-0.3443009989877933 -2.615225729076908
-0.17251987779512182 -2.632144692773441
-4.845546045380573e-16 -2.637792408801314
0.17251987779512085 -2.6321446927734415
0.3443009989877923 -2.6152257290769083
0.514607770444747 -2.587107967311709
0.6827109124246329 -2.547911812050441
0.8478905814658326 -2.497805107247435
1.0094394528666633 -2.4370024175051794
1.1666657495583568 -2.3657641092757484
1.3188962044006571 -2.284395235931685
1.4654789432150828 -2.1932442314806257
1.6057862762102413 -2.092701418517387
1.7392173858458768 -1.9831973368026872
1.8652008996258063 -1.8652008996258072
1.983197336802688 -1.739217385845876
2.092701418517385 -1.605786276210244
2.193244231480624 -1.4654789432150856
2.284395235931684 -1.318896204400658
2.365764109275748 -1.166665749558358
2.437002417505179 -1.0094394528666641
2.4978051072474345 -0.8478905814658336
2.5479118120504403 -0.6827109124246362
2.587107967311709 -0.5146077704447481
2.615225729076908 -0.3443009989877934
2.632144692773441 -0.17251987779512198
3.9630026101271127 0.0
3.954517517333216 0.2591927718495378
3.929098573421524 0.5172756404580177
3.8868546262122545 0.7731434553604551
3.827966570772766 1.0257005512918966
3.7526865747971088 1.2738654399942928
3.661336998785246 1.5165754413152532
3.554309015645903 1.752791233767604
3.432060935634117 1.9815013050635562
3.2951162437963655 2.2017262835656117
3.1440613583272286 2.412523132106271
2.9795431194366535 2.6129891862179613
2.8022660194808693 2.802266019480869
2.6129891862179613 2.9795431194366535
2.412523132106271 3.1440613583272286
2.2017262835656126 3.295116243796365
1.9815013050635568 3.4320609356341167
1.752791233767604 3.554309015645903
1.5165754413152535 3.661336998785246
1.2738654399942932 3.7526865747971083
1.0257005512918966 3.827966570772766
0.7731434553604555 3.8868546262122545
0.5172756404580182 3.929098573421524
0.25919277184953865 3.954517517333216
2.426639230752387e-16 3.9630026101271127
-0.25919277184953815 3.954517517333216
-0.5172756404580178 3.929098573421524
-0.7731434553604549 3.8868546262122545
-1.0257005512918962 3.827966570772766
-1.2738654399942928 3.7526865747971088
-1.5165754413152521 3.6613369987852464
-1.7527912337676035 3.554309015645903
-1.9815013050635555 3.432060935634117
-2.201726283565612 3.295116243796365
-2.412523132106271 3.1440613583272286
-2.6129891862179613 2.9795431194366535
-2.802266019480869 2.8022660194808693
-2.979543119436653 2.6129891862179617
-3.144061358327228 2.412523132106272
-3.2951162437963646 2.201726283565613
-3.432060935634117 1.9815013050635562
-3.5543090156459023 1.7527912337676057
-3.661336998785246 1.5165754413152537
-3.7526865747971083 1.2738654399942935
-3.8279665707727655 1.0257005512918977
-3.8868546262122545 0.7731434553604548
-3.929098573421524 0.5172756404580193
-3.954517517333216 0.25919277184953804
-3.9630026101271127 4.853278461504774e-16
-3.954517517333216 -0.25919277184953704
-3.929098573421524 -0.5172756404580184
-3.886854626212255 -0.7731434553604538
-3.827966570772766 -1.0257005512918969
-3.7526865747971088 -1.2738654399942926
-3.6613369987852464 -1.5165754413152528
-3.5543090156459027 -1.7527912337676048
-3.4320609356341176 -1.9815013050635553
-3.2951162437963664 -2.201726283565611
-3.1440613583272286 -2.412523132106271
-2.979543119436654 -2.6129891862179613
-2.8022660194808706 -2.8022660194808675
-2.612989186217962 -2.979543119436653
-2.412523132106272 -3.1440613583272277
-2.2017262835656117 -3.2951162437963655
-1.9815013050635581 -3.432060935634116
-1.7527912337676044 -3.5543090156459027
-1.5165754413152521 -3.6613369987852464
-1.2738654399942937 -3.7526865747971083
-1.0257005512918962 -3.827966570772766
-0.7731434553604568 -3.886854626212254
-0.5172756404580179 -3.929098573421524
-0.2591927718495365 -3.954517517333216
-7.279917692257162e-16 -3.9630026101271127
0.25919277184953504 -3.9545175173332163
0.5172756404580164 -3.9290985734215242
0.7731434553604554 -3.8868546262122545
1.0257005512918949 -3.8279665707727664
1.2738654399942924 -3.7526865747971088
1.5165754413152508 -3.661336998785247
1.752791233767603 -3.5543090156459036
1.9815013050635568 -3.4320609356341167
2.2017262835656104 -3.2951162437963664
2.412523132106268 -3.1440613583272308
2.612989186217962 -2.9795431194366526
2.8022660194808684 -2.8022660194808697
2.979543119436654 -2.612989186217961
3.1440613583272277 -2.412523132106272
3.2951162437963637 -2.201726283565615
3.432060935634116 -1.9815013050635581
3.5543090156459027 -1.7527912337676046
3.6613369987852464 -1.5165754413152523
3.7526865747971083 -1.273865439994294
3.827966570772765 -1.0257005512919
3.886854626212254 -0.773143455360457
3.929098573421524 -0.5172756404580181
3.954517517333216 -0.25919277184953676
4.89956102107143 0.0
4.8890706848281695 0.32044662263210644
4.857644597328689 0.6395210436302416
4.805417329904281 0.9558569373384954
4.732612527732132 1.2680997048952392
4.639541952152341 1.574912274833413
4.526604145657996 1.874980828625819
4.394282725275032 2.1670204266577553
4.243144311639882 2.4497805105357147
4.073836102642924 2.7220502581704142
3.887083102027754 2.9826637687028703
3.683685014813846 3.230505055070868
3.4645128228368933 3.464512822836893
3.230505055070868 3.683685014813846
2.9826637687028703 3.887083102027754
2.7220502581704156 4.073836102642924
2.4497805105357155 4.243144311639882
2.1670204266577553 4.394282725275032
1.8749808286258192 4.526604145657996
1.5749122748334135 4.639541952152341
1.2680997048952392 4.732612527732132
0.9558569373384959 4.805417329904281
0.6395210436302423 4.857644597328689
0.32044662263210744 4.8890706848281695
3.0001158608411323e-16 4.89956102107143
-0.3204466226321068 4.8890706848281695
-0.6395210436302418 4.857644597328689
-0.9558569373384952 4.805417329904281
-1.2680997048952385 4.732612527732132
-1.574912274833413 4.639541952152341
-1.8749808286258176 4.526604145657997
-2.167020426657755 4.394282725275032
-2.449780510535714 4.243144311639882
-2.722050258170415 4.073836102642924
-2.9826637687028703 3.887083102027754
-3.230505055070868 3.683685014813846
-3.464512822836893 3.4645128228368933
-3.6836850148138454 3.2305050550708683
-3.8870831020277534 2.9826637687028716
-4.0738361026429235 2.722050258170416
-4.243144311639882 2.4497805105357147
-4.394282725275031 2.1670204266577575
-4.526604145657996 1.8749808286258194
-4.639541952152341 1.5749122748334137
-4.732612527732132 1.2680997048952405
-4.805417329904281 0.9558569373384951
-4.857644597328689 0.6395210436302436
-4.8890706848281695 0.3204466226321067
-4.89956102107143 6.000231721682265e-16
-4.8890706848281695 -0.3204466226321055
-4.857644597328689 -0.6395210436302426
-4.805417329904281 -0.9558569373384939
-4.732612527732132 -1.2680997048952394
-4.639541952152341 -1.5749122748334128
-4.526604145657997 -1.8749808286258183
-4.394282725275031 -2.167020426657756
-4.243144311639883 -2.4497805105357138
-4.073836102642926 -2.7220502581704134
-3.887083102027754 -2.9826637687028703
-3.6836850148138467 -3.230505055070868
-3.464512822836895 -3.464512822836891
-3.2305050550708687 -3.6836850148138454
-2.9826637687028716 -3.887083102027753
-2.7220502581704142 -4.073836102642924
-2.4497805105357173 -4.24314431163988
-2.1670204266577557 -4.394282725275031
-1.8749808286258176 -4.526604145657997
-1.5749122748334141 -4.639541952152341
-1.2680997048952385 -4.732612527732132
-0.9558569373384975 -4.80541732990428
-0.639521043630242 -4.857644597328689
-0.3204466226321048 -4.8890706848281695
-9.000347582523397e-16 -4.89956102107143
0.32044662263210305 -4.88907068482817
0.6395210436302402 -4.857644597328689
0.9558569373384957 -4.805417329904281
1.268099704895237 -4.732612527732133
1.5749122748334123 -4.639541952152341
1.8749808286258158 -4.526604145657997
2.167020426657754 -4.3942827252750325
2.4497805105357155 -4.243144311639882
2.722050258170413 -4.073836102642926
2.9826637687028668 -3.8870831020277565
3.2305050550708687 -3.683685014813845
3.4645128228368924 -3.4645128228368938
3.6836850148138467 -3.2305050550708674
3.887083102027753 -2.9826637687028716
4.073836102642923 -2.7220502581704182
4.24314431163988 -2.4497805105357173
4.394282725275031 -2.167020426657756
4.526604145657997 -1.8749808286258178
4.639541952152341 -1.5749122748334143
4.732612527732131 -1.2680997048952432
4.80541732990428 -0.9558569373384977
4.857644597328689 -0.6395210436302422
4.8890706848281695 -0.32044662263210516
5.637860853572721 0.0
5.625789760715149 0.3687337419877813
5.589628172415239 0.735888509483337
5.529530938145717 1.0998920894056259
5.445755403490022 1.4591857625425741
5.338660308149004 1.8122309782260415
5.208704249762449 2.1575159426419837
5.056443720123589 2.4935620925636592
4.882530722195796 2.81893042678636
4.687709978135807 3.1322276681514896
4.472815740279112 3.432112229773255
4.2387682187433775 3.7172999599196754
3.9865696409474483 3.986569640947448
3.7172999599196754 4.2387682187433775
3.432112229773255 4.472815740279112
3.132227668151491 4.687709978135806
2.818930426786361 4.882530722195795
2.4935620925636592 5.056443720123589
2.157515942641984 5.208704249762449
1.8122309782260422 5.338660308149003
1.4591857625425741 5.445755403490022
1.0998920894056263 5.529530938145717
0.7358885094833377 5.589628172415239
0.3687337419877825 5.625789760715149
3.4521941241829987e-16 5.637860853572721
-0.3687337419877818 5.625789760715149
-0.7358885094833372 5.589628172415239
-1.0998920894056254 5.529530938145717
-1.4591857625425735 5.445755403490022
-1.8122309782260415 5.338660308149004
-2.157515942641982 5.20870424976245
-2.4935620925636584 5.056443720123589
-2.818930426786359 4.882530722195796
-3.1322276681514905 4.687709978135806
-3.432112229773255 4.472815740279112
-3.7172999599196754 4.2387682187433775
-3.986569640947448 3.9865696409474483
-4.238768218743377 3.7172999599196763
-4.4728157402791116 3.4321122297732565
-4.687709978135806 3.132227668151492
-4.882530722195796 2.81893042678636
-5.056443720123587 2.4935620925636615
-5.208704249762449 2.157515942641984
-5.338660308149003 1.8122309782260424
-5.445755403490022 1.4591857625425757
-5.529530938145717 1.0998920894056252
-5.589628172415239 0.7358885094833394
-5.625789760715149 0.36873374198778164
-5.637860853572721 6.904388248365997e-16
-5.625789760715149 -0.36873374198778025
-5.589628172415239 -0.7358885094833381
-5.529530938145718 -1.0998920894056239
-5.445755403490022 -1.4591857625425744
-5.338660308149004 -1.8122309782260413
-5.20870424976245 -2.157515942641983
-5.056443720123588 -2.49356209256366
-4.8825307221957965 -2.8189304267863586
-4.687709978135808 -3.1322276681514887
-4.472815740279112 -3.432112229773255
-4.238768218743378 -3.7172999599196754
-3.98656964094745 -3.9865696409474456
-3.7172999599196768 -4.238768218743377
-3.4321122297732565 -4.472815740279111
-3.1322276681514896 -4.687709978135807
-2.818930426786363 -4.882530722195794
-2.4935620925636597 -5.056443720123588
-2.157515942641982 -5.20870424976245
-1.8122309782260428 -5.338660308149003
-1.4591857625425735 -5.445755403490022
-1.099892089405628 -5.529530938145716
-0.7358885094833373 -5.589628172415239
-0.3687337419877795 -5.625789760715149
-1.0356582372548994e-15 -5.637860853572721
0.3687337419877774 -5.62578976071515
0.7358885094833353 -5.589628172415239
1.099892089405626 -5.529530938145717
1.4591857625425717 -5.445755403490023
1.8122309782260408 -5.338660308149004
2.15751594264198 -5.208704249762451
2.493562092563658 -5.056443720123589
2.818930426786361 -4.882530722195795
3.132227668151488 -4.687709978135808
3.4321122297732507 -4.472815740279115
3.7172999599196768 -4.238768218743377
3.986569640947447 -3.9865696409474487
4.238768218743378 -3.717299959919675
4.472815740279111 -3.4321122297732565
4.687709978135804 -3.132227668151494
4.882530722195794 -2.818930426786363
5.056443720123588 -2.49356209256366
5.20870424976245 -2.1575159426419823
5.338660308149003 -1.812230978226043
5.445755403490021 -1.4591857625425788
5.529530938145716 -1.0998920894056283
5.589628172415239 -0.7358885094833376
5.625789760715149 -0.36873374198777986
6.264533888229507 0.0
6.251121040300438 0.409720119458485
6.210939932387241 0.8176857544640717
6.144162626162716 1.2221499335356425
6.051075072303957 1.6213806789639424
5.932075886007645 2.0136684234060285
5.78767464005859 2.3973333305150892
5.6184896827608295 2.770732488257576
5.425245490075259 3.132266944114753
5.2087695633023445 3.4803885520428617
4.9699888855945185 3.8136066018721517
4.709925952472002 4.1304942027566875
4.429694393340014 4.4296943933400135
4.1304942027566875 4.709925952472002
3.8136066018721517 4.9699888855945185
3.480388552042863 5.208769563302344
3.1322669441147544 5.425245490075258
2.770732488257576 5.6184896827608295
2.3973333305150897 5.78767464005859
2.0136684234060294 5.932075886007644
1.6213806789639424 6.051075072303957
1.222149933535643 6.144162626162716
0.8176857544640725 6.210939932387241
0.40972011945848635 6.251121040300438
3.8359206871851943e-16 6.264533888229507
-0.4097201194584856 6.251121040300438
-0.8176857544640719 6.210939932387241
-1.222149933535642 6.144162626162716
-1.6213806789639418 6.051075072303957
-2.0136684234060285 5.932075886007645
-2.397333330515088 5.787674640058591
-2.770732488257575 5.6184896827608295
-3.132266944114752 5.425245490075259
-3.480388552042862 5.208769563302344
-3.8136066018721517 4.9699888855945185
-4.1304942027566875 4.709925952472002
-4.4296943933400135 4.429694393340014
-4.709925952472002 4.130494202756688
-4.969988885594518 3.813606601872153
-5.208769563302343 3.480388552042864
-5.425245490075259 3.132266944114753
-5.618489682760829 2.7707324882575786
-5.78767464005859 2.39733333051509
-5.932075886007644 2.01366842340603
-6.051075072303956 1.6213806789639442
-6.144162626162716 1.222149933535642
-6.210939932387241 0.8176857544640743
-6.251121040300438 0.4097201194584854
-6.264533888229507 7.671841374370389e-16
-6.251121040300438 -0.4097201194584838
-6.210939932387241 -0.8176857544640729
-6.144162626162717 -1.2221499335356405
-6.051075072303957 -1.6213806789639427
-5.932075886007645 -2.013668423406028
-5.787674640058591 -2.397333330515089
-5.6184896827608295 -2.7707324882575772
-5.425245490075259 -3.1322669441147517
-5.208769563302345 -3.4803885520428604
-4.9699888855945185 -3.8136066018721517
-4.709925952472003 -4.1304942027566875
-4.429694393340016 -4.429694393340012
-4.130494202756689 -4.709925952472002
-3.813606601872153 -4.969988885594518
-3.4803885520428617 -5.2087695633023445
-3.132266944114756 -5.425245490075256
-2.7707324882575763 -5.6184896827608295
-2.397333330515088 -5.787674640058591
-2.01366842340603 -5.932075886007644
-1.6213806789639418 -6.051075072303957
-1.2221499335356452 -6.144162626162716
-0.8176857544640721 -6.210939932387241
-0.40972011945848297 -6.251121040300438
-1.1507762061555582e-15 -6.264533888229507
0.4097201194584807 -6.251121040300439
0.8176857544640698 -6.210939932387242
1.2221499335356427 -6.144162626162716
1.6213806789639396 -6.0510750723039575
2.013668423406028 -5.932075886007645
2.3973333305150857 -5.787674640058592
2.7707324882575746 -5.61848968276083
3.1322669441147544 -5.425245490075258
3.4803885520428595 -5.208769563302345
3.813606601872147 -4.969988885594522
4.130494202756689 -4.709925952472001
4.429694393340013 -4.429694393340014
4.709925952472003 -4.1304942027566875
4.969988885594518 -3.813606601872153
5.208769563302342 -3.4803885520428666
5.425245490075256 -3.132266944114756
5.6184896827608295 -2.770732488257577
5.787674640058591 -2.397333330515088
5.932075886007644 -2.0136684234060303
6.051075072303955 -1.6213806789639476
6.144162626162716 -1.2221499335356454
6.210939932387241 -0.8176857544640724
6.251121040300438 -0.40972011945848336
6.8503014832927 0.0
6.835634461978262 0.4480311531772332
6.791696204471939 0.8941437681735673
6.718674861137896 1.3364275222831339
6.6168831205787315 1.772988488570198
6.486756870654871 2.20195724595506
6.328853331945834 2.621496884362116
6.1438486716461655 3.0298108706508096
5.9325351081137 3.4251507416463496
5.695817518468932 3.8058235913274516
5.434709563772267 4.170199320109822
5.150329348371737 4.516717615182836
4.843894632008533 4.843894632008533
4.516717615182836 5.150329348371737
4.170199320109822 5.434709563772267
3.8058235913274534 5.695817518468931
3.425150741646351 5.932535108113699
3.0298108706508096 6.1438486716461655
2.6214968843621165 6.328853331945834
2.201957245955061 6.486756870654871
1.772988488570198 6.6168831205787315
1.3364275222831343 6.718674861137896
0.8941437681735683 6.791696204471939
0.4480311531772346 6.835634461978262
4.1945998923543854e-16 6.8503014832927
-0.44803115317723374 6.835634461978262
-0.8941437681735676 6.791696204471939
-1.3364275222831334 6.718674861137896
-1.7729884885701972 6.6168831205787315
-2.20195724595506 6.486756870654871
-2.6214968843621143 6.328853331945835
-3.029810870650809 6.1438486716461655
-3.4251507416463487 5.9325351081137
-3.8058235913274525 5.695817518468931
-4.170199320109822 5.434709563772267
-4.516717615182836 5.150329348371737
-4.843894632008533 4.843894632008533
-5.150329348371736 4.516717615182837
-5.434709563772266 4.170199320109824
-5.69581751846893 3.8058235913274543
-5.9325351081137 3.4251507416463496
-6.143848671646164 3.0298108706508127
-6.328853331945834 2.621496884362117
-6.486756870654871 2.2019572459550614
-6.616883120578731 1.7729884885701999
-6.718674861137896 1.3364275222831332
-6.791696204471939 0.8941437681735702
-6.835634461978262 0.4480311531772335
-6.8503014832927 8.389199784708771e-16
-6.835634461978262 -0.44803115317723186
-6.791696204471939 -0.8941437681735687
-6.718674861137897 -1.3364275222831317
-6.6168831205787315 -1.7729884885701985
-6.486756870654871 -2.20195724595506
-6.328853331945835 -2.6214968843621156
-6.143848671646165 -3.0298108706508113
-5.932535108113701 -3.4251507416463483
-5.6958175184689335 -3.8058235913274503
-5.434709563772267 -4.170199320109822
-5.150329348371738 -4.516717615182836
-4.843894632008536 -4.8438946320085305
-4.516717615182838 -5.150329348371736
-4.170199320109824 -5.434709563772265
-3.8058235913274516 -5.695817518468932
-3.425150741646353 -5.932535108113698
-3.0298108706508105 -6.143848671646165
-2.6214968843621143 -6.328853331945835
-2.201957245955062 -6.486756870654871
-1.7729884885701972 -6.6168831205787315
-1.3364275222831368 -6.718674861137895
-0.8941437681735678 -6.791696204471939
-0.44803115317723086 -6.835634461978262
-1.2583799677063155e-15 -6.8503014832927
0.4480311531772284 -6.8356344619782625
0.8941437681735653 -6.79169620447194
1.336427522283134 -6.718674861137896
1.772988488570195 -6.616883120578732
2.2019572459550596 -6.486756870654871
2.621496884362112 -6.328853331945836
3.0298108706508082 -6.143848671646166
3.425150741646351 -5.932535108113699
3.8058235913274494 -5.6958175184689335
4.170199320109817 -5.43470956377227
4.516717615182838 -5.150329348371735
4.843894632008532 -4.843894632008534
5.150329348371738 -4.516717615182835
5.434709563772265 -4.170199320109824
5.695817518468929 -3.805823591327457
5.932535108113698 -3.425150741646353
6.143848671646165 -3.029810870650811
6.328853331945835 -2.6214968843621147
6.486756870654871 -2.2019572459550623
6.61688312057873 -1.7729884885702039
6.718674861137895 -1.336427522283137
6.791696204471939 -0.8941437681735681
6.835634461978262 -0.44803115317723136
1.0 0.5 0.4 0.32000000000000006 0.25600000000000006 0.20480000000000007 0.16384000000000007 