0.0 0.0
0.47477399340595533 0.0
2.907152256715049e-17 0.47477399340595533
-0.47477399340595533 5.814304513430098e-17
-8.721456770145147e-17 -0.47477399340595533
0.9521416469113527 0.0
5.830186101124388e-17 0.9521416469113527
-0.9521416469113527 1.1660372202248776e-16
-1.749055830337316e-16 -0.9521416469113527
1.2824725999044868 0.0
7.85287982233607e-17 1.2824725999044868
-1.2824725999044868 1.570575964467214e-16
-2.3558639467008206e-16 -1.2824725999044868
1.6117992312771923 0.0
9.86942384725889e-17 1.6117992312771923
-1.6117992312771923 1.973884769451778e-16
-2.9608271541776666e-16 -1.6117992312771923
1.9572183085580417 0.0
1.1984505684041012e-16 1.9572183085580417
-1.9572183085580417 2.3969011368082024e-16
-3.5953517052123033e-16 -1.9572183085580417
2.208116920230444 0.0
1.3520816592516623e-16 2.208116920230444
-2.208116920230444 2.7041633185033245e-16
-4.0562449777549863e-16 -2.208116920230444
2.435395572967921 0.0
1.4912496965463994e-16 2.435395572967921
-2.435395572967921 2.982499393092799e-16
-4.473749089639198e-16 -2.435395572967921
2.642914137088182 0.0
1.6183181692031656e-16 2.642914137088182
-2.642914137088182 3.236636338406331e-16
-4.854954507609497e-16 -2.642914137088182
2.8349826584918882 0.0
1.7359262191801725e-16 2.8349826584918882
-2.8349826584918882 3.471852438360345e-16
-5.207778657540517e-16 -2.8349826584918882
3.340967832470821 0.0
2.0457527810448308e-16 3.340967832470821
-3.340967832470821 4.0915055620896617e-16
-6.137258343134492e-16 -3.340967832470821
3.0036795513125005 0.0
1.8392232740896058e-16 3.0036795513125005
-3.0036795513125005 3.6784465481792117e-16
-5.517669822268817e-16 -3.0036795513125005
3.152818903547422 0.0
1.9305447892603092e-16 3.152818903547422
-3.152818903547422 3.8610895785206183e-16
-5.791634367780927e-16 -3.152818903547422
1.792161496035113 0.0
1.0973824198372666e-16 1.792161496035113
-1.792161496035113 2.1947648396745332e-16
-3.2921472595117995e-16 -1.792161496035113
-1.1331617371366816 -0.0
-6.938614471503457e-17 -1.1331617371366816
1.1331617371366816 -1.3877228943006914e-16
2.0815843414510372e-16 1.1331617371366816
1.0 0.5 0.4 0.32000000000000006 0.25600000000000006 0.20480000000000007 0.16384000000000007 0.13107200000000005 0.10485760000000005 0.08388608000000004 0.06710886400000003 0.05368709120000003 0.042949672960000025 0.03435973836800002 0.027487790694400018 