0.0 0.0
1.6186058178022473 0.0
1.5910459778914718 0.2974180385562584
1.5093049754529222 0.5847078625231031
1.3761664022871165 0.8520861615115082
1.1961641328210981 1.090447688234347
0.9754279284526063 1.2916753267822139
0.7214746958775129 1.4489165112703122
0.4429525078478322 1.5568165817509132
0.1493461034263697 1.6117011307356715
-0.14934610342636948 1.6117011307356715
-0.442952507847832 1.5568165817509132
-0.721474695877512 1.4489165112703124
-0.9754279284526061 1.291675326782214
-1.1961641328210986 1.090447688234347
-1.376166402287116 0.8520861615115087
-1.509304975452922 0.5847078625231037
-1.5910459778914718 0.2974180385562585
-1.6186058178022473 1.982220433852806e-16
-1.5910459778914718 -0.2974180385562581
-1.5093049754529222 -0.5847078625231027
-1.3761664022871163 -0.8520861615115084
-1.1961641328210981 -1.090447688234347
-0.9754279284526075 -1.291675326782213
-0.7214746958775138 -1.4489165112703115
-0.44295250784783236 -1.5568165817509132
-0.14934610342636953 -1.6117011307356715
0.14934610342637036 -1.6117011307356715
0.44295250784783186 -1.5568165817509132
0.7214746958775119 -1.4489165112703124
0.975427928452606 -1.2916753267822143
1.1961641328210972 -1.0904476882343481
1.376166402287116 -0.852086161511509
1.5093049754529222 -0.5847078625231033
1.5910459778914718 -0.297418038556258
2.534758622798543 0.0
2.491599540402782 0.46576067472062616
2.363592024002872 0.9156604282819988
2.155095216041719 1.3343784641718646
1.8732092252500803 1.7076558418749253
1.5275333409593848 2.022781047990372
1.1298391408166253 2.2690228715749687
0.6936696238260445 2.4379958426610577
0.23387801976108033 2.5239457893790433
-0.23387801976108002 2.5239457893790433
-0.6936696238260441 2.4379958426610577
-1.129839140816624 2.269022871574969
-1.5275333409593845 2.022781047990372
-1.873209225250081 1.707655841874925
-2.1550952160417185 1.3343784641718652
-2.363592024002872 0.9156604282819998
-2.491599540402782 0.46576067472062627
-2.534758622798543 3.104184034021389e-16
-2.491599540402782 -0.4657606747206256
-2.3635920240028723 -0.9156604282819982
-2.1550952160417185 -1.3343784641718648
-1.8732092252500803 -1.7076558418749253
-1.5275333409593868 -2.0227810479903705
-1.1298391408166266 -2.269022871574968
-0.6936696238260447 -2.4379958426610577
-0.23387801976108008 -2.5239457893790433
0.23387801976108138 -2.5239457893790433
0.6936696238260439 -2.4379958426610577
1.1298391408166237 -2.269022871574969
1.527533340959384 -2.0227810479903723
1.873209225250079 -1.7076558418749268
2.155095216041718 -1.3343784641718657
2.363592024002872 -0.915660428281999
2.491599540402782 -0.4657606747206255
3.1423594771094963 0.0
3.088854835535406 0.5774070387252
2.930162947210198 1.135151173270025
2.671687874060844 1.6542390960729088
2.3222316746967655 2.116993890500141
1.8936946608607916 2.507656997040703
1.4006701465856095 2.8129248521501093
0.859947490387132 3.0224019251510446
0.2899403537968528 3.1289547255625196
-0.28994035379685235 3.1289547255625196
-0.8599474903871317 3.0224019251510446
-1.400670146585608 2.8129248521501102
-1.8936946608607912 2.5076569970407037
-2.322231674696766 2.1169938905001406
-2.6716878740608436 1.6542390960729096
-2.9301629472101975 1.1351511732700263
-3.088854835535406 0.5774070387252002
-3.1423594771094963 3.8482804754124953e-16
-3.088854835535406 -0.5774070387251994
-2.930162947210198 -1.1351511732700243
-2.6716878740608436 -1.654239096072909
-2.3222316746967655 -2.116993890500141
-1.893694660860794 -2.507656997040702
-1.4006701465856113 -2.8129248521501085
-0.8599474903871324 -3.0224019251510446
-0.28994035379685246 -3.1289547255625196
0.28994035379685407 -3.1289547255625196
0.8599474903871313 -3.0224019251510446
1.4006701465856075 -2.8129248521501102
1.893694660860791 -2.507656997040704
2.3222316746967637 -2.116993890500143
2.671687874060843 -1.65423909607291
2.930162947210198 -1.1351511732700255
3.088854835535406 -0.5774070387251992
3.5932504083718206 0.0
3.5320684918576943 0.6602580299325165
3.3506062191025836 1.2980317645479043
3.055043070165156 1.8916025842391193
2.6554440935935504 2.420757146651308
2.1654171532687667 2.8674757278124687
1.6016495289210302 3.2165458622210408
0.9833396508327658 3.456080385113221
0.3315433203213079 3.577922235601911
-0.33154332032130746 3.5779222356019114
-0.9833396508327653 3.456080385113221
-1.6016495289210284 3.2165458622210417
-2.1654171532687663 2.867475727812469
-2.6554440935935513 2.420757146651308
-3.055043070165155 1.8916025842391204
-3.350606219102583 1.2980317645479056
-3.5320684918576943 0.6602580299325166
-3.5932504083718206 4.40046261114747e-16
-3.5320684918576943 -0.6602580299325157
-3.350606219102584 -1.2980317645479034
-3.0550430701651554 -1.8916025842391198
-2.6554440935935504 -2.420757146651308
-2.1654171532687694 -2.8674757278124665
-1.6016495289210322 -3.2165458622210394
-0.9833396508327661 -3.456080385113221
-0.33154332032130757 -3.5779222356019114
0.3315433203213094 -3.577922235601911
0.983339650832765 -3.456080385113221
1.601649528921028 -3.2165458622210417
2.165417153268766 -2.867475727812469
2.655444093593548 -2.4207571466513103
3.0550430701651545 -1.8916025842391209
3.3506062191025836 -1.2980317645479045
3.5320684918576943 -0.6602580299325155
3.9514197060043177 0.0
3.884139276563116 0.7260714656691875
3.6845891425701502 1.4274174384017497
3.3595647445045453 2.080154422268058
2.920134398418626 2.6620542421542686
2.3812623777097404 3.1533009976060646
1.761299322737377 3.537165869552078
1.0813573317748928 3.800576800173354
0.36459101382398157 3.9345636461541766
-0.36459101382398107 3.934563646154177
-1.0813573317748923 3.800576800173354
-1.761299322737375 3.5371658695520787
-2.38126237770974 3.153300997606065
-2.920134398418627 2.662054242154268
-3.3595647445045445 2.0801544222680595
-3.68458914257015 1.4274174384017513
-3.884139276563116 0.7260714656691876
-3.9514197060043177 4.839093495045963e-16
-3.884139276563116 -0.7260714656691867
-3.6845891425701507 -1.4274174384017488
-3.359564744504545 -2.0801544222680586
-2.920134398418626 -2.6620542421542686
-2.3812623777097435 -3.1533009976060624
-1.7612993227373792 -3.5371658695520765
-1.0813573317748932 -3.800576800173354
-0.3645910138239812 -3.934563646154177
0.3645910138239832 -3.9345636461541766
1.081357331774892 -3.800576800173354
1.7612993227373746 -3.5371658695520787
2.3812623777097395 -3.1533009976060655
2.920134398418624 -2.6620542421542708
3.359564744504544 -2.08015442226806
3.6845891425701502 -1.4274174384017502
3.884139276563116 -0.7260714656691865
4.2465107141260425 0.0
4.174205799505375 0.78029429612356
3.959753312790594 1.5340166058524882
3.6104561762093623 2.235499819919237
3.1382092848122145 2.8608557688051457
2.5590944400879643 3.3887887057026944
1.8928327035019956 3.8013205076316043
1.1621128194008692 4.084402898854548
0.391818577035745 4.228395848058334
-0.3918185770357445 4.228395848058334
-1.1621128194008687 4.084402898854548
-1.8928327035019936 3.8013205076316052
-2.559094440087964 3.388788705702695
-3.1382092848122154 2.8608557688051452
-3.6104561762093614 2.2354998199192386
-3.9597533127905935 1.5340166058524898
-4.174205799505375 0.7802942961235602
-4.2465107141260425 5.200475753599399e-16
-4.174205799505375 -0.7802942961235592
-3.9597533127905944 -1.5340166058524873
-3.610456176209362 -2.2354998199192373
-3.1382092848122145 -2.8608557688051457
-2.5590944400879674 -3.3887887057026918
-1.892832703501998 -3.801320507631603
-1.1621128194008696 -4.084402898854548
-0.39181857703574463 -4.228395848058334
0.3918185770357468 -4.228395848058334
1.1621128194008683 -4.084402898854548
1.8928327035019932 -3.8013205076316052
2.559094440087963 -3.3887887057026953
3.1382092848122123 -2.860855768805148
3.610456176209361 -2.235499819919239
3.959753312790594 -1.5340166058524887
4.174205799505375 -0.7802942961235589
4.495029983674472 0.0
4.418493556224575 0.8259595920712103
4.19149063011636 1.623792120863777
3.8217515177384445 2.3663283565043174
3.321867241109669 3.028282118062147
2.7088607597255203 3.5871113641134427
2.003607274089299 4.023785834925733
1.2301233457960226 4.323435105128805
0.4147490423319968 4.475854978215583
-0.4147490423319962 4.475854978215583
-1.2301233457960221 4.323435105128805
-2.0036072740892967 4.023785834925734
-2.70886075972552 3.587111364113443
-3.3218672411096697 3.0282821180621466
-3.8217515177384436 2.3663283565043187
-4.19149063011636 1.6237921208637789
-4.418493556224575 0.8259595920712105
-4.495029983674472 5.504824081578322e-16
-4.418493556224575 -0.8259595920712093
-4.191490630116361 -1.6237921208637762
-3.821751517738444 -2.366328356504318
-3.321867241109669 -3.028282118062147
-2.708860759725524 -3.58711136411344
-2.0036072740893016 -4.023785834925731
-1.230123345796023 -4.323435105128805
-0.4147490423319964 -4.475854978215583
0.41474904233199866 -4.475854978215583
1.2301233457960215 -4.323435105128805
2.0036072740892963 -4.023785834925734
2.7088607597255194 -3.5871113641134436
3.321867241109666 -3.0282821180621498
3.8217515177384427 -2.3663283565043196
4.19149063011636 -1.6237921208637776
4.418493556224575 -0.8259595920712091
4.7075054652514785 0.0
4.627351238957154 0.8650018593588288
4.389618116116235 1.7005471178525726
4.002401813097617 2.4781822838293084
3.47888851668583 3.1714259243822807
2.836905844305187 3.7566704587865587
2.098315745890262 4.213986086346457
1.2882700214013918 4.527799471855064
0.4343538064432822 4.687424076846554
-0.43435380644328164 4.687424076846554
-1.2882700214013914 4.527799471855064
-2.0983157458902597 4.213986086346458
-2.8369058443051864 3.756670458786559
-3.478888516685831 3.17142592438228
-4.002401813097616 2.47818228382931
-4.389618116116235 1.7005471178525744
-4.627351238957154 0.8650018593588289
-4.7075054652514785 5.765031499988895e-16
-4.627351238957154 -0.8650018593588278
-4.389618116116236 -1.7005471178525715
-4.002401813097617 -2.4781822838293093
-3.47888851668583 -3.1714259243822807
-2.8369058443051904 -3.756670458786556
-2.0983157458902646 -4.2139860863464556
-1.2882700214013925 -4.527799471855064
-0.43435380644328175 -4.687424076846554
0.4343538064432842 -4.687424076846554
1.2882700214013907 -4.527799471855064
2.0983157458902593 -4.213986086346458
2.836905844305186 -3.7566704587865596
3.4788885166858274 -3.1714259243822833
4.002401813097616 -2.4781822838293106
4.389618116116235 -1.700547117852573
4.627351238957154 -0.8650018593588275
4.891207571751175 0.0
4.807925468001623 0.8987570328500363
4.560915228910284 1.7669079728866128
4.158588491913285 2.57488898107907
3.614646011501325 3.295185233259822
2.947611096457735 3.9032679044609857
2.180198820794123 4.378429468629584
1.338542489148639 4.704488868591336
0.451303698439962 4.870342542545692
-0.4513036984399614 4.870342542545693
-1.3385424891486384 4.704488868591336
-2.180198820794121 4.3784294686295855
-2.9476110964577344 3.903267904460986
-3.614646011501326 3.2951852332598213
-4.158588491913284 2.574888981079072
-4.560915228910283 1.7669079728866146
-4.807925468001623 0.8987570328500364
-4.891207571751175 5.990001696710374e-16
-4.807925468001623 -0.8987570328500352
-4.560915228910284 -1.7669079728866117
-4.158588491913285 -2.5748889810790705
-3.614646011501325 -3.295185233259822
-2.947611096457739 -3.903267904460983
-2.180198820794126 -4.378429468629582
-1.3385424891486395 -4.704488868591336
-0.45130369843996154 -4.870342542545693
0.45130369843996404 -4.870342542545692
1.338542489148638 -4.704488868591336
2.18019882079412 -4.3784294686295855
2.947611096457734 -3.9032679044609866
3.614646011501322 -3.295185233259825
4.158588491913283 -2.5748889810790723
4.560915228910284 -1.7669079728866133
4.807925468001623 -0.8987570328500349
5.0514364041611906 0.0
4.965426100054429 0.9281990035456887
4.710324165482508 1.8247893032776288
4.2948177908662295 2.659238591879988
3.733056547448181 3.4031306996410238
3.044170540614618 4.031133273031177
2.251618957100558 4.521860437619712
1.3823911905217225 4.858601068378929
0.4660877499451545 5.029887867004194
-0.46608774994515384 5.029887867004194
-1.3823911905217219 4.858601068378929
-2.2516189571005554 4.521860437619713
-3.044170540614617 4.031133273031177
-3.7330565474481823 3.4031306996410233
-4.294817790866229 2.6592385918799897
-4.710324165482508 1.8247893032776308
-4.965426100054429 0.9281990035456888
-5.0514364041611906 6.186225423452418e-16
-4.965426100054429 -0.9281990035456876
-4.7103241654825085 -1.8247893032776277
-4.294817790866229 -2.6592385918799883
-3.733056547448181 -3.4031306996410238
-3.0441705406146213 -4.031133273031173
-2.2516189571005607 -4.5218604376197105
-1.3823911905217232 -4.858601068378929
-0.466087749945154 -5.029887867004194
0.4660877499451566 -5.029887867004194
1.3823911905217214 -4.858601068378929
2.251618957100555 -4.521860437619713
3.0441705406146164 -4.031133273031178
3.7330565474481783 -3.4031306996410264
4.294817790866228 -2.65923859187999
4.710324165482508 -1.8247893032776294
4.965426100054429 -0.9281990035456873
5.192214599929817 0.0
5.103807279517022 0.9540669291372605
4.8415959235424015 1.8756442532799087
4.414509825245814 2.7333487619644377
3.8370928894714313 3.4979723568507697
3.1290083574317715 4.1434766984799705
2.314369198611653 4.647879910694983
1.420916972512718 4.994005147068798
0.4790771231169292 5.170065527808168
-0.47907712311692857 5.170065527808169
-1.4209169725127173 4.994005147068798
-2.314369198611651 4.647879910694984
-3.1290083574317706 4.143476698479971
-3.8370928894714327 3.497972356850769
-4.414509825245813 2.7333487619644394
-4.8415959235424015 1.8756442532799107
-5.103807279517022 0.9540669291372607
-5.192214599929817 6.358628990290205e-16
-5.103807279517022 -0.9540669291372593
-4.841595923542402 -1.8756442532799076
-4.414509825245813 -2.733348761964438
-3.8370928894714313 -3.4979723568507697
-3.1290083574317755 -4.143476698479968
-2.314369198611656 -4.647879910694981
-1.4209169725127184 -4.994005147068798
-0.4790771231169287 -5.170065527808169
0.47907712311693135 -5.170065527808168
1.4209169725127166 -4.994005147068798
2.31436919861165 -4.647879910694984
3.12900835743177 -4.143476698479971
3.8370928894714287 -3.4979723568507723
4.414509825245812 -2.73334876196444
4.8415959235424015 -1.8756442532799091
5.103807279517022 -0.9540669291372591
5.316694038544297 0.0
5.2261672191388095 0.9769399659607485
4.957669543182249 1.9206114130910448
4.520344377001847 2.7988787420680175
3.929084304618154 3.5818336123689134
3.2040239786579026 4.242813434936498
2.369854458907658 4.759309334671151
1.4549823878864507 5.113732663175961
0.49056263670480005 5.294013959082625
-0.4905626367047994 5.294013959082626
-1.45498238788645 5.113732663175961
-2.369854458907655 4.759309334671152
-3.2040239786579017 4.242813434936499
-3.929084304618155 3.581833612368913
-4.520344377001845 2.7988787420680192
-4.957669543182248 1.9206114130910468
-5.2261672191388095 0.9769399659607487
-5.316694038544297 6.511072336349088e-16
-5.2261672191388095 -0.9769399659607474
-4.957669543182249 -1.9206114130910437
-4.520344377001846 -2.798878742068018
-3.929084304618154 -3.5818336123689134
-3.2040239786579066 -4.242813434936496
-2.369854458907661 -4.7593093346711495
-1.4549823878864514 -5.113732663175961
-0.49056263670479955 -5.294013959082626
0.49056263670480227 -5.294013959082625
1.4549823878864496 -5.113732663175961
2.3698544589076547 -4.759309334671152
3.2040239786579012 -4.242813434936499
3.9290843046181507 -3.5818336123689165
4.520344377001845 -2.7988787420680197
4.957669543182249 -1.9206114130910454
5.2261672191388095 -0.9769399659607471
5.427411254933458 0.0
5.334999264521236 0.9972842010862498
5.060910272782094 1.9606070848150687
4.614478051596195 2.8571638457595236
4.010905314819593 3.6564233187269646
3.270746008097508 4.331167680971563
2.419205368897118 4.858419322503743
1.4852815923759664 5.22022332103977
0.5007783326253714 5.404258875345565
-0.5007783326253706 5.404258875345566
-1.4852815923759657 5.22022332103977
-2.419205368897115 4.858419322503744
-3.2707460080975075 4.331167680971563
-4.010905314819595 3.656423318726964
-4.614478051596194 2.8571638457595254
-5.060910272782094 1.960607084815071
-5.334999264521236 0.9972842010862499
-5.427411254933458 6.646661821010579e-16
-5.334999264521236 -0.9972842010862486
-5.0609102727820945 -1.9606070848150676
-4.614478051596195 -2.857163845759524
-4.010905314819593 -3.6564233187269646
-3.2707460080975124 -4.33116768097156
-2.4192053688971207 -4.8584193225037415
-1.485281592375967 -5.22022332103977
-0.5007783326253709 -5.404258875345566
0.5007783326253736 -5.404258875345565
1.4852815923759652 -5.22022332103977
2.4192053688971145 -4.858419322503744
3.2707460080975066 -4.331167680971564
4.01090531481959 -3.6564233187269677
4.614478051596193 -2.857163845759526
5.060910272782094 -1.9606070848150694
5.334999264521236 -0.9972842010862483
5.526457553831269 0.0
5.432359111961036 1.0154839107502385
5.153268195929586 1.9963867348585849
4.698688912149711 2.909305003113295
4.084101412922778 3.7231503788137346
3.3304347384185014 4.410208333790364
2.4633541033135797 4.947081933421645
1.5123868986879145 5.315488591181044
0.5099171721355843 5.50288266019365
-0.5099171721355835 5.50288266019365
-1.5123868986879139 5.315488591181044
-2.4633541033135766 4.9470819334216465
-3.330434738418501 4.410208333790364
-4.084101412922779 3.723150378813734
-4.69868891214971 2.909305003113297
-5.153268195929585 1.9963867348585869
-5.432359111961036 1.0154839107502385
-5.526457553831269 6.767958553923174e-16
-5.432359111961036 -1.0154839107502371
-5.153268195929586 -1.9963867348585835
-4.698688912149711 -2.909305003113296
-4.084101412922778 -3.7231503788137346
-3.330434738418506 -4.410208333790361
-2.463354103313583 -4.947081933421643
-1.5123868986879152 -5.315488591181044
-0.5099171721355837 -5.50288266019365
0.5099171721355865 -5.50288266019365
1.5123868986879134 -5.315488591181044
2.463354103313576 -4.9470819334216465
3.3304347384185 -4.410208333790365
4.084101412922775 -3.7231503788137377
4.698688912149709 -2.909305003113298
5.153268195929586 -1.9963867348585855
5.432359111961036 -1.015483910750237
5.615599321822101 0.0
5.519983071954288 1.0318636676358706
5.236390419061043 2.0285884556544618
4.774478770804751 2.9562320968394205
4.149977974364818 3.7832047995761107
3.3841546553578605 4.481345000317266
2.503088008408827 5.0268783718535275
1.5367817014565976 5.401227429512389
0.5181421368277567 5.591644165117484
-0.5181421368277559 5.591644165117485
-1.536781701456597 5.401227429512389
-2.5030880084088243 5.026878371853529
-3.38415465535786 4.481345000317267
-4.14997797436482 3.78320479957611
-4.774478770804749 2.9562320968394227
-5.236390419061043 2.028588455654464
-5.519983071954288 1.0318636676358706
-5.615599321822101 6.877125734763483e-16
-5.519983071954288 -1.0318636676358692
-5.236390419061044 -2.0285884556544604
-4.77447877080475 -2.9562320968394213
-4.149977974364818 -3.7832047995761107
-3.384154655357865 -4.481345000317263
-2.50308800840883 -5.026878371853526
-1.5367817014565983 -5.401227429512389
-0.5181421368277561 -5.591644165117485
0.518142136827759 -5.591644165117484
1.5367817014565963 -5.401227429512389
2.5030880084088234 -5.026878371853529
3.3841546553578596 -4.481345000317267
4.149977974364815 -3.7832047995761138
4.774478770804749 -2.956232096839423
5.236390419061043 -2.028588455654462
5.519983071954288 -1.031863667635869
5.696369825361812 0.0
5.599378304181746 1.0467052087150939
5.31170667056683 2.0577661269319223
4.843151236975722 2.9987522877145234
4.209668096729067 3.837619535945952
3.4328297583886838 4.5458012535980545
2.5390905198518605 5.099181161646541
1.5588855989649026 5.478914571028863
0.5255946986823905 5.672070115928533
-0.5255946986823898 5.672070115928533
-1.558885598964902 5.478914571028863
-2.539090519851858 5.099181161646542
-3.432829758388683 4.545801253598055
-4.209668096729069 3.8376195359459517
-4.843151236975721 2.9987522877145256
-5.311706670566829 2.0577661269319245
-5.599378304181746 1.046705208715094
-5.696369825361812 6.97604107338891e-16
-5.599378304181746 -1.0467052087150925
-5.31170667056683 -2.057766126931921
-4.8431512369757215 -2.9987522877145243
-4.209668096729067 -3.837619535945952
-3.432829758388688 -4.545801253598052
-2.5390905198518636 -5.0991811616465395
-1.5588855989649033 -5.478914571028863
-0.5255946986823901 -5.672070115928533
0.525594698682393 -5.672070115928533
1.5588855989649013 -5.478914571028863
2.539090519851857 -5.099181161646542
3.4328297583886824 -4.545801253598056
4.2096680967290645 -3.8376195359459553
4.843151236975721 -2.998752287714526
5.31170667056683 -2.0577661269319227
5.599378304181746 -1.0467052087150923
5.770147787870877 0.0
5.671900056677645 1.0602618737516236
5.380502571748568 2.08441780103659
4.905878524940146 3.037591380090855
4.264190668917638 3.8873234278854283
3.4772909139981363 4.604677338673924
2.571976187553194 5.165224485395626
1.5790758967865595 5.549876107271125
0.532402070247647 5.745533354656223
-0.5324020702476463 5.7455333546562235
-1.5790758967865588 5.549876107271125
-2.5719761875531915 5.165224485395627
-3.477290913998136 4.604677338673925
-4.264190668917639 3.887323427885428
-4.905878524940145 3.037591380090857
-5.3805025717485675 2.0844178010365924
-5.671900056677645 1.0602618737516238
-5.770147787870877 7.06639301902325e-16
-5.671900056677645 -1.0602618737516223
-5.380502571748569 -2.084417801036589
-4.905878524940146 -3.0375913800908556
-4.264190668917638 -3.8873234278854283
-3.477290913998141 -4.6046773386739215
-2.5719761875531977 -5.165224485395624
-1.5790758967865601 -5.549876107271125
-0.5324020702476464 -5.7455333546562235
0.5324020702476494 -5.745533354656223
1.5790758967865581 -5.549876107271125
2.571976187553191 -5.165224485395627
3.4772909139981354 -4.604677338673926
4.264190668917634 -3.887323427885432
4.905878524940144 -3.037591380090858
5.380502571748568 -2.0844178010365906
5.671900056677645 -1.060261873751622
5.838237886982768 0.0
5.738830792459444 1.072773396631516
5.4439946982677965 2.1090147818906178
4.963769893978604 3.073436198236861
4.314509859335764 3.933195431032572
3.5183243661174584 4.659014410772432
2.6023265563759903 5.226176242625319
1.597709636903824 5.615366910643121
0.5386846319883948 5.813332993409249
-0.5386846319883941 5.813332993409249
-1.5977096369038233 5.615366910643121
-2.602326556375987 5.2261762426253195
-3.518324366117458 4.659014410772433
-4.314509859335765 3.933195431032571
-4.963769893978602 3.0734361982368634
-5.4439946982677965 2.1090147818906204
-5.738830792459444 1.0727733966315163
-5.838237886982768 7.149779340954253e-16
-5.738830792459444 -1.0727733966315147
-5.443994698267797 -2.109014781890617
-4.963769893978603 -3.073436198236862
-4.314509859335764 -3.933195431032572
-3.518324366117463 -4.659014410772429
-2.6023265563759934 -5.226176242625317
-1.5977096369038246 -5.615366910643121
-0.5386846319883942 -5.813332993409249
0.5386846319883972 -5.813332993409249
1.5977096369038226 -5.615366910643121
2.6023265563759868 -5.2261762426253195
3.518324366117457 -4.659014410772434
4.314509859335761 -3.933195431032575
4.9637698939786015 -3.073436198236864
5.4439946982677965 -2.1090147818906186
5.738830792459444 -1.0727733966315145
5.90197480757397 0.0
5.801482470857286 1.0844850250572626
5.503427606706844 2.1320392132826225
5.0179601160438825 3.1069893631988306
4.361612012008847 3.9761347167743115
3.5567344420818716 4.709877571418005
2.6307365465625727 5.2832311942425765
1.6151520731707993 5.676670715284609
0.5445655330885878 5.876798023533712
-0.5445655330885871 5.876798023533713
-1.615152073170799 5.676670715284609
-2.6307365465625696 5.283231194242577
-3.5567344420818707 4.709877571418006
-4.361612012008849 3.976134716774311
-5.017960116043881 3.106989363198833
-5.503427606706843 2.1320392132826247
-5.801482470857286 1.0844850250572629
-5.90197480757397 7.227834556743779e-16
-5.801482470857286 -1.0844850250572613
-5.503427606706845 -2.132039213282621
-5.017960116043882 -3.1069893631988315
-4.361612012008847 -3.9761347167743115
-3.556734442081876 -4.7098775714180015
-2.630736546562576 -5.283231194242574
-1.6151520731708 -5.676670715284609
-0.5445655330885872 -5.876798023533713
0.5445655330885903 -5.876798023533712
1.6151520731707982 -5.676670715284609
2.630736546562569 -5.283231194242577
3.5567344420818703 -4.709877571418006
4.361612012008845 -3.976134716774315
5.01796011604388 -3.1069893631988332
5.503427606706844 -2.132039213282623
5.801482470857286 -1.0844850250572609
5.962868998256485 0.0
5.8613398222252195 1.095674303233005
5.560209748450342 2.154036732185892
5.069733400428542 3.1390460237064928
4.406613361930161 4.017158867760505
3.5934313905414377 4.7584721846239395
2.6578794229937395 5.337741438398338
1.631816559470996 5.735240309403307
0.550184140163709 5.937432450334119
-0.5501841401637082 5.937432450334119
-1.6318165594709952 5.735240309403307
-2.657879422993737 5.33774143839834
-3.593431390541437 4.7584721846239395
-4.406613361930162 4.017158867760504
-5.069733400428541 3.139046023706495
-5.560209748450341 2.154036732185894
-5.8613398222252195 1.095674303233005
-5.962868998256485 7.302408432449789e-16
-5.8613398222252195 -1.0956743032330036
-5.560209748450343 -2.1540367321858906
-5.069733400428542 -3.1390460237064937
-4.406613361930161 -4.017158867760505
-3.593431390541442 -4.758472184623936
-2.657879422993743 -5.337741438398337
-1.6318165594709966 -5.735240309403307
-0.5501841401637083 -5.937432450334119
0.5501841401637114 -5.937432450334119
1.6318165594709946 -5.735240309403307
2.657879422993736 -5.33774143839834
3.5934313905414363 -4.75847218462394
4.406613361930158 -4.017158867760508
5.06973340042854 -3.1390460237064954
5.560209748450342 -2.154036732185893
5.8613398222252195 -1.0956743032330032
6.081284587514189 0.0
5.977739161048761 1.117433110661073
5.670628996961705 2.1968133769518787
5.170412363552963 3.201383798477823
4.494123538329544 4.09693493438326
3.66479272611539 4.852969864830128
2.710661793047779 5.443742727026015
1.664222523698407 5.8491354597027865
0.5611101523193975 6.05534289956413
-0.5611101523193968 6.05534289956413
-1.6642225236984063 5.8491354597027865
-2.710661793047776 5.443742727026016
-3.664792726115389 4.852969864830129
-4.494123538329545 4.09693493438326
-5.170412363552961 3.2013837984778246
-5.670628996961704 2.196813376951881
-5.977739161048761 1.1174331106610733
-6.081284587514189 7.447425704803385e-16
-5.977739161048761 -1.1174331106610718
-5.670628996961705 -2.1968133769518774
-5.170412363552962 -3.2013837984778233
-4.494123538329544 -4.09693493438326
-3.6647927261153947 -4.852969864830125
-2.710661793047782 -5.443742727026012
-1.6642225236984076 -5.8491354597027865
-0.561110152319397 -6.05534289956413
0.5611101523194001 -6.05534289956413
1.6642225236984056 -5.8491354597027865
2.710661793047775 -5.443742727026016
3.6647927261153885 -4.85296986483013
4.49412353832954 -4.096934934383263
5.170412363552961 -3.2013837984778255
5.670628996961705 -2.1968133769518796
5.977739161048761 -1.1174331106610715
6.019099730161203 0.0
5.916613119063094 1.1060066731069698
5.612643344390574 2.1743496154700757
5.117541732248552 3.1686476895232705
4.448168374229592 4.05504126688377
3.627317977216177 4.803345277386481
2.68294361697706 5.38807712544547
1.6472048296979829 5.789324469283641
0.555372457547978 5.99342331184973
-0.5553724575479774 5.993423311849731
-1.6472048296979822 5.789324469283641
-2.6829436169770573 5.388077125445472
-3.6273179772161765 4.803345277386482
-4.448168374229594 4.05504126688377
-5.117541732248551 3.1686476895232722
-5.612643344390573 2.174349615470078
-5.916613119063094 1.10600667310697
-6.019099730161203 7.371271218290615e-16
-5.916613119063094 -1.1060066731069684
-5.612643344390574 -2.1743496154700743
-5.117541732248552 -3.168647689523271
-4.448168374229592 -4.05504126688377
-3.627317977216182 -4.8033452773864775
-2.6829436169770635 -5.388077125445468
-1.6472048296979835 -5.789324469283641
-0.5553724575479775 -5.993423311849731
0.5553724575479806 -5.99342331184973
1.6472048296979815 -5.789324469283641
2.6829436169770564 -5.388077125445472
3.6273179772161757 -4.803345277386483
4.4481683742295886 -4.055041266883774
5.11754173224855 -3.168647689523273
5.612643344390574 -2.174349615470076
5.916613119063094 -1.106006673106968
1.0 0.5 0.4 0.32000000000000006 0.25600000000000006 0.20480000000000007 0.16384000000000007 0.13107200000000005 0.10485760000000005 0.08388608000000004 0.06710886400000003 0.05368709120000003 0.042949672960000025 0.03435973836800002 0.027487790694400018 0.021990232555520017 0.017592186044416015 0.014073748835532814 0.011258999068426251 0.009007199254741001 0.007205759403792801 0.0057646075230342415 0.0046116860184273935 