0.0 0.0
1.635205579728475 0.0
1.5942075618327507 0.3638674728117568
1.4732693199556832 0.709489111158485
1.2784552025391078 1.0195340029032023
1.0195340029032025 1.2784552025391078
0.7094891111584851 1.4732693199556832
0.36386747281175685 1.5942075618327507
1.0012746395811846e-16 1.635205579728475
-0.3638674728117567 1.5942075618327507
-0.7094891111584849 1.4732693199556832
-1.0195340029032023 1.2784552025391078
-1.2784552025391072 1.019534002903203
-1.473269319955683 0.7094891111584852
-1.594207561832751 0.3638674728117563
-1.635205579728475 2.002549279162369e-16
-1.594207561832751 -0.36386747281175585
-1.4732693199556832 -0.7094891111584849
-1.2784552025391074 -1.019534002903203
-1.0195340029032027 -1.2784552025391076
-0.7094891111584853 -1.473269319955683
-0.3638674728117571 -1.5942075618327507
-3.0038239187435533e-16 -1.635205579728475
0.3638674728117551 -1.5942075618327511
0.7094891111584848 -1.4732693199556832
1.019534002903202 -1.2784552025391078
1.2784552025391076 -1.0195340029032027
1.4732693199556834 -0.709489111158484
1.5942075618327505 -0.3638674728117572
2.6311871874371606 0.0
2.5652178312076757 0.585494230362405
2.370617741504609 1.1416293352034466
2.0571449794048813 1.6405183781484336
1.6405183781484338 2.0571449794048813
1.1416293352034466 2.370617741504609
0.5854942303624052 2.5652178312076757
1.6111374835262227e-16 2.6311871874371606
-0.5854942303624049 2.5652178312076757
-1.1416293352034463 2.370617741504609
-1.6405183781484336 2.0571449794048813
-2.0571449794048804 1.6405183781484347
-2.3706177415046086 1.1416293352034468
-2.565217831207676 0.5854942303624042
-2.6311871874371606 3.2222749670524455e-16
-2.565217831207676 -0.5854942303624036
-2.370617741504609 -1.1416293352034461
-2.0571449794048804 -1.6405183781484345
-1.640518378148434 -2.057144979404881
-1.141629335203447 -2.3706177415046086
-0.5854942303624056 -2.5652178312076757
-4.833412450578668e-16 -2.6311871874371606
0.5854942303624022 -2.565217831207676
1.1416293352034461 -2.370617741504609
1.6405183781484332 -2.0571449794048813
2.057144979404881 -1.640518378148434
2.3706177415046095 -1.1416293352034448
2.565217831207675 -0.5854942303624057
3.3464808370364074 0.0
3.262577575608386 0.7446620413242502
3.015075051201832 1.4519836184586121
2.6163840738710276 2.0864966740078783
2.0864966740078787 2.6163840738710276
1.4519836184586123 3.015075051201832
0.7446620413242503 3.262577575608386
2.0491285227422958e-16 3.3464808370364074
-0.74466204132425 3.262577575608386
-1.451983618458612 3.015075051201832
-2.0864966740078783 2.616384073871028
-2.6163840738710267 2.0864966740078796
-3.0150750512018316 1.4519836184586126
-3.2625775756083866 0.7446620413242491
-3.3464808370364074 4.0982570454845915e-16
-3.2625775756083866 -0.7446620413242483
-3.015075051201832 -1.4519836184586117
-2.616384073871027 -2.086496674007879
-2.086496674007879 -2.616384073871027
-1.4519836184586128 -3.0150750512018316
-0.7446620413242507 -3.262577575608386
-6.147385568226887e-16 -3.3464808370364074
0.7446620413242466 -3.262577575608387
1.4519836184586117 -3.0150750512018325
2.086496674007878 -2.616384073871028
2.616384073871027 -2.086496674007879
3.015075051201833 -1.4519836184586101
3.2625775756083857 -0.744662041324251
3.973615629411605 0.0
3.873988789395319 0.8842126610400785
3.5801039751103327 1.7240872071050763
3.1066977983010085 2.477508821444608
2.4775088214446086 3.1066977983010085
1.7240872071050766 3.5801039751103327
0.8842126610400787 3.873988789395319
2.4331378308004086e-16 3.973615629411605
-0.8842126610400782 3.873988789395319
-1.7240872071050761 3.5801039751103327
-2.477508821444608 3.106697798301009
-3.106697798301007 2.47750882144461
-3.5801039751103323 1.7240872071050768
-3.8739887893953195 0.8842126610400772
-3.973615629411605 4.866275661600817e-16
-3.8739887893953195 -0.8842126610400762
-3.5801039751103327 -1.724087207105076
-3.1066977983010076 -2.4775088214446095
-2.477508821444609 -3.106697798301008
-1.724087207105077 -3.5801039751103323
-0.8842126610400792 -3.873988789395319
-7.299413492401226e-16 -3.973615629411605
0.8842126610400742 -3.87398878939532
1.7240872071050757 -3.580103975110333
2.4775088214446077 -3.106697798301009
3.106697798301008 -2.477508821444609
3.5801039751103336 -1.724087207105074
3.8739887893953187 -0.8842126610400795
1.0 0.5 0.4 0.32000000000000006 0.25600000000000006 