0.0 0.0
1.3307546814377256 0.0
1.2768497664440965 0.37491691893015267
1.1195020770911197 0.7194602988053552
0.871458987387433 1.0057172840664976
0.552815473291774 1.2104970362035647
0.18938613727022696 1.3172095175704908
-0.18938613727022682 1.317209517570491
-0.5528154732917738 1.2104970362035647
-0.8714589873874329 1.0057172840664976
-1.1195020770911197 0.7194602988053556
-1.2768497664440965 0.37491691893015267
-1.3307546814377256 7.53944241091258e-16
-1.2768497664440965 -0.3749169189301523
-1.1195020770911197 -0.7194602988053552
-0.8714589873874332 -1.0057172840664974
-0.5528154732917749 -1.2104970362035643
-0.18938613727022713 -1.3172095175704908
0.18938613727022663 -1.317209517570491
0.5528154732917735 -1.210497036203565
0.8714589873874323 -1.0057172840664983
1.1195020770911197 -0.7194602988053551
1.2768497664440965 -0.3749169189301528
2.5309831798754003 0.0
2.4284605774269243 0.7130603625889487
2.1291985416064776 1.3683528153342042
1.6574415027763763 1.912789460888621
1.0514084105754953 2.302263280118784
0.3601964619163725 2.5052214204806567
-0.3601964619163722 2.505221420480657
-1.051408410575495 2.3022632801187846
-1.657441502776376 1.912789460888621
-2.129198541606477 1.3683528153342046
-2.4284605774269243 0.7130603625889487
-2.5309831798754003 1.4339383654876853e-15
-2.4284605774269243 -0.7130603625889479
-2.1291985416064776 -1.3683528153342042
-1.6574415027763765 -1.9127894608886207
-1.051408410575497 -2.3022632801187832
-0.3601964619163728 -2.5052214204806567
0.36019646191637184 -2.505221420480657
1.0514084105754944 -2.3022632801187846
1.6574415027763747 -1.912789460888622
2.1291985416064776 -1.368352815334204
2.4284605774269243 -0.7130603625889489
3.5644582499352317 0.0
3.420072645555083 1.0042239365087806
2.998613095387263 1.9270916220313323
2.334223745669912 2.693837805192076
1.4807294702415257 3.2423452702464592
0.5072752993714094 3.528177204475277
-0.507275299371409 3.5281772044752775
-1.4807294702415252 3.2423452702464597
-2.3342237456699118 2.693837805192076
-2.9986130953872627 1.9270916220313332
-3.420072645555083 1.0042239365087806
-3.5644582499352317 2.01945768640503e-15
-3.4200726455550834 -1.0042239365087797
-2.998613095387263 -1.9270916220313323
-2.3342237456699126 -2.6938378051920755
-1.4807294702415283 -3.242345270246458
-0.5072752993714098 -3.528177204475277
0.5072752993714085 -3.5281772044752775
1.4807294702415243 -3.24234527024646
2.3342237456699104 -2.6938378051920773
2.998613095387263 -1.9270916220313319
3.420072645555083 -1.004223936508781
2.0255624725805346 0.0
1.9435129600582308 0.5706668944421622
1.7040115860286373 1.0951017509833216
1.3264613274461152 1.530817976480698
0.841449060883176 1.8425164336486635
0.2882675956977343 2.0049451672295717
-0.2882675956977341 2.004945167229572
-0.8414490608831757 1.8425164336486637
-1.326461327446115 1.530817976480698
-1.7040115860286371 1.095101750983322
-1.9435129600582308 0.5706668944421622
-2.0255624725805346 1.1475902978021039e-15
-1.943512960058231 -0.5706668944421617
-1.7040115860286373 -1.0951017509833216
-1.3264613274461154 -1.5308179764806977
-0.8414490608831775 -1.8425164336486628
-0.2882675956977345 -2.0049451672295717
0.2882675956977338 -2.004945167229572
0.8414490608831752 -1.842516433648664
1.3264613274461141 -1.5308179764806988
1.7040115860286373 -1.0951017509833214
1.9435129600582308 -0.5706668944421626
3.2077098745775823 0.0
3.0777750860510307 0.903716304570244
2.6984972642858565 1.7342188887520165
2.100603242749414 2.424225372363959
1.332530839253926 2.917835533730398
0.4565047120281283 3.1750600131900883
-0.4565047120281279 3.175060013190089
-1.3325308392539255 2.9178355337303983
-2.1006032427494135 2.424225372363959
-2.698497264285856 1.7342188887520171
-3.0777750860510307 0.903716304570244
-3.2077098745775823 1.8173405066788814e-15
-3.077775086051031 -0.9037163045702431
-2.6984972642858565 -1.7342188887520165
-2.1006032427494143 -2.4242253723639586
-1.3325308392539281 -2.917835533730397
-0.45650471202812865 -3.1750600131900883
0.4565047120281275 -3.175060013190089
1.3325308392539246 -2.9178355337303987
2.100603242749412 -2.4242253723639604
2.6984972642858565 -1.734218888752016
3.0777750860510307 -0.9037163045702443
2.917649536595935 0.0
2.799464229833394 0.8219968639123852
2.454482980224589 1.5774004305141718
1.910654116930335 2.205012395397277
1.2120354201799484 2.6539873697189464
0.4152248219387758 2.8879520712166236
-0.41522482193877547 2.887952071216624
-1.212035420179948 2.6539873697189464
-1.9106541169303348 2.205012395397277
-2.4544829802245887 1.5774004305141724
-2.799464229833394 0.8219968639123852
-2.917649536595935 1.6530056939288872e-15
-2.7994642298333945 -0.8219968639123845
-2.454482980224589 -1.5774004305141718
-1.9106541169303355 -2.2050123953972767
-1.2120354201799504 -2.653987369718945
-0.4152248219387761 -2.8879520712166236
0.415224821938775 -2.887952071216624
1.2120354201799473 -2.653987369718947
1.9106541169303335 -2.205012395397278
2.454482980224589 -1.5774004305141716
2.799464229833394 -0.8219968639123856
4.069838166109412 0.0
3.9049811241300927 1.14660591246884
3.423765735290719 2.2003206330373826
2.6651772084969427 3.0757784617279036
1.6906718746899152 3.702055011808078
0.5791983604083043 4.028413081800469
-0.5791983604083039 4.02841308180047
-1.6906718746899148 3.7020550118080786
-2.6651772084969423 3.0757784617279036
-3.4237657352907185 2.2003206330373835
-3.9049811241300927 1.14660591246884
-4.069838166109412 2.3057826437225195e-15
-3.904981124130093 -1.1466059124688388
-3.423765735290719 -2.2003206330373826
-2.665177208496943 -3.075778461727903
-1.690671874689918 -3.702055011808077
-0.5791983604083047 -4.028413081800469
0.5791983604083033 -4.02841308180047
1.6906718746899136 -3.702055011808079
2.6651772084969405 -3.0757784617279054
3.423765735290719 -2.200320633037382
3.9049811241300927 -1.1466059124688404
3.85842618923597 0.0
3.7021328177820743 1.087044275677384
3.2459146628631115 2.086022689040621
2.5267318061567767 2.9160039501924073
1.6028481655682796 3.5097479134428458
0.5491112991105249 3.8191529740207004
-0.5491112991105245 3.819152974020701
-1.6028481655682791 3.509747913442846
-2.5267318061567763 2.9160039501924073
-3.245914662863111 2.0860226890406217
-3.7021328177820743 1.087044275677384
-3.85842618923597 2.1860063658820053e-15
-3.7021328177820747 -1.0870442756773828
-3.2459146628631115 -2.086022689040621
-2.526731806156777 -2.916003950192407
-1.6028481655682825 -3.5097479134428444
-0.5491112991105254 -3.8191529740207004
0.5491112991105239 -3.819152974020701
1.6028481655682782 -3.5097479134428466
2.526731806156775 -2.916003950192409
3.2459146628631115 -2.086022689040621
3.7021328177820743 -1.0870442756773842
4.267161968248746 0.0
4.094311925809681 1.2021984517712268
3.589765080952114 2.3070019347294384
2.7943968183907812 3.2249058412046687
1.772643144521208 3.8815470556790204
0.6072804653972332 4.223728412151452
-0.6072804653972328 4.223728412151453
-1.7726431445212076 3.881547055679021
-2.7943968183907804 3.2249058412046687
-3.5897650809521138 2.3070019347294397
-4.094311925809681 1.2021984517712268
-4.267161968248746 2.4175772113677383e-15
-4.094311925809681 -1.2021984517712254
-3.589765080952114 -2.3070019347294384
-2.7943968183907817 -3.2249058412046683
-1.7726431445212112 -3.881547055679019
-0.6072804653972337 -4.223728412151452
0.6072804653972322 -4.223728412151453
1.7726431445212063 -3.8815470556790213
2.7943968183907786 -3.2249058412046705
3.589765080952114 -2.307001934729438
4.094311925809681 -1.2021984517712272
4.505534966269491 0.0
4.323029142510008 1.2693558859855683
3.790297207668626 2.4358761072387156
2.9504979348273843 3.4050561329963953
1.8716668665932945 4.09837876150727
0.6412044800592738 4.459675116757827
-0.6412044800592732 4.459675116757827
-1.871666866593294 4.09837876150727
-2.950497934827384 3.4050561329963953
-3.7902972076686257 2.435876107238717
-4.323029142510008 1.2693558859855683
-4.505534966269491 2.552628360611288e-15
-4.323029142510008 -1.2693558859855671
-3.790297207668626 -2.4358761072387156
-2.9504979348273848 -3.405056132996395
-1.8716668665932978 -4.098378761507268
-0.6412044800592742 -4.459675116757827
0.6412044800592726 -4.459675116757827
1.8716668665932927 -4.098378761507271
2.9504979348273817 -3.405056132996397
3.790297207668626 -2.435876107238715
4.323029142510008 -1.2693558859855687
4.652998706189909 0.0
4.464519564826565 1.3109012224747474
3.9143515998411766 2.5156010241343503
3.0470661477819863 3.5165017916739383
1.932925518029642 4.23251649749352
0.6621907583572219 4.60563788843101
-0.6621907583572213 4.605637888431011
-1.9329255180296414 4.23251649749352
-3.0470661477819854 3.5165017916739383
-3.914351599841176 2.5156010241343516
-4.464519564826565 1.3109012224747474
-4.652998706189909 2.6361745160624655e-15
-4.464519564826566 -1.310901222474746
-3.9143515998411766 -2.5156010241343503
-3.0470661477819867 -3.516501791673938
-1.9329255180296454 -4.232516497493518
-0.6621907583572224 -4.60563788843101
0.6621907583572206 -4.605637888431011
1.93292551802964 -4.2325164974935205
3.0470661477819836 -3.5165017916739405
3.9143515998411766 -2.51560102413435
4.464519564826565 -1.3109012224747478
4.7892448044688605 0.0
4.595246738807609 1.349286184102545
4.028969111352809 2.589261226083018
3.1362883676981212 3.619469722455684
1.9895241927176488 4.356450307730269
0.6815805997991569 4.740497197880133
-0.6815805997991563 4.740497197880133
-1.9895241927176481 4.35645030773027
-3.136288367698121 3.619469722455684
-4.028969111352808 2.5892612260830195
-4.595246738807609 1.349286184102545
-4.7892448044688605 2.7133652730076823e-15
-4.595246738807609 -1.3492861841025436
-4.028969111352809 -2.589261226083018
-3.136288367698122 -3.6194697224556838
-1.9895241927176521 -4.356450307730268
-0.6815805997991574 -4.740497197880133
0.6815805997991556 -4.740497197880133
1.9895241927176468 -4.35645030773027
3.1362883676981186 -3.6194697224556864
4.028969111352809 -2.5892612260830177
4.595246738807609 -1.3492861841025454
5.082816394439462 0.0
4.876926616637237 1.4319948587609663
4.275937248554444 2.7479780104664635
3.328536874571754 3.841336326618469
2.1114782385822704 4.623492418894626
0.7233601931474541 5.031080652360112
-0.7233601931474536 5.031080652360112
-2.11147823858227 4.623492418894626
-3.328536874571753 3.841336326618469
-4.275937248554444 2.747978010466465
-4.876926616637237 1.4319948587609663
-5.082816394439462 2.8796893992299627e-15
-4.876926616637237 -1.4319948587609648
-4.275937248554444 -2.7479780104664635
-3.3285368745717543 -3.8413363266184684
-2.1114782385822743 -4.6234924188946245
-0.7233601931474547 -5.031080652360112
0.7233601931474529 -5.031080652360112
2.1114782385822686 -4.623492418894627
3.3285368745717507 -3.841336326618471
4.275937248554444 -2.747978010466463
4.876926616637237 -1.4319948587609668
4.390598297934099 0.0
4.21274821683154 1.236974484540603
3.6936063293796324 2.3737366529142467
2.875230423844044 3.3181927948242262
1.8239204490223544 3.9938286905499467
0.6248472866934522 4.345908337981099
-0.6248472866934518 4.3459083379811
-1.823920449022354 3.993828690549947
-2.8752304238440436 3.3181927948242262
-3.6936063293796315 2.3737366529142476
-4.21274821683154 1.236974484540603
-4.390598297934099 2.487510544089265e-15
-4.212748216831541 -1.2369744845406019
-3.6936063293796324 -2.3737366529142467
-2.8752304238440445 -3.318192794824226
-1.8239204490223575 -3.9938286905499454
-0.6248472866934528 -4.345908337981099
0.6248472866934511 -4.3459083379811
1.8239204490223526 -3.9938286905499476
2.8752304238440414 -3.3181927948242285
3.6936063293796324 -2.3737366529142463
4.21274821683154 -1.2369744845406034
4.899189042895376 0.0
4.700737463067248 1.380261055504431
4.1214600903435485 2.6487015690204627
3.2082865323671648 3.702560033849226
2.0351966799530823 4.456459104707914
0.6972272963099059 4.849322362485967
-0.6972272963099054 4.849322362485968
-2.0351966799530814 4.456459104707914
-3.2082865323671643 3.702560033849226
-4.121460090343548 2.6487015690204636
-4.700737463067248 1.380261055504431
-4.899189042895376 2.7756546089454527e-15
-4.700737463067248 -1.3802610555044295
-4.1214600903435485 -2.6487015690204627
-3.208286532367165 -3.7025600338492257
-2.035196679953086 -4.456459104707912
-0.6972272963099064 -4.849322362485967
0.6972272963099047 -4.849322362485968
2.03519667995308 -4.456459104707915
3.208286532367162 -3.7025600338492284
4.1214600903435485 -2.6487015690204623
4.700737463067248 -1.3802610555044315
5.229099614963181 0.0
5.017284338887446 1.4732076045021125
4.398998524613946 2.827064690390445
3.4243320117277967 3.9518898082644403
2.1722464845380896 4.756556316666503
0.7441784660183827 5.175874920621887
-0.744178466018382 5.175874920621887
-2.1722464845380887 4.756556316666503
-3.424332011727796 3.9518898082644403
-4.398998524613945 2.827064690390446
-5.017284338887446 1.4732076045021125
-5.229099614963181 2.962566726824998e-15
-5.017284338887447 -1.473207604502111
-4.398998524613946 -2.827064690390445
-3.424332011727797 -3.95188980826444
-2.172246484538093 -4.756556316666501
-0.7441784660183832 -5.175874920621887
0.7441784660183813 -5.175874920621887
2.1722464845380873 -4.7565563166665035
3.424332011727794 -3.9518898082644425
4.398998524613946 -2.8270646903904444
5.017284338887446 -1.4732076045021132
4.979923138670791 0.0
4.778201260694878 1.4030064787315195
4.189377933634547 2.6923497165570214
3.261156121581062 3.763574792367372
2.068734835399322 4.529897421341247
0.708716956093324 4.929234701575342
-0.7087169560933234 4.929234701575343
-2.068734835399321 4.529897421341247
-3.2611561215810614 3.763574792367372
-4.189377933634546 2.6923497165570227
-4.778201260694878 1.4030064787315195
-4.979923138670791 2.8213948249436578e-15
-4.778201260694878 -1.403006478731518
-4.189377933634547 -2.6923497165570214
-3.2611561215810623 -3.7635747923673715
-2.0687348353993253 -4.5298974213412455
-0.7087169560933245 -4.929234701575342
0.7087169560933227 -4.929234701575343
2.0687348353993196 -4.529897421341248
3.261156121581059 -3.763574792367374
4.189377933634547 -2.692349716557021
4.778201260694878 -1.40300647873152
1.0 0.5 0.4 0.32000000000000006 0.25600000000000006 0.20480000000000007 0.16384000000000007 0.13107200000000005 0.10485760000000005 0.08388608000000004 0.06710886400000003 0.05368709120000003 0.042949672960000025 0.03435973836800002 0.027487790694400018 0.021990232555520017 0.017592186044416015 0.014073748835532814 