0.0 0.0
0.9975027096787045 0.0
0.49875135483935235 0.8638626869255716
-0.49875135483935196 0.8638626869255718
-0.9975027096787045 1.221588500548837e-16
-0.49875135483935257 -0.8638626869255713
0.49875135483935223 -0.8638626869255716
1.8838809089000628 0.0
0.9419404544500316 1.6314887248119718
-0.9419404544500308 1.6314887248119723
-1.8838809089000628 2.307088725059268e-16
-0.941940454450032 -1.6314887248119714
0.9419404544500314 -1.6314887248119718
2.6846379642559395 0.0
1.34231898212797 2.324964677009783
-1.342318982127969 2.3249646770097834
-2.6846379642559395 3.2877332897955025e-16
-1.3423189821279706 -2.3249646770097825
1.3423189821279697 -2.324964677009783
2.0 1.0 0.8 0.6400000000000001 