0.0 0.0
1.022019569517863 0.0
0.8850949103673055 0.5110097847589314
0.5110097847589317 0.8850949103673054
6.258064972380034e-17 1.022019569517863
-0.5110097847589312 0.8850949103673056
-0.8850949103673055 0.5110097847589314
-1.022019569517863 1.2516129944760068e-16
-0.8850949103673056 -0.5110097847589312
-0.5110097847589319 -0.8850949103673051
-1.8774194917140103e-16 -1.022019569517863
0.5110097847589316 -0.8850949103673054
0.8850949103673051 -0.5110097847589319
1.69989616350692 0.0
1.4721532613926984 0.8499480817534598
0.8499480817534603 1.4721532613926984
1.0408861977608077e-16 1.69989616350692
-0.8499480817534596 1.4721532613926986
-1.4721532613926984 0.8499480817534598
-1.69989616350692 2.0817723955216154e-16
-1.4721532613926986 -0.8499480817534596
-0.8499480817534606 -1.472153261392698
-3.122658593282423e-16 -1.69989616350692
0.84994808175346 -1.4721532613926984
1.472153261392698 -0.8499480817534606
2.171591041590366 0.0
1.8806530086479665 1.0857955207951828
1.0857955207951833 1.8806530086479663
1.3297160090703543e-16 2.171591041590366
-1.0857955207951824 1.8806530086479667
-1.8806530086479665 1.0857955207951828
-2.171591041590366 2.6594320181407085e-16
-1.8806530086479667 -1.0857955207951824
-1.0857955207951837 -1.8806530086479656
-3.9891480272110625e-16 -2.171591041590366
1.085795520795183 -1.8806530086479663
1.8806530086479656 -1.0857955207951837
2.555251188302025 0.0
2.2129124421199275 1.2776255941510122
1.2776255941510126 2.212912442119927
1.5646400943857726e-16 2.555251188302025
-1.2776255941510117 2.212912442119928
-2.2129124421199275 1.2776255941510122
-2.555251188302025 3.129280188771545e-16
-2.212912442119928 -1.2776255941510117
-1.2776255941510133 -2.2129124421199267
-4.693920283157317e-16 -2.555251188302025
1.2776255941510124 -2.212912442119927
2.2129124421199267 -1.2776255941510133
2.884693345820048 0.0
2.4982177196080904 1.4423466729100238
1.4423466729100243 2.49821771960809
1.7663652362400953e-16 2.884693345820048
-1.4423466729100232 2.498217719608091
-2.4982177196080904 1.4423466729100238
-2.884693345820048 3.5327304724801905e-16
-2.498217719608091 -1.4423466729100232
-1.442346672910025 -2.4982177196080895
-5.299095708720286e-16 -2.884693345820048
1.442346672910024 -2.49821771960809
2.4982177196080895 -1.442346672910025
3.1780081875155997 0.0
2.7522358238234492 1.5890040937577994
1.5890040937578003 2.752235823823449
1.9459687772525304e-16 3.1780081875155997
-1.589004093757799 2.7522358238234492
-2.7522358238234492 1.5890040937577994
-3.1780081875155997 3.8919375545050607e-16
-2.7522358238234492 -1.589004093757799
-1.589004093757801 -2.752235823823448
-5.83790633175759e-16 -3.1780081875155997
1.5890040937577998 -2.752235823823449
2.752235823823448 -1.589004093757801
3.44832305734329 0.0
2.9863353681149123 1.7241615286716445
1.7241615286716454 2.9863353681149123
2.1114888973007376e-16 3.44832305734329
-1.724161528671644 2.9863353681149127
-2.9863353681149123 1.7241615286716445
-3.44832305734329 4.222977794601475e-16
-2.9863353681149127 -1.724161528671644
-1.724161528671646 -2.9863353681149114
-6.334466691902212e-16 -3.44832305734329
1.724161528671645 -2.9863353681149123
2.9863353681149114 -1.724161528671646
3.7091096328468742 0.0
3.212183167466965 1.8545548164234367
1.8545548164234376 3.2121831674669648
2.2711746197762695e-16 3.7091096328468742
-1.854554816423436 3.2121831674669656
-3.212183167466965 1.8545548164234367
-3.7091096328468742 4.542349239552539e-16
-3.2121831674669656 -1.854554816423436
-1.8545548164234384 -3.212183167466964
-6.813523859328808e-16 -3.7091096328468742
1.8545548164234371 -3.2121831674669648
3.212183167466964 -1.8545548164234384
3.984194455042443 0.0
3.450413611683853 1.992097227521221
1.9920972275212219 3.4504136116838526
2.43961549327418e-16 3.984194455042443
-1.9920972275212203 3.4504136116838535
-3.450413611683853 1.992097227521221
-3.984194455042443 4.87923098654836e-16
-3.4504136116838535 -1.9920972275212203
-1.9920972275212228 -3.4504136116838517
-7.318846479822541e-16 -3.984194455042443
1.9920972275212214 -3.4504136116838526
3.4504136116838517 -1.9920972275212228
1.0 0.5 0.4 0.32000000000000006 0.25600000000000006 0.20480000000000007 0.16384000000000007 0.13107200000000005 0.10485760000000005 0.08388608000000004 