0.0 0.0
1.8630161404950656 0.0
1.8400793203075294 0.29143993329966117
1.7718336403808794 0.5757036482077998
1.6599595358493364 0.8457916286461965
1.5072117184553329 1.0950534121658417
1.3173513464040507 1.3173513464040505
1.0950534121658417 1.5072117184553329
0.8457916286461966 1.6599595358493362
0.5757036482078 1.7718336403808794
0.2914399332996613 1.8400793203075294
1.140768376608569e-16 1.8630161404950656
-0.29143993329966067 1.8400793203075294
-0.5757036482077997 1.7718336403808796
-0.8457916286461964 1.6599595358493364
-1.0950534121658415 1.5072117184553329
-1.3173513464040505 1.3173513464040507
-1.5072117184553326 1.095053412165842
-1.6599595358493362 0.8457916286461967
-1.7718336403808794 0.5757036482078001
-1.8400793203075292 0.2914399332996614
-1.8630161404950656 2.281536753217138e-16
-1.8400793203075294 -0.29143993329966095
-1.7718336403808799 -0.575703648207799
-1.6599595358493364 -0.8457916286461964
-1.507211718455333 -1.0950534121658415
-1.317351346404051 -1.3173513464040505
-1.095053412165842 -1.5072117184553326
-0.8457916286461967 -1.6599595358493362
-0.5757036482078002 -1.7718336403808794
-0.2914399332996615 -1.8400793203075292
-3.422305129825706e-16 -1.8630161404950656
0.29143993329966084 -1.8400793203075294
0.5757036482077996 -1.7718336403808796
0.8457916286461963 -1.6599595358493364
1.0950534121658413 -1.507211718455333
1.3173513464040503 -1.317351346404051
1.5072117184553326 -1.0950534121658422
1.6599595358493362 -0.8457916286461968
1.7718336403808794 -0.5757036482078003
1.8400793203075292 -0.2914399332996616
2.9244792361669187 0.0
2.88847404387464 0.4574893448310349
2.781345034326421 0.9037137836722432
2.6057300792781395 1.3276857899053474
2.3659534017557027 1.7189657656544715
2.067919099332883 2.0679190993328826
1.7189657656544715 2.3659534017557027
1.3276857899053476 2.605730079278139
0.9037137836722433 2.781345034326421
0.4574893448310351 2.88847404387464
1.7907270678723567e-16 2.9244792361669187
-0.4574893448310341 2.88847404387464
-0.903713783672243 2.7813450343264217
-1.3276857899053471 2.6057300792781395
-1.7189657656544712 2.3659534017557027
-2.0679190993328826 2.067919099332883
-2.3659534017557022 1.7189657656544717
-2.605730079278139 1.3276857899053478
-2.781345034326421 0.9037137836722435
-2.8884740438746395 0.45748934483103526
-2.9244792361669187 3.5814541357447135e-16
-2.88847404387464 -0.45748934483103454
-2.781345034326422 -0.9037137836722418
-2.6057300792781395 -1.3276857899053471
-2.365953401755703 -1.7189657656544712
-2.0679190993328835 -2.0679190993328826
-1.7189657656544717 -2.3659534017557022
-1.3276857899053478 -2.605730079278139
-0.9037137836722436 -2.781345034326421
-0.4574893448310354 -2.8884740438746395
-5.372181203617069e-16 -2.9244792361669187
0.4574893448310344 -2.88847404387464
0.9037137836722426 -2.7813450343264217
1.3276857899053471 -2.6057300792781395
1.7189657656544708 -2.365953401755703
2.0679190993328826 -2.0679190993328835
2.3659534017557022 -1.7189657656544721
2.605730079278139 -1.327685789905348
2.781345034326421 -0.9037137836722439
2.8884740438746395 -0.4574893448310356
3.6720394699553016 0.0
3.626830570680001 0.5744335300890705
3.492317065993991 1.1347226002317623
3.2718111248073702 1.6670710340283477
2.970742335209413 2.1583706462755963
2.5965240099900497 2.5965240099900493
2.1583706462755963 2.970742335209413
1.6670710340283479 3.27181112480737
1.1347226002317625 3.492317065993991
0.5744335300890707 3.626830570680001
2.248475691611752e-16 3.6720394699553016
-0.5744335300890695 3.626830570680001
-1.134722600231762 3.4923170659939915
-1.6670710340283474 3.2718111248073702
-2.158370646275596 2.970742335209413
-2.5965240099900493 2.5965240099900497
-2.9707423352094127 2.1583706462755967
-3.27181112480737 1.667071034028348
-3.492317065993991 1.1347226002317627
-3.6268305706800006 0.5744335300890709
-3.6720394699553016 4.496951383223504e-16
-3.626830570680001 -0.57443353008907
-3.492317065993992 -1.1347226002317605
-3.2718111248073702 -1.6670710340283474
-2.9707423352094136 -2.158370646275596
-2.59652400999005 -2.5965240099900493
-2.1583706462755967 -2.9707423352094127
-1.6670710340283483 -3.27181112480737
-1.134722600231763 -3.492317065993991
-0.5744335300890712 -3.6268305706800006
-6.745427074835254e-16 -3.6720394699553016
0.5744335300890698 -3.626830570680001
1.1347226002317616 -3.4923170659939915
1.6670710340283474 -3.2718111248073702
2.1583706462755954 -2.9707423352094136
2.596524009990049 -2.59652400999005
2.9707423352094127 -2.158370646275597
3.27181112480737 -1.6670710340283486
3.492317065993991 -1.134722600231763
3.6268305706800006 -0.5744335300890714
4.275373192173506 0.0
4.222736253602787 0.6688157181650065
4.066121534010224 1.321162973676681
3.8093854075666425 1.940978812087911
3.458849569763434 2.5130013104061804
3.0231453762890625 3.023145376289062
2.5130013104061804 3.458849569763434
1.9409788120879112 3.809385407566642
1.3211629736766812 4.066121534010224
0.6688157181650067 4.222736253602787
2.6179110474778427e-16 4.275373192173506
-0.6688157181650053 4.222736253602787
-1.3211629736766808 4.066121534010224
-1.9409788120879108 3.8093854075666425
-2.51300131040618 3.458849569763434
-3.023145376289062 3.0231453762890625
-3.4588495697634336 2.513001310406181
-3.809385407566642 1.9409788120879115
-4.066121534010224 1.3211629736766815
-4.222736253602786 0.668815718165007
-4.275373192173506 5.235822094955685e-16
-4.222736253602787 -0.668815718165006
-4.066121534010225 -1.321162973676679
-3.8093854075666425 -1.9409788120879108
-3.4588495697634345 -2.51300131040618
-3.023145376289063 -3.023145376289062
-2.513001310406181 -3.4588495697634336
-1.9409788120879117 -3.809385407566642
-1.321162973676682 -4.066121534010224
-0.6688157181650072 -4.222736253602786
-7.853733142433528e-16 -4.275373192173506
0.6688157181650057 -4.222736253602787
1.3211629736766803 -4.066121534010224
1.9409788120879106 -3.8093854075666425
2.5130013104061795 -3.4588495697634345
3.0231453762890617 -3.023145376289063
3.4588495697634336 -2.5130013104061812
3.809385407566642 -1.9409788120879121
4.066121534010224 -1.3211629736766821
4.222736253602786 -0.6688157181650075
4.830537891688871 0.0
4.771065954424116 0.7556626109429132
4.594114539101353 1.4927183005039901
4.304040776833908 2.1930183114586472
3.9079872463484255 2.8393189333746944
3.415706099991769 3.4157060999917688
2.8393189333746944 3.9079872463484255
2.1930183114586472 4.304040776833907
1.4927183005039903 4.594114539101353
0.7556626109429134 4.771065954424116
2.95785138360839e-16 4.830537891688871
-0.7556626109429119 4.771065954424116
-1.4927183005039897 4.594114539101354
-2.193018311458647 4.304040776833908
-2.8393189333746935 3.9079872463484255
-3.4157060999917688 3.415706099991769
-3.907987246348425 2.839318933374695
-4.304040776833907 2.1930183114586477
-4.594114539101353 1.4927183005039906
-4.771065954424116 0.7556626109429138
-4.830537891688871 5.91570276721678e-16
-4.771065954424116 -0.7556626109429125
-4.594114539101354 -1.4927183005039877
-4.304040776833908 -2.193018311458647
-3.9079872463484264 -2.8393189333746935
-3.4157060999917697 -3.4157060999917688
-2.839318933374695 -3.907987246348425
-2.1930183114586477 -4.304040776833907
-1.4927183005039908 -4.594114539101353
-0.755662610942914 -4.771065954424116
-8.873554150825168e-16 -4.830537891688871
0.7556626109429122 -4.771065954424116
1.4927183005039892 -4.594114539101354
2.1930183114586463 -4.304040776833908
2.839318933374693 -3.9079872463484264
3.4157060999917683 -3.4157060999917697
3.907987246348425 -2.8393189333746953
4.304040776833907 -2.193018311458648
4.594114539101353 -1.492718300503991
4.771065954424116 -0.7556626109429143
1.0 0.5 0.4 0.32000000000000006 0.25600000000000006 0.20480000000000007 