0.0 0.0
1.3023109168743634 0.0
1.2385712837356793 0.40243620527419777
1.0535916637113796 0.7654791508382397
0.7654791508382397 1.0535916637113796
0.4024362052741978 1.2385712837356793
7.97435447922422e-17 1.3023109168743634
-0.40243620527419766 1.2385712837356795
-0.7654791508382396 1.0535916637113796
-1.0535916637113794 0.7654791508382398
-1.2385712837356793 0.4024362052741979
-1.3023109168743634 1.594870895844844e-16
-1.2385712837356797 -0.4024362052741971
-1.0535916637113796 -0.7654791508382396
-0.7654791508382398 -1.0535916637113794
-0.40243620527419793 -1.2385712837356793
-2.3923063437672655e-16 -1.3023109168743634
0.40243620527419754 -1.2385712837356795
0.7654791508382394 -1.0535916637113796
1.0535916637113794 -0.76547915083824
1.2385712837356793 -0.40243620527419804
2.103129608421706 0.0
2.000195118702738 0.6499027903754356
1.7014675945862887 1.2361885674899227
1.2361885674899227 1.7014675945862887
0.6499027903754357 2.000195118702738
1.2877954715728342e-16 2.103129608421706
-0.6499027903754355 2.0001951187027385
-1.2361885674899225 1.7014675945862887
-1.7014675945862885 1.236188567489923
-2.000195118702738 0.6499027903754359
-2.103129608421706 2.5755909431456685e-16
-2.0001951187027385 -0.6499027903754345
-1.701467594586289 -1.2361885674899225
-1.236188567489923 -1.7014675945862885
-0.649902790375436 -2.000195118702738
-3.8633864147185025e-16 -2.103129608421706
0.6499027903754353 -2.0001951187027385
1.2361885674899222 -1.701467594586289
1.7014675945862885 -1.2361885674899231
2.000195118702738 -0.6499027903754361
2.6339737923771303 0.0
2.5050579389909275 0.8139426645827625
2.1309295607713277 1.5482109500841537
1.5482109500841537 2.1309295607713277
0.8139426645827627 2.5050579389909275
1.6128437869363338e-16 2.6339737923771303
-0.8139426645827623 2.505057938990928
-1.5482109500841534 2.1309295607713277
-2.1309295607713277 1.548210950084154
-2.5050579389909275 0.8139426645827628
-2.6339737923771303 3.2256875738726676e-16
-2.505057938990928 -0.8139426645827612
-2.130929560771328 -1.5482109500841534
-1.548210950084154 -2.1309295607713277
-0.813942664582763 -2.5050579389909275
-4.838531360809002e-16 -2.6339737923771303
0.8139426645827621 -2.505057938990928
1.5482109500841532 -2.130929560771328
2.1309295607713277 -1.5482109500841543
2.5050579389909275 -0.8139426645827631
3.0479952472178176 0.0
2.898815741503163 0.9418823301643747
2.4658799537732836 1.7915666553721838
1.7915666553721838 2.4658799537732836
0.941882330164375 2.898815741503163
1.866358811660823e-16 3.0479952472178176
-0.9418823301643745 2.8988157415031632
-1.7915666553721836 2.4658799537732836
-2.465879953773283 1.7915666553721843
-2.898815741503163 0.9418823301643751
-3.0479952472178176 3.732717623321646e-16
-2.8988157415031637 -0.9418823301643732
-2.465879953773284 -1.7915666553721836
-1.7915666553721843 -2.465879953773283
-0.9418823301643753 -2.898815741503163
-5.599076434982469e-16 -3.0479952472178176
0.9418823301643742 -2.8988157415031632
1.7915666553721832 -2.465879953773284
2.465879953773283 -1.7915666553721845
2.898815741503163 -0.9418823301643754
3.392716280168068 0.0
3.226664926194495 1.0484069876644884
2.7447651277485225 1.9941885946953688
1.9941885946953688 2.7447651277485225
1.0484069876644886 3.226664926194495
2.0774395664614697e-16 3.392716280168068
-1.0484069876644881 3.2266649261944953
-1.9941885946953684 2.7447651277485225
-2.744765127748522 1.9941885946953692
-3.226664926194495 1.0484069876644886
-3.392716280168068 4.1548791329229393e-16
-3.2266649261944953 -1.0484069876644866
-2.744765127748523 -1.9941885946953684
-1.9941885946953692 -2.744765127748522
-1.0484069876644888 -3.226664926194495
-6.232318699384409e-16 -3.392716280168068
1.0484069876644877 -3.2266649261944953
1.9941885946953681 -2.744765127748523
2.744765127748522 -1.9941885946953695
3.226664926194495 -1.048406987664489
3.690643646529888 0.0
3.5100106893555574 1.1404716069596617
2.985793430224606 2.169305906897183
2.169305906897183 2.985793430224606
1.1404716069596619 3.5100106893555574
2.2598674642581717e-16 3.690643646529888
-1.1404716069596614 3.510010689355558
-2.1693059068971827 2.985793430224606
-2.9857934302246054 2.1693059068971836
-3.5100106893555574 1.140471606959662
-3.690643646529888 4.519734928516343e-16
-3.5100106893555583 -1.1404716069596599
-2.9857934302246063 -2.1693059068971827
-2.1693059068971836 -2.9857934302246054
-1.1404716069596623 -3.5100106893555574
-6.779602392774514e-16 -3.690643646529888
1.1404716069596612 -3.510010689355558
2.1693059068971823 -2.9857934302246063
2.9857934302246054 -2.169305906897184
3.5100106893555574 -1.1404716069596625
3.9553258852855553 0.0
3.7617384572717243 1.2222629168443702
3.199925859487148 2.3248822233815196
2.3248822233815196 3.199925859487148
1.2222629168443704 3.7617384572717243
2.421938592499813e-16 3.9553258852855553
-1.22226291684437 3.7617384572717247
-2.324882223381519 3.199925859487148
-3.1999258594871476 2.32488222338152
-3.7617384572717243 1.2222629168443706
-3.9553258852855553 4.843877184999626e-16
-3.761738457271725 -1.2222629168443684
-3.1999258594871485 -2.324882223381519
-2.32488222338152 -3.1999258594871476
-1.2222629168443708 -3.7617384572717243
-7.265815777499439e-16 -3.9553258852855553
1.2222629168443697 -3.7617384572717247
2.3248822233815187 -3.1999258594871485
3.1999258594871476 -2.3248822233815205
3.7617384572717243 -1.222262916844371
4.375893010332286 0.0
4.161721562086936 1.3522253057592235
3.540171810925367 2.5720853770830323
2.5720853770830323 3.540171810925367
1.3522253057592237 4.161721562086936
2.6794616842573547e-16 4.375893010332286
-1.3522253057592233 4.161721562086936
-2.572085377083032 3.540171810925367
-3.5401718109253664 2.5720853770830328
-4.161721562086936 1.352225305759224
-4.375893010332286 5.358923368514709e-16
-4.161721562086937 -1.3522253057592213
-3.5401718109253673 -2.572085377083032
-2.5720853770830328 -3.5401718109253664
-1.3522253057592244 -4.161721562086936
-8.038385052772063e-16 -4.375893010332286
1.3522253057592228 -4.161721562086936
2.5720853770830314 -3.5401718109253673
3.5401718109253664 -2.572085377083033
4.161721562086936 -1.3522253057592246
4.649313106785182 0.0
4.421759526504512 1.4367167621668058
3.761373315559397 2.7327976774584304
2.7327976774584304 3.761373315559397
1.436716762166806 4.421759526504512
2.846883207229155e-16 4.649313106785182
-1.4367167621668055 4.421759526504513
-2.7327976774584295 3.761373315559397
-3.7613733155593962 2.732797677458431
-4.421759526504512 1.4367167621668062
-4.649313106785182 5.69376641445831e-16
-4.4217595265045135 -1.4367167621668033
-3.7613733155593976 -2.7327976774584295
-2.732797677458431 -3.7613733155593962
-1.4367167621668064 -4.421759526504512
-8.540649621687464e-16 -4.649313106785182
1.4367167621668049 -4.421759526504513
2.732797677458429 -3.7613733155593976
3.7613733155593962 -2.7327976774584313
4.421759526504512 -1.4367167621668067
4.166607508847556 0.0
3.9626792221337848 1.2875525291241587
3.370856283547937 2.4490704457916737
2.4490704457916737 3.370856283547937
1.287552529124159 3.9626792221337848
2.551311274506743e-16 4.166607508847556
-1.2875525291241585 3.962679222133785
-2.449070445791673 3.370856283547937
-3.3708562835479365 2.449070445791674
-3.9626792221337848 1.2875525291241592
-4.166607508847556 5.102622549013486e-16
-3.9626792221337857 -1.2875525291241567
-3.3708562835479374 -2.449070445791673
-2.449070445791674 -3.3708562835479365
-1.2875525291241594 -3.9626792221337848
-7.65393382352023e-16 -4.166607508847556
1.287552529124158 -3.962679222133785
2.4490704457916728 -3.3708562835479374
3.3708562835479365 -2.4490704457916745
3.9626792221337848 -1.2875525291241596
1.0 0.5 0.4 0.32000000000000006 0.25600000000000006 0.20480000000000007 0.16384000000000007 0.13107200000000005 0.10485760000000005 0.08388608000000004 0.06710886400000003 