0.0 0.0
2.2507326728298294 0.0
2.24262438258825 0.19087546506656744
2.218357932280503 0.3803756680334291
2.1781081622371214 0.5671352555958217
2.122165072973588 0.7498086206457719
2.050931735729979 0.9270795974021446
1.9649213883334442 1.097670944415255
1.8647537373078973 1.260353547120782
1.7511504928743138 1.4139552736383691
1.6249301690120503 1.5573694200086816
1.4870021860468663 1.6895626840207938
1.3383603182566384 1.8095826101782966
1.1800755337049154 1.9165644521629757
1.0132882778914802 2.0097374033518474
0.8392002568163899 2.088430150496543
0.6590657786607081 2.152075710550645
0.4741827164673186 2.200215515795528
0.28588315693590965 2.232502717831283
0.09552380270778113 2.248704686627382
-0.09552380270778034 2.248704686627382
-0.28588315693590993 2.232502717831283
-0.4741827164673183 2.2002155157955285
-0.6590657786607074 2.152075710550645
-0.8392002568163897 2.088430150496543
-1.0132882778914805 2.0097374033518474
-1.180075533704915 1.9165644521629759
-1.3383603182566381 1.8095826101782968
-1.4870021860468658 1.6895626840207942
-1.6249301690120501 1.5573694200086816
-1.751150492874314 1.413955273638369
-1.864753737307897 1.2603535471207823
-1.9649213883334435 1.097670944415256
-2.050931735729979 0.9270795974021451
-2.122165072973588 0.7498086206457719
-2.1781081622371214 0.5671352555958212
-2.218357932280503 0.3803756680334292
-2.24262438258825 0.19087546506656813
-2.2507326728298294 2.7563525635174175e-16
-2.24262438258825 -0.1908754650665666
-2.218357932280503 -0.38037566803342865
-2.1781081622371214 -0.5671352555958217
-2.122165072973588 -0.7498086206457715
-2.050931735729979 -0.9270795974021445
-1.9649213883334444 -1.0976709444152546
-1.8647537373078977 -1.260353547120781
-1.7511504928743138 -1.4139552736383694
-1.6249301690120506 -1.5573694200086814
-1.4870021860468663 -1.6895626840207938
-1.338360318256638 -1.809582610178297
-1.1800755337049162 -1.9165644521629752
-1.013288277891481 -2.009737403351847
-0.8392002568163901 -2.0884301504965426
-0.6590657786607079 -2.152075710550645
-0.47418271646731786 -2.2002155157955285
-0.28588315693591093 -2.232502717831283
-0.0955238027077814 -2.248704686627382
0.09552380270778058 -2.248704686627382
0.2858831569359081 -2.232502717831283
0.474182716467319 -2.200215515795528
0.6590657786607071 -2.152075710550645
0.8392002568163894 -2.088430150496543
1.0132882778914802 -2.0097374033518474
1.180075533704914 -1.9165644521629766
1.3383603182566388 -1.8095826101782964
1.4870021860468656 -1.6895626840207942
1.62493016901205 -1.5573694200086818
1.7511504928743138 -1.4139552736383691
1.8647537373078964 -1.2603535471207834
1.9649213883334447 -1.0976709444152544
2.050931735729979 -0.9270795974021453
2.1221650729735875 -0.7498086206457723
2.1781081622371214 -0.5671352555958215
2.218357932280503 -0.3803756680334305
2.2426243825882497 -0.1908754650665684
3.395076344938288 0.0
3.382845543506651 0.28792258809742427
3.3462412624163216 0.5737706873498757
3.2855272363513417 0.8554847556520464
3.201140911260768 1.1310350366863564
3.0936902925505856 1.398436184363733
2.963949564390828 1.6557615672876782
2.812853511700887 1.9011571501776268
2.6414907850027514 2.1328548522356305
2.4510960566690505 2.349185286209021
2.2430411250803126 2.5485897863638183
2.0188250307862026 2.7296316387070645
1.7800632558840086 2.8910064325440628
1.528476084433116 3.0315514587873214
1.2658762077689343 3.1502540873021765
0.9941556640202912 3.246259062930114
0.7152722059313577 3.318874667621785
0.4312351952082631 3.367577704281405
0.14409112502196292 3.392017266413812
-0.14409112502196172 3.3920172664138124
-0.4312351952082635 3.3675777042814046
-0.7152722059313571 3.3188746676217855
-0.9941556640202901 3.2462590629301142
-1.2658762077689338 3.1502540873021765
-1.5284760844331164 3.0315514587873214
-1.7800632558840084 2.891006432544063
-2.018825030786202 2.729631638707065
-2.2430411250803117 2.548589786363819
-2.45109605666905 2.349185286209021
-2.641490785002752 2.13285485223563
-2.8128535117008866 1.901157150177627
-2.963949564390827 1.6557615672876793
-3.0936902925505856 1.3984361843637336
-3.201140911260768 1.1310350366863564
-3.2855272363513417 0.8554847556520458
-3.3462412624163216 0.5737706873498759
-3.382845543506651 0.28792258809742527
-3.395076344938288 4.15776937868957e-16
-3.382845543506651 -0.287922588097423
-3.3462412624163216 -0.573770687349875
-3.2855272363513417 -0.8554847556520464
-3.201140911260768 -1.1310350366863555
-3.0936902925505856 -1.398436184363733
-2.9639495643908282 -1.6557615672876773
-2.8128535117008875 -1.9011571501776252
-2.6414907850027514 -2.132854852235631
-2.451096056669051 -2.3491852862090203
-2.2430411250803126 -2.5485897863638183
-2.0188250307862017 -2.7296316387070654
-1.7800632558840102 -2.891006432544062
-1.528476084433117 -3.031551458787321
-1.2658762077689345 -3.150254087302176
-0.9941556640202908 -3.246259062930114
-0.7152722059313564 -3.3188746676217855
-0.431235195208265 -3.3675777042814046
-0.1440911250219633 -3.392017266413812
0.14409112502196209 -3.3920172664138124
0.4312351952082607 -3.367577704281405
0.7152722059313583 -3.318874667621785
0.9941556640202897 -3.2462590629301142
1.2658762077689334 -3.150254087302177
1.528476084433116 -3.0315514587873214
1.7800632558840068 -2.891006432544064
2.018825030786203 -2.729631638707064
2.2430411250803113 -2.548589786363819
2.4510960566690496 -2.349185286209021
2.6414907850027514 -2.1328548522356305
2.8128535117008853 -1.901157150177629
2.9639495643908287 -1.655761567287677
3.0936902925505856 -1.398436184363734
3.2011409112607674 -1.1310350366863566
3.2855272363513417 -0.8554847556520462
3.346241262416321 -0.5737706873498778
3.3828455435066505 -0.2879225880974257
4.174681226744627 0.0
4.15964188979398 0.35403770082463093
4.114632237709394 0.7055245519020652
4.0399765660655325 1.0519280824159873
3.936212770687319 1.3907524469912262
3.804088472098197 1.7195564083168744
3.644555628897122 2.035970926317056
3.458763678875044 2.337716227138957
3.2480512572892843 2.622618228975678
3.0139365519658337 2.8886242063754723
2.7581063647212725 3.1338175801756605
2.482403957917034 3.356431726499419
2.188815773711847 3.5548627053212947
1.8794571217004694 3.7276808168918394
1.5565569380595796 3.8736409027570704
1.222441726011551 3.9916913171536605
0.8795187933154217 4.080981504140763
0.5302589075593273 4.140868125875058
0.17717849422341506 4.170919697874648
-0.1771784942234136 4.170919697874648
-0.5302589075593277 4.140868125875057
-0.8795187933154212 4.080981504140764
-1.2224417260115494 3.991691317153661
-1.5565569380595792 3.8736409027570704
-1.8794571217004699 3.7276808168918394
-2.1888157737118465 3.554862705321295
-2.4824039579170334 3.3564317264994195
-2.7581063647212716 3.1338175801756614
-3.013936551965833 2.8886242063754723
-3.248051257289285 2.6226182289756776
-3.4587636788750435 2.3377162271389573
-3.6445556288971206 2.035970926317057
-3.8040884720981967 1.719556408316875
-3.936212770687319 1.3907524469912262
-4.0399765660655325 1.0519280824159867
-4.114632237709394 0.7055245519020654
-4.15964188979398 0.3540377008246322
-4.174681226744627 5.112510001793354e-16
-4.15964188979398 -0.3540377008246294
-4.114632237709394 -0.7055245519020644
-4.0399765660655325 -1.0519280824159873
-3.936212770687319 -1.3907524469912254
-3.804088472098197 -1.7195564083168742
-3.6445556288971224 -2.035970926317055
-3.458763678875045 -2.3377162271389547
-3.2480512572892843 -2.6226182289756785
-3.013936551965834 -2.888624206375472
-2.7581063647212725 -3.1338175801756605
-2.482403957917033 -3.35643172649942
-2.1888157737118488 -3.554862705321294
-1.8794571217004707 -3.727680816891839
-1.55655693805958 -3.87364090275707
-1.2224417260115505 -3.9916913171536605
-0.8795187933154203 -4.080981504140764
-0.5302589075593296 -4.140868125875057
-0.17717849422341556 -4.170919697874648
0.17717849422341403 -4.170919697874648
0.5302589075593244 -4.140868125875058
0.8795187933154225 -4.080981504140763
1.222441726011549 -3.991691317153661
1.5565569380595787 -3.873640902757071
1.8794571217004694 -3.7276808168918394
2.1888157737118448 -3.5548627053212964
2.4824039579170347 -3.356431726499418
2.758106364721271 -3.1338175801756614
3.0139365519658328 -2.888624206375473
3.2480512572892843 -2.622618228975678
3.458763678875042 -2.3377162271389595
3.644555628897123 -2.0359709263170545
3.8040884720981967 -1.7195564083168757
3.9362127706873187 -1.3907524469912267
4.0399765660655325 -1.0519280824159871
4.114632237709394 -0.7055245519020678
4.1596418897939795 -0.3540377008246327
4.757844985880649 0.0
4.740704794806131 0.4034934425387744
4.689407717052036 0.804079705578026
4.604323349239052 1.1988725559131441
4.486064726186974 1.585027502010807
4.335483903984784 1.9597622886356607
4.153665820907 2.320376943063046
3.9419204804085495 2.6642732284443467
3.7017735125198556 2.988973364163026
3.434955181647513 3.2921378783007453
3.1433879199795838 3.571582463586142
2.829172476317634 3.825293715378778
2.494572780133478 4.051443638295708
2.141999629905458 4.2484028169601
1.7739933232601608 4.41475215597637
1.3932053540698115 4.549293104545018
1.0023793083781622 4.651056292048608
0.6043310968001786 4.71930851238928
0.2019286658215367 4.753558006755483
-0.20192866582153507 4.753558006755483
-0.6043310968001792 4.71930851238928
-1.0023793083781616 4.651056292048608
-1.39320535406981 4.549293104545018
-1.7739933232601603 4.41475215597637
-2.1419996299054582 4.2484028169601
-2.4945727801334776 4.051443638295708
-2.8291724763176336 3.8252937153787783
-3.1433879199795824 3.571582463586143
-3.4349551816475126 3.2921378783007453
-3.701773512519856 2.9889733641630256
-3.941920480408549 2.664273228444347
-4.153665820906999 2.320376943063047
-4.335483903984784 1.9597622886356616
-4.486064726186974 1.585027502010807
-4.604323349239052 1.1988725559131435
-4.689407717052036 0.8040797055780263
-4.740704794806131 0.40349344253877584
-4.757844985880649 5.826679632798021e-16
-4.740704794806131 -0.4034934425387726
-4.689407717052036 -0.8040797055780251
-4.604323349239052 -1.1988725559131441
-4.486064726186974 -1.585027502010806
-4.335483903984784 -1.9597622886356605
-4.153665820907001 -2.3203769430630445
-3.9419204804085504 -2.6642732284443444
-3.7017735125198556 -2.9889733641630265
-3.4349551816475135 -3.292137878300745
-3.1433879199795838 -3.571582463586142
-2.829172476317633 -3.8252937153787787
-2.4945727801334803 -4.051443638295706
-2.1419996299054596 -4.248402816960099
-1.7739933232601615 -4.414752155976369
-1.393205354069811 -4.549293104545018
-1.0023793083781607 -4.651056292048608
-0.6043310968001813 -4.71930851238928
-0.2019286658215373 -4.753558006755483
0.20192866582153557 -4.753558006755483
0.6043310968001753 -4.71930851238928
1.0023793083781634 -4.651056292048608
1.3932053540698093 -4.549293104545018
1.7739933232601597 -4.41475215597637
2.141999629905458 -4.2484028169601
2.4945727801334754 -4.0514436382957095
2.8291724763176354 -3.8252937153787774
3.143387919979582 -3.571582463586143
3.434955181647512 -3.292137878300746
3.7017735125198556 -2.988973364163026
3.9419204804085473 -2.6642732284443498
4.153665820907001 -2.320376943063044
4.335483903984784 -1.959762288635662
4.4860647261869735 -1.5850275020108076
4.604323349239052 -1.198872555913144
4.689407717052035 -0.804079705578029
4.74070479480613 -0.40349344253877645
5.213388867397982 0.0
5.194607574270916 0.4421262625500137
5.138399014537071 0.8810669952470546
5.045168172157345 1.313659620053737
4.915586777487464 1.7367872971954916
4.750588467445375 2.1474013820625637
4.551362058635861 2.5425433907642865
4.319342981899654 2.9193663160733054
4.056202940001344 3.2751551401778918
3.76383786297265 3.60734639644749
3.444354247893092 3.9135466392685325
3.10005398153027 4.1915496888749315
2.7334177551929484 4.439352526923848
2.34708719129334 4.65516972828875
1.943845810397084 4.837446325088364
1.5265989758937937 4.98486901026589
1.0983529607872538 5.096375599996441
0.6621932874295408 5.171162686745842
0.22126249626177605 5.208691427840319
-0.22126249626177424 5.20869142784032
-0.6621932874295413 5.171162686745841
-1.098352960787253 5.096375599996442
-1.526598975893792 4.984869010265891
-1.9438458103970835 4.837446325088364
-2.3470871912933404 4.65516972828875
-2.733417755192948 4.439352526923849
-3.100053981530269 4.1915496888749315
-3.4443542478930906 3.913546639268534
-3.763837862972649 3.60734639644749
-4.056202940001344 3.2751551401778913
-4.319342981899653 2.919366316073306
-4.551362058635859 2.5425433907642883
-4.750588467445375 2.1474013820625646
-4.915586777487464 1.7367872971954916
-5.045168172157345 1.313659620053736
-5.138399014537071 0.8810669952470549
-5.194607574270916 0.44212626255001525
-5.213388867397982 6.384559989169384e-16
-5.194607574270916 -0.4421262625500117
-5.138399014537071 -0.8810669952470536
-5.045168172157345 -1.313659620053737
-4.915586777487464 -1.7367872971954905
-4.750588467445375 -2.1474013820625637
-4.551362058635861 -2.542543390764285
-4.319342981899655 -2.9193663160733028
-4.056202940001344 -3.275155140177892
-3.7638378629726503 -3.6073463964474897
-3.444354247893092 -3.9135466392685325
-3.1000539815302686 -4.191549688874932
-2.733417755192951 -4.439352526923847
-2.3470871912933418 -4.655169728288749
-1.9438458103970846 -4.837446325088363
-1.526598975893793 -4.98486901026589
-1.098352960787252 -5.096375599996442
-0.6621932874295436 -5.171162686745841
-0.22126249626177666 -5.208691427840319
0.22126249626177477 -5.20869142784032
0.6621932874295371 -5.171162686745842
1.0983529607872549 -5.096375599996441
1.5265989758937912 -4.984869010265891
1.9438458103970828 -4.837446325088365
2.34708719129334 -4.65516972828875
2.7334177551929457 -4.439352526923851
3.100053981530271 -4.191549688874931
3.44435424789309 -3.913546639268534
3.7638378629726486 -3.607346396447491
4.056202940001344 -3.2751551401778918
4.319342981899651 -2.919366316073309
4.551362058635862 -2.5425433907642847
4.750588467445375 -2.1474013820625655
4.915586777487464 -1.7367872971954923
5.045168172157345 -1.3136596200537367
5.13839901453707 -0.8810669952470578
5.194607574270916 -0.4421262625500159
5.579892631492942 0.0
5.559791004356517 0.47320795308784064
5.499630955631386 0.9430064320301482
5.3998459398471805 1.4060105280207362
5.261154910329192 1.8588842859382781
5.084557139123195 2.2983647399793994
4.871325017217459 2.7212854234020636
4.6229948869365165 3.124599182991004
4.341355972559513 3.5054001338664698
4.028437488918278 3.86094459645137
3.686494020857953 4.188670864745497
3.3179892789015324 4.486217663475961
2.9255783481590774 4.751441161139642
2.5120885583786636 4.982430416358289
2.0804991129707555 5.1775211462549455
1.6339196237793667 5.335307717650212
1.1755677062574659 5.454653274681515
0.7087457964739068 5.534697929875649
0.2368173569858835 5.5748649596577176
-0.23681735698588155 5.5748649596577176
-0.7087457964739075 5.534697929875648
-1.175567706257465 5.454653274681516
-1.633919623779365 5.335307717650213
-2.080499112970755 5.1775211462549455
-2.5120885583786645 4.982430416358289
-2.9255783481590765 4.751441161139643
-3.317989278901532 4.486217663475961
-3.686494020857952 4.1886708647454975
-4.028437488918277 3.86094459645137
-4.341355972559514 3.5054001338664693
-4.622994886936516 3.1245991829910045
-4.871325017217457 2.7212854234020654
-5.084557139123194 2.2983647399794003
-5.261154910329192 1.8588842859382781
-5.3998459398471805 1.4060105280207351
-5.499630955631386 0.9430064320301486
-5.559791004356517 0.47320795308784236
-5.579892631492942 6.833397650743732e-16
-5.559791004356517 -0.4732079530878386
-5.499630955631386 -0.9430064320301471
-5.3998459398471805 -1.4060105280207362
-5.261154910329192 -1.8588842859382768
-5.084557139123195 -2.2983647399793994
-4.871325017217459 -2.721285423402062
-4.622994886936517 -3.1245991829910014
-4.341355972559513 -3.5054001338664706
-4.028437488918278 -3.860944596451369
-3.686494020857953 -4.188670864745497
-3.3179892789015315 -4.486217663475962
-2.9255783481590796 -4.751441161139641
-2.5120885583786654 -4.982430416358288
-2.0804991129707564 -5.177521146254945
-1.633919623779366 -5.335307717650212
-1.1755677062574639 -5.454653274681516
-0.7087457964739099 -5.534697929875648
-0.23681735698588413 -5.5748649596577176
0.23681735698588213 -5.5748649596577176
0.7087457964739029 -5.534697929875649
1.175567706257467 -5.454653274681515
1.6339196237793643 -5.335307717650213
2.0804991129707546 -5.177521146254946
2.5120885583786636 -4.982430416358289
2.9255783481590742 -4.7514411611396445
3.3179892789015337 -4.48621766347596
3.686494020857951 -4.1886708647454975
4.028437488918276 -3.8609445964513704
4.341355972559513 -3.5054001338664698
4.622994886936514 -3.1245991829910076
4.87132501721746 -2.721285423402062
5.084557139123194 -2.298364739979401
5.261154910329191 -1.8588842859382786
5.3998459398471805 -1.4060105280207358
5.499630955631385 -0.9430064320301517
5.559791004356516 -0.473207953087843
5.881841586915727 0.0
5.86065218520782 0.4988150133968843
5.797236650208955 0.9940360531919245
5.692051892301964 1.4820950404454332
5.54585577007787 1.9594754989704035
5.3597016299473745 2.4227378916240148
5.13493071675583 2.8685444022515645
4.873162510083393 3.2936829847283486
4.576283055857545 3.6950905058255943
4.24643137734896 4.069874815155564
3.885984063459826 4.415335583181371
3.497538145346345 4.728983757153176
3.0838923847497415 5.008559494790281
2.6480271088537863 5.252048446496546
2.193082736959139 5.457696268795391
1.7223371536903265 5.624021264414745
1.2391820917619105 5.749825057949841
0.7470986944665565 5.8342012301854735
0.2496324339578467 5.876541848867205
-0.24963243395784465 5.876541848867206
-0.7470986944665572 5.834201230185473
-1.2391820917619096 5.749825057949842
-1.7223371536903245 5.624021264414746
-2.1930827369591386 5.457696268795391
-2.6480271088537872 5.252048446496546
-3.083892384749741 5.008559494790282
-3.4975381453463443 4.728983757153176
-3.8859840634598246 4.415335583181372
-4.2464313773489595 4.069874815155564
-4.576283055857546 3.695090505825594
-4.873162510083392 3.2936829847283495
-5.134930716755828 2.8685444022515667
-5.359701629947374 2.4227378916240156
-5.54585577007787 1.9594754989704035
-5.692051892301964 1.4820950404454323
-5.797236650208955 0.9940360531919248
-5.86065218520782 0.4988150133968861
-5.881841586915727 7.203178472508134e-16
-5.86065218520782 -0.4988150133968821
-5.797236650208955 -0.9940360531919232
-5.692051892301964 -1.4820950404454332
-5.54585577007787 -1.9594754989704022
-5.3597016299473745 -2.4227378916240143
-5.13493071675583 -2.868544402251563
-4.873162510083395 -3.293682984728346
-4.576283055857545 -3.695090505825595
-4.246431377348961 -4.069874815155563
-3.885984063459826 -4.415335583181371
-3.497538145346344 -4.728983757153177
-3.083892384749744 -5.008559494790279
-2.6480271088537886 -5.252048446496545
-2.1930827369591395 -5.457696268795391
-1.7223371536903258 -5.624021264414745
-1.2391820917619085 -5.749825057949842
-0.7470986944665597 -5.834201230185473
-0.2496324339578474 -5.876541848867205
0.2496324339578453 -5.876541848867206
0.7470986944665524 -5.8342012301854735
1.2391820917619116 -5.749825057949841
1.7223371536903238 -5.624021264414746
2.1930827369591377 -5.457696268795392
2.6480271088537863 -5.252048446496546
3.0838923847497384 -5.008559494790283
3.4975381453463465 -4.728983757153175
3.885984063459824 -4.415335583181372
4.2464313773489595 -4.069874815155565
4.576283055857545 -3.6950905058255943
4.87316251008339 -3.2936829847283526
5.1349307167558305 -2.8685444022515627
5.359701629947374 -2.422737891624016
5.54585577007787 -1.9594754989704042
5.692051892301964 -1.482095040445433
5.797236650208954 -0.994036053191928
5.860652185207819 -0.49881501339688683
6.1350875185470395 0.0
6.112985795468871 0.5202917687485393
6.046839869655604 1.0368348233807871
5.937126324018453 1.5459074593515612
5.784635647167815 2.04384179665332
5.590466537924712 2.527050206975665
5.356017989170618 2.992051162649529
5.082979208071682 3.4354943211338087
4.773317445302389 3.8541846643101496
4.4292638209593775 4.245105518661699
4.053297249290007 4.605440290474922
3.6481265780584105 4.932592759461853
3.2166710712352753 5.224205784586761
2.7620393756340436 5.478178287321322
2.287507123039383 5.692680389963567
1.796493329205119 5.866166599948657
1.292535759767383 5.997386945158218
0.7792654405621329 6.085395979998112
0.26038049600080915 6.129559597355591
-0.26038049600080704 6.129559597355592
-0.7792654405621335 6.085395979998111
-1.292535759767382 5.997386945158219
-1.796493329205117 5.866166599948657
-2.2875071230393824 5.692680389963567
-2.7620393756340444 5.478178287321322
-3.216671071235275 5.224205784586761
-3.64812657805841 4.932592759461854
-4.053297249290005 4.605440290474924
-4.429263820959377 4.245105518661699
-4.77331744530239 3.854184664310149
-5.082979208071681 3.4354943211338096
-5.356017989170617 2.992051162649531
-5.590466537924711 2.527050206975666
-5.784635647167815 2.04384179665332
-5.937126324018453 1.5459074593515603
-6.046839869655604 1.0368348233807874
-6.112985795468871 0.5202917687485412
-6.1350875185470395 7.51331529207751e-16
-6.112985795468871 -0.520291768748537
-6.046839869655604 -1.0368348233807858
-5.937126324018453 -1.5459074593515612
-5.784635647167815 -2.043841796653319
-5.590466537924712 -2.5270502069756646
-5.356017989170619 -2.992051162649527
-5.082979208071683 -3.435494321133806
-4.773317445302389 -3.8541846643101505
-4.4292638209593775 -4.245105518661698
-4.053297249290007 -4.605440290474922
-3.648126578058409 -4.932592759461855
-3.216671071235278 -5.2242057845867595
-2.762039375634046 -5.478178287321321
-2.2875071230393837 -5.692680389963567
-1.7964933292051184 -5.866166599948657
-1.292535759767381 -5.997386945158219
-0.7792654405621363 -6.085395979998111
-0.26038049600080987 -6.129559597355591
0.26038049600080765 -6.129559597355592
0.7792654405621287 -6.085395979998112
1.292535759767384 -5.997386945158218
1.7964933292051164 -5.866166599948657
2.2875071230393815 -5.692680389963568
2.7620393756340436 -5.478178287321322
3.216671071235272 -5.224205784586764
3.648126578058412 -4.932592759461852
4.053297249290004 -4.605440290474924
4.429263820959376 -4.2451055186617
4.773317445302389 -3.8541846643101496
5.082979208071679 -3.4354943211338127
5.35601798917062 -2.9920511626495268
5.590466537924711 -2.527050206975667
5.784635647167814 -2.0438417966533207
5.937126324018453 -1.545907459351561
6.046839869655603 -1.036834823380791
6.11298579546887 -0.520291768748542
6.350355801100408 0.0
6.3274785715679105 0.5385477944607329
6.25901171393343 1.073215339721582
6.145448533475138 1.6001503438670643
5.98760725551053 2.1155562281176246
5.786625130064265 2.615719481266738
5.543950237955679 3.0970364156142516
5.261331057343297 3.5560391316188387
4.940803865899634 3.989420504193664
4.584678069383906 4.394058010618416
4.195519562320611 4.767036228387054
3.7761322406706883 5.105667840893781
3.3295377996968627 5.407512999610762
2.8589539625800393 5.670396903252672
2.367771296650048 5.892425467269803
1.8595287842703399 6.071998970770637
1.3378883243889603 6.207823582547534
0.8066083484727168 6.298920683160229
0.26951674092234257 6.344633915911319
-0.26951674092234035 6.344633915911319
-0.8066083484727175 6.298920683160228
-1.3378883243889594 6.207823582547535
-1.8595287842703379 6.071998970770638
-2.3677712966500475 5.892425467269803
-2.8589539625800398 5.670396903252672
-3.329537799696862 5.407512999610762
-3.776132240670688 5.105667840893782
-4.19551956232061 4.767036228387055
-4.584678069383905 4.394058010618416
-4.9408038658996345 3.9894205041936637
-5.2613310573432965 3.5560391316188396
-5.543950237955678 3.097036415614254
-5.786625130064264 2.615719481266739
-5.98760725551053 2.1155562281176246
-6.145448533475138 1.6001503438670632
-6.25901171393343 1.0732153397215822
-6.3274785715679105 0.5385477944607348
-6.350355801100408 7.77694290526444e-16
-6.3274785715679105 -0.5385477944607304
-6.25901171393343 -1.0732153397215807
-6.145448533475138 -1.6001503438670643
-5.98760725551053 -2.1155562281176232
-5.786625130064265 -2.6157194812667375
-5.54395023795568 -3.09703641561425
-5.261331057343298 -3.556039131618836
-4.940803865899634 -3.989420504193665
-4.584678069383907 -4.394058010618415
-4.195519562320611 -4.767036228387054
-3.776132240670687 -5.105667840893783
-3.3295377996968654 -5.40751299961076
-2.858953962580041 -5.670396903252671
-2.367771296650049 -5.892425467269802
-1.8595287842703392 -6.071998970770637
-1.3378883243889583 -6.207823582547535
-0.8066083484727202 -6.298920683160228
-0.2695167409223433 -6.344633915911319
0.269516740922341 -6.344633915911319
0.8066083484727123 -6.298920683160229
1.3378883243889617 -6.207823582547534
1.859528784270337 -6.071998970770638
2.3677712966500466 -5.8924254672698035
2.8589539625800393 -5.670396903252672
3.329537799696859 -5.4075129996107645
3.77613224067069 -5.10566784089378
4.195519562320609 -4.767036228387055
4.584678069383904 -4.394058010618416
4.940803865899634 -3.989420504193664
5.261331057343295 -3.556039131618843
5.543950237955681 -3.0970364156142494
5.786625130064264 -2.6157194812667397
5.987607255510529 -2.115556228117625
6.145448533475138 -1.6001503438670641
6.259011713933429 -1.0732153397215858
6.32747857156791 -0.5385477944607356
6.535315261406744 0.0
6.511771713299325 0.554233452482503
6.44131070078068 1.1044736402396393
6.324439897060618 1.646756070109894
6.162001358958029 2.177173584759679
5.9551654598622115 2.691904513841453
5.705422457165787 3.1872402092161503
5.414571754926031 3.6596117658480045
5.084708939117406 4.105615735847114
4.718210678886606 4.522038650389479
4.317717602596879 4.905880172833511
3.886115272040172 5.2543747162142935
3.4265133918982893 5.565011369361034
2.9422234042494075 5.8355519880695885
2.4367346295520154 6.064047320982737
1.9136891260110565 6.24885105399088
1.3768554484651028 6.38863167196293
0.8301014958623869 6.482382052343331
0.2773666429602537 6.529426721493155
-0.2773666429602515 6.529426721493156
-0.8301014958623877 6.48238205234333
-1.3768554484651019 6.38863167196293
-1.9136891260110542 6.248851053990881
-2.436734629552015 6.064047320982737
-2.9422234042494084 5.8355519880695885
-3.4265133918982884 5.565011369361035
-3.886115272040171 5.254374716214294
-4.317717602596877 4.905880172833513
-4.718210678886605 4.522038650389479
-5.084708939117407 4.105615735847113
-5.41457175492603 3.659611765848005
-5.705422457165786 3.1872402092161525
-5.955165459862211 2.691904513841454
-6.162001358958029 2.177173584759679
-6.324439897060618 1.6467560701098929
-6.44131070078068 1.1044736402396396
-6.511771713299325 0.554233452482505
-6.535315261406744 8.003452916300617e-16
-6.511771713299325 -0.5542334524825004
-6.44131070078068 -1.104473640239638
-6.324439897060618 -1.646756070109894
-6.162001358958029 -2.1771735847596774
-5.9551654598622115 -2.6919045138414526
-5.705422457165788 -3.1872402092161485
-5.4145717549260315 -3.6596117658480014
-5.084708939117406 -4.105615735847115
-4.7182106788866065 -4.5220386503894785
-4.317717602596879 -4.905880172833511
-3.8861152720401706 -5.254374716214294
-3.4265133918982924 -5.5650113693610335
-2.9422234042494098 -5.835551988069588
-2.4367346295520163 -6.064047320982736
-1.9136891260110556 -6.24885105399088
-1.3768554484651006 -6.38863167196293
-0.8301014958623906 -6.48238205234333
-0.2773666429602545 -6.529426721493155
0.27736664296025215 -6.529426721493156
0.8301014958623824 -6.482382052343331
1.376855448465104 -6.38863167196293
1.9136891260110536 -6.248851053990881
2.436734629552014 -6.064047320982737
2.9422234042494075 -5.8355519880695885
3.4265133918982857 -5.565011369361038
3.8861152720401733 -5.254374716214293
4.317717602596876 -4.905880172833513
4.718210678886604 -4.52203865038948
5.084708939117406 -4.105615735847114
5.414571754926027 -3.6596117658480085
5.705422457165788 -3.187240209216148
5.955165459862211 -2.691904513841455
6.162001358958028 -2.1771735847596796
6.324439897060618 -1.6467560701098936
6.441310700780679 -1.1044736402396433
6.511771713299324 -0.5542334524825058
6.6956889566758315 0.0
6.671567660493729 0.5678340919713515
6.599377566439148 1.1315769262981612
6.479638805793987 1.6871667229409675
6.3132140990725 2.230600444683648
6.101302540100229 2.757962639108292
5.8454309565155125 3.2654536495195927
5.547442908941361 3.7494169915584075
5.209485408088926 4.206365698255353
4.833993445496129 4.633007443707721
4.423672449357828 5.026268264363055
3.9814787918536854 5.383314706996982
3.51059848841886 5.701574243808626
3.014424242429799 5.978753807542356
2.49653100069866 6.212856313089917
1.9606501958996116 6.402195046534392
1.4106428615109112 6.545405817962626
0.8504718129802167 6.6414567904848125
0.28417309554848624 6.689655914642925
-0.28417309554848397 6.689655914642926
-0.8504718129802175 6.6414567904848125
-1.4106428615109103 6.545405817962626
-1.9606501958996094 6.402195046534392
-2.4965310006986594 6.212856313089917
-3.0144242424298 5.978753807542356
-3.510598488418859 5.7015742438086265
-3.9814787918536845 5.383314706996982
-4.423672449357827 5.026268264363057
-4.833993445496128 4.633007443707721
-5.209485408088927 4.206365698255352
-5.54744290894136 3.7494169915584084
-5.845430956515511 3.2654536495195954
-6.101302540100228 2.757962639108293
-6.3132140990725 2.230600444683648
-6.479638805793987 1.6871667229409664
-6.599377566439148 1.1315769262981616
-6.671567660493729 0.5678340919713536
-6.6956889566758315 8.199854048879338e-16
-6.671567660493729 -0.567834091971349
-6.599377566439148 -1.1315769262981599
-6.479638805793987 -1.6871667229409675
-6.3132140990725 -2.2306004446836467
-6.101302540100229 -2.7579626391082916
-5.845430956515513 -3.265453649519591
-5.547442908941362 -3.7494169915584044
-5.209485408088926 -4.206365698255353
-4.833993445496129 -4.63300744370772
-4.423672449357828 -5.026268264363055
-3.9814787918536836 -5.383314706996983
-3.510598488418863 -5.701574243808624
-3.014424242429801 -5.978753807542355
-2.4965310006986607 -6.212856313089916
-1.9606501958996108 -6.402195046534392
-1.410642861510909 -6.545405817962626
-0.8504718129802205 -6.6414567904848125
-0.2841730955484871 -6.689655914642925
0.28417309554848463 -6.689655914642926
0.850471812980212 -6.6414567904848125
1.4106428615109126 -6.545405817962626
1.9606501958996085 -6.402195046534392
2.4965310006986585 -6.212856313089918
3.014424242429799 -5.978753807542356
3.510598488418856 -5.701574243808628
3.9814787918536867 -5.383314706996981
4.423672449357826 -5.026268264363057
4.8339934454961275 -4.633007443707722
5.209485408088926 -4.206365698255353
5.547442908941358 -3.749416991558412
5.845430956515513 -3.2654536495195905
6.101302540100228 -2.757962639108294
6.313214099072499 -2.230600444683649
6.479638805793987 -1.687166722940967
6.599377566439148 -1.1315769262981654
6.671567660493728 -0.5678340919713544
6.835886095270379 0.0
6.811259737290183 0.5797236399186831
6.7375580968231565 1.1552703577274157
6.615312195877732 1.7224933261357631
6.4454028189714805 2.2773056906584594
6.229054167058474 2.815710015495622
5.967825037133367 3.333827085149293
5.663597591063319 3.827923854259992
5.318563794568621 4.294440344284076
4.935209624059449 4.7300152932207205
4.5162971551188615 5.131510373581659
4.064844661684933 5.496032804112654
3.5841048693178634 5.820956192348718
3.0775415192377866 6.103939457832006
2.5488044119899005 6.342943699650165
2.0017031105479095 6.536246886764126
1.4401794923255 6.6824562652812
0.8682793478592471 6.780518393278793
0.290123230795096 6.829726730877591
-0.29012323079509367 6.829726730877592
-0.8682793478592478 6.7805183932787925
-1.4401794923254991 6.682456265281201
-2.0017031105479073 6.536246886764127
-2.5488044119898996 6.342943699650165
-3.0775415192377875 6.103939457832006
-3.584104869317863 5.820956192348718
-4.0648446616849325 5.496032804112654
-4.51629715511886 5.131510373581661
-4.935209624059449 4.7300152932207205
-5.318563794568622 4.294440344284075
-5.6635975910633185 3.8279238542599927
-5.967825037133365 3.333827085149295
-6.229054167058474 2.815710015495623
-6.4454028189714805 2.2773056906584594
-6.615312195877732 1.722493326135762
-6.7375580968231565 1.1552703577274162
-6.811259737290183 0.5797236399186853
-6.835886095270379 8.371546025908768e-16
-6.811259737290183 -0.5797236399186806
-6.7375580968231565 -1.1552703577274144
-6.615312195877732 -1.7224933261357631
-6.4454028189714805 -2.2773056906584577
-6.229054167058474 -2.8157100154956214
-5.967825037133368 -3.333827085149291
-5.663597591063321 -3.8279238542599887
-5.318563794568621 -4.294440344284077
-4.93520962405945 -4.73001529322072
-4.5162971551188615 -5.131510373581659
-4.064844661684932 -5.496032804112655
-3.5841048693178665 -5.820956192348716
-3.077541519237789 -6.103939457832005
-2.5488044119899014 -6.3429436996501645
-2.0017031105479086 -6.536246886764126
-1.4401794923254978 -6.682456265281201
-0.8682793478592509 -6.7805183932787925
-0.29012323079509683 -6.829726730877591
0.2901232307950944 -6.829726730877592
0.8682793478592423 -6.780518393278793
1.4401794923255014 -6.6824562652812
2.0017031105479064 -6.536246886764127
2.548804411989899 -6.342943699650166
3.0775415192377866 -6.103939457832006
3.58410486931786 -5.820956192348721
4.064844661684934 -5.496032804112653
4.51629715511886 -5.131510373581661
4.935209624059448 -4.730015293220721
5.318563794568621 -4.294440344284076
5.663597591063317 -3.8279238542599963
5.967825037133369 -3.3338270851492906
6.229054167058474 -2.8157100154956236
6.44540281897148 -2.27730569065846
6.615312195877732 -1.722493326135763
6.737558096823156 -1.15527035772742
6.811259737290182 -0.5797236399186861
6.959394645991835 0.0
6.93432334704257 0.5901978967432465
6.85929008947821 1.1761434041161045
6.7348354896388924 1.7536147713110422
6.561856245768328 2.3184513038946943
6.3415986772824136 2.8665833417065962
6.075649745009283 3.3940615808538968
5.7659256171001685 3.8970855285364037
5.414657862993966 4.372030885684298
5.024377374908296 4.815475660115981
4.597896132703069 5.224224822070158
4.138286943501171 5.595333324468484
3.6488613020427207 5.92612732204725
3.1331455312895895 6.214223436473771
2.5948553751876533 6.457545928641899
2.037869226646517 6.654341654419838
1.4662001836297267 6.803192696093796
0.8839671346919832 6.903026578497599
0.2953650822927272 6.953123996220837
-0.29536508229272473 6.953123996220838
-0.883967134691984 6.903026578497598
-1.4662001836297256 6.803192696093796
-2.037869226646514 6.654341654419839
-2.5948553751876524 6.457545928641899
-3.1331455312895904 6.214223436473771
-3.64886130204272 5.926127322047251
-4.13828694350117 5.595333324468485
-4.597896132703068 5.22422482207016
-5.024377374908295 4.815475660115981
-5.414657862993967 4.372030885684297
-5.765925617100168 3.8970855285364046
-6.075649745009281 3.3940615808538994
-6.341598677282413 2.866583341706597
-6.561856245768328 2.3184513038946943
-6.7348354896388924 1.753614771311041
-6.85929008947821 1.176143404116105
-6.93432334704257 0.5901978967432487
-6.959394645991835 8.522800377217128e-16
-6.93432334704257 -0.590197896743244
-6.85929008947821 -1.1761434041161032
-6.7348354896388924 -1.7536147713110422
-6.561856245768328 -2.3184513038946926
-6.3415986772824136 -2.866583341706596
-6.075649745009283 -3.394061580853895
-5.765925617100169 -3.8970855285364006
-5.414657862993966 -4.372030885684299
-5.024377374908297 -4.81547566011598
-4.597896132703069 -5.224224822070158
-4.13828694350117 -5.595333324468486
-3.648861302042724 -5.926127322047249
-3.133145531289592 -6.2142234364737705
-2.594855375187654 -6.457545928641898
-2.037869226646516 -6.654341654419838
-1.4662001836297243 -6.803192696093796
-0.8839671346919871 -6.903026578497598
-0.29536508229272795 -6.953123996220837
0.29536508229272546 -6.953123996220838
0.8839671346919784 -6.903026578497599
1.466200183629728 -6.803192696093796
2.0378692266465137 -6.654341654419839
2.5948553751876515 -6.457545928641899
3.1331455312895895 -6.214223436473771
3.6488613020427167 -5.926127322047253
4.138286943501173 -5.595333324468483
4.597896132703068 -5.22422482207016
5.024377374908295 -4.815475660115982
5.414657862993966 -4.372030885684298
5.765925617100165 -3.897085528536408
6.075649745009284 -3.3940615808538945
6.341598677282413 -2.866583341706598
6.561856245768327 -2.3184513038946952
6.7348354896388924 -1.7536147713110417
6.859290089478209 -1.1761434041161087
6.934323347042569 -0.5901978967432495
7.069043419547533 0.0
7.043577109635236 0.5994967623522434
6.9673616652448205 1.1946741367943021
6.8409462203995925 1.7812438567048636
6.665241601276466 2.354979673810758
6.441513763682483 2.911747808402611
6.171374671814223 3.4475367333123774
5.856770684018818 3.9584860770585055
5.499968529237466 4.440914437910929
5.103538975171473 4.891345908474886
4.6703383058420425 5.306535119683348
4.203487741998466 5.683490623755521
3.706350952651091 6.01949644764665
3.18250981975903 6.312131661696041
2.6357386306885617 6.559287822480751
2.0699768843861714 6.759184164198754
1.4893009071983678 6.910380429127358
0.8978944828469473 7.011787244713098
0.300018708171413 7.062673972525946
-0.3000187081714106 7.062673972525947
-0.8978944828469481 7.011787244713098
-1.489300907198367 6.9103804291273585
-2.069976884386169 6.7591841641987545
-2.635738630688561 6.559287822480751
-3.182509819759031 6.312131661696041
-3.7063509526510905 6.01949644764665
-4.203487741998465 5.683490623755521
-4.670338305842041 5.30653511968335
-5.103538975171472 4.891345908474886
-5.499968529237467 4.440914437910928
-5.856770684018817 3.9584860770585064
-6.171374671814221 3.4475367333123796
-6.441513763682482 2.9117478084026125
-6.665241601276466 2.354979673810758
-6.8409462203995925 1.7812438567048625
-6.9673616652448205 1.1946741367943026
-7.043577109635236 0.5994967623522455
-7.069043419547533 8.657081396782547e-16
-7.043577109635236 -0.5994967623522407
-6.9673616652448205 -1.1946741367943008
-6.8409462203995925 -1.7812438567048636
-6.665241601276466 -2.3549796738107562
-6.441513763682483 -2.9117478084026107
-6.171374671814224 -3.447536733312375
-5.856770684018819 -3.9584860770585024
-5.499968529237466 -4.44091443791093
-5.103538975171473 -4.891345908474885
-4.6703383058420425 -5.306535119683348
-4.203487741998464 -5.683490623755522
-3.706350952651094 -6.019496447646648
-3.1825098197590327 -6.31213166169604
-2.6357386306885626 -6.5592878224807505
-2.0699768843861706 -6.759184164198754
-1.4893009071983656 -6.9103804291273585
-0.8978944828469512 -7.011787244713098
-0.30001870817141385 -7.062673972525946
0.3000187081714113 -7.062673972525947
0.8978944828469423 -7.011787244713098
1.4893009071983694 -6.910380429127358
2.0699768843861683 -6.7591841641987545
2.63573863068856 -6.559287822480751
3.18250981975903 -6.312131661696041
3.7063509526510874 -6.019496447646652
4.203487741998468 -5.68349062375552
4.67033830584204 -5.30653511968335
5.103538975171471 -4.891345908474887
5.499968529237466 -4.440914437910929
5.856770684018814 -3.9584860770585104
6.171374671814224 -3.4475367333123748
6.441513763682482 -2.9117478084026134
6.665241601276465 -2.354979673810759
6.8409462203995925 -1.7812438567048632
6.96736166524482 -1.1946741367943066
7.043577109635235 -0.5994967623522464
7.1671892038588565 0.0
7.141369322634075 0.6078201063241391
7.0640957117956145 1.211260854854047
6.935925129480289 1.8059744411687535
6.757781047670701 2.3876759402510306
6.53094699855845 2.952174179470331
6.257057326665282 3.495401936077633
5.938085413353353 4.0134452416385455
5.576329458567302 4.502571582265567
5.174395922250978 4.959256791466177
4.735180744743828 5.3802104418431655
4.2618484814643836 5.762399552699437
3.757809502215955 6.10307044273343
3.2266954193940554 6.399768570375992
2.6723329221358676 6.650356218818637
2.0987162049373236 6.853027898312135
1.5099781893902355 7.006323354761521
0.910360746387519 7.1091380908903234
0.30418413334621525 7.160731324168737
-0.30418413334621275 7.160731324168738
-0.9103607463875197 7.109138090890323
-1.5099781893902344 7.006323354761522
-2.098716204937321 6.853027898312135
-2.6723329221358667 6.650356218818637
-3.2266954193940562 6.399768570375992
-3.757809502215954 6.103070442733431
-4.261848481464383 5.762399552699438
-4.735180744743826 5.380210441843167
-5.174395922250977 4.959256791466177
-5.576329458567302 4.502571582265566
-5.9380854133533525 4.013445241638546
-6.25705732666528 3.4954019360776356
-6.530946998558449 2.9521741794703322
-6.757781047670701 2.3876759402510306
-6.935925129480289 1.8059744411687522
-7.0640957117956145 1.2112608548540476
-7.141369322634075 0.6078201063241412
-7.1671892038588565 8.777275317389215e-16
-7.141369322634075 -0.6078201063241363
-7.0640957117956145 -1.2112608548540458
-6.935925129480289 -1.8059744411687535
-6.757781047670701 -2.387675940251029
-6.53094699855845 -2.9521741794703305
-6.257057326665283 -3.495401936077631
-5.938085413353355 -4.013445241638542
-5.576329458567302 -4.502571582265568
-5.174395922250979 -4.959256791466176
-4.735180744743828 -5.3802104418431655
-4.261848481464382 -5.7623995526994385
-3.757809502215958 -6.103070442733428
-3.226695419394058 -6.399768570375991
-2.6723329221358685 -6.6503562188186365
-2.0987162049373227 -6.853027898312135
-1.509978189390233 -7.006323354761522
-0.9103607463875228 -7.109138090890323
-0.3041841333462161 -7.160731324168737
0.3041841333462135 -7.160731324168738
0.910360746387514 -7.1091380908903234
1.5099781893902369 -7.006323354761521
2.0987162049373205 -6.853027898312135
2.672332922135866 -6.650356218818638
3.2266954193940554 -6.399768570375992
3.757809502215951 -6.103070442733433
4.261848481464385 -5.762399552699436
4.735180744743826 -5.380210441843167
5.1743959222509766 -4.959256791466178
5.576329458567302 -4.502571582265567
5.938085413353351 -4.01344524163855
6.257057326665284 -3.4954019360776307
6.530946998558449 -2.952174179470333
6.7577810476707 -2.3876759402510315
6.935925129480289 -1.805974441168753
7.064095711795614 -1.2112608548540515
7.141369322634074 -0.6078201063241421
7.255862915681185 0.0
7.229723586393586 0.6153401624319065
7.151493932997289 1.2262467848930039
7.021737601937643 1.828318271169567
6.84138949055329 2.4172166824065373
6.611749011119422 2.988698992056376
6.334470728552563 3.53864765698257
6.01155243923242 4.06310028445228
5.645320776833202 4.558278181266785
5.238414448874676 5.02061357933256
4.793765224774017 5.446775341512149
4.314576812379985 5.833692962543574
3.804301775184457 6.178578692101109
3.2666166565233508 6.478947620600252
2.705395489997647 6.7326355830282285
2.1246818869725157 6.9378147518025
1.528659902264775 7.093006806310375
0.9216238879320541 7.197093584242911
0.3079475523678234 7.249325137979957
-0.3079475523678209 7.249325137979958
-0.9216238879320549 7.19709358424291
-1.528659902264774 7.093006806310376
-2.1246818869725135 6.9378147518025
-2.7053954899976462 6.7326355830282285
-3.2666166565233516 6.478947620600252
-3.804301775184456 6.17857869210111
-4.314576812379984 5.833692962543575
-4.793765224774015 5.44677534151215
-5.238414448874675 5.02061357933256
-5.645320776833203 4.558278181266784
-6.011552439232419 4.063100284452281
-6.334470728552561 3.5386476569825724
-6.6117490111194215 2.9886989920563773
-6.84138949055329 2.4172166824065373
-7.021737601937643 1.8283182711695658
-7.151493932997289 1.2262467848930043
-7.229723586393586 0.6153401624319087
-7.255862915681185 8.885869294740945e-16
-7.229723586393586 -0.6153401624319037
-7.151493932997289 -1.2262467848930023
-7.021737601937643 -1.828318271169567
-6.84138949055329 -2.4172166824065355
-6.611749011119422 -2.9886989920563756
-6.334470728552563 -3.538647656982568
-6.011552439232422 -4.063100284452277
-5.645320776833202 -4.558278181266786
-5.238414448874677 -5.020613579332559
-4.793765224774017 -5.446775341512149
-4.314576812379984 -5.833692962543576
-3.80430177518446 -6.178578692101108
-3.2666166565233534 -6.478947620600251
-2.7053954899976476 -6.732635583028228
-2.1246818869725153 -6.9378147518025
-1.5286599022647727 -7.093006806310376
-0.9216238879320581 -7.19709358424291
-0.30794755236782423 -7.249325137979957
0.3079475523678216 -7.249325137979958
0.921623887932049 -7.197093584242911
1.5286599022647764 -7.093006806310375
2.1246818869725126 -6.9378147518025
2.7053954899976453 -6.732635583028229
3.2666166565233508 -6.478947620600252
3.804301775184453 -6.178578692101112
4.314576812379987 -5.833692962543573
4.793765224774014 -5.44677534151215
5.238414448874674 -5.020613579332561
5.645320776833202 -4.558278181266785
6.0115524392324176 -4.063100284452285
6.334470728552564 -3.5386476569825676
6.6117490111194215 -2.9886989920563782
6.841389490553289 -2.417216682406538
7.021737601937643 -1.8283182711695665
7.151493932997289 -1.2262467848930083
7.229723586393585 -0.6153401624319096
7.336902263788864 0.0
7.310470989321201 0.6222127792670709
7.231367603856424 1.2399425012015495
7.100162049099456 1.8487384090016543
6.91779966407889 2.4442141142011597
6.685594373957621 3.0220792006988084
6.405219223171949 3.578170137304638
6.078694321108063 4.108480276077608
5.708372287167635 4.6091887203158315
5.296921300091117 5.076687854204865
4.847305873668771 5.507609335772318
4.362765497350884 5.898848365868956
3.846791295652043 6.247586058317711
3.303100874519011 6.551309750053183
2.7356115358946886 6.807831104916606
2.1484120534678515 7.015301880668017
1.5457332129650305 7.172227245613942
0.9319173292423998 7.277476548904014
0.31138695980774483 7.330291466896241
-0.3113869598077423 7.330291466896242
-0.9319173292424006 7.277476548904013
-1.5457332129650294 7.172227245613943
-2.1484120534678492 7.015301880668018
-2.7356115358946878 6.807831104916606
-3.303100874519012 6.551309750053183
-3.846791295652042 6.247586058317712
-4.362765497350883 5.8988483658689566
-4.847305873668769 5.50760933577232
-5.296921300091116 5.076687854204865
-5.708372287167636 4.609188720315831
-6.078694321108062 4.108480276077609
-6.405219223171947 3.5781701373046406
-6.685594373957621 3.0220792006988098
-6.91779966407889 2.4442141142011597
-7.100162049099456 1.848738409001653
-7.231367603856424 1.23994250120155
-7.310470989321201 0.6222127792670731
-7.336902263788864 8.985113873006002e-16
-7.310470989321201 -0.6222127792670681
-7.231367603856424 -1.2399425012015481
-7.100162049099456 -1.8487384090016543
-6.91779966407889 -2.444214114201158
-6.685594373957621 -3.022079200698808
-6.40521922317195 -3.578170137304636
-6.078694321108065 -4.1084802760776045
-5.708372287167635 -4.609188720315832
-5.2969213000911175 -5.076687854204864
-4.847305873668771 -5.507609335772318
-4.362765497350882 -5.898848365868957
-3.846791295652046 -6.247586058317709
-3.3031008745190134 -6.551309750053182
-2.7356115358946895 -6.807831104916605
-2.1484120534678506 -7.015301880668017
-1.545733212965028 -7.172227245613943
-0.9319173292424039 -7.277476548904013
-0.31138695980774567 -7.330291466896241
0.31138695980774306 -7.330291466896242
0.9319173292423947 -7.277476548904014
1.5457332129650319 -7.172227245613942
2.1484120534678484 -7.015301880668018
2.735611535894687 -6.807831104916607
3.303100874519011 -6.551309750053183
3.8467912956520385 -6.247586058317714
4.362765497350885 -5.898848365868955
4.847305873668768 -5.50760933577232
5.296921300091115 -5.076687854204866
5.708372287167635 -4.6091887203158315
6.07869432110806 -4.108480276077613
6.40521922317195 -3.5781701373046357
6.685594373957621 -3.0220792006988106
6.917799664078889 -2.4442141142011606
7.100162049099456 -1.8487384090016539
7.231367603856423 -1.239942501201554
7.3104709893212005 -0.622212779267074
7.41210666614369 0.0
7.385404466954892 0.6285905581334
7.3054902593455315 1.2526521068913294
7.172939827012665 1.8676882685146503
6.988708198858636 2.4692676933653455
6.754122767985952 3.053055987902205
6.470873727799565 3.614846944085613
6.141001894124653 4.1505928452028575
5.76688400108184 4.656433629759801
5.3512155766633915 5.128724703312396
4.896991521392262 5.564063197853169
4.4074845299952 5.959312489553197
3.8862215115622467 6.311624798208665
3.3369581780859288 6.618461705562492
2.763651984470282 6.877612444666041
2.1704336149775885 7.087209828505648
1.5615772215536101 7.2457437031278324
0.9414696284648768 7.352071828333149
0.3145787251293309 7.405428107542988
-0.31457872512932833 7.405428107542989
-0.9414696284648777 7.352071828333148
-1.561577221553609 7.245743703127833
-2.1704336149775862 7.087209828505649
-2.763651984470281 6.877612444666041
-3.3369581780859296 6.618461705562492
-3.886221511562246 6.3116247982086655
-4.407484529995199 5.959312489553198
-4.89699152139226 5.56406319785317
-5.351215576663391 5.128724703312396
-5.7668840010818405 4.656433629759801
-6.141001894124653 4.150592845202858
-6.470873727799563 3.6148469440856155
-6.754122767985951 3.0530559879022063
-6.988708198858636 2.4692676933653455
-7.172939827012665 1.8676882685146492
-7.3054902593455315 1.2526521068913299
-7.385404466954892 0.6285905581334023
-7.41210666614369 9.07721270363163e-16
-7.385404466954892 -0.6285905581333973
-7.3054902593455315 -1.252652106891328
-7.172939827012665 -1.8676882685146503
-6.988708198858636 -2.469267693365344
-6.754122767985952 -3.0530559879022046
-6.470873727799566 -3.614846944085611
-6.1410018941246545 -4.150592845202854
-5.76688400108184 -4.6564336297598015
-5.351215576663392 -5.128724703312395
-4.896991521392262 -5.564063197853169
-4.407484529995198 -5.959312489553199
-3.88622151156225 -6.311624798208664
-3.3369581780859314 -6.618461705562491
-2.763651984470283 -6.877612444666041
-2.1704336149775876 -7.087209828505648
-1.5615772215536077 -7.245743703127833
-0.9414696284648809 -7.352071828333148
-0.31457872512933177 -7.405428107542988
0.3145787251293291 -7.405428107542989
0.9414696284648717 -7.352071828333149
1.5615772215536114 -7.2457437031278324
2.1704336149775854 -7.087209828505649
2.7636519844702807 -6.877612444666042
3.3369581780859288 -6.618461705562492
3.8862215115622427 -6.311624798208668
4.407484529995201 -5.959312489553196
4.896991521392259 -5.56406319785317
5.35121557666339 -5.128724703312396
5.76688400108184 -4.656433629759801
6.14100189412465 -4.150592845202863
6.4708737277995665 -3.6148469440856106
6.754122767985951 -3.053055987902207
6.988708198858635 -2.4692676933653464
7.172939827012665 -1.8676882685146499
7.305490259345531 -1.252652106891334
7.385404466954891 -0.6285905581334031
7.483493227817522 0.0
7.456533857722385 0.6346445614912773
7.375849990316278 1.2647164943741633
7.242022954712732 1.8856761159341722
7.056016977769909 2.4930493978687074
6.819172236813998 3.082460201763503
6.533195203630871 3.649661809270181
6.200146349297764 4.19056751980926
5.82242529844194 4.701280095341481
5.402753539890275 5.178119840057183
4.944154818279889 5.617651112668931
4.449933347908752 6.0167070802857205
3.9236500057959445 6.3724125355165295
3.369096675481146 6.682204612405445
2.790268926416834 6.943851251939616
2.1913372257988244 7.155467284085578
1.576616890254558 7.3155280104825495
0.9505369938879131 7.422880189929058
0.3176084566988044 7.476750347512221
-0.31760845669880183 7.476750347512222
-0.9505369938879139 7.4228801899290575
-1.576616890254557 7.3155280104825495
-2.191337225798822 7.155467284085579
-2.790268926416833 6.943851251939616
-3.369096675481147 6.682204612405445
-3.9236500057959436 6.37241253551653
-4.449933347908751 6.016707080285721
-4.944154818279888 5.617651112668932
-5.402753539890274 5.178119840057183
-5.8224252984419405 4.70128009534148
-6.200146349297763 4.190567519809261
-6.53319520363087 3.649661809270184
-6.819172236813997 3.0824602017635043
-7.056016977769909 2.4930493978687074
-7.242022954712732 1.885676115934171
-7.375849990316278 1.2647164943741638
-7.456533857722385 0.6346445614912796
-7.483493227817522 9.164636027887624e-16
-7.456533857722385 -0.6346445614912745
-7.375849990316278 -1.264716494374162
-7.242022954712732 -1.8856761159341722
-7.056016977769909 -2.4930493978687056
-6.819172236813998 -3.0824602017635025
-6.533195203630872 -3.649661809270179
-6.200146349297765 -4.190567519809257
-5.82242529844194 -4.701280095341482
-5.402753539890276 -5.178119840057182
-4.944154818279889 -5.617651112668931
-4.44993334790875 -6.016707080285722
-3.923650005795948 -6.372412535516528
-3.3690966754811487 -6.682204612405444
-2.790268926416835 -6.943851251939615
-2.1913372257988235 -7.155467284085578
-1.5766168902545554 -7.3155280104825495
-0.9505369938879172 -7.4228801899290575
-0.3176084566988053 -7.476750347512221
0.3176084566988026 -7.476750347512222
0.9505369938879079 -7.422880189929058
1.5766168902545594 -7.3155280104825495
2.1913372257988213 -7.155467284085579
2.7902689264168323 -6.943851251939616
3.369096675481146 -6.682204612405445
3.9236500057959405 -6.372412535516532
4.449933347908754 -6.01670708028572
4.944154818279888 -5.617651112668932
5.4027535398902735 -5.1781198400571835
5.82242529844194 -4.701280095341481
6.200146349297761 -4.190567519809265
6.533195203630873 -3.6496618092701785
6.819172236813997 -3.082460201763505
7.056016977769908 -2.4930493978687083
7.242022954712732 -1.885676115934172
7.3758499903162775 -1.264716494374168
7.456533857722384 -0.6346445614912806
7.553921326507616 0.0
7.526708238380019 0.6406172815097432
7.445265044920774 1.2766189008264974
7.31017854620502 1.9034224517091425
7.122422043551506 2.5165118002103988
6.8833483268642786 3.111469623525404
6.594679927750433 3.684009236903748
6.258496708640404 4.230005479311323
5.8772208773315 4.745524435310109
5.453599534925219 5.226851779009046
4.990684882900857 5.670519535867189
4.491812231933914 6.073331069529756
3.9605759709062482 6.432384113666302
3.400803669251815 6.74509168286614
2.8165284992311865 7.00920071192751
2.211960176832996 7.222808289243979
1.591454630673774 7.384375367326175
0.9594826174324469 7.492737851674217
0.3205975099460291 7.547114988105255
-0.3205975099460265 7.547114988105256
-0.9594826174324477 7.492737851674217
-1.591454630673773 7.384375367326176
-2.2119601768329935 7.2228082892439796
-2.8165284992311856 7.00920071192751
-3.400803669251816 6.74509168286614
-3.9605759709062474 6.432384113666302
-4.491812231933914 6.073331069529757
-4.990684882900855 5.670519535867191
-5.453599534925218 5.226851779009046
-5.877220877331501 4.7455244353101085
-6.258496708640403 4.230005479311323
-6.594679927750431 3.68400923690375
-6.883348326864278 3.111469623525405
-7.122422043551506 2.5165118002103988
-7.31017854620502 1.9034224517091411
-7.445265044920774 1.2766189008264979
-7.526708238380019 0.6406172815097454
-7.553921326507616 9.25088557351848e-16
-7.526708238380019 -0.6406172815097403
-7.445265044920774 -1.276618900826496
-7.31017854620502 -1.9034224517091425
-7.122422043551506 -2.516511800210397
-6.8833483268642786 -3.111469623525404
-6.594679927750434 -3.6840092369037456
-6.258496708640406 -4.23000547931132
-5.8772208773315 -4.74552443531011
-5.45359953492522 -5.226851779009045
-4.990684882900857 -5.670519535867189
-4.491812231933913 -6.0733310695297575
-3.960575970906252 -6.4323841136663
-3.4008036692518173 -6.745091682866139
-2.8165284992311874 -7.009200711927509
-2.2119601768329953 -7.222808289243979
-1.5914546306737716 -7.384375367326176
-0.959482617432451 -7.492737851674217
-0.32059750994603 -7.547114988105255
0.32059750994602726 -7.547114988105256
0.9594826174324416 -7.492737851674217
1.5914546306737754 -7.384375367326175
2.2119601768329926 -7.2228082892439796
2.8165284992311848 -7.009200711927511
3.400803669251815 -6.74509168286614
3.9605759709062442 -6.432384113666305
4.491812231933916 -6.073331069529755
4.9906848829008545 -5.670519535867191
5.4535995349252175 -5.2268517790090465
5.8772208773315 -4.745524435310109
6.258496708640401 -4.230005479311328
6.594679927750434 -3.684009236903745
6.883348326864278 -3.111469623525406
7.122422043551505 -2.516511800210399
7.31017854620502 -1.903422451709142
7.445265044920773 -1.276618900826502
7.526708238380019 -0.6406172815097464
7.629576026469037 0.0
7.602090391418018 0.6470332482808887
7.519831520895332 1.2894046071811809
7.383392091948056 1.9224857763400944
7.1937551537882545 2.541715391426818
6.952287044900891 3.1426318888750377
6.660727548543728 3.72090565155067
6.321177357569089 4.272370203742523
5.93608293888372 4.793052230715276
5.5082189065986675 5.2792002065331864
5.040668030871028 5.727311423890432
4.536799026474322 6.134157231197509
4.000242281131358 6.496806295089923
3.434863698487504 6.81264572075224
2.8447368441863277 7.0793998778851215
2.234113595735795 7.295146796673768
1.6073935076333918 7.458332015624477
0.9690921124751507 7.5677797814953305
0.3238083864398354 7.6227015206252355
-0.32380838643983273 7.622701520625236
-0.9690921124751516 7.56777978149533
-1.6073935076333907 7.458332015624478
-2.234113595735793 7.295146796673769
-2.8447368441863268 7.0793998778851215
-3.4348636984875047 6.81264572075224
-4.000242281131357 6.4968062950899235
-4.536799026474321 6.13415723119751
-5.040668030871026 5.727311423890434
-5.5082189065986675 5.2792002065331864
-5.936082938883721 4.793052230715275
-6.321177357569088 4.272370203742524
-6.6607275485437265 3.7209056515506727
-6.95228704490089 3.142631888875039
-7.1937551537882545 2.541715391426818
-7.383392091948056 1.922485776340093
-7.519831520895332 1.2894046071811813
-7.602090391418018 0.647033248280891
-7.629576026469037 9.343535859666688e-16
-7.602090391418018 -0.6470332482808858
-7.519831520895332 -1.2894046071811793
-7.383392091948056 -1.9224857763400944
-7.1937551537882545 -2.5417153914268162
-6.952287044900891 -3.1426318888750373
-6.660727548543729 -3.7209056515506678
-6.32117735756909 -4.27237020374252
-5.93608293888372 -4.7930522307152765
-5.508218906598668 -5.279200206533186
-5.040668030871028 -5.727311423890432
-4.53679902647432 -6.134157231197511
-4.000242281131362 -6.496806295089921
-3.4348636984875065 -6.812645720752239
-2.8447368441863286 -7.079399877885121
-2.2341135957357943 -7.295146796673768
-1.6073935076333892 -7.458332015624478
-0.969092112475155 -7.56777978149533
-0.3238083864398363 -7.6227015206252355
0.3238083864398335 -7.622701520625236
0.9690921124751455 -7.5677797814953305
1.6073935076333932 -7.458332015624477
2.234113595735792 -7.295146796673769
2.844736844186326 -7.079399877885122
3.434863698487504 -6.81264572075224
4.000242281131354 -6.496806295089926
4.536799026474323 -6.134157231197508
5.040668030871025 -5.727311423890434
5.508218906598667 -5.279200206533187
5.93608293888372 -4.793052230715276
6.321177357569086 -4.272370203742528
6.66072754854373 -3.7209056515506673
6.95228704490089 -3.14263188887504
7.193755153788254 -2.541715391426819
7.383392091948056 -1.922485776340094
7.519831520895331 -1.2894046071811855
7.602090391418017 -0.6470332482808919
1.0 0.5 0.4 0.32000000000000006 0.25600000000000006 0.20480000000000007 0.16384000000000007 0.13107200000000005 0.10485760000000005 0.08388608000000004 0.06710886400000003 0.05368709120000003 0.042949672960000025 0.03435973836800002 0.027487790694400018 0.021990232555520017 0.017592186044416015 0.014073748835532814 0.011258999068426251 0.009007199254741001 0.007205759403792801 0.0057646075230342415 