0.0 0.0
1.2198375408341648 0.0
1.0564102988523243 0.6099187704170823
0.6099187704170825 1.056410298852324
7.469350699311694e-17 1.2198375408341648
-0.6099187704170821 1.0564102988523243
-1.0564102988523243 0.6099187704170823
-1.2198375408341648 1.4938701398623388e-16
-1.0564102988523243 -0.6099187704170821
-0.6099187704170829 -1.0564102988523238
-2.240805209793508e-16 -1.2198375408341648
0.6099187704170824 -1.056410298852324
1.0564102988523238 -0.6099187704170829
2.1604278819667324 0.0
1.8709854288273988 1.080213940983366
1.0802139409833664 1.8709854288273986
1.3228805452196272e-16 2.1604278819667324
-1.0802139409833655 1.870985428827399
-1.8709854288273988 1.080213940983366
-2.1604278819667324 2.6457610904392544e-16
-1.870985428827399 -1.0802139409833655
-1.0802139409833669 -1.8709854288273982
-3.968641635658882e-16 -2.1604278819667324
1.0802139409833662 -1.8709854288273986
1.8709854288273982 -1.0802139409833669
1.0 0.5 0.4 