0.0 0.0
1.2141903890932553 0.0
1.1409657488601028 0.41527757090232464
0.930123800453358 0.7804665379096226
0.6070951945466277 1.051519721985671
0.21084194840674497 1.1957441088119474
-0.21084194840674483 1.1957441088119474
-0.6070951945466274 1.0515197219856711
-0.9301238004533579 0.7804665379096228
-1.1409657488601028 0.4152775709023248
-1.2141903890932553 1.4869543735585343e-16
-1.1409657488601028 -0.4152775709023246
-0.9301238004533584 -0.7804665379096222
-0.6070951945466282 -1.0515197219856707
-0.21084194840674486 -1.1957441088119474
0.21084194840674442 -1.1957441088119474
0.6070951945466269 -1.0515197219856716
0.9301238004533577 -0.780466537909623
1.1409657488601028 -0.4152775709023245
1.9865565503510012 0.0
1.8667525311387458 0.6794423560755954
1.5217906063379907 1.2769339365072572
0.9932782751755008 1.7204084386583471
0.34496192480075505 1.9563762925828527
-0.3449619248007548 1.9563762925828527
-0.9932782751755002 1.7204084386583474
-1.5217906063379905 1.2769339365072576
-1.8667525311387456 0.6794423560755958
-1.9865565503510012 2.4328301207125615e-16
-1.8667525311387458 -0.6794423560755953
-1.5217906063379913 -1.2769339365072565
-0.9932782751755015 -1.7204084386583467
-0.3449619248007549 -1.9563762925828527
0.34496192480075416 -1.956376292582853
0.9932782751754993 -1.720408438658348
1.5217906063379902 -1.2769339365072578
1.8667525311387458 -0.6794423560755952
2.4772759919414873 0.0
2.327877969277507 0.8472782898210656
1.8977035076988304 1.592362313393919
1.2386379959707439 2.1453839412066222
0.43017446157867667 2.439640603214985
-0.4301744615786764 2.439640603214985
-1.2386379959707432 2.1453839412066227
-1.8977035076988302 1.5923623133939195
-2.3278779692775067 0.847278289821066
-2.4772759919414873 3.0337881141357265e-16
-2.327877969277507 -0.8472782898210655
-1.8977035076988313 -1.5923623133939182
-1.2386379959707448 -2.145383941206622
-0.43017446157867645 -2.439640603214985
0.43017446157867556 -2.4396406032149853
1.238637995970742 -2.145383941206623
1.89770350769883 -1.59236231339392
2.327877969277507 -0.8472782898210653
2.858998287330913 0.0
2.686579593444409 0.9778350040007603
2.190119750896521 1.837728675211347
1.4294991436654567 2.4759651462047723
0.49645984254788816 2.8155636792121075
-0.49645984254788783 2.8155636792121075
-1.4294991436654558 2.4759651462047727
-2.1901197508965207 1.8377286752113478
-2.6865795934444088 0.9778350040007607
-2.858998287330913 3.5012631013475673e-16
-2.686579593444409 -0.9778350040007601
-2.190119750896522 -1.8377286752113462
-1.4294991436654578 -2.475965146204772
-0.4964598425478879 -2.8155636792121075
0.4964598425478869 -2.815563679212108
1.4294991436654545 -2.4759651462047736
2.1901197508965207 -1.837728675211348
2.686579593444409 -0.97783500400076
3.172486233365563 0.0
2.981161903038501 1.0850541962344007
2.430265449941147 2.0392348427085025
1.586243116682782 2.7474536712509843
0.5508964530973541 3.1242890389429037
-0.5508964530973538 3.1242890389429037
-1.5862431166827808 2.7474536712509847
-2.4302654499411465 2.0392348427085034
-2.9811619030385006 1.0850541962344014
-3.172486233365563 3.8851751110301796e-16
-2.981161903038501 -1.0850541962344005
-2.430265449941148 -2.0392348427085016
-1.5862431166827828 -2.747453671250984
-0.5508964530973539 -3.1242890389429037
0.5508964530973527 -3.1242890389429037
1.5862431166827793 -2.7474536712509856
2.430265449941146 -2.039234842708504
2.981161903038501 -1.0850541962344005
3.4370655780306123 0.0
3.2297851608326194 1.1755456616177524
2.6329449866858687 2.2093031672381804
1.7185327890153066 2.9765861050475557
0.5968401741467506 3.384848828855933
-0.5968401741467503 3.384848828855933
-1.7185327890153055 2.976586105047556
-2.6329449866858683 2.2093031672381813
-3.229785160832619 1.1755456616177529
-3.4370655780306123 4.2091913585947367e-16
-3.2297851608326194 -1.1755456616177522
-2.6329449866858696 -2.2093031672381795
-1.7185327890153077 -2.9765861050475553
-0.5968401741467504 -3.384848828855933
0.5968401741467492 -3.3848488288559335
1.718532789015304 -2.9765861050475575
2.632944986685868 -2.2093031672381818
3.2297851608326194 -1.175545661617752
3.8480391390528497 0.0
3.615973983463323 1.3161068978616386
2.947768999375772 2.4734718801720295
1.9240195695264253 3.3324996491765675
0.6682049840875511 3.7895787780336683
-0.6682049840875508 3.7895787780336683
-1.924019569526424 3.332499649176568
-2.9477689993757714 2.4734718801720303
-3.6159739834633227 1.316106897861639
-3.8480391390528497 4.712488814634809e-16
-3.615973983463323 -1.3161068978616384
-2.947768999375773 -2.4734718801720286
-1.9240195695264266 -3.3324996491765666
-0.6682049840875509 -3.7895787780336683
0.6682049840875495 -3.7895787780336687
1.9240195695264222 -3.3324996491765693
2.947768999375771 -2.473471880172031
3.615973983463323 -1.3161068978616381
3.6493390609488014 0.0
3.4292569863193654 1.2481474686696703
2.795555908696859 2.3457499319229997
1.8246695304744012 3.1604203338045096
0.6337010776225065 3.5938974005926703
-0.633701077622506 3.5938974005926703
-1.8246695304743998 3.16042033380451
-2.7955559086968584 2.3457499319230006
-3.429256986319365 1.248147468669671
-3.6493390609488014 4.469151399994357e-16
-3.4292569863193654 -1.24814746866967
-2.7955559086968598 -2.345749931922999
-1.8246695304744023 -3.160420333804509
-0.6337010776225062 -3.5938974005926703
0.6337010776225048 -3.5938974005926707
1.8246695304743983 -3.1604203338045114
2.795555908696858 -2.345749931923001
3.4292569863193654 -1.2481474686696699
4.038785582695939 0.0
3.7952170089958894 1.3813460238553097
3.093889252573268 2.5960813307375794
2.01939279134797 3.49769091505302
0.7013277564226216 3.9774273545928893
-0.7013277564226211 3.9774273545928893
-2.019392791347969 3.4976909150530204
-3.0938892525732675 2.5960813307375803
-3.795217008995889 1.3813460238553104
-4.038785582695939 4.94608583629106e-16
-3.7952170089958894 -1.3813460238553095
-3.0938892525732693 -2.596081330737578
-2.0193927913479714 -3.497690915053019
-0.7013277564226212 -3.9774273545928893
0.7013277564226198 -3.9774273545928898
2.019392791347967 -3.4976909150530218
3.093889252573267 -2.5960813307375807
3.7952170089958894 -1.3813460238553092
4.324665983480623 0.0
4.063856712040574 1.4791228795056865
3.312886344991001 2.779841710214196
2.162332991740312 3.7452706045766324
0.7509703670495735 4.2589645897198825
-0.7509703670495731 4.2589645897198825
-2.1623329917403105 3.745270604576633
-3.3128863449910004 2.779841710214197
-4.063856712040574 1.4791228795056874
-4.324665983480623 5.296188354050984e-16
-4.063856712040574 -1.4791228795056863
-3.312886344991002 -2.7798417102141944
-2.162332991740313 -3.7452706045766315
-0.7509703670495732 -4.2589645897198825
0.7509703670495717 -4.258964589719883
2.1623329917403087 -3.7452706045766346
3.312886344991 -2.7798417102141975
4.063856712040574 -1.479122879505686
4.184972300178192 0.0
3.9325875886708763 1.4313448259208985
3.2058747751583514 2.6900483414359178
2.0924861500890963 3.624292326088509
0.726712813512525 4.121393167356817
-0.7267128135125246 4.121393167356817
-2.092486150089095 3.6242923260885096
-3.205874775158351 2.6900483414359186
-3.932587588670876 1.4313448259208994
-4.184972300178192 5.125112931933559e-16
-3.9325875886708763 -1.4313448259208983
-3.2058747751583527 -2.6900483414359164
-2.0924861500890977 -3.6242923260885083
-0.7267128135125247 -4.121393167356817
0.7267128135125233 -4.121393167356818
2.092486150089093 -3.6242923260885114
3.2058747751583505 -2.690048341435919
3.9325875886708763 -1.431344825920898
4.462406589618915 0.0
4.193290543211306 1.5262329413588698
3.4184017709150796 2.868379665190604
2.231203294809458 3.8645574686250606
0.7748887722962264 4.394612606549474
-0.7748887722962259 4.394612606549474
-2.2312032948094567 3.864557468625061
-3.418401770915079 2.868379665190605
-4.1932905432113055 1.5262329413588707
-4.462406589618915 5.464871946470861e-16
-4.193290543211306 -1.5262329413588696
-3.4184017709150814 -2.8683796651906026
-2.2312032948094593 -3.8645574686250597
-0.774888772296226 -4.394612606549474
0.7748887722962244 -4.394612606549474
2.2312032948094545 -3.8645574686250623
3.4184017709150787 -2.8683796651906053
4.193290543211306 -1.5262329413588693
4.740382030540325 0.0
4.4545020138048645 1.6213061415038266
3.631343312756474 3.047058834412039
2.370191015270163 4.105291262091182
0.8231587010483907 4.668364975915866
-0.8231587010483903 4.668364975915866
-2.3701910152701617 4.105291262091183
-3.6313433127564734 3.04705883441204
-4.454502013804864 1.6213061415038272
-4.740382030540325 5.80529368043684e-16
-4.4545020138048645 -1.6213061415038263
-3.631343312756475 -3.0470588344120375
-2.370191015270165 -4.105291262091181
-0.8231587010483904 -4.668364975915866
0.8231587010483886 -4.668364975915866
2.3701910152701595 -4.105291262091185
3.6313433127564725 -3.0470588344120406
4.4545020138048645 -1.621306141503826
4.6287734913760925 0.0
4.34962429313554 1.5831337729425072
3.5458462115250864 2.9753182483020555
2.3143867456880467 4.008635431895686
0.8037780816104535 4.5584520212445625
-0.8037780816104529 4.5584520212445625
-2.3143867456880454 4.008635431895686
-3.545846211525086 2.9753182483020564
-4.349624293135539 1.583133772942508
-4.6287734913760925 5.668612640191851e-16
-4.34962429313554 -1.5831337729425068
-3.5458462115250877 -2.9753182483020537
-2.3143867456880485 -4.008635431895685
-0.8037780816104532 -4.5584520212445625
0.8037780816104515 -4.558452021244563
2.314386745688043 -4.008635431895688
3.5458462115250855 -2.975318248302057
4.34962429313554 -1.5831337729425066
4.973515051364388 0.0
4.673575393134764 1.7010423307000186
3.8099335678662882 3.1969138516065407
2.4867575256821945 4.307190380585827
0.8636418252684759 4.89795618230656
-0.8636418252684753 4.89795618230656
-2.486757525682193 4.307190380585828
-3.8099335678662873 3.1969138516065416
-4.6735753931347634 1.7010423307000195
-4.973515051364388 6.090799288164582e-16
-4.673575393134764 -1.7010423307000184
-3.8099335678662896 -3.196913851606539
-2.4867575256821963 -4.307190380585826
-0.8636418252684754 -4.89795618230656
0.8636418252684737 -4.89795618230656
2.486757525682191 -4.30719038058583
3.809933567866287 -3.196913851606542
4.673575393134764 -1.7010423307000182
4.855679959463687 0.0
4.562846626806045 1.6607403556793474
3.7196666505113414 3.1211709145464948
2.4278399797318437 4.205142197542545
0.8431799762947038 4.781911270225843
-0.8431799762947032 4.781911270225843
-2.4278399797318424 4.205142197542546
-3.719666650511341 3.121170914546496
-4.562846626806045 1.660740355679348
-4.855679959463687 5.946492920041154e-16
-4.562846626806045 -1.660740355679347
-3.719666650511343 -3.1211709145464934
-2.4278399797318455 -4.2051421975425445
-0.8431799762947033 -4.781911270225843
0.8431799762947015 -4.781911270225843
2.42783997973184 -4.205142197542548
3.7196666505113405 -3.1211709145464965
4.562846626806045 -1.6607403556793467
4.551300103274587 0.0
4.276823122029272 1.556636313640105
3.4864981530803276 2.925519314349971
2.2756500516372937 3.941541509682531
0.7903249689489441 4.482155627990076
-0.7903249689489437 4.482155627990076
-2.2756500516372924 3.9415415096825313
-3.486498153080327 2.925519314349972
-4.276823122029271 1.5566363136401056
-4.551300103274587 5.573735103434241e-16
-4.276823122029272 -1.5566363136401047
-3.4864981530803294 -2.925519314349969
-2.2756500516372955 -3.94154150968253
-0.7903249689489438 -4.482155627990076
0.7903249689489421 -4.4821556279900765
2.27565005163729 -3.941541509682533
3.4864981530803267 -2.9255193143499723
4.276823122029272 -1.5566363136401045
1.6460057690119383 0.0
1.5467394749115528 0.5629671290323407
1.2609135726933753 1.0580321137934376
0.8230028845059694 1.4254828107400792
0.2858259022181775 1.6209992428257785
-0.28582590221817733 1.6209992428257785
-0.8230028845059688 1.4254828107400794
-1.2609135726933753 1.058032113793438
-1.5467394749115528 0.5629671290323409
-1.6460057690119383 2.0157756963985478e-16
-1.5467394749115528 -0.5629671290323406
-1.260913572693376 -1.0580321137934372
-0.8230028845059699 -1.4254828107400788
-0.28582590221817733 -1.6209992428257785
0.2858259022181768 -1.6209992428257787
0.823002884505968 -1.4254828107400799
1.2609135726933751 -1.0580321137934383
1.5467394749115528 -0.5629671290323405
1.0 0.5 0.4 0.32000000000000006 0.25600000000000006 0.20480000000000007 0.16384000000000007 0.13107200000000005 0.10485760000000005 0.08388608000000004 0.06710886400000003 0.05368709120000003 0.042949672960000025 0.03435973836800002 0.027487790694400018 0.021990232555520017 0.017592186044416015 0.014073748835532814 0.011258999068426251 