0.0 0.0
0.9934883070510665 0.0
0.8603861122690183 0.4967441535255332
0.49674415352553336 0.8603861122690182
6.083361376102057e-17 0.9934883070510665
-0.496744153525533 0.8603861122690183
-0.8603861122690183 0.4967441535255332
-0.9934883070510665 1.2166722752204114e-16
-0.8603861122690184 -0.49674415352553297
-0.4967441535255337 -0.860386112269018
-1.825008412830617e-16 -0.9934883070510665
0.49674415352553336 -0.8603861122690182
0.860386112269018 -0.4967441535255337
1.6431205102149389 0.0
1.4229841033253854 0.8215602551074693
0.8215602551074697 1.4229841033253852
1.0061211367240453e-16 1.6431205102149389
-0.8215602551074691 1.4229841033253854
-1.4229841033253854 0.8215602551074693
-1.6431205102149389 2.0122422734480907e-16
-1.4229841033253856 -0.821560255107469
-0.8215602551074702 -1.422984103325385
-3.018363410172136e-16 -1.6431205102149389
0.8215602551074697 -1.4229841033253852
1.422984103325385 -0.8215602551074702
2.0867244227601196 0.0
1.8071563608076824 1.0433622113800596
1.04336221138006 1.8071563608076822
1.2777501925178943e-16 2.0867244227601196
-1.0433622113800594 1.8071563608076824
-1.8071563608076824 1.0433622113800596
-2.0867244227601196 2.5555003850357886e-16
-1.8071563608076826 -1.0433622113800591
-1.0433622113800607 -1.8071563608076817
-3.833250577553683e-16 -2.0867244227601196
1.04336221138006 -1.8071563608076822
1.8071563608076817 -1.0433622113800607
2.7129814671840085 0.0
2.34951087057773 1.356490733592004
1.3564907335920044 2.3495108705777294
1.661222034966493e-16 2.7129814671840085
-1.3564907335920036 2.34951087057773
-2.34951087057773 1.356490733592004
-2.7129814671840085 3.322444069932986e-16
-2.3495108705777303 -1.3564907335920036
-1.3564907335920053 -2.349510870577729
-4.983666104899479e-16 -2.7129814671840085
1.3564907335920044 -2.3495108705777294
2.349510870577729 -1.3564907335920053
2.4161722092774935 0.0
2.0924665131522806 1.2080861046387465
1.208086104638747 2.0924665131522806
1.4794787811402357e-16 2.4161722092774935
-1.2080861046387463 2.0924665131522806
-2.0924665131522806 1.2080861046387465
-2.4161722092774935 2.9589575622804715e-16
-2.092466513152281 -1.208086104638746
-1.2080861046387479 -2.0924665131522797
-4.4384363434207064e-16 -2.4161722092774935
1.208086104638747 -2.0924665131522806
2.0924665131522797 -1.2080861046387479
2.988239234132643 0.0
2.587891089344224 1.4941196170663213
1.4941196170663218 2.587891089344224
1.8297688065835399e-16 2.988239234132643
-1.494119617066321 2.587891089344224
-2.587891089344224 1.4941196170663213
-2.988239234132643 3.6595376131670798e-16
-2.5878910893442244 -1.4941196170663207
-1.494119617066323 -2.587891089344223
-5.489306419750619e-16 -2.988239234132643
1.4941196170663218 -2.587891089344224
2.587891089344223 -1.494119617066323
3.209319285388791 0.0
2.779352030002014 1.6046596426943953
1.604659642694396 2.7793520300020136
1.965141295146627e-16 3.209319285388791
-1.6046596426943949 2.779352030002014
-2.779352030002014 1.6046596426943953
-3.209319285388791 3.930282590293254e-16
-2.7793520300020145 -1.6046596426943947
-1.6046596426943969 -2.779352030002013
-5.895423885439881e-16 -3.209319285388791
1.604659642694396 -2.7793520300020136
2.779352030002013 -1.6046596426943969
3.4030582984318953 0.0
2.9471349370014672 1.7015291492159474
1.7015291492159481 2.947134937001467
2.0837722262432295e-16 3.4030582984318953
-1.701529149215947 2.9471349370014672
-2.9471349370014672 1.7015291492159474
-3.4030582984318953 4.167544452486459e-16
-2.9471349370014677 -1.7015291492159468
-1.7015291492159492 -2.947134937001466
-6.251316678729688e-16 -3.4030582984318953
1.7015291492159481 -2.947134937001467
2.947134937001466 -1.7015291492159492
3.5748006789578066 0.0
3.09586820144332 1.787400339478903
1.7874003394789038 3.0958682014433196
2.1889341045377315e-16 3.5748006789578066
-1.7874003394789024 3.09586820144332
-3.09586820144332 1.787400339478903
-3.5748006789578066 4.377868209075463e-16
-3.0958682014433205 -1.7874003394789024
-1.7874003394789049 -3.0958682014433188
-6.566802313613194e-16 -3.5748006789578066
1.7874003394789038 -3.0958682014433196
3.0958682014433188 -1.7874003394789049
3.7283925232753385 0.0
3.2288826404364075 1.864196261637669
1.8641962616376697 3.228882640436407
2.2829819847970333e-16 3.7283925232753385
-1.8641962616376684 3.2288826404364075
-3.2288826404364075 1.864196261637669
-3.7283925232753385 4.565963969594067e-16
-3.228882640436408 -1.8641962616376682
-1.8641962616376708 -3.228882640436406
-6.8489459543911e-16 -3.7283925232753385
1.8641962616376697 -3.228882640436407
3.228882640436406 -1.8641962616376708
3.866920308793198 0.0
3.3488512218248756 1.9334601543965988
1.9334601543965995 3.348851221824875
2.367805789360742e-16 3.866920308793198
-1.9334601543965981 3.3488512218248756
-3.3488512218248756 1.9334601543965988
-3.866920308793198 4.735611578721484e-16
-3.348851221824876 -1.933460154396598
-1.9334601543966008 -3.3488512218248743
-7.103417368082226e-16 -3.866920308793198
1.9334601543965995 -3.348851221824875
3.3488512218248743 -1.9334601543966008
3.9930201652132236 0.0
3.458056900898188 1.9965100826066116
1.9965100826066122 3.4580569008981876
2.445019682129605e-16 3.9930201652132236
-1.996510082606611 3.458056900898188
-3.458056900898188 1.9965100826066116
-3.9930201652132236 4.89003936425921e-16
-3.4580569008981885 -1.9965100826066107
-1.9965100826066136 -3.4580569008981867
-7.335059046388814e-16 -3.9930201652132236
1.9965100826066122 -3.4580569008981876
3.4580569008981867 -1.9965100826066136
4.109097589915995 0.0
3.5585828994966637 2.0545487949579972
2.054548794957998 3.5585828994966633
2.5160966054373635e-16 4.109097589915995
-2.054548794957997 3.5585828994966637
-3.5585828994966637 2.0545487949579972
-4.109097589915995 5.032193210874727e-16
-3.558582899496664 -2.0545487949579964
-2.0545487949579995 -3.5585828994966624
-7.54828981631209e-16 -4.109097589915995
2.054548794957998 -3.5585828994966633
3.5585828994966624 -2.0545487949579995
4.217559751369068 0.0
3.652513886664394 2.1087798756845335
2.1087798756845344 3.6525138866643934
2.5825105248634177e-16 4.217559751369068
-2.108779875684533 3.652513886664394
-3.652513886664394 2.1087798756845335
-4.217559751369068 5.165021049726835e-16
-3.6525138866643942 -2.1087798756845326
-2.1087798756845357 -3.6525138866643925
-7.747531574590253e-16 -4.217559751369068
2.1087798756845344 -3.6525138866643934
3.6525138866643925 -2.1087798756845357
4.321191948814009 0.0
3.742262002301718 2.1605959744070042
2.160595974407005 3.7422620023017177
2.645966944308195e-16 4.321191948814009
-2.160595974407004 3.742262002301718
-3.742262002301718 2.1605959744070042
-4.321191948814009 5.29193388861639e-16
-3.7422620023017186 -2.1605959744070034
-2.1605959744070065 -3.742262002301717
-7.937900832924584e-16 -4.321191948814009
2.160595974407005 -3.7422620023017177
3.742262002301717 -2.1605959744070065
4.424082600970818 0.0
3.831367920881463 2.2120413004854087
2.2120413004854096 3.8313679208814624
2.708969298221205e-16 4.424082600970818
-2.2120413004854083 3.831367920881463
-3.831367920881463 2.2120413004854087
-4.424082600970818 5.41793859644241e-16
-3.8313679208814633 -2.212041300485408
-2.212041300485411 -3.831367920881461
-8.126907894663614e-16 -4.424082600970818
2.2120413004854096 -3.8313679208814624
3.831367920881461 -2.212041300485411
4.535322597921017 0.0
3.927704584157239 2.2676612989605083
2.267661298960509 3.927704584157238
2.777084151322316e-16 4.535322597921017
-2.267661298960508 3.927704584157239
-3.927704584157239 2.2676612989605083
-4.535322597921017 5.554168302644632e-16
-3.9277045841572393 -2.2676612989605074
-2.267661298960511 -3.927704584157237
-8.331252453966948e-16 -4.535322597921017
2.267661298960509 -3.927704584157238
3.927704584157237 -2.267661298960511
1.0 0.5 0.4 0.32000000000000006 0.25600000000000006 0.20480000000000007 0.16384000000000007 0.13107200000000005 0.10485760000000005 0.08388608000000004 0.06710886400000003 0.05368709120000003 0.042949672960000025 0.03435973836800002 0.027487790694400018 0.021990232555520017 0.017592186044416015 0.014073748835532814 