0.0 0.0
2.1427389992046044 0.0
2.132421125253291 0.21002514917465995
2.101566870165825 0.4180276413513426
2.050473377285351 0.6220042988246582
1.9796327048788522 0.8199907148781554
1.8897270873470537 1.0100801720948545
1.7816223649341962 1.1904420050882913
1.6563596452131686 1.359339230810932
1.515145276650452 1.5151452766504518
1.359339230810932 1.6563596452131686
1.1904420050882916 1.7816223649341962
1.010080172094855 1.8897270873470535
0.8199907148781556 1.9796327048788522
0.6220042988246582 2.0504733772853516
0.41802764135134285 2.101566870165825
0.2100251491746603 2.1324211252532908
1.312049228392061e-16 2.1427389992046044
-0.21002514917466006 2.132421125253291
-0.4180276413513425 2.101566870165825
-0.6220042988246579 2.0504733772853516
-0.8199907148781553 1.9796327048788522
-1.0100801720948547 1.8897270873470537
-1.1904420050882907 1.7816223649341967
-1.3593392308109318 1.6563596452131688
-1.5151452766504518 1.515145276650452
-1.6563596452131686 1.359339230810932
-1.7816223649341965 1.1904420050882913
-1.8897270873470535 1.010080172094855
-1.9796327048788522 0.8199907148781557
-2.050473377285351 0.6220042988246584
-2.101566870165825 0.4180276413513434
-2.1324211252532908 0.21002514917466045
-2.1427389992046044 2.624098456784122e-16
-2.132421125253291 -0.21002514917465992
-2.101566870165825 -0.4180276413513429
-2.0504733772853516 -0.6220042988246577
-1.9796327048788527 -0.8199907148781551
-1.8897270873470537 -1.0100801720948545
-1.7816223649341967 -1.1904420050882907
-1.6563596452131688 -1.3593392308109316
-1.5151452766504523 -1.5151452766504518
-1.3593392308109329 -1.656359645213168
-1.1904420050882913 -1.7816223649341962
-1.010080172094855 -1.8897270873470535
-0.8199907148781566 -1.9796327048788518
-0.6220042988246585 -2.050473377285351
-0.4180276413513435 -2.101566870165825
-0.21002514917465964 -2.132421125253291
-3.936147685176182e-16 -2.1427389992046044
0.21002514917465887 -2.132421125253291
0.41802764135134274 -2.101566870165825
0.6220042988246576 -2.0504733772853516
0.8199907148781559 -1.979632704878852
1.0100801720948545 -1.8897270873470537
1.1904420050882905 -1.7816223649341967
1.3593392308109322 -1.6563596452131684
1.5151452766504516 -1.5151452766504523
1.656359645213168 -1.3593392308109329
1.7816223649341962 -1.1904420050882913
1.8897270873470533 -1.0100801720948551
1.9796327048788518 -0.8199907148781567
2.050473377285351 -0.6220042988246586
2.101566870165825 -0.4180276413513437
2.132421125253291 -0.21002514917465975
3.2574571316896543 0.0
3.2417715852469673 0.3192866327943528
3.19486600630574 0.6354983607750682
3.117192121232376 0.9455898921427779
3.009497972000995 1.2465748759371371
2.872820712140306 1.5355546622290772
2.708476618378158 1.809746217704186
2.5180484141771005 2.0665089277948883
2.3033700272422353 2.303370027242235
2.0665089277948883 2.5180484141771005
1.8097462177041865 2.708476618378158
1.5355546622290777 2.8728207121403058
1.2465748759371373 3.009497972000995
0.9455898921427779 3.1171921212323763
0.6354983607750684 3.19486600630574
0.3192866327943534 3.241771585246967
1.9946172248417267e-16 3.2574571316896543
-0.319286632794353 3.2417715852469673
-0.6354983607750679 3.19486600630574
-0.9455898921427773 3.1171921212323763
-1.2465748759371371 3.009497972000995
-1.5355546622290772 2.872820712140306
-1.8097462177041854 2.7084766183781586
-2.0665089277948883 2.518048414177101
-2.303370027242235 2.3033700272422353
-2.5180484141771005 2.0665089277948883
-2.708476618378158 1.809746217704186
-2.8728207121403058 1.5355546622290779
-3.009497972000995 1.2465748759371376
-3.117192121232376 0.9455898921427781
-3.19486600630574 0.6354983607750693
-3.241771585246967 0.31928663279435354
-3.2574571316896543 3.9892344496834533e-16
-3.2417715852469673 -0.31928663279435276
-3.19486600630574 -0.6354983607750685
-3.1171921212323763 -0.9455898921427772
-3.0094979720009953 -1.246574875937137
-2.872820712140306 -1.5355546622290772
-2.7084766183781586 -1.8097462177041854
-2.518048414177101 -2.066508927794888
-2.3033700272422357 -2.303370027242235
-2.06650892779489 -2.5180484141770996
-1.809746217704186 -2.708476618378158
-1.5355546622290779 -2.8728207121403058
-1.246574875937139 -3.009497972000994
-0.9455898921427782 -3.117192121232376
-0.6354983607750695 -3.19486600630574
-0.3192866327943523 -3.2417715852469673
-5.98385167452518e-16 -3.2574571316896543
0.31928663279435116 -3.2417715852469673
0.6354983607750683 -3.19486600630574
0.945589892142777 -3.1171921212323763
1.246574875937138 -3.0094979720009944
1.535554662229077 -2.872820712140306
1.8097462177041852 -2.7084766183781586
2.0665089277948887 -2.5180484141771
2.3033700272422344 -2.3033700272422357
2.5180484141770996 -2.06650892779489
2.708476618378158 -1.809746217704186
2.8728207121403053 -1.535554662229078
3.009497972000994 -1.2465748759371391
3.117192121232376 -0.9455898921427784
3.19486600630574 -0.6354983607750697
3.2417715852469673 -0.3192866327943525
4.018609562629091 0.0
3.999258859187309 0.3938926174299298
3.9413931067142767 0.7839918336304017
3.8455695840389477 1.1665407798994818
3.7127111240671513 1.537855300762073
3.5440972263962385 1.8943594344011032
3.3413517350345114 2.232619851124646
3.106427199895744 2.5493789182077005
2.8415860726761366 2.841586072676136
2.5493789182077005 3.106427199895744
2.2326198511246464 3.3413517350345114
1.8943594344011039 3.544097226396238
1.5378553007620732 3.7127111240671513
1.1665407798994818 3.845569584038948
0.783991833630402 3.9413931067142767
0.3938926174299305 3.9992588591873086
2.460688668948331e-16 4.018609562629091
-0.39389261742993 3.999258859187309
-0.7839918336304015 3.9413931067142767
-1.1665407798994811 3.845569584038948
-1.5378553007620728 3.7127111240671513
-1.8943594344011034 3.5440972263962385
-2.232619851124645 3.3413517350345123
-2.5493789182077 3.1064271998957445
-2.841586072676136 2.8415860726761366
-3.106427199895744 2.5493789182077005
-3.341351735034512 2.232619851124646
-3.544097226396238 1.894359434401104
-3.7127111240671513 1.5378553007620734
-3.8455695840389477 1.166540779899482
-3.9413931067142767 0.7839918336304031
-3.9992588591873086 0.3938926174299307
-4.018609562629091 4.921377337896662e-16
-3.999258859187309 -0.39389261742992976
-3.9413931067142767 -0.7839918336304021
-3.845569584038948 -1.166540779899481
-3.7127111240671518 -1.5378553007620726
-3.5440972263962385 -1.8943594344011032
-3.3413517350345123 -2.232619851124645
-3.1064271998957445 -2.5493789182076996
-2.841586072676137 -2.841586072676136
-2.5493789182077022 -3.1064271998957427
-2.232619851124646 -3.3413517350345114
-1.894359434401104 -3.544097226396238
-1.5378553007620752 -3.7127111240671504
-1.1665407798994822 -3.8455695840389477
-0.7839918336304034 -3.9413931067142762
-0.3938926174299292 -3.999258859187309
-7.382066006844992e-16 -4.018609562629091
0.39389261742992776 -3.999258859187309
0.7839918336304019 -3.9413931067142767
1.1665407798994807 -3.845569584038948
1.5378553007620739 -3.712711124067151
1.894359434401103 -3.5440972263962385
2.2326198511246447 -3.3413517350345123
2.549378918207701 -3.1064271998957436
2.8415860726761357 -2.841586072676137
3.1064271998957427 -2.5493789182077022
3.3413517350345114 -2.232619851124646
3.5440972263962376 -1.8943594344011043
3.7127111240671504 -1.5378553007620754
3.8455695840389477 -1.1665407798994825
3.9413931067142762 -0.7839918336304036
3.999258859187309 -0.3938926174299294
4.5904892794103915 0.0
4.568384818821681 0.4499466318813119
4.502284315094544 0.8955600317317578
4.3928243522140855 1.332548698913715
4.241059089459746 1.7567041936799164
4.048450109275182 2.163941666748784
3.8168523414303483 2.550339198636017
3.5484961990338104 2.9121755698831646
3.245966098435236 3.2459660984352356
2.9121755698831646 3.5484961990338104
2.5503391986360175 3.8168523414303483
2.1639416667487845 4.048450109275182
1.7567041936799166 4.241059089459746
1.332548698913715 4.3928243522140855
0.8955600317317581 4.502284315094544
0.4499466318813126 4.56838481882168
2.810864001275088e-16 4.5904892794103915
-0.44994663188131206 4.568384818821681
-0.8955600317317576 4.502284315094544
-1.332548698913714 4.3928243522140855
-1.7567041936799161 4.241059089459746
-2.163941666748784 4.048450109275182
-2.5503391986360158 3.8168523414303497
-2.912175569883164 3.5484961990338113
-3.2459660984352356 3.245966098435236
-3.5484961990338104 2.9121755698831646
-3.816852341430349 2.550339198636017
-4.048450109275182 2.163941666748785
-4.241059089459746 1.7567041936799168
-4.3928243522140855 1.3325486989137152
-4.502284315094544 0.8955600317317595
-4.56838481882168 0.4499466318813129
-4.5904892794103915 5.621728002550176e-16
-4.568384818821681 -0.44994663188131184
-4.502284315094544 -0.8955600317317584
-4.3928243522140855 -1.3325486989137139
-4.241059089459746 -1.7567041936799157
-4.048450109275182 -2.163941666748784
-3.8168523414303497 -2.5503391986360158
-3.5484961990338113 -2.9121755698831637
-3.2459660984352365 -3.2459660984352356
-2.912175569883167 -3.548496199033809
-2.550339198636017 -3.8168523414303483
-2.163941666748785 -4.048450109275182
-1.7567041936799188 -4.241059089459745
-1.3325486989137154 -4.3928243522140855
-0.8955600317317597 -4.502284315094544
-0.4499466318813112 -4.568384818821681
-8.432592003825263e-16 -4.5904892794103915
0.4499466318813095 -4.568384818821681
0.895560031731758 -4.502284315094544
1.3325486989137136 -4.3928243522140855
1.7567041936799173 -4.241059089459745
2.1639416667487836 -4.048450109275182
2.5503391986360153 -3.8168523414303497
2.912175569883165 -3.54849619903381
3.245966098435235 -3.2459660984352365
3.548496199033809 -2.912175569883167
3.8168523414303483 -2.550339198636017
4.048450109275181 -2.163941666748785
4.241059089459745 -1.756704193679919
4.3928243522140855 -1.3325486989137156
4.502284315094544 -0.89556003173176
4.568384818821681 -0.44994663188131145
5.039327612548019 0.0
5.015061872705255 0.49394048176574873
4.9424983455166505 0.9831240466767597
4.822335857416292 1.4628395895880018
4.655731638852082 1.9284671875820492
4.444290179523926 2.375522592352281
4.190047776270812 2.799700415965418
3.895452922419103 3.19691559410088
3.563342727453319 3.5633427274533185
3.19691559410088 3.895452922419103
2.7997004159654186 4.190047776270812
2.375522592352282 4.444290179523925
1.9284671875820494 4.655731638852082
1.4628395895880018 4.822335857416292
0.9831240466767601 4.9424983455166505
0.49394048176574956 5.015061872705254
3.085698215280902e-16 5.039327612548019
-0.49394048176574895 5.015061872705255
-0.9831240466767595 4.9424983455166505
-1.4628395895880009 4.822335857416292
-1.9284671875820487 4.655731638852082
-2.3755225923522816 4.444290179523926
-2.7997004159654173 4.190047776270813
-3.1969155941008798 3.8954529224191035
-3.5633427274533185 3.563342727453319
-3.895452922419103 3.19691559410088
-4.190047776270813 2.799700415965418
-4.444290179523925 2.3755225923522825
-4.655731638852082 1.9284671875820496
-4.822335857416292 1.462839589588002
-4.9424983455166505 0.9831240466767616
-5.015061872705254 0.4939404817657499
-5.039327612548019 6.171396430561804e-16
-5.015061872705255 -0.4939404817657487
-4.9424983455166505 -0.9831240466767602
-4.822335857416292 -1.4628395895880006
-4.655731638852083 -1.9284671875820485
-4.444290179523926 -2.375522592352281
-4.190047776270813 -2.7997004159654173
-3.8954529224191035 -3.1969155941008793
-3.5633427274533194 -3.5633427274533185
-3.1969155941008824 -3.8954529224191012
-2.799700415965418 -4.190047776270812
-2.3755225923522825 -4.444290179523925
-1.9284671875820518 -4.655731638852081
-1.4628395895880024 -4.822335857416292
-0.9831240466767618 -4.94249834551665
-0.493940481765748 -5.015061872705255
-9.257094645842706e-16 -5.039327612548019
0.4939404817657462 -5.015061872705255
0.98312404667676 -4.9424983455166505
1.4628395895880004 -4.822335857416292
1.9284671875820503 -4.655731638852082
2.375522592352281 -4.444290179523926
2.7997004159654164 -4.190047776270813
3.196915594100881 -3.8954529224191026
3.563342727453318 -3.5633427274533194
3.8954529224191012 -3.1969155941008824
4.190047776270812 -2.799700415965418
4.444290179523925 -2.375522592352283
4.655731638852081 -1.928467187582052
4.822335857416292 -1.4628395895880026
4.94249834551665 -0.9831240466767621
5.015061872705255 -0.4939404817657483
5.6433093810172315 0.0
5.6161353038742785 0.5531410475222918
5.534874773663166 1.100955044379289
5.400310373711353 1.6381662423156667
5.213738032750759 2.1596010038257845
4.9769545444156496 2.6602376271110635
4.692240263137714 3.1352547078134503
4.362337143086317 3.580077571775031
3.990422331650943 3.990422331650942
3.580077571775031 4.362337143086317
3.1352547078134507 4.692240263137714
2.6602376271110644 4.976954544415649
2.159601003825785 5.213738032750759
1.6381662423156667 5.400310373711354
1.1009550443792895 5.534874773663166
0.5531410475222927 5.616135303874278
3.4555303850304917e-16 5.6433093810172315
-0.553141047522292 5.6161353038742785
-1.1009550443792888 5.534874773663166
-1.6381662423156658 5.400310373711354
-2.159601003825784 5.213738032750759
-2.660237627111064 4.9769545444156496
-3.135254707813449 4.692240263137715
-3.58007757177503 4.362337143086317
-3.990422331650942 3.990422331650943
-4.362337143086317 3.580077571775031
-4.692240263137714 3.1352547078134503
-4.976954544415649 2.660237627111065
-5.213738032750759 2.159601003825785
-5.400310373711353 1.6381662423156669
-5.534874773663166 1.100955044379291
-5.616135303874278 0.553141047522293
-5.6433093810172315 6.911060770060983e-16
-5.6161353038742785 -0.5531410475222917
-5.534874773663166 -1.1009550443792897
-5.400310373711354 -1.6381662423156653
-5.21373803275076 -2.1596010038257836
-4.9769545444156496 -2.6602376271110635
-4.692240263137715 -3.135254707813449
-4.362337143086317 -3.5800775717750297
-3.9904223316509433 -3.990422331650942
-3.5800775717750333 -4.3623371430863145
-3.1352547078134503 -4.692240263137714
-2.660237627111065 -4.976954544415649
-2.1596010038257876 -5.213738032750758
-1.6381662423156673 -5.400310373711353
-1.1009550443792915 -5.534874773663166
-0.5531410475222909 -5.6161353038742785
-1.0366591155091475e-15 -5.6433093810172315
0.5531410475222889 -5.6161353038742785
1.1009550443792895 -5.534874773663166
1.638166242315665 -5.400310373711354
2.159601003825786 -5.213738032750758
2.660237627111063 -4.9769545444156496
3.1352547078134485 -4.692240263137715
3.5800775717750315 -4.362337143086316
3.9904223316509415 -3.9904223316509433
4.3623371430863145 -3.5800775717750333
4.692240263137714 -3.1352547078134503
4.976954544415649 -2.6602376271110653
5.213738032750758 -2.159601003825788
5.400310373711353 -1.6381662423156675
5.534874773663166 -1.1009550443792917
5.6161353038742785 -0.5531410475222912
6.175869574276851 0.0
6.146131074239845 0.6053410747189578
6.0572019721409 1.2048523839752796
5.909938703846823 1.7927603061346093
5.705759495133576 2.363402966523391
5.446630703396777 2.9112847643770707
5.135047880555058 3.4311292984796613
4.774011739520882 3.917930181791826
4.366999255694838 4.366999255694837
3.917930181791826 4.774011739520882
3.4311292984796617 5.135047880555058
2.9112847643770716 5.446630703396776
2.3634029665233913 5.705759495133576
1.7927603061346093 5.909938703846824
1.2048523839752803 6.0572019721409
0.6053410747189588 6.146131074239844
3.781629453044836e-16 6.175869574276851
-0.605341074718958 6.146131074239845
-1.2048523839752794 6.0572019721409
-1.7927603061346082 5.909938703846824
-2.3634029665233904 5.705759495133576
-2.911284764377071 5.446630703396777
-3.43112929847966 5.135047880555059
-3.9179301817918257 4.7740117395208825
-4.366999255694837 4.366999255694838
-4.774011739520882 3.917930181791826
-5.135047880555058 3.4311292984796613
-5.446630703396776 2.911284764377072
-5.705759495133576 2.3634029665233918
-5.909938703846823 1.7927603061346096
-6.0572019721409 1.2048523839752818
-6.146131074239844 0.6053410747189591
-6.175869574276851 7.563258906089672e-16
-6.146131074239845 -0.6053410747189577
-6.0572019721409 -1.2048523839752803
-5.909938703846824 -1.7927603061346078
-5.705759495133577 -2.3634029665233904
-5.446630703396777 -2.9112847643770707
-5.135047880555059 -3.43112929847966
-4.7740117395208825 -3.917930181791825
-4.3669992556948385 -4.366999255694837
-3.9179301817918293 -4.77401173952088
-3.4311292984796613 -5.135047880555058
-2.911284764377072 -5.446630703396776
-2.3634029665233944 -5.705759495133575
-1.79276030613461 -5.909938703846823
-1.2048523839752823 -6.057201972140899
-0.6053410747189568 -6.146131074239845
-1.1344888359134507e-15 -6.175869574276851
0.6053410747189546 -6.146131074239845
1.20485238397528 -6.0572019721409
1.7927603061346076 -5.909938703846824
2.363402966523392 -5.7057594951335755
2.9112847643770703 -5.446630703396777
3.431129298479659 -5.135047880555059
3.917930181791827 -4.774011739520881
4.366999255694837 -4.3669992556948385
4.77401173952088 -3.9179301817918293
5.135047880555058 -3.4311292984796613
5.446630703396776 -2.9112847643770725
5.705759495133575 -2.363402966523395
5.909938703846823 -1.7927603061346102
6.057201972140899 -1.2048523839752825
6.146131074239845 -0.6053410747189572
5.355916521867339 0.0
5.330126319893652 0.5249716213172831
5.253004087715953 1.0448874789426008
5.125292554589416 1.554740498952103
4.948221652392275 2.0496205180490867
4.723496670709488 2.524761571120711
4.453281833961833 2.975587790087375
4.140179458741645 3.3977574720137507
3.7872048920814634 3.787204892081463
3.3977574720137507 4.140179458741645
2.9755877900873755 4.453281833961833
2.524761571120712 4.723496670709488
2.049620518049087 4.948221652392275
1.554740498952103 5.125292554589416
1.0448874789426013 5.253004087715953
0.524971621317284 5.330126319893651
3.279553012502631e-16 5.355916521867339
-0.5249716213172834 5.330126319893652
-1.0448874789426006 5.253004087715953
-1.554740498952102 5.125292554589416
-2.0496205180490867 4.948221652392275
-2.524761571120711 4.723496670709488
-2.9755877900873737 4.453281833961834
-3.3977574720137502 4.140179458741646
-3.787204892081463 3.7872048920814634
-4.140179458741645 3.3977574720137507
-4.453281833961833 2.975587790087375
-4.723496670709488 2.524761571120712
-4.948221652392275 2.0496205180490876
-5.125292554589416 1.5547404989521032
-5.253004087715953 1.0448874789426028
-5.330126319893651 0.5249716213172844
-5.355916521867339 6.559106025005262e-16
-5.330126319893652 -0.524971621317283
-5.253004087715953 -1.0448874789426015
-5.125292554589416 -1.5547404989521019
-4.948221652392275 -2.0496205180490863
-4.723496670709488 -2.524761571120711
-4.453281833961834 -2.9755877900873737
-4.140179458741646 -3.3977574720137493
-3.7872048920814643 -3.787204892081463
-3.397757472013753 -4.140179458741644
-2.975587790087375 -4.453281833961833
-2.524761571120712 -4.723496670709488
-2.04962051804909 -4.948221652392273
-1.5547404989521036 -5.125292554589416
-1.044887478942603 -5.2530040877159525
-0.5249716213172824 -5.330126319893652
-9.838659037507892e-16 -5.355916521867339
0.5249716213172804 -5.330126319893652
1.044887478942601 -5.253004087715953
1.5547404989521014 -5.125292554589416
2.049620518049088 -4.948221652392274
2.5247615711207105 -4.723496670709488
2.9755877900873733 -4.453281833961834
3.397757472013751 -4.1401794587416445
3.7872048920814625 -3.7872048920814643
4.140179458741644 -3.397757472013753
4.453281833961833 -2.975587790087375
4.723496670709487 -2.5247615711207123
4.948221652392273 -2.0496205180490903
5.125292554589416 -1.5547404989521039
5.2530040877159525 -1.0448874789426033
5.330126319893652 -0.5249716213172826
5.916490620084828 0.0
5.888001100607737 0.5799174913673837
5.802806911822981 1.1542500602777515
5.66172852034044 1.7174665701303782
5.466124588191384 2.2641429380499205
5.217878888170395 2.7890143717696114
4.919382162073577 3.2870260724588185
4.573509096548154 3.7533819151990175
4.183590638288584 4.1835906382885835
3.7533819151990175 4.573509096548154
3.2870260724588194 4.919382162073577
2.7890143717696123 5.217878888170395
2.264142938049921 5.466124588191384
1.7174665701303782 5.661728520340441
1.154250060277752 5.802806911822981
0.5799174913673847 5.888001100607736
3.622805650036112e-16 5.916490620084828
-0.5799174913673839 5.888001100607737
-1.1542500602777512 5.802806911822981
-1.717466570130377 5.661728520340441
-2.26414293804992 5.466124588191384
-2.789014371769612 5.217878888170395
-3.287026072458817 4.919382162073579
-3.753381915199017 4.573509096548155
-4.1835906382885835 4.183590638288584
-4.573509096548154 3.7533819151990175
-4.919382162073578 3.2870260724588185
-5.217878888170395 2.7890143717696128
-5.466124588191384 2.2641429380499214
-5.66172852034044 1.7174665701303784
-5.802806911822981 1.1542500602777537
-5.888001100607736 0.579917491367385
-5.916490620084828 7.245611300072224e-16
-5.888001100607737 -0.5799174913673836
-5.802806911822981 -1.1542500602777521
-5.661728520340441 -1.7174665701303768
-5.466124588191385 -2.26414293804992
-5.217878888170395 -2.7890143717696114
-4.919382162073579 -3.287026072458817
-4.573509096548155 -3.753381915199016
-4.183590638288584 -4.1835906382885835
-3.75338191519902 -4.573509096548152
-3.2870260724588185 -4.919382162073577
-2.7890143717696128 -5.217878888170395
-2.2641429380499236 -5.466124588191383
-1.7174665701303788 -5.66172852034044
-1.154250060277754 -5.80280691182298
-0.5799174913673828 -5.888001100607737
-1.0868416950108334e-15 -5.916490620084828
0.5799174913673806 -5.888001100607737
1.154250060277752 -5.802806911822981
1.7174665701303764 -5.661728520340441
2.264142938049922 -5.466124588191383
2.789014371769611 -5.217878888170395
3.2870260724588167 -4.919382162073579
3.7533819151990184 -4.573509096548153
4.183590638288583 -4.183590638288584
4.573509096548152 -3.75338191519902
4.919382162073577 -3.2870260724588185
5.217878888170394 -2.789014371769613
5.466124588191383 -2.264142938049924
5.66172852034044 -1.717466570130379
5.80280691182298 -1.1542500602777543
5.888001100607737 -0.5799174913673831
6.437340102583847 0.0
6.406342550485878 0.630969668184069
6.313648417563659 1.2558627535404188
6.160150398988998 1.8686611940557594
5.947326764591323 2.4634634057582256
5.677227122311116 3.034541118197158
5.352452679355018 3.5763945408189377
4.976131191148467 4.0838053289565055
4.551886839341144 4.551886839341143
4.0838053289565055 4.976131191148467
3.5763945408189386 5.352452679355018
3.0345411181971595 5.677227122311115
2.463463405758226 5.947326764591323
1.8686611940557594 6.160150398988999
1.2558627535404192 6.313648417563659
0.6309696681840701 6.406342550485877
3.9417339758261014e-16 6.437340102583847
-0.6309696681840693 6.406342550485878
-1.2558627535404183 6.313648417563659
-1.8686611940557585 6.160150398988999
-2.463463405758225 5.947326764591323
-3.0345411181971587 5.677227122311116
-3.5763945408189364 5.35245267935502
-4.083805328956505 4.976131191148468
-4.551886839341143 4.551886839341144
-4.976131191148467 4.0838053289565055
-5.352452679355019 3.5763945408189377
-5.677227122311115 3.03454111819716
-5.947326764591323 2.4634634057582265
-6.160150398988998 1.8686611940557598
-6.313648417563659 1.255862753540421
-6.406342550485877 0.6309696681840704
-6.437340102583847 7.883467951652203e-16
-6.406342550485878 -0.6309696681840689
-6.313648417563659 -1.2558627535404194
-6.160150398988999 -1.868661194055758
-5.947326764591324 -2.463463405758225
-5.677227122311116 -3.034541118197158
-5.35245267935502 -3.5763945408189364
-4.976131191148468 -4.083805328956504
-4.551886839341145 -4.551886839341143
-4.083805328956508 -4.976131191148466
-3.5763945408189377 -5.352452679355018
-3.03454111819716 -5.677227122311115
-2.463463405758229 -5.947326764591322
-1.8686611940557603 -6.160150398988998
-1.2558627535404214 -6.313648417563658
-0.630969668184068 -6.406342550485878
-1.1825201927478302e-15 -6.437340102583847
0.6309696681840656 -6.406342550485878
1.2558627535404192 -6.313648417563659
1.8686611940557576 -6.160150398988999
2.463463405758227 -5.947326764591322
3.034541118197158 -5.677227122311116
3.5763945408189355 -5.35245267935502
4.083805328956506 -4.9761311911484665
4.551886839341143 -4.551886839341145
4.976131191148466 -4.083805328956508
5.352452679355018 -3.5763945408189377
5.677227122311114 -3.03454111819716
5.947326764591322 -2.4634634057582296
6.160150398988998 -1.8686611940557605
6.313648417563658 -1.2558627535404219
6.406342550485878 -0.6309696681840684
6.6480654894585784 0.0
6.6160532370257 0.6516243680003705
6.520324775217671 1.2969732371227833
6.3618020214522035 1.9298315449740127
6.14201163650541 2.544104520093909
5.863070321933975 3.1338763779363026
5.5276644350820545 3.693467293108078
5.139024117991542 4.217488099192621
4.7008921893684255 4.700892189368425
4.217488099192621 5.139024117991542
3.6934672931080788 5.5276644350820545
3.133876377936304 5.863070321933975
2.5441045200939096 6.14201163650541
1.9298315449740127 6.361802021452204
1.2969732371227838 6.520324775217671
0.6516243680003716 6.6160532370256995
4.070766061093715e-16 6.6480654894585784
-0.6516243680003707 6.6160532370257
-1.296973237122783 6.520324775217671
-1.9298315449740115 6.361802021452204
-2.544104520093909 6.14201163650541
-3.133876377936303 5.863070321933975
-3.6934672931080765 5.527664435082056
-4.21748809919262 5.139024117991543
-4.700892189368425 4.7008921893684255
-5.139024117991542 4.217488099192621
-5.527664435082055 3.693467293108078
-5.863070321933975 3.1338763779363044
-6.14201163650541 2.54410452009391
-6.3618020214522035 1.9298315449740129
-6.520324775217671 1.2969732371227858
-6.6160532370256995 0.6516243680003719
-6.6480654894585784 8.14153212218743e-16
-6.6160532370257 -0.6516243680003704
-6.520324775217671 -1.296973237122784
-6.361802021452204 -1.929831544974011
-6.142011636505411 -2.5441045200939088
-5.863070321933975 -3.1338763779363026
-5.527664435082056 -3.6934672931080765
-5.139024117991543 -4.21748809919262
-4.700892189368426 -4.700892189368425
-4.217488099192624 -5.139024117991539
-3.693467293108078 -5.5276644350820545
-3.1338763779363044 -5.863070321933975
-2.544104520093913 -6.1420116365054085
-1.9298315449740133 -6.3618020214522035
-1.296973237122786 -6.52032477521767
-0.6516243680003695 -6.6160532370257
-1.2212298183281144e-15 -6.6480654894585784
0.651624368000367 -6.6160532370257
1.2969732371227838 -6.520324775217671
1.9298315449740107 -6.361802021452204
2.544104520093911 -6.142011636505409
3.133876377936302 -5.863070321933975
3.6934672931080756 -5.527664435082056
4.217488099192622 -5.139024117991541
4.700892189368424 -4.700892189368426
5.139024117991539 -4.217488099192624
5.5276644350820545 -3.693467293108078
5.863070321933974 -3.1338763779363044
6.1420116365054085 -2.5441045200939136
6.3618020214522035 -1.9298315449740138
6.52032477521767 -1.2969732371227864
6.6160532370257 -0.6516243680003698
6.863690027136657 0.0
6.830639483618678 0.6727592685684594
6.731806147866083 1.3390394976129785
6.568141838929966 1.9924240443020365
6.341222733573396 2.6266204582746924
6.053234186827556 3.2355210813773634
5.706949685828163 3.8132618677506325
5.3057041396182045 4.354278857796485
4.85336176215081 4.853361762150809
4.354278857796485 5.3057041396182045
3.813261867750633 5.706949685828163
3.2355210813773647 6.053234186827556
2.626620458274693 6.341222733573396
1.9924240443020365 6.568141838929967
1.3390394976129791 6.731806147866083
0.6727592685684606 6.830639483618677
4.2027980110362586e-16 6.863690027136657
-0.6727592685684597 6.830639483618678
-1.3390394976129782 6.731806147866083
-1.9924240443020353 6.568141838929967
-2.626620458274692 6.341222733573396
-3.235521081377364 6.053234186827556
-3.8132618677506307 5.706949685828164
-4.354278857796484 5.3057041396182045
-4.853361762150809 4.85336176215081
-5.3057041396182045 4.354278857796485
-5.706949685828164 3.8132618677506325
-6.053234186827556 3.235521081377365
-6.341222733573396 2.6266204582746933
-6.568141838929966 1.9924240443020367
-6.731806147866083 1.339039497612981
-6.830639483618677 0.6727592685684609
-6.863690027136657 8.405596022072517e-16
-6.830639483618678 -0.6727592685684592
-6.731806147866083 -1.3390394976129794
-6.568141838929967 -1.992424044302035
-6.341222733573397 -2.6266204582746915
-6.053234186827556 -3.2355210813773634
-5.706949685828164 -3.8132618677506307
-5.3057041396182045 -4.3542788577964835
-4.85336176215081 -4.853361762150809
-4.354278857796488 -5.305704139618202
-3.8132618677506325 -5.706949685828163
-3.235521081377365 -6.053234186827556
-2.626620458274696 -6.341222733573394
-1.9924240443020371 -6.568141838929966
-1.3390394976129814 -6.731806147866082
-0.6727592685684584 -6.830639483618678
-1.2608394033108775e-15 -6.863690027136657
0.6727592685684558 -6.830639483618678
1.339039497612979 -6.731806147866083
1.9924240443020345 -6.568141838929967
2.6266204582746937 -6.341222733573395
3.235521081377363 -6.053234186827556
3.8132618677506303 -5.706949685828164
4.354278857796486 -5.305704139618204
4.853361762150808 -4.85336176215081
5.305704139618202 -4.354278857796488
5.706949685828163 -3.8132618677506325
6.053234186827555 -3.2355210813773656
6.341222733573394 -2.6266204582746964
6.568141838929966 -1.9924240443020376
6.731806147866082 -1.3390394976129818
6.830639483618678 -0.6727592685684587
1.0 0.5 0.4 0.32000000000000006 0.25600000000000006 0.20480000000000007 0.16384000000000007 0.13107200000000005 0.10485760000000005 0.08388608000000004 0.06710886400000003 0.05368709120000003 0.042949672960000025 