0.0 0.0
2.3252124340738054 0.0
2.3180445801399747 0.18243406495257206
2.296585210541538 0.36374336322922884
2.260966629428034 0.5428100627146349
2.2114084371964076 0.7185301576607429
2.1482161765815384 0.8898202752493489
2.071779448883676 1.055624354945775
1.9825695119468683 1.214920159463241
1.8811363746976457 1.3667255771956672
1.7681054061570902 1.5101046772623088
1.644173479832866 1.6441734798328658
1.510104677262309 1.76810540615709
1.3667255771956672 1.8811363746976457
1.2149201594632413 1.9825695119468683
1.055624354945775 2.071779448883676
0.889820275249349 2.1482161765815384
0.718530157660743 2.2114084371964076
0.5428100627146352 2.260966629428034
0.36374336322922896 2.296585210541538
0.18243406495257217 2.3180445801399747
1.423781982363056e-16 2.3252124340738054
-0.1824340649525719 2.3180445801399747
-0.3637433632292282 2.296585210541538
-0.5428100627146348 2.260966629428034
-0.7185301576607427 2.211408437196408
-0.8898202752493488 2.1482161765815384
-1.0556243549457747 2.071779448883676
-1.214920159463241 1.9825695119468685
-1.366725577195667 1.8811363746976457
-1.5101046772623086 1.7681054061570904
-1.6441734798328658 1.644173479832866
-1.7681054061570902 1.510104677262309
-1.8811363746976455 1.3667255771956675
-1.9825695119468683 1.2149201594632413
-2.071779448883676 1.0556243549457751
-2.1482161765815384 0.8898202752493491
-2.2114084371964076 0.7185301576607431
-2.260966629428034 0.5428100627146353
-2.296585210541538 0.36374336322922907
-2.3180445801399747 0.18243406495257233
-2.3252124340738054 2.847563964726112e-16
-2.3180445801399747 -0.18243406495257072
-2.296585210541538 -0.3637433632292285
-2.260966629428034 -0.5428100627146347
-2.2114084371964084 -0.7185301576607417
-2.148216176581539 -0.8898202752493486
-2.071779448883676 -1.0556243549457747
-1.9825695119468678 -1.2149201594632417
-1.881136374697646 -1.366725577195667
-1.7681054061570913 -1.5101046772623077
-1.6441734798328662 -1.6441734798328658
-1.5101046772623097 -1.7681054061570896
-1.3667255771956675 -1.8811363746976455
-1.2149201594632406 -1.9825695119468687
-1.0556243549457751 -2.071779448883676
-0.8898202752493483 -2.148216176581539
-0.7185301576607432 -2.2114084371964076
-0.5428100627146364 -2.2609666294280335
-0.36374336322922923 -2.296585210541538
-0.1824340649525735 -2.3180445801399747
-4.2713459470891675e-16 -2.3252124340738054
0.18243406495257267 -2.3180445801399747
0.3637433632292284 -2.296585210541538
0.5428100627146356 -2.260966629428034
0.7185301576607425 -2.211408437196408
0.8898202752493475 -2.148216176581539
1.0556243549457744 -2.071779448883676
1.21492015946324 -1.982569511946869
1.3667255771956668 -1.881136374697646
1.5101046772623092 -1.76810540615709
1.6441734798328655 -1.6441734798328662
1.7681054061570904 -1.5101046772623081
1.8811363746976455 -1.366725577195668
1.9825695119468674 -1.2149201594632426
2.071779448883676 -1.0556243549457753
2.148216176581538 -0.8898202752493504
2.2114084371964076 -0.7185301576607434
2.260966629428034 -0.5428100627146345
2.296585210541538 -0.36374336322922934
2.3180445801399747 -0.18243406495257158
3.4957390263912127 0.0
3.4849628296167685 0.27427252291119164
3.4527006781299994 0.5468540645137668
3.399151478823075 0.8160640689611851
3.3246453803166385 1.0802427670546175
3.229641737483774 1.3377614092719865
3.1147262793744637 1.5870323075503832
2.9806074980012176 1.826518623910937
2.828112280250224 2.054743845576003
2.658180809848722 2.2703008881614295
2.4718607708196862 2.471860770819686
2.27030088816143 2.6581808098487216
2.054743845576003 2.828112280250224
1.8265186239109372 2.9806074980012176
1.5870323075503834 3.1147262793744632
1.3377614092719867 3.229641737483774
1.0802427670546177 3.3246453803166385
0.8160640689611854 3.399151478823075
0.5468540645137671 3.4527006781299994
0.2742725229111918 3.4849628296167685
2.1405228046622417e-16 3.4957390263912127
-0.2742725229111914 3.4849628296167685
-0.5468540645137658 3.4527006781299994
-0.8160640689611849 3.3991514788230752
-1.0802427670546173 3.324645380316639
-1.3377614092719863 3.229641737483774
-1.5870323075503832 3.1147262793744637
-1.826518623910937 2.980607498001218
-2.0547438455760028 2.828112280250224
-2.270300888161429 2.6581808098487225
-2.471860770819686 2.4718607708196862
-2.658180809848722 2.27030088816143
-2.8281122802502234 2.0547438455760036
-2.9806074980012176 1.8265186239109372
-3.1147262793744632 1.5870323075503836
-3.229641737483774 1.337761409271987
-3.3246453803166385 1.0802427670546177
-3.399151478823075 0.8160640689611856
-3.452700678129999 0.5468540645137673
-3.4849628296167685 0.2742725229111921
-3.4957390263912127 4.2810456093244834e-16
-3.484962829616769 -0.27427252291118964
-3.4527006781299994 -0.5468540645137664
-3.3991514788230752 -0.8160640689611848
-3.3246453803166394 -1.0802427670546157
-3.2296417374837745 -1.337761409271986
-3.1147262793744637 -1.5870323075503832
-2.9806074980012176 -1.826518623910938
-2.8281122802502243 -2.0547438455760028
-2.658180809848724 -2.2703008881614277
-2.4718607708196867 -2.471860770819686
-2.270300888161431 -2.6581808098487207
-2.0547438455760036 -2.8281122802502234
-1.8265186239109361 -2.9806074980012185
-1.5870323075503838 -3.1147262793744632
-1.3377614092719854 -3.2296417374837745
-1.080242767054618 -3.3246453803166385
-0.8160640689611872 -3.3991514788230743
-0.5468540645137674 -3.452700678129999
-0.2742725229111938 -3.4849628296167685
-6.421568413986725e-16 -3.4957390263912127
0.2742725229111926 -3.4849628296167685
0.5468540645137662 -3.4527006781299994
0.8160640689611861 -3.399151478823075
1.0802427670546169 -3.324645380316639
1.3377614092719843 -3.229641737483775
1.587032307550383 -3.1147262793744637
1.8265186239109354 -2.980607498001219
2.0547438455760028 -2.8281122802502243
2.2703008881614304 -2.6581808098487216
2.4718607708196854 -2.4718607708196867
2.6581808098487225 -2.2703008881614286
2.8281122802502234 -2.054743845576004
2.9806074980012167 -1.8265186239109392
3.1147262793744632 -1.587032307550384
3.2296417374837736 -1.3377614092719885
3.3246453803166385 -1.0802427670546182
3.3991514788230752 -0.8160640689611844
3.452700678129999 -0.5468540645137676
3.4849628296167685 -0.274272522911191
4.294536080598875 0.0
4.281297459091348 0.33694541745439116
4.241663215072649 0.6718134543644548
4.175877706836878 1.0025395379277182
4.084346523918208 1.327084631861431
3.9676339864965424 1.6434478077392973
3.82645966617594 1.9496785813805977
3.661693949586404 2.2438889382337686
3.474352672160869 2.5242649736139384
3.26559085517196 2.789078076028496
3.0366955846417625 3.036695584641762
2.7890780760284963 3.2655908551719595
2.5242649736139384 3.474352672160869
2.243888938233769 3.661693949586404
1.949678581380598 3.8264596661759396
1.6434478077392976 3.9676339864965424
1.3270846318614316 4.084346523918208
1.0025395379277187 4.175877706836878
0.671813454364455 4.241663215072649
0.3369454174543914 4.281297459091348
2.629644932464116e-16 4.294536080598875
-0.3369454174543909 4.281297459091348
-0.6718134543644536 4.241663215072649
-1.002539537927718 4.175877706836879
-1.3270846318614309 4.084346523918209
-1.643447807739297 3.9676339864965424
-1.9496785813805975 3.82645966617594
-2.2438889382337686 3.6616939495864043
-2.524264973613938 3.474352672160869
-2.789078076028495 3.2655908551719603
-3.036695584641762 3.0366955846417625
-3.26559085517196 2.7890780760284963
-3.4743526721608684 2.524264973613939
-3.661693949586404 2.243888938233769
-3.8264596661759396 1.9496785813805981
-3.9676339864965424 1.6434478077392978
-4.084346523918208 1.3270846318614318
-4.175877706836878 1.0025395379277189
-4.241663215072649 0.6718134543644553
-4.281297459091348 0.3369454174543917
-4.294536080598875 5.259289864928232e-16
-4.281297459091348 -0.3369454174543887
-4.241663215072649 -0.6718134543644542
-4.175877706836879 -1.0025395379277178
-4.084346523918209 -1.327084631861429
-3.967633986496543 -1.6434478077392969
-3.82645966617594 -1.9496785813805975
-3.6616939495864034 -2.24388893823377
-3.4743526721608693 -2.524264973613938
-3.2655908551719617 -2.7890780760284937
-3.036695584641763 -3.036695584641762
-2.7890780760284977 -3.2655908551719586
-2.524264973613939 -3.4743526721608684
-2.2438889382337677 -3.6616939495864047
-1.9496785813805984 -3.8264596661759396
-1.6434478077392962 -3.967633986496543
-1.327084631861432 -4.084346523918208
-1.0025395379277209 -4.175877706836878
-0.6718134543644555 -4.241663215072649
-0.3369454174543938 -4.281297459091348
-7.888934797392348e-16 -4.294536080598875
0.33694541745439227 -4.281297459091348
0.6718134543644539 -4.241663215072649
1.0025395379277193 -4.175877706836878
1.3270846318614304 -4.084346523918209
1.6434478077392947 -3.9676339864965433
1.9496785813805972 -3.82645966617594
2.2438889382337663 -3.661693949586405
2.5242649736139375 -3.4743526721608693
2.7890780760284968 -3.2655908551719595
3.0366955846417616 -3.036695584641763
3.2655908551719603 -2.7890780760284946
3.4743526721608684 -2.5242649736139393
3.661693949586402 -2.2438889382337712
3.8264596661759396 -1.9496785813805986
3.9676339864965415 -1.6434478077393
4.084346523918208 -1.3270846318614322
4.175877706836879 -1.0025395379277173
4.241663215072649 -0.6718134543644557
4.281297459091348 -0.33694541745439033
4.892900427019086 0.0
4.877817247925551 0.38389254299030384
4.832660703459722 0.7654182607958478
4.7577091987343065 1.1422249204961854
4.653424834699841 1.5119893837333345
4.520450559138668 1.8724319296322773
4.359606202678057 2.2213303100382364
4.171883424261761 2.5565334504155253
3.9584395972428776 2.875974711937363
3.720590673792252 3.1776846330014674
3.4598030716157497 3.4598030716157493
3.1776846330014683 3.720590673792251
2.875974711937363 3.9584395972428776
2.5565334504155257 4.171883424261761
2.221330310038237 4.359606202678056
1.8724319296322776 4.520450559138668
1.511989383733335 4.653424834699841
1.1422249204961858 4.7577091987343065
0.7654182607958482 4.832660703459722
0.3838925429903041 4.877817247925551
2.9960374232478206e-16 4.892900427019086
-0.3838925429903035 4.877817247925551
-0.7654182607958465 4.832660703459722
-1.1422249204961852 4.7577091987343065
-1.5119893837333342 4.653424834699842
-1.872431929632277 4.520450559138668
-2.221330310038236 4.359606202678057
-2.5565334504155253 4.171883424261762
-2.875974711937362 3.9584395972428776
-3.177684633001467 3.7205906737922523
-3.4598030716157493 3.4598030716157497
-3.720590673792252 3.1776846330014683
-3.958439597242877 2.8759747119373635
-4.171883424261761 2.5565334504155257
-4.359606202678056 2.221330310038237
-4.520450559138668 1.8724319296322778
-4.653424834699841 1.5119893837333351
-4.7577091987343065 1.142224920496186
-4.832660703459721 0.7654182607958484
-4.877817247925551 0.38389254299030445
-4.892900427019086 5.992074846495641e-16
-4.877817247925551 -0.38389254299030107
-4.832660703459722 -0.7654182607958472
-4.7577091987343065 -1.1422249204961847
-4.653424834699842 -1.511989383733332
-4.520450559138669 -1.8724319296322767
-4.359606202678057 -2.221330310038236
-4.171883424261761 -2.556533450415527
-3.9584395972428785 -2.875974711937362
-3.720590673792254 -3.177684633001465
-3.4598030716157506 -3.4598030716157493
-3.1776846330014696 -3.72059067379225
-2.8759747119373635 -3.958439597242877
-2.5565334504155244 -4.171883424261762
-2.2213303100382373 -4.359606202678056
-1.872431929632276 -4.520450559138669
-1.5119893837333354 -4.653424834699841
-1.1422249204961883 -4.757709198734306
-0.7654182607958487 -4.832660703459721
-0.3838925429903069 -4.877817247925551
-8.988112269743462e-16 -4.892900427019086
0.3838925429903052 -4.877817247925551
0.765418260795847 -4.832660703459722
1.1422249204961867 -4.7577091987343065
1.5119893837333338 -4.653424834699842
1.8724319296322742 -4.520450559138669
2.221330310038236 -4.359606202678057
2.556533450415523 -4.171883424261763
2.8759747119373618 -3.9584395972428785
3.1776846330014688 -3.720590673792251
3.459803071615749 -3.4598030716157506
3.7205906737922523 -3.1776846330014665
3.958439597242877 -2.875974711937364
4.171883424261759 -2.556533450415529
4.359606202678056 -2.2213303100382378
4.520450559138667 -1.8724319296322802
4.653424834699841 -1.5119893837333356
4.7577091987343065 -1.1422249204961845
4.832660703459721 -0.765418260795849
4.877817247925551 -0.3838925429903029
5.360665930277205 0.0
5.344140786245969 0.42059300138861616
5.2946672371603825 0.838592907062306
5.212550303902182 1.2514226086035176
5.098296264671557 1.656536873622443
4.9526095336136855 2.051438037961078
4.776388317871296 2.4336914046233105
4.5707190798389385 2.800940254491526
4.336869838761046 3.150920376283652
4.076282352971626 3.4814740261686388
3.790563230974704 3.790563230974703
3.4814740261686397 4.076282352971625
3.150920376283652 4.336869838761046
2.8009402544915263 4.5707190798389385
2.433691404623311 4.776388317871295
2.051438037961078 4.9526095336136855
1.6565368736224433 5.098296264671557
1.251422608603518 5.212550303902182
0.8385929070623064 5.2946672371603825
0.42059300138861644 5.344140786245969
3.2824611864061237e-16 5.360665930277205
-0.4205930013886158 5.344140786245969
-0.8385929070623046 5.2946672371603825
-1.2514226086035174 5.212550303902183
-1.6565368736224428 5.098296264671557
-2.0514380379610775 4.9526095336136855
-2.43369140462331 4.776388317871296
-2.800940254491526 4.5707190798389385
-3.1509203762836515 4.336869838761046
-3.4814740261686383 4.076282352971626
-3.790563230974703 3.790563230974704
-4.076282352971626 3.4814740261686397
-4.336869838761045 3.1509203762836524
-4.5707190798389385 2.8009402544915263
-4.776388317871295 2.433691404623311
-4.9526095336136855 2.0514380379610784
-5.098296264671557 1.6565368736224437
-5.212550303902182 1.2514226086035183
-5.2946672371603825 0.8385929070623066
-5.344140786245969 0.4205930013886168
-5.360665930277205 6.564922372812247e-16
-5.344140786245969 -0.4205930013886131
-5.2946672371603825 -0.8385929070623053
-5.212550303902183 -1.251422608603517
-5.098296264671558 -1.6565368736224404
-4.952609533613686 -2.051438037961077
-4.776388317871296 -2.43369140462331
-4.570719079838938 -2.8009402544915276
-4.3368698387610465 -3.1509203762836515
-4.076282352971628 -3.4814740261686365
-3.7905632309747044 -3.790563230974703
-3.4814740261686414 -4.076282352971624
-3.1509203762836524 -4.336869838761045
-2.8009402544915245 -4.570719079838939
-2.4336914046233113 -4.776388317871295
-2.051438037961076 -4.952609533613686
-1.656536873622444 -5.098296264671557
-1.251422608603521 -5.212550303902182
-0.8385929070623069 -5.2946672371603825
-0.4205930013886195 -5.344140786245969
-9.84738355921837e-16 -5.360665930277205
0.4205930013886176 -5.344140786245969
0.838592907062305 -5.2946672371603825
1.2514226086035192 -5.212550303902182
1.6565368736224422 -5.098296264671557
2.0514380379610744 -4.952609533613687
2.43369140462331 -4.776388317871296
2.8009402544915236 -4.57071907983894
3.1509203762836506 -4.3368698387610465
3.48147402616864 -4.076282352971625
3.7905632309747026 -3.7905632309747044
4.076282352971626 -3.481474026168638
4.336869838761045 -3.1509203762836533
4.570719079838937 -2.8009402544915294
4.776388317871295 -2.433691404623312
4.952609533613685 -2.051438037961081
5.098296264671557 -1.6565368736224442
5.212550303902183 -1.2514226086035165
5.2946672371603825 -0.8385929070623073
5.344140786245969 -0.4205930013886151
5.736199515646444 0.0
5.718516726899513 0.4500570269121221
5.665577380931469 0.8973393025941828
5.577707866414324 1.3390891830801523
5.455449928124654 1.772583133460093
5.299557326906906 2.1951485193785465
5.110991192487138 2.6041800847140752
4.890914097788648 2.9971560138495876
4.640682891283316 3.3716534795042072
4.361840331569564 3.7253635802691276
4.05610557575259 4.056105575752589
3.7253635802691285 4.361840331569563
3.3716534795042072 4.640682891283316
2.997156013849588 4.890914097788648
2.6041800847140752 5.110991192487137
2.195148519378547 5.299557326906906
1.7725831334600934 5.455449928124654
1.3390891830801528 5.577707866414324
0.8973393025941832 5.665577380931469
0.45005702691212246 5.718516726899513
3.5124091880535077e-16 5.736199515646444
-0.45005702691212174 5.718516726899513
-0.8973393025941813 5.665577380931469
-1.3390891830801521 5.577707866414324
-1.7725831334600928 5.455449928124654
-2.1951485193785465 5.299557326906906
-2.604180084714075 5.110991192487138
-2.9971560138495876 4.890914097788649
-3.3716534795042064 4.640682891283316
-3.725363580269127 4.361840331569565
-4.056105575752589 4.05610557575259
-4.361840331569564 3.7253635802691285
-4.640682891283315 3.3716534795042077
-4.890914097788648 2.997156013849588
-5.110991192487137 2.6041800847140757
-5.299557326906906 2.1951485193785474
-5.455449928124654 1.7725831334600937
-5.577707866414324 1.3390891830801532
-5.6655773809314685 0.8973393025941835
-5.718516726899513 0.45005702691212285
-5.736199515646444 7.024818376107015e-16
-5.718516726899513 -0.45005702691211885
-5.665577380931469 -0.897339302594182
-5.577707866414324 -1.3390891830801517
-5.455449928124655 -1.7725831334600903
-5.299557326906907 -2.195148519378546
-5.110991192487138 -2.604180084714075
-4.890914097788647 -2.9971560138495894
-4.640682891283316 -3.3716534795042064
-4.361840331569566 -3.7253635802691254
-4.056105575752591 -4.056105575752589
-3.7253635802691303 -4.361840331569562
-3.3716534795042077 -4.640682891283315
-2.9971560138495863 -4.890914097788649
-2.604180084714076 -5.110991192487137
-2.195148519378545 -5.299557326906907
-1.772583133460094 -5.455449928124654
-1.339089183080156 -5.577707866414323
-0.8973393025941838 -5.6655773809314685
-0.45005702691212573 -5.718516726899513
-1.0537227564160523e-15 -5.736199515646444
0.4500570269121236 -5.718516726899513
0.8973393025941817 -5.665577380931469
1.339089183080154 -5.577707866414324
1.772583133460092 -5.455449928124654
2.195148519378543 -5.299557326906907
2.6041800847140744 -5.110991192487138
2.997156013849585 -4.89091409778865
3.371653479504206 -4.640682891283316
3.725363580269129 -4.361840331569563
4.056105575752589 -4.056105575752591
4.361840331569565 -3.7253635802691263
4.640682891283315 -3.3716534795042086
4.890914097788646 -2.997156013849591
5.110991192487137 -2.604180084714076
5.299557326906904 -2.19514851937855
5.455449928124654 -1.7725831334600943
5.577707866414324 -1.3390891830801512
5.6655773809314685 -0.8973393025941842
5.718516726899513 -0.450057026912121
6.042429946349258 0.0
6.02380315138371 0.47408358958941343
5.968037606872066 0.9452442962002171
5.875477125940165 1.4105772573993214
5.7466923747324365 1.8672135407420223
5.582477354065352 2.3123378316945393
5.3838445041483585 2.743205790984302
5.15201846255332 3.157160974364155
4.888428513916652 3.5516512104744935
4.594699777924251 3.924244335828382
4.272643189908227 4.2726431899082264
3.9242443358283827 4.59469977792425
3.5516512104744935 4.888428513916652
3.1571609743641553 5.15201846255332
2.7432057909843026 5.383844504148358
2.3123378316945398 5.582477354065352
1.8672135407420227 5.7466923747324365
1.4105772573993218 5.875477125940165
0.9452442962002174 5.968037606872066
0.47408358958941377 6.02380315138371
3.699921246434366e-16 6.042429946349258
-0.474083589589413 6.02380315138371
-0.9452442962002154 5.968037606872066
-1.4105772573993212 5.875477125940166
-1.867213540742022 5.746692374732437
-2.312337831694539 5.582477354065352
-2.7432057909843017 5.3838445041483585
-3.157160974364155 5.15201846255332
-3.5516512104744926 4.888428513916652
-3.9242443358283814 4.5946997779242515
-4.2726431899082264 4.272643189908227
-4.594699777924251 3.9242443358283827
-4.888428513916651 3.551651210474494
-5.15201846255332 3.1571609743641553
-5.383844504148358 2.743205790984303
-5.582477354065352 2.3123378316945398
-5.7466923747324365 1.867213540742023
-5.875477125940165 1.4105772573993223
-5.968037606872065 0.9452442962002178
-6.02380315138371 0.47408358958941416
-6.042429946349258 7.399842492868732e-16
-6.02380315138371 -0.47408358958941
-5.968037606872066 -0.9452442962002162
-5.875477125940166 -1.4105772573993207
-5.746692374732438 -1.8672135407420194
-5.582477354065352 -2.3123378316945384
-5.3838445041483585 -2.7432057909843017
-5.152018462553319 -3.1571609743641567
-4.888428513916653 -3.5516512104744926
-4.594699777924253 -3.924244335828379
-4.272643189908227 -4.2726431899082264
-3.9242443358283845 -4.594699777924249
-3.551651210474494 -4.888428513916651
-3.1571609743641535 -5.152018462553321
-2.743205790984303 -5.383844504148358
-2.3123378316945375 -5.582477354065352
-1.8672135407420234 -5.7466923747324365
-1.4105772573993252 -5.875477125940164
-0.9452442962002181 -5.968037606872065
-0.4740835895894172 -6.02380315138371
-1.1099763739303097e-15 -6.042429946349258
0.474083589589415 -6.02380315138371
0.9452442962002159 -5.968037606872066
1.4105772573993232 -5.875477125940165
1.8672135407420214 -5.746692374732437
2.3123378316945358 -5.582477354065353
2.7432057909843017 -5.3838445041483585
3.157160974364152 -5.152018462553322
3.551651210474492 -4.888428513916653
3.924244335828383 -4.59469977792425
4.272643189908226 -4.272643189908227
4.5946997779242515 -3.9242443358283805
4.888428513916651 -3.551651210474495
5.152018462553317 -3.157160974364159
5.383844504148358 -2.7432057909843035
5.58247735406535 -2.312337831694543
5.7466923747324365 -1.8672135407420236
5.875477125940166 -1.4105772573993203
5.968037606872065 -0.9452442962002184
6.02380315138371 -0.4740835895894122
6.380138849199053 0.0
6.360471010390667 0.500579924726251
6.301588752731985 0.9980736077568481
6.203855104921807 1.4894138351024704
6.067872627398621 1.971571330874327
5.89447969735512 2.4415734337773474
5.684745339864022 2.8965224245555747
5.439962636983009 3.3336133913949704
5.1616407554738535 3.7501515231374745
4.8514956422874755 4.143568723687909
4.511439445180386 4.511439445180385
4.14356872368791 4.8514956422874755
3.7501515231374745 5.1616407554738535
3.3336133913949713 5.439962636983009
2.896522424555575 5.684745339864021
2.441573433777348 5.89447969735512
1.9715713308743275 6.067872627398621
1.489413835102471 6.203855104921807
0.9980736077568484 6.301588752731985
0.5005799247262513 6.360471010390667
3.906708309893649e-16 6.380138849199053
-0.5005799247262506 6.360471010390667
-0.9980736077568463 6.301588752731985
-1.4894138351024702 6.203855104921807
-1.9715713308743268 6.067872627398622
-2.4415734337773474 5.89447969735512
-2.8965224245555743 5.684745339864022
-3.3336133913949704 5.43996263698301
-3.750151523137474 5.1616407554738535
-4.143568723687908 4.851495642287476
-4.511439445180385 4.511439445180386
-4.8514956422874755 4.14356872368791
-5.1616407554738535 3.7501515231374754
-5.439962636983009 3.3336133913949713
-5.684745339864021 2.8965224245555756
-5.89447969735512 2.4415734337773483
-6.067872627398621 1.971571330874328
-6.203855104921807 1.4894138351024713
-6.301588752731984 0.9980736077568487
-6.360471010390667 0.5005799247262518
-6.380138849199053 7.813416619787298e-16
-6.360471010390668 -0.5005799247262473
-6.301588752731985 -0.9980736077568472
-6.203855104921807 -1.4894138351024697
-6.067872627398622 -1.971571330874324
-5.894479697355121 -2.441573433777347
-5.684745339864022 -2.8965224245555743
-5.439962636983008 -3.3336133913949726
-5.161640755473854 -3.750151523137474
-4.851495642287479 -4.143568723687906
-4.511439445180387 -4.511439445180385
-4.1435687236879115 -4.851495642287474
-3.7501515231374754 -5.1616407554738535
-3.333613391394969 -5.439962636983011
-2.8965224245555756 -5.684745339864021
-2.4415734337773456 -5.894479697355121
-1.9715713308743281 -6.067872627398621
-1.4894138351024744 -6.203855104921806
-0.9980736077568492 -6.301588752731984
-0.5005799247262549 -6.360471010390667
-1.1720124929680945e-15 -6.380138849199053
0.5005799247262527 -6.360471010390667
0.9980736077568468 -6.301588752731985
1.4894138351024722 -6.203855104921807
1.9715713308743261 -6.067872627398622
2.441573433777344 -5.894479697355122
2.896522424555574 -5.684745339864022
3.3336133913949677 -5.439962636983011
3.750151523137473 -5.161640755473854
4.143568723687911 -4.8514956422874755
4.511439445180384 -4.511439445180387
4.851495642287476 -4.143568723687907
5.1616407554738535 -3.750151523137476
5.439962636983007 -3.333613391394975
5.684745339864021 -2.896522424555576
5.894479697355119 -2.4415734337773514
6.067872627398621 -1.9715713308743286
6.203855104921807 -1.4894138351024693
6.301588752731984 -0.9980736077568495
6.360471010390667 -0.5005799247262497
6.5974576622892425 0.0
6.577119902106587 0.5176305622859558
6.516232010613138 1.0320697600257898
6.415169381907232 1.5401459044970431
6.2745551007015745 2.0387265373165886
6.0952561007987915 2.5247377430882088
5.878377820156253 2.995183101113195
5.625257385493464 3.447162159320368
5.33745536846121 3.8778883165175926
5.016746164198374 4.284706002714764
4.6651070515958715 4.665107051595871
4.284706002714765 5.0167461641983735
3.8778883165175926 5.33745536846121
3.447162159320369 5.625257385493464
2.9951831011131955 5.878377820156253
2.524737743088209 6.0952561007987915
2.0387265373165886 6.2745551007015745
1.5401459044970438 6.415169381907232
1.0320697600257902 6.516232010613138
0.5176305622859562 6.577119902106587
4.03977770431635e-16 6.5974576622892425
-0.5176305622859554 6.577119902106587
-1.032069760025788 6.516232010613138
-1.540145904497043 6.415169381907233
-2.038726537316588 6.274555100701575
-2.5247377430882083 6.0952561007987915
-2.9951831011131946 5.878377820156253
-3.447162159320368 5.625257385493465
-3.8778883165175917 5.33745536846121
-4.284706002714763 5.016746164198375
-4.665107051595871 4.6651070515958715
-5.016746164198374 4.284706002714765
-5.337455368461209 3.877888316517593
-5.625257385493464 3.447162159320369
-5.878377820156253 2.995183101113196
-6.0952561007987915 2.524737743088209
-6.2745551007015745 2.038726537316589
-6.415169381907232 1.540145904497044
-6.516232010613138 1.0320697600257904
-6.577119902106587 0.5176305622859566
-6.5974576622892425 8.0795554086327e-16
-6.577119902106587 -0.5176305622859521
-6.516232010613138 -1.0320697600257889
-6.415169381907233 -1.5401459044970425
-6.274555100701576 -2.038726537316585
-6.095256100798792 -2.524737743088208
-5.878377820156253 -2.9951831011131946
-5.625257385493463 -3.4471621593203703
-5.337455368461211 -3.8778883165175917
-5.016746164198377 -4.284706002714762
-4.6651070515958715 -4.665107051595871
-4.284706002714767 -5.016746164198372
-3.877888316517593 -5.337455368461209
-3.4471621593203667 -5.625257385493466
-2.995183101113196 -5.878377820156253
-2.524737743088207 -6.095256100798792
-2.0387265373165895 -6.2745551007015745
-1.5401459044970471 -6.415169381907231
-1.0320697600257909 -6.516232010613138
-0.5176305622859599 -6.577119902106587
-1.211933311294905e-15 -6.5974576622892425
0.5176305622859575 -6.577119902106587
1.0320697600257884 -6.516232010613138
1.5401459044970451 -6.415169381907232
2.0387265373165873 -6.274555100701575
2.5247377430882048 -6.095256100798793
2.995183101113194 -5.878377820156253
3.447162159320365 -5.625257385493467
3.877888316517591 -5.337455368461211
4.284706002714766 -5.0167461641983735
4.66510705159587 -4.6651070515958715
5.016746164198375 -4.2847060027147625
5.337455368461209 -3.877888316517594
5.625257385493462 -3.4471621593203725
5.878377820156253 -2.9951831011131964
6.095256100798791 -2.5247377430882127
6.2745551007015745 -2.03872653731659
6.415169381907233 -1.5401459044970418
6.516232010613138 -1.0320697600257913
6.577119902106587 -0.5176305622859545
7.130994821683729 0.0
7.109012344497685 0.5594914053492503
7.043200442221323 1.1155333601347508
6.933964867116852 1.6646976808025353
6.7819790928293076 2.20359858670002
6.58818016219757 2.728913574539611
6.35376291007367 3.2374039027363164
6.080172596768596 3.7259345593266118
5.769095997541885 4.19149359035969
5.422451003071236 4.631210669595144
5.042374795018721 5.04237479501872
4.631210669595145 5.422451003071235
4.19149359035969 5.769095997541885
3.7259345593266127 6.080172596768596
3.237403902736317 6.3537629100736694
2.7289135745396114 6.58818016219757
2.2035985867000205 6.7819790928293076
1.664697680802536 6.933964867116852
1.115533360134751 7.043200442221323
0.5594914053492507 7.109012344497685
4.366474991555665e-16 7.130994821683729
-0.5594914053492498 7.109012344497685
-1.1155333601347488 7.043200442221323
-1.6646976808025349 6.933964867116853
-2.2035985867000196 6.7819790928293076
-2.7289135745396105 6.58818016219757
-3.237403902736316 6.35376291007367
-3.7259345593266118 6.0801725967685964
-4.1914935903596895 5.769095997541885
-4.631210669595143 5.422451003071237
-5.04237479501872 5.042374795018721
-5.422451003071236 4.631210669595145
-5.769095997541884 4.191493590359691
-6.080172596768596 3.7259345593266127
-6.3537629100736694 3.2374039027363173
-6.58818016219757 2.728913574539612
-6.7819790928293076 2.203598586700021
-6.933964867116852 1.6646976808025364
-7.043200442221322 1.1155333601347515
-7.109012344497685 0.5594914053492512
-7.130994821683729 8.73294998311133e-16
-7.109012344497686 -0.5594914053492462
-7.043200442221323 -1.1155333601347497
-6.933964867116853 -1.6646976808025347
-6.781979092829308 -2.2035985867000165
-6.588180162197571 -2.72891357453961
-6.35376291007367 -3.237403902736316
-6.080172596768595 -3.725934559326614
-5.769095997541886 -4.1914935903596895
-5.42245100307124 -4.6312106695951405
-5.042374795018722 -5.04237479501872
-4.631210669595148 -5.4224510030712345
-4.191493590359691 -5.769095997541884
-3.7259345593266104 -6.0801725967685964
-3.2374039027363177 -6.3537629100736694
-2.728913574539609 -6.588180162197571
-2.2035985867000214 -6.7819790928293076
-1.6646976808025398 -6.933964867116851
-1.115533360134752 -7.043200442221322
-0.5594914053492548 -7.109012344497685
-1.3099424974666993e-15 -7.130994821683729
0.5594914053492522 -7.109012344497685
1.1155333601347492 -7.043200442221323
1.6646976808025373 -6.933964867116852
2.2035985867000187 -6.7819790928293076
2.7289135745396065 -6.588180162197572
3.2374039027363155 -6.35376291007367
3.7259345593266087 -6.080172596768597
4.191493590359689 -5.769095997541886
4.631210669595146 -5.422451003071235
5.042374795018719 -5.042374795018722
5.422451003071237 -4.631210669595142
5.769095997541884 -4.191493590359692
6.080172596768593 -3.7259345593266167
6.3537629100736694 -3.2374039027363177
6.588180162197569 -2.7289135745396154
6.7819790928293076 -2.2035985867000214
6.933964867116853 -1.664697680802534
7.043200442221322 -1.1155333601347523
7.109012344497685 -0.5594914053492489
6.772361118539488 0.0
6.75148418937229 0.5313533293030247
6.688982115081298 1.0594306886379843
6.585240241738561 1.580976305481037
6.440898172490915 2.0927746776728293
6.256845824193877 2.59167039805857
6.0342179407783165 3.074587608622418
5.774387097176772 3.53854896417498
5.478955236942573 3.9806939886764683
5.149743795735125 4.39829671102269
4.788782471563384 4.788782471563383
4.398296711022691 5.149743795735124
3.9806939886764683 5.478955236942573
3.5385489641749808 5.774387097176772
3.074587608622418 6.034217940778316
2.5916703980585702 6.256845824193877
2.0927746776728298 6.440898172490915
1.5809763054810377 6.585240241738561
1.0594306886379847 6.688982115081298
0.5313533293030251 6.75148418937229
4.146875183244686e-16 6.772361118539488
-0.5313533293030243 6.75148418937229
-1.0594306886379825 6.688982115081298
-1.5809763054810368 6.585240241738562
-2.092774677672829 6.440898172490916
-2.5916703980585694 6.256845824193877
-3.0745876086224175 6.0342179407783165
-3.53854896417498 5.774387097176773
-3.9806939886764674 5.478955236942573
-4.398296711022689 5.149743795735126
-4.788782471563383 4.788782471563384
-5.149743795735125 4.398296711022691
-5.478955236942573 3.980693988676469
-5.774387097176772 3.5385489641749808
-6.034217940778316 3.0745876086224184
-6.256845824193877 2.5916703980585707
-6.440898172490915 2.09277467767283
-6.585240241738561 1.580976305481038
-6.688982115081297 1.059430688637985
-6.75148418937229 0.5313533293030256
-6.772361118539488 8.293750366489372e-16
-6.751484189372291 -0.5313533293030208
-6.688982115081298 -1.0594306886379834
-6.585240241738562 -1.5809763054810364
-6.440898172490916 -2.0927746776728258
-6.256845824193878 -2.591670398058569
-6.0342179407783165 -3.0745876086224175
-5.7743870971767715 -3.538548964174982
-5.478955236942574 -3.9806939886764674
-5.1497437957351275 -4.398296711022687
-4.788782471563385 -4.788782471563383
-4.3982967110226925 -5.149743795735122
-3.980693988676469 -5.478955236942573
-3.5385489641749786 -5.774387097176774
-3.074587608622419 -6.034217940778316
-2.591670398058568 -6.256845824193878
-2.0927746776728307 -6.440898172490915
-1.5809763054810413 -6.5852402417385605
-1.0594306886379854 -6.688982115081297
-0.5313533293030289 -6.75148418937229
-1.2440625549734058e-15 -6.772361118539488
0.5313533293030265 -6.75148418937229
1.059430688637983 -6.688982115081298
1.580976305481039 -6.585240241738561
2.092774677672828 -6.440898172490916
2.591670398058566 -6.256845824193879
3.074587608622417 -6.0342179407783165
3.5385489641749768 -5.774387097176774
3.980693988676467 -5.478955236942574
4.398296711022692 -5.149743795735124
4.788782471563382 -4.788782471563385
5.149743795735126 -4.398296711022688
5.478955236942573 -3.9806939886764696
5.77438709717677 -3.5385489641749843
6.034217940778316 -3.0745876086224193
6.256845824193875 -2.591670398058574
6.440898172490915 -2.0927746776728307
6.585240241738562 -1.5809763054810357
6.688982115081297 -1.0594306886379858
6.75148418937229 -0.5313533293030234
7.3615975109304 0.0
7.338904162613166 0.5775842838199533
7.270964029700143 1.1516075684638922
7.158195985703127 1.7185308094998746
7.0012952831125395 2.274858736625806
6.80122926693463 2.817161403173147
6.559231410687836 3.3420953328686958
6.276793711628372 3.846424133477635
5.955657492091007 4.327038450237867
5.597802663657815 4.780975136066086
5.205435520344896 5.205435520344895
4.780975136066087 5.597802663657814
4.327038450237867 5.955657492091007
3.846424133477636 6.276793711628372
3.342095332868696 6.559231410687835
2.8171614031731473 6.80122926693463
2.2748587366258066 7.0012952831125395
1.7185308094998752 7.158195985703127
1.1516075684638927 7.270964029700143
0.5775842838199537 7.338904162613166
4.507678414186019e-16 7.3615975109304
-0.5775842838199527 7.338904162613166
-1.1516075684638902 7.270964029700143
-1.7185308094998744 7.158195985703128
-2.2748587366258057 7.00129528311254
-2.8171614031731465 6.80122926693463
-3.3420953328686953 6.559231410687836
-3.846424133477635 6.276793711628373
-4.3270384502378665 5.955657492091007
-4.780975136066085 5.5978026636578155
-5.205435520344895 5.205435520344896
-5.597802663657815 4.780975136066087
-5.955657492091006 4.327038450237868
-6.276793711628372 3.846424133477636
-6.559231410687835 3.3420953328686966
-6.80122926693463 2.817161403173148
-7.0012952831125395 2.274858736625807
-7.158195985703127 1.7185308094998757
-7.270964029700142 1.1516075684638931
-7.338904162613166 0.5775842838199542
-7.3615975109304 9.015356828372038e-16
-7.338904162613167 -0.5775842838199491
-7.270964029700143 -1.1516075684638911
-7.158195985703128 -1.718530809499874
-7.001295283112541 -2.2748587366258026
-6.801229266934631 -2.817161403173146
-6.559231410687836 -3.3420953328686953
-6.276793711628371 -3.8464241334776377
-5.9556574920910075 -4.3270384502378665
-5.597802663657818 -4.780975136066083
-5.2054355203448965 -5.205435520344895
-4.78097513606609 -5.597802663657813
-4.327038450237868 -5.955657492091006
-3.8464241334776337 -6.276793711628374
-3.342095332868697 -6.559231410687835
-2.817161403173145 -6.801229266934631
-2.2748587366258075 -7.0012952831125395
-1.7185308094998792 -7.158195985703126
-1.1516075684638936 -7.270964029700142
-0.5775842838199579 -7.338904162613166
-1.3523035242558054e-15 -7.3615975109304
0.5775842838199553 -7.338904162613166
1.151607568463891 -7.270964029700143
1.7185308094998768 -7.158195985703127
2.274858736625805 -7.00129528311254
2.8171614031731425 -6.801229266934632
3.342095332868695 -6.559231410687836
3.846424133477632 -6.2767937116283745
4.327038450237866 -5.9556574920910075
4.780975136066088 -5.597802663657814
5.205435520344894 -5.2054355203448965
5.5978026636578155 -4.780975136066084
5.955657492091006 -4.327038450237869
6.27679371162837 -3.84642413347764
6.559231410687835 -3.3420953328686975
6.801229266934628 -2.8171614031731513
7.0012952831125395 -2.274858736625808
7.158195985703128 -1.7185308094998732
7.270964029700142 -1.1516075684638938
7.338904162613166 -0.5775842838199519
6.902052796154686 0.0
6.880776070827809 0.5415288210521403
6.817077072934052 1.079718936845888
6.711348527977493 1.6112522263509998
6.564242287596099 2.1328516100849226
6.37666531067961 2.6413012543975403
6.149774071666392 3.1334663981550017
5.884967430493953 3.606312679584524
5.583878008162266 4.056924844123752
5.248362121082397 4.482524717934547
4.8804883362685505 4.88048833626855
4.482524717934548 5.248362121082397
4.056924844123752 5.583878008162266
3.606312679584525 5.884967430493953
3.133466398155002 6.149774071666392
2.6413012543975407 6.37666531067961
2.1328516100849226 6.564242287596099
1.6112522263510003 6.711348527977493
1.0797189368458882 6.817077072934052
0.5415288210521407 6.880776070827809
4.2262884321784374e-16 6.902052796154686
-0.5415288210521398 6.880776070827809
-1.079718936845886 6.817077072934052
-1.6112522263509994 6.711348527977493
-2.132851610084922 6.564242287596099
-2.6413012543975403 6.37666531067961
-3.1334663981550013 6.149774071666392
-3.606312679584524 5.884967430493953
-4.056924844123751 5.583878008162266
-4.482524717934547 5.248362121082398
-4.88048833626855 4.8804883362685505
-5.248362121082397 4.482524717934548
-5.583878008162265 4.056924844123753
-5.884967430493953 3.606312679584525
-6.149774071666392 3.1334663981550026
-6.37666531067961 2.641301254397541
-6.564242287596099 2.132851610084923
-6.711348527977493 1.6112522263510007
-6.817077072934051 1.0797189368458886
-6.880776070827809 0.5415288210521412
-6.902052796154686 8.452576864356875e-16
-6.88077607082781 -0.5415288210521364
-6.817077072934052 -1.0797189368458868
-6.711348527977493 -1.611252226350999
-6.5642422875961 -2.132851610084919
-6.376665310679611 -2.64130125439754
-6.149774071666392 -3.1334663981550013
-5.884967430493952 -3.606312679584527
-5.583878008162267 -4.056924844123751
-5.2483621210824 -4.482524717934544
-4.8804883362685505 -4.88048833626855
-4.482524717934551 -5.248362121082395
-4.056924844123753 -5.583878008162265
-3.606312679584523 -5.884967430493954
-3.133466398155003 -6.149774071666392
-2.6413012543975385 -6.376665310679611
-2.1328516100849235 -6.564242287596099
-1.611252226351004 -6.711348527977492
-1.079718936845889 -6.817077072934051
-0.5415288210521446 -6.880776070827809
-1.2678865296535311e-15 -6.902052796154686
0.5415288210521422 -6.880776070827809
1.0797189368458866 -6.817077072934052
1.6112522263510016 -6.711348527977493
2.1328516100849213 -6.564242287596099
2.6413012543975363 -6.376665310679612
3.133466398155001 -6.149774071666392
3.6063126795845215 -5.884967430493955
4.05692484412375 -5.583878008162267
4.482524717934549 -5.248362121082397
4.880488336268549 -4.8804883362685505
5.248362121082398 -4.482524717934546
5.583878008162265 -4.056924844123753
5.88496743049395 -3.606312679584529
6.149774071666392 -3.133466398155003
6.376665310679609 -2.6413012543975447
6.564242287596099 -2.132851610084924
6.711348527977493 -1.6112522263509985
6.817077072934051 -1.0797189368458895
6.880776070827809 -0.541528821052139
6.219475988065118 0.0
6.200303419239089 0.4879744619246341
6.142903918023341 0.972940399023528
6.047631371430139 1.451907835026928
5.9150731663905685 1.9219237764190389
5.746046568318774 2.3800904186250174
5.541593682398916 2.823583011939794
5.302975028660172 3.2496672770493316
5.031661770451598 3.655716262771834
4.729326644230863 4.0392265420853315
4.397833646587748 4.397833646587747
4.039226542085332 4.729326644230862
3.655716262771834 5.031661770451598
3.2496672770493324 5.302975028660172
2.8235830119397947 5.541593682398915
2.380090418625018 5.746046568318774
1.9219237764190393 5.9150731663905685
1.4519078350269286 6.047631371430139
0.9729403990235284 6.142903918023341
0.48797446192463445 6.200303419239089
3.808330680578884e-16 6.219475988065118
-0.4879744619246337 6.200303419239089
-0.9729403990235262 6.142903918023341
-1.4519078350269279 6.04763137143014
-1.9219237764190387 5.915073166390569
-2.380090418625017 5.746046568318774
-2.8235830119397938 5.541593682398916
-3.2496672770493316 5.302975028660173
-3.655716262771833 5.031661770451598
-4.039226542085331 4.729326644230863
-4.397833646587747 4.397833646587748
-4.729326644230863 4.039226542085332
-5.031661770451597 3.6557162627718345
-5.302975028660172 3.2496672770493324
-5.541593682398915 2.8235830119397947
-5.746046568318774 2.3800904186250182
-5.9150731663905685 1.9219237764190396
-6.047631371430139 1.451907835026929
-6.1429039180233405 0.9729403990235287
-6.200303419239089 0.4879744619246349
-6.219475988065118 7.616661361157768e-16
-6.20030341923909 -0.48797446192463056
-6.142903918023341 -0.9729403990235271
-6.04763137143014 -1.4519078350269274
-5.91507316639057 -1.9219237764190358
-5.746046568318775 -2.380090418625017
-5.541593682398916 -2.8235830119397938
-5.302975028660171 -3.249667277049334
-5.031661770451599 -3.655716262771833
-4.7293266442308655 -4.039226542085329
-4.397833646587749 -4.397833646587747
-4.039226542085334 -4.72932664423086
-3.6557162627718345 -5.031661770451597
-3.2496672770493302 -5.302975028660173
-2.823583011939795 -5.541593682398915
-2.3800904186250156 -5.746046568318775
-1.92192377641904 -5.9150731663905685
-1.4519078350269319 -6.047631371430139
-0.972940399023529 -6.1429039180233405
-0.487974461924638 -6.200303419239089
-1.1424992041736651e-15 -6.219475988065118
0.4879744619246357 -6.200303419239089
0.9729403990235268 -6.142903918023341
1.4519078350269299 -6.047631371430139
1.9219237764190378 -5.915073166390569
2.380090418625014 -5.746046568318776
2.8235830119397933 -5.541593682398916
3.249667277049329 -5.302975028660174
3.6557162627718327 -5.031661770451599
4.039226542085332 -4.729326644230862
4.397833646587746 -4.397833646587749
4.729326644230863 -4.03922654208533
5.031661770451597 -3.6557162627718354
5.30297502866017 -3.2496672770493356
5.541593682398915 -2.8235830119397956
5.746046568318773 -2.3800904186250214
5.9150731663905685 -1.9219237764190402
6.04763137143014 -1.451907835026927
6.1429039180233405 -0.9729403990235294
6.200303419239089 -0.4879744619246329
7.0005558581814 0.0
6.978975480788031 0.5492572822251802
6.914367398810757 1.0951282106588616
6.807129942559336 1.634247309506747
6.657924266611631 2.163290730249147
6.467670273575782 2.678996744272395
6.237540942584726 3.1781858525103854
5.968955097489792 3.6577803881136086
5.663568659339847 4.114823491288705
5.3232644370773805 4.546497339322344
4.950140519395279 4.950140519395278
4.546497339322345 5.32326443707738
4.114823491288705 5.663568659339847
3.6577803881136095 5.968955097489792
3.178185852510386 6.237540942584725
2.6789967442723954 6.467670273575782
2.1632907302491473 6.657924266611631
1.6342473095067476 6.807129942559336
1.095128210658862 6.914367398810757
0.5492572822251806 6.978975480788031
4.286604161987052e-16 7.0005558581814
-0.5492572822251797 6.978975480788031
-1.0951282106588598 6.914367398810757
-1.6342473095067465 6.807129942559337
-2.1632907302491464 6.657924266611632
-2.6789967442723945 6.467670273575782
-3.178185852510385 6.237540942584726
-3.6577803881136086 5.9689550974897925
-4.114823491288704 5.663568659339847
-4.546497339322343 5.323264437077381
-4.950140519395278 4.950140519395279
-5.3232644370773805 4.546497339322345
-5.663568659339846 4.114823491288706
-5.968955097489792 3.6577803881136095
-6.237540942584725 3.1781858525103863
-6.467670273575782 2.6789967442723954
-6.657924266611631 2.1632907302491473
-6.807129942559336 1.634247309506748
-6.914367398810757 1.0951282106588625
-6.978975480788031 0.549257282225181
-7.0005558581814 8.573208323974104e-16
-6.978975480788032 -0.5492572822251762
-6.914367398810757 -1.0951282106588607
-6.807129942559337 -1.6342473095067462
-6.657924266611633 -2.1632907302491433
-6.4676702735757825 -2.678996744272394
-6.237540942584726 -3.178185852510385
-5.968955097489791 -3.657780388113611
-5.663568659339848 -4.114823491288704
-5.323264437077384 -4.546497339322341
-4.95014051939528 -4.950140519395278
-4.546497339322348 -5.323264437077379
-4.114823491288706 -5.663568659339846
-3.6577803881136073 -5.968955097489793
-3.1781858525103863 -6.237540942584725
-2.6789967442723928 -6.4676702735757825
-2.1632907302491478 -6.657924266611631
-1.6342473095067511 -6.807129942559335
-1.095128210658863 -6.914367398810757
-0.5492572822251846 -6.978975480788031
-1.2859812485961155e-15 -7.0005558581814
0.549257282225182 -6.978975480788031
1.0951282106588602 -6.914367398810757
1.634247309506749 -6.807129942559336
2.1632907302491455 -6.657924266611632
2.6789967442723905 -6.467670273575783
3.1781858525103845 -6.237540942584726
3.6577803881136055 -5.968955097489794
4.114823491288703 -5.663568659339848
4.546497339322346 -5.32326443707738
4.950140519395277 -4.95014051939528
5.323264437077381 -4.546497339322342
5.663568659339846 -4.114823491288707
5.96895509748979 -3.6577803881136135
6.237540942584725 -3.1781858525103868
6.46767027357578 -2.678996744272399
6.657924266611631 -2.163290730249148
6.807129942559337 -1.6342473095067456
6.914367398810757 -1.0951282106588631
6.978975480788031 -0.5492572822251788
7.491795072567616 0.0
7.468700368619094 0.5877994667719796
7.399558643303138 1.1719749543681526
7.2847961783482775 1.7489248266494262
7.125120522513353 2.3150919957978857
6.9215161293141305 2.866985852946042
6.6752382875400125 3.401203788941246
6.38780538198123 3.9144521725625965
6.0609895320816936 4.4035666568526635
5.696805666233332 4.8655316883687245
5.297499099072525 5.297499099072524
4.865531688368725 5.696805666233331
4.4035666568526635 6.0609895320816936
3.9144521725625974 6.38780538198123
3.4012037889412463 6.675238287540012
2.8669858529460424 6.9215161293141305
2.3150919957978857 7.125120522513353
1.7489248266494268 7.2847961783482775
1.171974954368153 7.399558643303138
0.58779946677198 7.468700368619094
4.587401427743922e-16 7.491795072567616
-0.5877994667719791 7.468700368619094
-1.1719749543681506 7.399558643303138
-1.7489248266494257 7.284796178348278
-2.3150919957978853 7.125120522513354
-2.8669858529460415 6.9215161293141305
-3.4012037889412454 6.6752382875400125
-3.9144521725625965 6.387805381981231
-4.403566656852663 6.0609895320816936
-4.865531688368724 5.696805666233333
-5.297499099072524 5.297499099072525
-5.696805666233332 4.865531688368725
-6.060989532081693 4.4035666568526635
-6.38780538198123 3.9144521725625974
-6.675238287540012 3.4012037889412468
-6.9215161293141305 2.866985852946043
-7.125120522513353 2.315091995797886
-7.2847961783482775 1.7489248266494273
-7.399558643303137 1.1719749543681535
-7.468700368619094 0.5877994667719806
-7.491795072567616 9.174802855487843e-16
-7.4687003686190945 -0.5877994667719754
-7.399558643303138 -1.1719749543681515
-7.284796178348278 -1.7489248266494253
-7.125120522513355 -2.3150919957978817
-6.921516129314131 -2.866985852946041
-6.6752382875400125 -3.4012037889412454
-6.387805381981229 -3.914452172562599
-6.060989532081694 -4.403566656852663
-5.696805666233335 -4.865531688368721
-5.2974990990725255 -5.297499099072524
-4.865531688368728 -5.696805666233329
-4.4035666568526635 -6.060989532081693
-3.914452172562595 -6.387805381981232
-3.401203788941247 -6.675238287540012
-2.86698585294604 -6.921516129314131
-2.3150919957978866 -7.125120522513353
-1.7489248266494308 -7.2847961783482775
-1.171974954368154 -7.399558643303137
-0.5877994667719842 -7.468700368619094
-1.3762204283231764e-15 -7.491795072567616
0.5877994667719816 -7.468700368619094
1.171974954368151 -7.399558643303138
1.7489248266494282 -7.2847961783482775
2.3150919957978844 -7.125120522513354
2.8669858529460375 -6.921516129314132
3.401203788941245 -6.6752382875400125
3.9144521725625934 -6.387805381981233
4.403566656852662 -6.060989532081694
4.865531688368726 -5.696805666233331
5.297499099072523 -5.2974990990725255
5.696805666233333 -4.865531688368723
6.060989532081693 -4.403566656852664
6.387805381981227 -3.914452172562602
6.675238287540012 -3.401203788941247
6.921516129314129 -2.866985852946047
7.125120522513353 -2.315091995797887
7.284796178348278 -1.7489248266494246
7.399558643303137 -1.1719749543681541
7.468700368619094 -0.5877994667719781
7.728294601490322 0.0
7.704470848421859 0.6063550059513165
7.633146470576338 1.2089716316574428
7.514761206460938 1.8041345452305377
7.350044940596028 2.3881743693966713
7.14001320353438 2.9574903044269103
6.88596091077762 3.508572328265033
6.589454379191552 4.038022836980709
6.252321670141833 4.5425775921275475
5.876641318887755 5.019125845858585
5.464729519721194 5.464729519721193
5.019125845858586 5.876641318887754
4.5425775921275475 6.252321670141833
4.038022836980709 6.589454379191552
3.5085723282650334 6.885960910777619
2.9574903044269107 7.14001320353438
2.3881743693966717 7.350044940596028
1.8041345452305384 7.514761206460938
1.2089716316574433 7.633146470576338
0.606355005951317 7.704470848421859
4.732215623291446e-16 7.728294601490322
-0.606355005951316 7.704470848421859
-1.2089716316574406 7.633146470576338
-1.8041345452305373 7.514761206460939
-2.388174369396671 7.350044940596029
-2.95749030442691 7.14001320353438
-3.5085723282650325 6.88596091077762
-4.038022836980709 6.589454379191553
-4.542577592127547 6.252321670141833
-5.019125845858584 5.8766413188877555
-5.464729519721193 5.464729519721194
-5.876641318887755 5.019125845858586
-6.252321670141832 4.542577592127548
-6.589454379191552 4.038022836980709
-6.885960910777619 3.508572328265034
-7.14001320353438 2.957490304426911
-7.350044940596028 2.388174369396672
-7.514761206460938 1.8041345452305388
-7.633146470576337 1.2089716316574437
-7.704470848421859 0.6063550059513174
-7.728294601490322 9.464431246582892e-16
-7.70447084842186 -0.6063550059513121
-7.633146470576338 -1.2089716316574417
-7.514761206460939 -1.8041345452305368
-7.35004494059603 -2.3881743693966673
-7.140013203534381 -2.9574903044269094
-6.88596091077762 -3.5085723282650325
-6.589454379191551 -4.038022836980711
-6.252321670141834 -4.542577592127547
-5.876641318887758 -5.019125845858581
-5.464729519721195 -5.464729519721193
-5.0191258458585875 -5.876641318887752
-4.542577592127548 -6.252321670141832
-4.038022836980708 -6.589454379191554
-3.508572328265034 -6.885960910777619
-2.957490304426908 -7.140013203534381
-2.3881743693966726 -7.350044940596028
-1.8041345452305424 -7.514761206460937
-1.2089716316574441 -7.633146470576337
-0.6063550059513213 -7.704470848421859
-1.419664686987434e-15 -7.728294601490322
0.6063550059513185 -7.704470848421859
1.2089716316574413 -7.633146470576338
1.8041345452305397 -7.514761206460938
2.38817436939667 -7.350044940596029
2.9574903044269054 -7.140013203534382
3.508572328265032 -6.88596091077762
4.038022836980706 -6.5894543791915545
4.542577592127546 -6.252321670141834
5.019125845858586 -5.876641318887754
5.4647295197211925 -5.464729519721195
5.8766413188877555 -5.019125845858583
6.252321670141832 -4.542577592127549
6.589454379191549 -4.038022836980714
6.885960910777619 -3.5085723282650343
7.140013203534378 -2.957490304426915
7.350044940596028 -2.388174369396673
7.514761206460939 -1.8041345452305362
7.633146470576337 -1.2089716316574446
7.704470848421859 -0.606355005951315
7.254555684349281 0.0
7.232192310259993 0.569185878901342
7.165240065629965 1.1348625375857457
7.054111733311222 1.6935423913458447
6.89949245642643 2.2417809931033044
6.702335514233711 2.7761982695704557
6.463856444843019 3.2934993605261
6.185525551019484 3.7904949327244273
5.869058835277945 4.2641208431950375
5.516407420156808 4.71145703070328
5.129745518898792 5.129745518898791
4.711457030703281 5.516407420156807
4.2641208431950375 5.869058835277945
3.7904949327244277 6.185525551019484
3.2934993605261003 6.463856444843019
2.776198269570456 6.702335514233711
2.241780993103305 6.89949245642643
1.6935423913458452 7.054111733311222
1.1348625375857462 7.165240065629965
0.5691858789013423 7.232192310259993
4.442134199037291e-16 7.254555684349281
-0.5691858789013414 7.232192310259993
-1.1348625375857437 7.165240065629965
-1.6935423913458443 7.054111733311223
-2.241780993103304 6.899492456426431
-2.7761982695704552 6.702335514233711
-3.2934993605260994 6.463856444843019
-3.7904949327244273 6.185525551019485
-4.264120843195037 5.869058835277945
-4.711457030703279 5.516407420156809
-5.129745518898791 5.129745518898792
-5.516407420156808 4.711457030703281
-5.8690588352779445 4.264120843195038
-6.185525551019484 3.7904949327244277
-6.463856444843019 3.2934993605261007
-6.702335514233711 2.7761982695704566
-6.89949245642643 2.2417809931033053
-7.054111733311222 1.6935423913458456
-7.165240065629964 1.1348625375857466
-7.232192310259993 0.5691858789013429
-7.254555684349281 8.884268398074583e-16
-7.232192310259993 -0.5691858789013378
-7.165240065629965 -1.1348625375857448
-7.054111733311223 -1.6935423913458438
-6.899492456426432 -2.241780993103301
-6.702335514233712 -2.776198269570455
-6.463856444843019 -3.2934993605260994
-6.1855255510194835 -3.7904949327244295
-5.869058835277946 -4.264120843195037
-5.516407420156812 -4.7114570307032775
-5.129745518898793 -5.129745518898791
-4.711457030703284 -5.516407420156806
-4.264120843195038 -5.8690588352779445
-3.7904949327244255 -6.185525551019486
-3.2934993605261007 -6.463856444843019
-2.776198269570454 -6.702335514233712
-2.2417809931033057 -6.89949245642643
-1.6935423913458492 -7.054111733311221
-1.1348625375857468 -7.165240065629964
-0.5691858789013464 -7.232192310259993
-1.3326402597111874e-15 -7.254555684349281
0.5691858789013439 -7.232192310259993
1.1348625375857444 -7.165240065629965
1.6935423913458467 -7.054111733311222
2.241780993103303 -6.899492456426431
2.7761982695704512 -6.702335514233713
3.293499360526099 -6.463856444843019
3.7904949327244237 -6.185525551019487
4.264120843195036 -5.869058835277946
4.711457030703282 -5.516407420156807
5.12974551889879 -5.129745518898793
5.516407420156809 -4.711457030703279
5.8690588352779445 -4.264120843195039
6.185525551019483 -3.7904949327244317
6.463856444843019 -3.293499360526101
6.70233551423371 -2.77619826957046
6.89949245642643 -2.241780993103306
7.054111733311223 -1.6935423913458432
7.165240065629964 -1.1348625375857473
7.232192310259993 -0.5691858789013405
7.574996975887874 0.0
7.5516457882386465 0.5943274128693227
7.481736193127881 1.1849905996043861
7.365699206456733 1.7683479252435277
7.2042502348342445 2.3408027978881867
6.9983846648577 2.898825842887947
6.749371726223253 3.438976662608891
6.458746666502789 3.957925047629067
6.128301285832125 4.452471508586975
5.760072889867333 4.919567002097423
5.3563317291179064 5.356331729117906
4.919567002097424 5.760072889867332
4.452471508586975 6.128301285832125
3.9579250476290677 6.458746666502789
3.4389766626088916 6.749371726223252
2.8988258428879474 6.9983846648577
2.340802797888187 7.2042502348342445
1.7683479252435284 7.365699206456733
1.1849905996043866 7.481736193127881
0.5943274128693231 7.5516457882386465
4.638347900035983e-16 7.574996975887874
-0.5943274128693221 7.5516457882386465
-1.1849905996043841 7.481736193127881
-1.7683479252435275 7.365699206456734
-2.3408027978881862 7.204250234834245
-2.8988258428879465 6.9983846648577
-3.438976662608891 6.749371726223253
-3.957925047629067 6.4587466665027895
-4.452471508586974 6.128301285832125
-4.9195670020974225 5.760072889867334
-5.356331729117906 5.3563317291179064
-5.760072889867333 4.919567002097424
-6.128301285832124 4.452471508586976
-6.458746666502789 3.9579250476290677
-6.749371726223252 3.438976662608892
-6.9983846648577 2.898825842887948
-7.2042502348342445 2.3408027978881876
-7.365699206456733 1.7683479252435288
-7.4817361931278805 1.184990599604387
-7.5516457882386465 0.5943274128693237
-7.574996975887874 9.276695800071966e-16
-7.551645788238647 -0.5943274128693183
-7.481736193127881 -1.1849905996043852
-7.365699206456734 -1.768347925243527
-7.204250234834246 -2.340802797888183
-6.998384664857701 -2.898825842887946
-6.749371726223253 -3.438976662608891
-6.458746666502788 -3.9579250476290695
-6.128301285832125 -4.452471508586974
-5.760072889867336 -4.91956700209742
-5.356331729117907 -5.356331729117906
-4.919567002097427 -5.760072889867331
-4.452471508586976 -6.128301285832124
-3.957925047629065 -6.4587466665027895
-3.4389766626088925 -6.749371726223252
-2.8988258428879448 -6.998384664857701
-2.340802797888188 -7.2042502348342445
-1.7683479252435323 -7.365699206456732
-1.1849905996043875 -7.4817361931278805
-0.5943274128693274 -7.5516457882386465
-1.3915043700107948e-15 -7.574996975887874
0.5943274128693247 -7.5516457882386465
1.1849905996043848 -7.481736193127881
1.76834792524353 -7.365699206456733
2.3408027978881853 -7.204250234834245
2.898825842887942 -6.998384664857702
3.4389766626088907 -6.749371726223253
3.9579250476290633 -6.45874666650279
4.4524715085869735 -6.128301285832125
4.919567002097425 -5.760072889867332
5.356331729117905 -5.356331729117907
5.760072889867334 -4.919567002097422
6.128301285832124 -4.452471508586977
6.458746666502786 -3.9579250476290717
6.749371726223252 -3.438976662608893
6.998384664857698 -2.8988258428879514
7.2042502348342445 -2.3408027978881885
7.365699206456734 -1.7683479252435264
7.4817361931278805 -1.184990599604388
7.5516457882386465 -0.5943274128693212
7.640909464042787 0.0
7.617355090189759 0.5994988470871294
7.546837189178103 1.1953015844283705
7.429790527317138 1.7837348900234995
7.266936736199201 2.361170876869592
7.059279863600916 2.9240494600907923
6.808100183194768 3.468900306045417
6.51494630123618 3.9923642280868656
6.181625608890986 4.491213897066335
5.81019313906787 4.962373738890218
5.402938896457123 5.4029388964571226
4.962373738890219 5.810193139067869
4.491213897066335 6.181625608890986
3.9923642280868665 6.51494630123618
3.4689003060454175 6.808100183194768
2.9240494600907927 7.059279863600916
2.3611708768695925 7.266936736199201
1.7837348900235002 7.429790527317138
1.195301584428371 7.546837189178103
0.5994988470871299 7.617355090189759
4.678707658857359e-16 7.640909464042787
-0.5994988470871289 7.617355090189759
-1.1953015844283685 7.546837189178103
-1.783734890023499 7.429790527317139
-2.361170876869592 7.266936736199202
-2.924049460090792 7.059279863600916
-3.4689003060454167 6.808100183194768
-3.9923642280868656 6.514946301236181
-4.491213897066334 6.181625608890986
-4.962373738890217 5.810193139067871
-5.4029388964571226 5.402938896457123
-5.81019313906787 4.962373738890219
-6.181625608890985 4.491213897066336
-6.51494630123618 3.9923642280868665
-6.808100183194768 3.468900306045418
-7.059279863600916 2.924049460090793
-7.266936736199201 2.361170876869593
-7.429790527317138 1.7837348900235006
-7.546837189178103 1.1953015844283714
-7.617355090189759 0.5994988470871304
-7.640909464042787 9.357415317714718e-16
-7.6173550901897595 -0.5994988470871251
-7.546837189178103 -1.1953015844283694
-7.429790527317139 -1.7837348900234986
-7.266936736199203 -2.3611708768695885
-7.059279863600917 -2.9240494600907914
-6.808100183194768 -3.4689003060454167
-6.514946301236179 -3.9923642280868683
-6.181625608890987 -4.491213897066334
-5.810193139067874 -4.962373738890214
-5.402938896457124 -5.4029388964571226
-4.962373738890221 -5.810193139067867
-4.491213897066336 -6.181625608890985
-3.9923642280868643 -6.514946301236182
-3.4689003060454184 -6.808100183194768
-2.92404946009079 -7.059279863600917
-2.3611708768695934 -7.266936736199201
-1.7837348900235042 -7.429790527317137
-1.1953015844283719 -7.546837189178103
-0.5994988470871342 -7.617355090189759
-1.4036122976572075e-15 -7.640909464042787
0.5994988470871314 -7.617355090189759
1.195301584428369 -7.546837189178103
1.7837348900235015 -7.429790527317138
2.361170876869591 -7.266936736199202
2.924049460090788 -7.059279863600918
3.468900306045416 -6.808100183194768
3.9923642280868625 -6.514946301236183
4.491213897066333 -6.181625608890987
4.96237373889022 -5.810193139067869
5.402938896457122 -5.402938896457124
5.810193139067871 -4.962373738890216
6.181625608890985 -4.491213897066337
6.5149463012361775 -3.992364228086871
6.808100183194768 -3.468900306045419
7.059279863600915 -2.924049460090797
7.266936736199201 -2.361170876869594
7.429790527317139 -1.783734890023498
7.546837189178103 -1.1953015844283723
7.617355090189759 -0.599498847087128
1.0 0.5 0.4 0.32000000000000006 0.25600000000000006 0.20480000000000007 0.16384000000000007 0.13107200000000005 0.10485760000000005 0.08388608000000004 0.06710886400000003 0.05368709120000003 0.042949672960000025 0.03435973836800002 0.027487790694400018 0.021990232555520017 0.017592186044416015 0.014073748835532814 0.011258999068426251 0.009007199254741001 0.007205759403792801 