0.0 0.0
1.947272510881603 0.0
1.9330747018393666 0.23471776401411584
1.8906883107391752 0.4660128144905313
1.82073142660911 0.6905123487622055
1.7242241783489711 0.9049426580905322
1.6025738589537886 1.1061768657104996
1.457554404013007 1.2912805237350362
1.2912805237350364 1.457554404013007
1.1061768657104998 1.6025738589537886
0.9049426580905324 1.7242241783489711
0.6905123487622055 1.82073142660911
0.4660128144905319 1.8906883107391752
0.23471776401411576 1.9330747018393666
-3.1314530298414004e-16 1.947272510881603
-0.2347177640141155 1.9330747018393666
-0.46601281449053084 1.8906883107391754
-0.6905123487622052 1.82073142660911
-0.9049426580905322 1.7242241783489711
-1.1061768657104993 1.6025738589537888
-1.2912805237350358 1.4575544040130075
-1.4575544040130073 1.2912805237350362
-1.6025738589537886 1.1061768657104996
-1.7242241783489705 0.9049426580905333
-1.8207314266091097 0.6905123487622059
-1.8906883107391752 0.4660128144905312
-1.9330747018393666 0.2347177640141159
-1.947272510881603 -6.262906059682801e-16
-1.9330747018393666 -0.2347177640141154
-1.8906883107391754 -0.4660128144905307
-1.82073142660911 -0.6905123487622055
-1.7242241783489716 -0.9049426580905313
-1.6025738589537888 -1.1061768657104991
-1.4575544040130075 -1.2912805237350358
-1.2912805237350362 -1.457554404013007
-1.1061768657104998 -1.6025738589537886
-0.9049426580905334 -1.7242241783489705
-0.690512348762206 -1.8207314266091097
-0.4660128144905313 -1.8906883107391752
-0.23471776401411687 -1.9330747018393666
-3.577081571278177e-16 -1.947272510881603
0.23471776401411615 -1.9330747018393666
0.4660128144905306 -1.8906883107391754
0.6905123487622055 -1.82073142660911
0.9049426580905312 -1.7242241783489716
1.1061768657104976 -1.60257385895379
1.2912805237350362 -1.457554404013007
1.4575544040130066 -1.2912805237350369
1.6025738589537886 -1.1061768657104998
1.7242241783489713 -0.904942658090532
1.8207314266091097 -0.6905123487622061
1.8906883107391752 -0.4660128144905314
1.9330747018393666 -0.23471776401411698
2.98607026841653 0.0
2.9642984541374475 0.35993099716404997
2.8993004933782447 0.7146133898954278
2.792024202769452 1.0588751102329177
2.6440339121933145 1.387696047084117
2.457487653331544 1.6962812507494707
2.2351056907039375 1.9801308540861742
1.9801308540861746 2.2351056907039375
1.696281250749471 2.457487653331544
1.3876960470841175 2.6440339121933145
1.0588751102329175 2.792024202769452
0.7146133898954287 2.8993004933782447
0.35993099716404986 2.9642984541374475
-4.801967232166616e-16 2.98607026841653
-0.35993099716404947 2.9642984541374475
-0.714613389895427 2.899300493378245
-1.0588751102329172 2.792024202769452
-1.387696047084117 2.6440339121933145
-1.6962812507494702 2.4574876533315444
-1.9801308540861735 2.2351056907039384
-2.235105690703938 1.9801308540861742
-2.457487653331544 1.6962812507494707
-2.6440339121933136 1.3876960470841189
-2.792024202769452 1.0588751102329184
-2.8993004933782447 0.7146133898954276
-2.9642984541374475 0.35993099716405
-2.98607026841653 -9.603934464333232e-16
-2.9642984541374475 -0.3599309971640493
-2.899300493378245 -0.7146133898954269
-2.792024202769452 -1.0588751102329177
-2.644033912193315 -1.3876960470841158
-2.4574876533315444 -1.69628125074947
-2.2351056907039384 -1.9801308540861735
-1.9801308540861742 -2.2351056907039375
-1.696281250749471 -2.457487653331544
-1.3876960470841189 -2.6440339121933136
-1.0588751102329186 -2.792024202769452
-0.7146133898954278 -2.8993004933782447
-0.3599309971640515 -2.9642984541374475
-5.485322094368072e-16 -2.98607026841653
0.3599309971640504 -2.9642984541374475
0.7146133898954267 -2.899300493378245
1.0588751102329175 -2.792024202769452
1.3876960470841155 -2.644033912193315
1.6962812507494676 -2.457487653331546
1.9801308540861742 -2.2351056907039375
2.2351056907039366 -1.9801308540861753
2.457487653331544 -1.696281250749471
2.644033912193315 -1.3876960470841169
2.792024202769452 -1.0588751102329186
2.8993004933782447 -0.7146133898954279
2.9642984541374475 -0.3599309971640517
3.6882998819669486 0.0
3.661408023163395 0.4445754235583958
3.5811245906092823 0.8826679363446411
3.4486202975337954 1.3078891630238874
3.2658273549036574 1.7140384205963373
3.0354112954362757 2.0951931383181064
2.7607321041304647 2.445795222119134
2.4457952221191346 2.7607321041304647
2.095193138318107 3.0354112954362757
1.7140384205963377 3.2658273549036574
1.3078891630238871 3.4486202975337954
0.8826679363446422 3.5811245906092823
0.4445754235583957 3.661408023163395
-5.931238578990716e-16 3.6882998819669486
-0.4445754235583952 3.661408023163395
-0.8826679363446401 3.581124590609283
-1.3078891630238867 3.4486202975337954
-1.7140384205963373 3.2658273549036574
-2.095193138318106 3.035411295436276
-2.4457952221191332 2.760732104130465
-2.760732104130465 2.445795222119134
-3.0354112954362757 2.0951931383181064
-3.2658273549036565 1.7140384205963393
-3.448620297533795 1.307889163023888
-3.5811245906092823 0.8826679363446409
-3.661408023163395 0.4445754235583959
-3.6882998819669486 -1.1862477157981432e-15
-3.661408023163395 -0.444575423558395
-3.581124590609283 -0.88266793634464
-3.4486202975337954 -1.3078891630238874
-3.2658273549036583 -1.7140384205963357
-3.035411295436276 -2.0951931383181055
-2.760732104130465 -2.4457952221191332
-2.445795222119134 -2.7607321041304647
-2.095193138318107 -3.0354112954362757
-1.7140384205963395 -3.2658273549036565
-1.3078891630238882 -3.448620297533795
-0.8826679363446411 -3.5811245906092823
-0.44457542355839774 -3.661408023163395
-6.775296967119576e-16 -3.6882998819669486
0.44457542355839635 -3.661408023163395
0.8826679363446398 -3.581124590609283
1.3078891630238871 -3.4486202975337954
1.7140384205963355 -3.2658273549036583
2.095193138318103 -3.0354112954362784
2.445795222119134 -2.7607321041304647
2.7607321041304633 -2.4457952221191355
3.0354112954362757 -2.095193138318107
3.265827354903658 -1.7140384205963368
3.448620297533795 -1.3078891630238885
3.5811245906092823 -0.8826679363446414
3.661408023163395 -0.44457542355839796
4.210520195576189 0.0
4.179820762717556 0.5075221265227473
4.08817013100184 1.0076434376004932
3.936904773018706 1.4930710383426093
3.7282304783074682 1.9567263012425151
3.465190187978606 2.3918480885064044
3.151619621780264 2.792091344667035
2.7920913446670355 3.151619621780264
2.391848088506405 3.465190187978606
1.9567263012425156 3.7282304783074682
1.4930710383426091 3.936904773018706
1.0076434376004944 4.08817013100184
0.5075221265227472 4.179820762717556
-6.771032893426971e-16 4.210520195576189
-0.5075221265227466 4.179820762717556
-1.0076434376004921 4.088170131001841
-1.4930710383426087 3.936904773018706
-1.9567263012425151 3.7282304783074682
-2.391848088506404 3.4651901879786062
-2.792091344667034 3.151619621780265
-3.1516196217802643 2.792091344667035
-3.465190187978606 2.3918480885064044
-3.728230478307467 1.9567263012425173
-3.9369047730187057 1.4930710383426105
-4.08817013100184 1.007643437600493
-4.179820762717556 0.5075221265227474
-4.210520195576189 -1.3542065786853943e-15
-4.179820762717556 -0.5075221265227464
-4.088170131001841 -1.007643437600492
-3.936904773018706 -1.4930710383426093
-3.728230478307469 -1.9567263012425131
-3.4651901879786062 -2.3918480885064035
-3.151619621780265 -2.792091344667034
-2.792091344667035 -3.151619621780264
-2.391848088506405 -3.465190187978606
-1.9567263012425176 -3.728230478307467
-1.4930710383426107 -3.9369047730187057
-1.0076434376004932 -4.08817013100184
-0.5075221265227495 -4.179820762717556
-7.7346001203865e-16 -4.210520195576189
0.507522126522748 -4.179820762717556
1.0076434376004917 -4.088170131001841
1.4930710383426091 -3.936904773018706
1.956726301242513 -3.728230478307469
2.3918480885064 -3.465190187978609
2.792091344667035 -3.151619621780264
3.1516196217802626 -2.792091344667037
3.465190187978606 -2.391848088506405
3.7282304783074687 -1.9567263012425145
3.9369047730187057 -1.493071038342611
4.08817013100184 -1.0076434376004935
4.179820762717556 -0.5075221265227498
4.619400050387046 0.0
4.585719423028219 0.5568071468449266
4.485168680340795 1.1054947916683537
4.319214078573712 1.638061833071782
4.090275609517952 2.1467422443550124
3.8016917115768822 2.624118319673006
3.45767058781683 3.0632288408903214
3.063228840890322 3.45767058781683
2.6241183196730065 3.8016917115768822
2.146742244355013 4.090275609517952
1.6380618330717815 4.319214078573712
1.105494791668355 4.485168680340795
0.5568071468449264 4.585719423028219
-7.428561848944806e-16 4.619400050387046
-0.5568071468449258 4.585719423028219
-1.1054947916683524 4.485168680340795
-1.638061833071781 4.319214078573712
-2.1467422443550124 4.090275609517952
-2.624118319673005 3.8016917115768827
-3.0632288408903205 3.457670587816831
-3.4576705878168306 3.0632288408903214
-3.8016917115768822 2.624118319673006
-4.09027560951795 2.1467422443550146
-4.319214078573712 1.6380618330717829
-4.485168680340795 1.1054947916683535
-4.585719423028219 0.5568071468449267
-4.619400050387046 -1.4857123697889612e-15
-4.585719423028219 -0.5568071468449255
-4.485168680340795 -1.1054947916683522
-4.319214078573712 -1.638061833071782
-4.090275609517953 -2.14674224435501
-3.8016917115768827 -2.6241183196730047
-3.457670587816831 -3.0632288408903205
-3.0632288408903214 -3.45767058781683
-2.6241183196730065 -3.8016917115768822
-2.146742244355015 -4.09027560951795
-1.638061833071783 -4.319214078573712
-1.1054947916683537 -4.485168680340795
-0.556807146844929 -4.585719423028219
-8.485700228531427e-16 -4.619400050387046
0.5568071468449273 -4.585719423028219
1.105494791668352 -4.485168680340795
1.6380618330717815 -4.319214078573712
2.1467422443550097 -4.090275609517953
2.624118319673001 -3.8016917115768853
3.0632288408903214 -3.45767058781683
3.4576705878168283 -3.0632288408903228
3.8016917115768822 -2.6241183196730065
4.090275609517952 -2.1467422443550115
4.319214078573712 -1.6380618330717835
4.485168680340795 -1.105494791668354
4.585719423028219 -0.5568071468449293
4.951079733727886 0.0
4.914980788038702 0.5967867147829681
4.807210354887047 1.1848709354177533
4.629339969866152 1.7556770697171642
4.3839633837188465 2.30088147889964
4.07465873961111 2.81253385498589
3.7059363957474356 3.283173154191764
3.2831731541917644 3.7059363957474356
2.8125338549858903 4.07465873961111
2.3008814788996403 4.3839633837188465
1.755677069717164 4.629339969866152
1.184870935417755 4.807210354887047
0.596786714782968 4.914980788038702
-7.961943460162784e-16 4.951079733727886
-0.5967867147829673 4.914980788038702
-1.1848709354177522 4.807210354887047
-1.7556770697171633 4.629339969866152
-2.30088147889964 4.3839633837188465
-2.812533854985889 4.0746587396111105
-3.283173154191763 3.7059363957474365
-3.705936395747436 3.283173154191764
-4.07465873961111 2.81253385498589
-4.383963383718845 2.3008814788996426
-4.629339969866151 1.7556770697171653
-4.807210354887047 1.1848709354177531
-4.914980788038702 0.5967867147829683
-4.951079733727886 -1.5923886920325568e-15
-4.914980788038702 -0.596786714782967
-4.807210354887047 -1.184870935417752
-4.629339969866152 -1.7556770697171642
-4.383963383718847 -2.3008814788996377
-4.0746587396111105 -2.8125338549858885
-3.7059363957474365 -3.283173154191763
-3.283173154191764 -3.7059363957474356
-2.8125338549858903 -4.07465873961111
-2.3008814788996426 -4.383963383718845
-1.7556770697171655 -4.629339969866151
-1.1848709354177533 -4.807210354887047
-0.5967867147829707 -4.914980788038702
-9.094985922349776e-16 -4.951079733727886
0.5967867147829689 -4.914980788038702
1.1848709354177516 -4.807210354887047
1.755677069717164 -4.629339969866152
2.3008814788996372 -4.383963383718847
2.812533854985885 -4.074658739611113
3.283173154191764 -3.7059363957474356
3.705936395747434 -3.2831731541917657
4.07465873961111 -2.8125338549858903
4.3839633837188465 -2.300881478899639
4.629339969866151 -1.7556770697171658
4.807210354887047 -1.1848709354177538
4.914980788038702 -0.596786714782971
5.4430328206195675 0.0
5.4033469830360055 0.6560851067182499
5.284868179162013 1.302603015205551
5.089324096749103 1.9301260385246157
4.819566208845783 2.529503477936666
4.4795281928995445 3.0919950606946234
4.074168568881811 3.609398392901141
3.6093983929011415 4.074168568881811
3.091995060694624 4.4795281928995445
2.5295034779366663 4.819566208845783
1.9301260385246155 5.089324096749103
1.3026030152055526 5.284868179162013
0.6560851067182497 5.4033469830360055
-8.753064361771636e-16 5.4430328206195675
-0.656085106718249 5.4033469830360055
-1.3026030152055494 5.284868179162014
-1.9301260385246148 5.089324096749103
-2.529503477936666 4.819566208845783
-3.0919950606946225 4.4795281928995445
-3.6093983929011397 4.074168568881812
-4.074168568881812 3.609398392901141
-4.4795281928995445 3.0919950606946234
-4.819566208845782 2.529503477936669
-5.089324096749103 1.930126038524617
-5.284868179162013 1.3026030152055506
-5.4033469830360055 0.65608510671825
-5.4430328206195675 -1.7506128723543271e-15
-5.4033469830360055 -0.6560851067182487
-5.284868179162014 -1.3026030152055492
-5.089324096749103 -1.9301260385246157
-4.819566208845784 -2.5295034779366636
-4.4795281928995445 -3.091995060694622
-4.074168568881812 -3.6093983929011397
-3.609398392901141 -4.074168568881811
-3.091995060694624 -4.4795281928995445
-2.529503477936669 -4.819566208845782
-1.9301260385246173 -5.089324096749103
-1.302603015205551 -5.284868179162013
-0.6560851067182528 -5.4033469830360055
-9.998689082138613e-16 -5.4430328206195675
0.6560851067182508 -5.4033469830360055
1.302603015205549 -5.284868179162014
1.9301260385246155 -5.089324096749103
2.529503477936663 -4.819566208845784
3.0919950606946176 -4.479528192899548
3.609398392901141 -4.074168568881811
4.0741685688818094 -3.609398392901143
4.4795281928995445 -3.091995060694624
4.819566208845784 -2.5295034779366654
5.089324096749103 -1.9301260385246175
5.284868179162013 -1.3026030152055512
5.4033469830360055 -0.6560851067182532
5.2084746546589935 0.0
5.17049901019478 0.6278122440665852
5.057125847212132 1.2464695719046248
4.870008401721465 1.846950566579262
4.611875267429827 2.4204988630226993
4.286490606700386 2.9587508355545054
3.8985992605890205 3.4538575583772797
3.45385755837728 3.8985992605890205
2.958750835554506 4.286490606700386
2.4204988630227 4.611875267429827
1.8469505665792618 4.870008401721465
1.2464695719046266 5.057125847212132
0.627812244066585 5.17049901019478
-8.3758660624238255e-16 5.2084746546589935
-0.6278122440665843 5.17049901019478
-1.2464695719046237 5.0571258472121325
-1.8469505665792612 4.870008401721465
-2.4204988630226993 4.611875267429827
-2.958750835554505 4.286490606700386
-3.4538575583772784 3.898599260589022
-3.898599260589021 3.4538575583772797
-4.286490606700386 2.9587508355545054
-4.611875267429825 2.420498863022702
-4.870008401721465 1.8469505665792634
-5.057125847212132 1.2464695719046246
-5.17049901019478 0.6278122440665854
-5.2084746546589935 -1.6751732124847651e-15
-5.17049901019478 -0.6278122440665841
-5.0571258472121325 -1.2464695719046233
-4.870008401721465 -1.846950566579262
-4.611875267429829 -2.4204988630226967
-4.286490606700386 -2.958750835554504
-3.898599260589022 -3.4538575583772784
-3.4538575583772797 -3.8985992605890205
-2.958750835554506 -4.286490606700386
-2.4204988630227025 -4.611875267429825
-1.8469505665792636 -4.870008401721465
-1.2464695719046248 -5.057125847212132
-0.627812244066588 -5.17049901019478
-9.567812721402377e-16 -5.2084746546589935
0.627812244066586 -5.17049901019478
1.246469571904623 -5.0571258472121325
1.8469505665792618 -4.870008401721465
2.4204988630226967 -4.611875267429829
2.9587508355545 -4.286490606700388
3.4538575583772797 -3.8985992605890205
3.8985992605890187 -3.453857558377281
4.286490606700386 -2.958750835554506
4.611875267429828 -2.4204988630226985
4.870008401721465 -1.8469505665792638
5.057125847212132 -1.2464695719046253
5.17049901019478 -0.6278122440665883
5.90451491428703 0.0
5.861464352657045 0.7117106262862019
5.732940441897078 1.4130429090083927
5.520817350036653 2.093769844221719
5.228188309414697 2.7439649003472084
4.8593205103866906 3.3541467693547937
4.41959287608041 3.9154176255844364
3.915417625584437 4.41959287608041
3.3541467693547946 4.8593205103866906
2.7439649003472093 5.228188309414697
2.0937698442217187 5.520817350036653
1.4130429090083945 5.732940441897078
0.7117106262862016 5.861464352657045
-9.495184169018478e-16 5.90451491428703
-0.711710626286201 5.861464352657045
-1.4130429090083911 5.732940441897079
-2.0937698442217183 5.520817350036653
-2.7439649003472084 5.228188309414697
-3.3541467693547933 4.859320510386691
-3.915417625584435 4.419592876080411
-4.41959287608041 3.9154176255844364
-4.8593205103866906 3.3541467693547937
-5.228188309414695 2.7439649003472115
-5.520817350036652 2.0937698442217205
-5.732940441897078 1.4130429090083922
-5.861464352657045 0.7117106262862021
-5.90451491428703 -1.8990368338036956e-15
-5.861464352657045 -0.7117106262862006
-5.732940441897079 -1.413042909008391
-5.520817350036653 -2.093769844221719
-5.228188309414699 -2.7439649003472057
-4.859320510386691 -3.3541467693547924
-4.419592876080411 -3.915417625584435
-3.9154176255844364 -4.41959287608041
-3.3541467693547946 -4.8593205103866906
-2.743964900347212 -5.228188309414695
-2.093769844221721 -5.520817350036652
-1.4130429090083927 -5.732940441897078
-0.711710626286205 -5.861464352657045
-1.0846417935449128e-15 -5.90451491428703
0.7117106262862027 -5.861464352657045
1.4130429090083905 -5.732940441897079
2.0937698442217187 -5.520817350036653
2.7439649003472053 -5.228188309414699
3.354146769354788 -4.859320510386695
3.9154176255844364 -4.41959287608041
4.419592876080408 -3.915417625584438
4.8593205103866906 -3.3541467693547946
5.228188309414698 -2.743964900347208
5.520817350036652 -2.093769844221721
5.732940441897078 -1.413042909008393
5.861464352657045 -0.7117106262862053
5.728011317989705 0.0
5.686247666302471 0.6904354687353966
5.56156571932592 1.3708028336113554
5.355783620606265 2.031180806394105
5.071902136523769 2.661939589198783
4.714060898361785 3.253881298627016
4.287478037161009 3.7983740916186943
3.7983740916186948 4.287478037161009
3.2538812986270167 4.714060898361785
2.661939589198784 5.071902136523769
2.031180806394105 5.355783620606265
1.3708028336113571 5.56156571932592
0.6904354687353964 5.686247666302471
-9.211344738063367e-16 5.728011317989705
-0.6904354687353957 5.686247666302471
-1.370802833611354 5.5615657193259205
-2.031180806394104 5.355783620606265
-2.661939589198783 5.071902136523769
-3.2538812986270154 4.714060898361786
-3.798374091618693 4.28747803716101
-4.2874780371610095 3.7983740916186943
-4.714060898361785 3.253881298627016
-5.071902136523767 2.661939589198786
-5.355783620606265 2.031180806394106
-5.56156571932592 1.3708028336113551
-5.686247666302471 0.6904354687353969
-5.728011317989705 -1.8422689476126734e-15
-5.686247666302471 -0.6904354687353954
-5.5615657193259205 -1.3708028336113536
-5.355783620606265 -2.031180806394105
-5.071902136523771 -2.6619395891987803
-4.714060898361786 -3.2538812986270145
-4.28747803716101 -3.798374091618693
-3.7983740916186943 -4.287478037161009
-3.2538812986270167 -4.714060898361785
-2.6619395891987865 -5.071902136523767
-2.0311808063941066 -5.355783620606265
-1.3708028336113554 -5.56156571932592
-0.6904354687353996 -5.686247666302471
-1.0522186089083855e-15 -5.728011317989705
0.6904354687353975 -5.686247666302471
1.3708028336113534 -5.5615657193259205
2.031180806394105 -5.355783620606265
2.6619395891987803 -5.071902136523771
3.25388129862701 -4.714060898361789
3.7983740916186943 -4.287478037161009
4.287478037161007 -3.798374091618696
4.714060898361785 -3.2538812986270167
5.07190213652377 -2.6619395891987825
5.355783620606265 -2.031180806394107
5.56156571932592 -1.3708028336113558
5.686247666302471 -0.6904354687354
6.576295375099635 0.0
6.528346777551398 0.7926848128929445
6.38520018342978 1.5738104962431627
6.148942992415131 2.3319864786455553
5.823020366357308 3.056156847013067
5.41218499105807 3.7357615666852455
4.922427771409979 4.360890470512717
4.360890470512718 4.922427771409979
3.735761566685246 5.41218499105807
3.0561568470130673 5.823020366357308
2.3319864786455553 6.148942992415131
1.573810496243165 6.38520018342978
0.7926848128929441 6.528346777551398
-1.0575489543661435e-15 6.576295375099635
-0.7926848128929433 6.528346777551398
-1.5738104962431612 6.385200183429781
-2.3319864786455544 6.148942992415131
-3.056156847013067 5.823020366357308
-3.7357615666852446 5.412184991058071
-4.360890470512715 4.922427771409981
-4.92242777140998 4.360890470512717
-5.41218499105807 3.7357615666852455
-5.823020366357306 3.0561568470130704
-6.14894299241513 2.331986478645557
-6.38520018342978 1.5738104962431625
-6.528346777551398 0.7926848128929446
-6.576295375099635 -2.115097908732287e-15
-6.528346777551398 -0.792684812892943
-6.385200183429781 -1.5738104962431607
-6.148942992415131 -2.3319864786455553
-5.8230203663573095 -3.056156847013064
-5.412184991058071 -3.735761566685244
-4.922427771409981 -4.360890470512715
-4.360890470512717 -4.922427771409979
-3.735761566685246 -5.41218499105807
-3.056156847013071 -5.823020366357306
-2.331986478645557 -6.14894299241513
-1.5738104962431627 -6.38520018342978
-0.7926848128929479 -6.528346777551398
-1.2080458622044964e-15 -6.576295375099635
0.7926848128929455 -6.528346777551398
1.5738104962431605 -6.385200183429781
2.3319864786455553 -6.148942992415131
3.0561568470130633 -5.8230203663573095
3.735761566685239 -5.412184991058075
4.360890470512717 -4.922427771409979
4.922427771409978 -4.36089047051272
5.41218499105807 -3.735761566685246
5.823020366357309 -3.056156847013066
6.14894299241513 -2.3319864786455575
6.38520018342978 -1.5738104962431632
6.528346777551398 -0.7926848128929482
6.1179772418096015 0.0
6.073370299474327 0.7374406666053471
5.940199942133839 1.464127787719825
5.720408093471691 2.1694646287606973
5.417199813569517 2.8431657903053438
5.034996561913875 3.4754071923755463
4.5793717225606745 4.056969331645472
4.056969331645472 4.5793717225606745
3.475407192375547 5.034996561913875
2.843165790305344 5.417199813569517
2.169464628760697 5.720408093471691
1.4641277877198269 5.940199942133839
0.7374406666053469 6.073370299474327
-9.838457772760217e-16 6.1179772418096015
-0.7374406666053461 6.073370299474327
-1.4641277877198235 5.94019994213384
-2.1694646287606965 5.720408093471691
-2.8431657903053438 5.417199813569517
-3.475407192375546 5.034996561913875
-4.05696933164547 4.579371722560675
-4.5793717225606745 4.056969331645472
-5.034996561913875 3.4754071923755463
-5.417199813569515 2.8431657903053473
-5.720408093471691 2.1694646287606987
-5.940199942133839 1.4641277877198247
-6.073370299474327 0.7374406666053474
-6.1179772418096015 -1.9676915545520433e-15
-6.073370299474327 -0.7374406666053458
-5.94019994213384 -1.464127787719823
-5.720408093471691 -2.1694646287606973
-5.4171998135695185 -2.843165790305341
-5.034996561913875 -3.475407192375545
-4.579371722560675 -4.05696933164547
-4.056969331645472 -4.5793717225606745
-3.475407192375547 -5.034996561913875
-2.8431657903053473 -5.417199813569515
-2.169464628760699 -5.720408093471691
-1.464127787719825 -5.940199942133839
-0.7374406666053503 -6.073370299474327
-1.1238541869657721e-15 -6.1179772418096015
0.7374406666053481 -6.073370299474327
1.4641277877198229 -5.94019994213384
2.169464628760697 -5.720408093471691
2.8431657903053407 -5.4171998135695185
3.4754071923755405 -5.034996561913879
4.056969331645472 -4.5793717225606745
4.579371722560672 -4.056969331645473
5.034996561913875 -3.475407192375547
5.417199813569518 -2.843165790305343
5.720408093471691 -2.1694646287606996
5.940199942133839 -1.4641277877198253
6.073370299474327 -0.7374406666053507
6.405082521403077 0.0
6.358382258327174 0.7720473838913211
6.218962464094943 1.5328365784262028
5.988856193252328 2.2712735640002575
5.67141891338241 2.976590266548537
5.271279574832192 3.638501580312992
4.79427311019306 4.247355347844463
4.247355347844464 4.79427311019306
3.6385015803129925 5.271279574832192
2.9765902665485378 5.67141891338241
2.271273564000257 5.988856193252328
1.5328365784262046 6.218962464094943
0.7720473838913208 6.358382258327174
-1.030015827571623e-15 6.405082521403077
-0.77204738389132 6.358382258327174
-1.532836578426201 6.218962464094944
-2.2712735640002566 5.988856193252328
-2.976590266548537 5.67141891338241
-3.638501580312991 5.271279574832193
-4.247355347844462 4.794273110193061
-4.7942731101930605 4.247355347844463
-5.271279574832192 3.638501580312992
-5.671418913382407 2.9765902665485404
-5.988856193252328 2.271273564000259
-6.218962464094943 1.5328365784262024
-6.358382258327174 0.7720473838913212
-6.405082521403077 -2.060031655143246e-15
-6.358382258327174 -0.7720473838913197
-6.218962464094944 -1.5328365784262008
-5.988856193252328 -2.2712735640002575
-5.671418913382411 -2.976590266548534
-5.271279574832193 -3.6385015803129908
-4.794273110193061 -4.247355347844462
-4.247355347844463 -4.79427311019306
-3.6385015803129925 -5.271279574832192
-2.976590266548541 -5.671418913382407
-2.2712735640002593 -5.988856193252328
-1.5328365784262028 -6.218962464094943
-0.7720473838913244 -6.358382258327174
-1.1765945712166405e-15 -6.405082521403077
0.7720473838913221 -6.358382258327174
1.5328365784262004 -6.218962464094944
2.271273564000257 -5.988856193252328
2.9765902665485338 -5.671418913382411
3.6385015803129854 -5.271279574832197
4.247355347844463 -4.79427311019306
4.794273110193058 -4.247355347844466
5.271279574832192 -3.6385015803129925
5.671418913382411 -2.976590266548536
5.988856193252328 -2.2712735640002597
6.218962464094943 -1.532836578426203
6.358382258327174 -0.7720473838913248
5.603954015143887 0.0
5.563094880870757 0.6754820132889324
5.441113296235827 1.3411139777710857
5.239788027421682 1.987189480531662
4.962054850192654 2.60428728590508
4.611963739673394 3.183408718305756
4.194619812591797 3.7161088831813918
3.716108883181392 4.194619812591797
3.1834087183057562 4.611963739673394
2.6042872859050803 4.962054850192654
1.9871894805316617 5.239788027421682
1.3411139777710874 5.441113296235827
0.6754820132889322 5.563094880870757
-9.011845379499214e-16 5.603954015143887
-0.6754820132889315 5.563094880870757
-1.3411139777710843 5.4411132962358275
-1.987189480531661 5.239788027421682
-2.60428728590508 4.962054850192654
-3.1834087183057553 4.611963739673394
-3.7161088831813904 4.194619812591798
-4.194619812591798 3.7161088831813918
-4.611963739673394 3.183408718305756
-4.9620548501926525 2.604287285905083
-5.239788027421681 1.9871894805316632
-5.441113296235827 1.3411139777710854
-5.563094880870757 0.6754820132889326
-5.603954015143887 -1.802369075899843e-15
-5.563094880870757 -0.6754820132889312
-5.4411132962358275 -1.3411139777710839
-5.239788027421682 -1.987189480531662
-4.962054850192655 -2.604287285905077
-4.611963739673394 -3.1834087183057544
-4.194619812591798 -3.7161088831813904
-3.7161088831813918 -4.194619812591797
-3.1834087183057562 -4.611963739673394
-2.6042872859050834 -4.9620548501926525
-1.9871894805316634 -5.239788027421681
-1.3411139777710857 -5.441113296235827
-0.6754820132889354 -5.563094880870757
-1.029429652082238e-15 -5.603954015143887
0.6754820132889333 -5.563094880870757
1.3411139777710837 -5.4411132962358275
1.9871894805316617 -5.239788027421682
2.604287285905077 -4.962054850192655
3.18340871830575 -4.6119637396733975
3.7161088831813918 -4.194619812591797
4.194619812591795 -3.7161088831813935
4.611963739673394 -3.1834087183057562
4.962054850192655 -2.6042872859050794
5.239788027421681 -1.9871894805316639
5.441113296235827 -1.341113977771086
5.563094880870757 -0.6754820132889358
6.297342854452769 0.0
6.251428134853234 0.7590608021053168
6.114353516057334 1.5070527884598695
5.888117854672274 2.233068551571343
5.57602017607939 2.9265211467684504
5.182611567215333 3.577298473693966
4.713628811476379 4.175910733498397
4.175910733498398 4.713628811476379
3.577298473693967 5.182611567215333
2.9265211467684513 5.57602017607939
2.2330685515713427 5.888117854672274
1.5070527884598715 6.114353516057334
0.7590608021053166 6.251428134853234
-1.0126899677024822e-15 6.297342854452769
-0.7590608021053158 6.251428134853234
-1.507052788459868 6.114353516057335
-2.233068551571342 5.888117854672274
-2.9265211467684504 5.57602017607939
-3.5772984736939657 5.182611567215334
-4.175910733498396 4.713628811476381
-4.71362881147638 4.175910733498397
-5.182611567215333 3.577298473693966
-5.576020176079387 2.926521146768454
-5.888117854672273 2.2330685515713444
-6.114353516057334 1.5070527884598692
-6.251428134853234 0.759060802105317
-6.297342854452769 -2.0253799354049643e-15
-6.251428134853234 -0.7590608021053155
-6.114353516057335 -1.5070527884598677
-5.888117854672274 -2.233068551571343
-5.576020176079391 -2.9265211467684478
-5.182611567215334 -3.577298473693965
-4.713628811476381 -4.175910733498396
-4.175910733498397 -4.713628811476379
-3.577298473693967 -5.182611567215333
-2.9265211467684544 -5.576020176079387
-2.233068551571345 -5.888117854672273
-1.5070527884598695 -6.114353516057334
-0.7590608021053201 -6.251428134853234
-1.156803115475856e-15 -6.297342854452769
0.7590608021053178 -6.251428134853234
1.5070527884598672 -6.114353516057335
2.2330685515713427 -5.888117854672274
2.9265211467684473 -5.576020176079391
3.57729847369396 -5.1826115672153374
4.175910733498397 -4.713628811476379
4.713628811476378 -4.1759107334984
5.182611567215333 -3.577298473693967
5.57602017607939 -2.92652114676845
5.888117854672273 -2.2330685515713453
6.114353516057334 -1.50705278845987
6.251428134853234 -0.7590608021053205
6.217017871537267 0.0
6.17168881150124 0.7493786953231165
6.036362631160639 1.4878297618145593
5.81301269095285 2.2045849200778975
5.504895935946366 2.8891922659135965
5.11650540224769 3.531668682617887
4.653504698417466 4.122645417304323
4.122645417304324 4.653504698417466
3.5316686826178874 5.11650540224769
2.8891922659135973 5.504895935946366
2.2045849200778975 5.81301269095285
1.487829761814561 6.036362631160639
0.7493786953231163 6.17168881150124
-9.997727252663514e-16 6.217017871537267
-0.7493786953231155 6.17168881150124
-1.4878297618145577 6.03636263116064
-2.2045849200778966 5.81301269095285
-2.8891922659135965 5.504895935946366
-3.531668682617886 5.116505402247691
-4.122645417304321 4.653504698417467
-4.653504698417467 4.122645417304323
-5.11650540224769 3.531668682617887
-5.504895935946364 2.8891922659136
-5.813012690952849 2.204584920077899
-6.036362631160639 1.4878297618145588
-6.17168881150124 0.7493786953231167
-6.217017871537267 -1.9995454505327027e-15
-6.17168881150124 -0.7493786953231152
-6.03636263116064 -1.4878297618145573
-5.81301269095285 -2.2045849200778975
-5.504895935946368 -2.889192265913594
-5.116505402247691 -3.531668682617885
-4.653504698417467 -4.122645417304321
-4.122645417304323 -4.653504698417466
-3.5316686826178874 -5.11650540224769
-2.8891922659136005 -5.504895935946364
-2.2045849200778993 -5.813012690952849
-1.4878297618145593 -6.036362631160639
-0.7493786953231198 -6.17168881150124
-1.1420476554930005e-15 -6.217017871537267
0.7493786953231175 -6.17168881150124
1.487829761814557 -6.03636263116064
2.2045849200778975 -5.81301269095285
2.8891922659135933 -5.504895935946368
3.5316686826178807 -5.116505402247695
4.122645417304323 -4.653504698417466
4.653504698417464 -4.122645417304325
5.11650540224769 -3.5316686826178874
5.504895935946367 -2.889192265913596
5.813012690952849 -2.2045849200778997
6.036362631160639 -1.4878297618145595
6.17168881150124 -0.7493786953231202
6.0250372262821905 0.0
5.981107921301455 0.7262379856707949
5.849960594546049 1.4418857861649867
5.633507669358127 2.1365076450528684
5.334905516796468 2.7999744114796483
4.958508428638909 3.422611245993778
4.509805122003218 3.9953387014919937
3.995338701491994 4.509805122003218
3.4226112459937785 4.958508428638909
2.7999744114796488 5.334905516796468
2.136507645052868 5.633507669358127
1.4418857861649885 5.849960594546049
0.7262379856707946 5.981107921301455
-9.68899882872929e-16 6.0250372262821905
-0.7262379856707939 5.981107921301455
-1.4418857861649852 5.84996059454605
-2.1365076450528675 5.633507669358127
-2.7999744114796483 5.334905516796468
-3.422611245993777 4.95850842863891
-3.9953387014919923 4.509805122003219
-4.509805122003219 3.9953387014919937
-4.958508428638909 3.422611245993778
-5.334905516796466 2.7999744114796514
-5.633507669358127 2.1365076450528697
-5.849960594546049 1.4418857861649865
-5.981107921301455 0.726237985670795
-6.0250372262821905 -1.937799765745858e-15
-5.981107921301455 -0.7262379856707936
-5.84996059454605 -1.441885786164985
-5.633507669358127 -2.1365076450528684
-5.33490551679647 -2.7999744114796457
-4.95850842863891 -3.4226112459937768
-4.509805122003219 -3.9953387014919923
-3.9953387014919937 -4.509805122003218
-3.4226112459937785 -4.958508428638909
-2.799974411479652 -5.334905516796466
-2.13650764505287 -5.633507669358127
-1.4418857861649867 -5.849960594546049
-0.726237985670798 -5.981107921301455
-1.1067813830865196e-15 -6.0250372262821905
0.7262379856707958 -5.981107921301455
1.4418857861649845 -5.84996059454605
2.136507645052868 -5.633507669358127
2.799974411479645 -5.33490551679647
3.422611245993772 -4.958508428638914
3.9953387014919937 -4.509805122003218
4.5098051220032165 -3.9953387014919954
4.958508428638909 -3.4226112459937785
5.334905516796469 -2.7999744114796474
5.633507669358127 -2.13650764505287
5.849960594546049 -1.4418857861649872
5.981107921301455 -0.7262379856707983
1.0 0.5 0.4 0.32000000000000006 0.25600000000000006 0.20480000000000007 0.16384000000000007 0.13107200000000005 0.10485760000000005 0.08388608000000004 0.06710886400000003 0.05368709120000003 0.042949672960000025 0.03435973836800002 0.027487790694400018 0.021990232555520017 0.017592186044416015 0.014073748835532814 