0.0 0.0
1.957541933324378 0.0
1.9421061304906808 0.24534506034126397
1.896042153821178 0.48682088251891126
1.820076459745234 0.7206192485665363
1.7154070726381319 0.9430530185871941
1.583684691261012 1.1506142791521652
1.4269866562553282 1.3400296651912529
1.2477841892399886 1.5083119829153544
1.0489034201701901 1.652807319646976
0.8334808175797763 1.7712368976085304
0.6049137245988231 1.8617330116091626
0.36680678082300305 1.922868483871325
0.12291507499385451 1.9536791714768826
-0.12291507499385426 1.9536791714768826
-0.3668067808230028 1.9228684838713253
-0.6049137245988224 1.8617330116091628
-0.8334808175797764 1.7712368976085302
-1.0489034201701906 1.6528073196469757
-1.2477841892399886 1.5083119829153544
-1.4269866562553277 1.3400296651912533
-1.5836846912610119 1.1506142791521654
-1.7154070726381319 0.9430530185871939
-1.8200764597452337 0.7206192485665367
-1.8960421538211778 0.48682088251891215
-1.9421061304906806 0.24534506034126452
-1.957541933324378 2.397297462842421e-16
-1.9421061304906808 -0.24534506034126402
-1.8960421538211782 -0.4868208825189108
-1.820076459745234 -0.7206192485665363
-1.7154070726381316 -0.9430530185871943
-1.5836846912610127 -1.1506142791521643
-1.4269866562553286 -1.3400296651912524
-1.2477841892399881 -1.5083119829153546
-1.0489034201701897 -1.6528073196469764
-0.8334808175797753 -1.7712368976085309
-0.6049137245988233 -1.8617330116091626
-0.36680678082300283 -1.9228684838713253
-0.12291507499385389 -1.9536791714768826
0.12291507499385315 -1.9536791714768826
0.36680678082300217 -1.9228684838713253
0.6049137245988226 -1.8617330116091628
0.8334808175797748 -1.771236897608531
1.0489034201701903 -1.6528073196469757
1.2477841892399877 -1.508311982915355
1.4269866562553275 -1.3400296651912535
1.5836846912610119 -1.1506142791521656
1.715407072638131 -0.9430530185871957
1.820076459745234 -0.7206192485665361
1.8960421538211778 -0.48682088251891237
1.9421061304906806 -0.24534506034126474
3.015869934812242 0.0
2.9920888995795614 0.3779887309393858
2.92112083501324 0.7500163537923344
2.8040849498857567 1.1102157707079254
2.6428269700194194 1.4529064217086984
2.439890030087569 1.7726838705148984
2.198474566861582 2.064505035733063
1.9223878464111404 2.323767723262189
1.615983921243959 2.546383205643918
1.2840949642967583 2.7288407037370477
0.9319550626814478 2.868262753801823
0.565117673004682 2.9624505868220266
0.1893680400396976 3.0099188044058467
-0.18936804003969723 3.0099188044058467
-0.5651176730046815 2.962450586822027
-0.9319550626814468 2.8682627538018233
-1.2840949642967585 2.7288407037370472
-1.61598392124396 2.5463832056439175
-1.9223878464111404 2.323767723262189
-2.1984745668615813 2.0645050357330637
-2.4398900300875686 1.7726838705148986
-2.6428269700194194 1.452906421708698
-2.8040849498857563 1.110215770707926
-2.9211208350132396 0.7500163537923359
-2.9920888995795614 0.3779887309393866
-3.015869934812242 3.6933754623125494e-16
-2.9920888995795614 -0.3779887309393859
-2.9211208350132405 -0.7500163537923338
-2.8040849498857567 -1.1102157707079254
-2.642826970019419 -1.4529064217086984
-2.43989003008757 -1.7726838705148968
-2.1984745668615826 -2.0645050357330623
-1.9223878464111397 -2.3237677232621894
-1.6159839212439584 -2.5463832056439184
-1.2840949642967567 -2.7288407037370486
-0.9319550626814481 -2.868262753801823
-0.5651176730046816 -2.962450586822027
-0.18936804003969665 -3.0099188044058467
0.1893680400396955 -3.0099188044058467
0.5651176730046805 -2.962450586822027
0.9319550626814471 -2.8682627538018233
1.2840949642967558 -2.7288407037370486
1.6159839212439597 -2.5463832056439175
1.922387846411139 -2.32376772326219
2.1984745668615813 -2.064505035733064
2.4398900300875686 -1.772683870514899
2.642826970019418 -1.4529064217087007
2.8040849498857567 -1.1102157707079252
2.9211208350132396 -0.7500163537923362
2.9920888995795614 -0.377988730939387
3.7389285999914357 0.0
3.709446031216662 0.46861201150298376
3.6214632826139517 0.9298337316493186
3.476367894687117 1.3763914183917962
3.276448108379546 1.8012425902498568
3.0248567781476017 2.1976870904495094
2.7255616495624166 2.5594727523981406
2.383282785592024 2.880894000086543
2.003418128388718 3.1568818284309224
1.5919583705167424 3.383083744511152
1.1553924781518836 3.5559324089841704
0.7006053562085586 3.672701895156452
0.23476926927647113 3.73155067847635
-0.23476926927647065 3.73155067847635
-0.700605356208558 3.6727018951564525
-1.1553924781518823 3.555932408984171
-1.5919583705167426 3.3830837445111515
-2.0034181283887187 3.156881828430922
-2.383282785592024 2.880894000086543
-2.7255616495624158 2.5594727523981415
-3.0248567781476012 2.19768709044951
-3.276448108379546 1.8012425902498563
-3.4763678946871166 1.3763914183917971
-3.6214632826139512 0.9298337316493203
-3.7094460312166615 0.46861201150298476
-3.7389285999914357 4.578866942220007e-16
-3.709446031216662 -0.4686120115029838
-3.621463282613952 -0.9298337316493178
-3.476367894687117 -1.3763914183917962
-3.2764481083795456 -1.801242590249857
-3.0248567781476026 -2.1976870904495076
-2.7255616495624175 -2.5594727523981398
-2.383282785592023 -2.8808940000865433
-2.003418128388717 -3.1568818284309232
-1.5919583705167406 -3.383083744511153
-1.155392478151884 -3.5559324089841704
-0.7006053562085581 -3.6727018951564525
-0.23476926927646993 -3.73155067847635
0.23476926927646852 -3.73155067847635
0.7006053562085568 -3.6727018951564525
1.1553924781518827 -3.555932408984171
1.5919583705167393 -3.3830837445111532
2.0034181283887182 -3.156881828430922
2.383282785592022 -2.880894000086544
2.7255616495624158 -2.559472752398142
3.0248567781476012 -2.1976870904495103
3.2764481083795443 -1.8012425902498597
3.476367894687117 -1.376391418391796
3.6214632826139512 -0.9298337316493207
3.7094460312166615 -0.4686120115029852
4.283527465090469 0.0
4.249750571600593 0.5368683482612958
4.148952572918638 1.0652699619609052
3.9827231136976255 1.576871631998961
3.7536837318101353 2.0636050944229405
3.4654465151300284 2.517794271769939
3.1225571367489176 2.932276329393732
2.730423166996058 3.3005146376460135
2.295228792823931 3.6167018584307407
1.8238372894857513 3.875851530395049
1.3236827825847943 4.073876708403551
0.8026530074727092 4.207654417104545
0.26896491495111396 4.275074902116888
-0.2689649149511134 4.275074902116888
-0.8026530074727085 4.207654417104545
-1.3236827825847928 4.073876708403551
-1.8238372894857515 3.8758515303950487
-2.2952287928239326 3.61670185843074
-2.730423166996058 3.3005146376460135
-3.122557136748916 2.932276329393733
-3.465446515130028 2.5177942717699393
-3.7536837318101353 2.06360509442294
-3.982723113697625 1.576871631998962
-4.148952572918637 1.065269961960907
-4.249750571600592 0.536868348261297
-4.283527465090469 5.245808199182818e-16
-4.249750571600593 -0.536868348261296
-4.148952572918638 -1.0652699619609043
-3.9827231136976255 -1.576871631998961
-3.753683731810135 -2.0636050944229405
-3.46544651513003 -2.517794271769937
-3.1225571367489184 -2.9322763293937313
-2.730423166996057 -3.300514637646014
-2.2952287928239303 -3.6167018584307415
-1.823837289485749 -3.8758515303950505
-1.3236827825847948 -4.073876708403551
-0.8026530074727087 -4.207654417104545
-0.2689649149511126 -4.275074902116888
0.26896491495111097 -4.275074902116888
0.8026530074727072 -4.207654417104545
1.3236827825847932 -4.073876708403551
1.8238372894857477 -3.875851530395051
2.295228792823932 -3.61670185843074
2.730423166996056 -3.300514637646015
3.1225571367489158 -2.9322763293937335
3.465446515130028 -2.51779427176994
3.7536837318101335 -2.0636050944229436
3.9827231136976255 -1.5768716319989609
4.148952572918637 -1.0652699619609076
4.249750571600592 -0.5368683482612975
5.002125374093417 0.0
4.962682121456261 0.6269325478291831
4.844974407201138 1.243977994867749
4.6508585522970325 1.8414051658108164
4.383395879734971 2.409792277286921
4.046804435635716 2.9401755250100807
3.646392468142693 3.4241904483281074
3.1884747131777833 3.8542038427637766
2.6802728072835897 4.223434140209286
2.129801398101169 4.526058358306432
1.5457417485890075 4.757303932356876
0.9373048283202347 4.913523981518436
0.3140860509900874 4.992254822294497
-0.3140860509900868 4.992254822294497
-0.937304828320234 4.913523981518436
-1.5457417485890057 4.757303932356877
-2.1298013981011694 4.5260583583064316
-2.6802728072835915 4.223434140209285
-3.1884747131777833 3.8542038427637766
-3.646392468142692 3.4241904483281087
-4.046804435635716 2.940175525010081
-4.383395879734971 2.4097922772869205
-4.650858552297032 1.8414051658108175
-4.844974407201137 1.2439779948677512
-4.962682121456261 0.6269325478291844
-5.002125374093417 6.12583682831726e-16
-4.962682121456261 -0.6269325478291832
-4.844974407201139 -1.2439779948677478
-4.6508585522970325 -1.8414051658108164
-4.383395879734971 -2.4097922772869214
-4.046804435635718 -2.9401755250100785
-3.646392468142694 -3.4241904483281065
-3.188474713177782 -3.8542038427637775
-2.680272807283589 -4.223434140209287
-2.1298013981011668 -4.526058358306433
-1.545741748589008 -4.757303932356876
-0.9373048283202341 -4.913523981518436
-0.31408605099008585 -4.992254822294497
0.31408605099008396 -4.992254822294497
0.9373048283202323 -4.913523981518436
1.5457417485890064 -4.757303932356877
2.129801398101165 -4.526058358306433
2.680272807283591 -4.223434140209285
3.188474713177781 -3.8542038427637784
3.6463924681426914 -3.424190448328109
4.046804435635716 -2.9401755250100816
4.3833958797349695 -2.409792277286925
4.6508585522970325 -1.8414051658108161
4.844974407201137 -1.2439779948677518
4.962682121456261 -0.626932547829185
5.653905473535372 0.0
5.609322740136837 0.708622255265107
5.47627763627936 1.4060691142542665
5.256868362728068 2.081341423366661
4.95455513479561 2.723789734899464
4.57410561267965 3.3232822551997834
4.121519712613486 3.8703646291030105
3.603934984602872 4.356409040761523
3.029514048998664 4.7737502794546085
2.4073158670977772 5.115806624540505
1.7471528759119646 5.377183643122651
1.0594362401744826 5.553759263478945
0.3550116620529154 5.642748782595205
-0.3550116620529147 5.642748782595205
-1.0594362401744817 5.553759263478946
-1.7471528759119628 5.377183643122652
-2.4073158670977777 5.115806624540505
-3.029514048998666 4.773750279454608
-3.603934984602872 4.356409040761523
-4.121519712613485 3.870364629103012
-4.5741056126796495 3.323282255199784
-4.95455513479561 2.7237897348994635
-5.256868362728068 2.0813414233666623
-5.4762776362793595 1.406069114254269
-5.609322740136836 0.7086222552651086
-5.653905473535372 6.924037240846794e-16
-5.609322740136837 -0.7086222552651071
-5.47627763627936 -1.4060691142542652
-5.256868362728068 -2.081341423366661
-4.954555134795609 -2.7237897348994644
-4.574105612679652 -3.3232822551997807
-4.1215197126134875 -3.870364629103009
-3.6039349846028705 -4.356409040761524
-3.0295140489986627 -4.77375027945461
-2.4073158670977746 -5.1158066245405065
-1.7471528759119652 -5.377183643122651
-1.059436240174482 -5.553759263478946
-0.3550116620529136 -5.642748782595205
0.35501166205291146 -5.642748782595205
1.05943624017448 -5.553759263478946
1.7471528759119632 -5.377183643122652
2.4073158670977723 -5.115806624540507
3.0295140489986654 -4.773750279454608
3.603934984602869 -4.356409040761526
4.121519712613484 -3.8703646291030123
4.5741056126796495 -3.3232822551997847
4.954555134795608 -2.7237897348994684
5.256868362728068 -2.0813414233666605
5.4762776362793595 -1.4060691142542696
5.609322740136836 -0.7086222552651092
4.660452488461058 0.0
4.623703428579858 0.5841095802516327
4.514035803563406 1.1590074034925473
4.333179137370479 1.7156269876229209
4.083985647665472 2.2451901092925968
3.7703852646420093 2.739345241727167
3.397323653676159 3.1902992632941722
2.970684219229057 3.590940359686626
2.4971953200439776 3.9349501814830288
1.984324158909629 4.216903488292145
1.4401590204114805 4.432353708034853
0.8732817138521451 4.577903062042088
0.29263223299215185 4.651256150054186
-0.2926322329921513 4.651256150054186
-0.8732817138521445 4.577903062042088
-1.440159020411479 4.432353708034853
-1.9843241589096294 4.216903488292145
-2.497195320043979 3.9349501814830283
-2.970684219229057 3.590940359686626
-3.397323653676158 3.190299263294173
-3.770385264642009 2.7393452417271673
-4.083985647665472 2.245190109292596
-4.333179137370478 1.715626987622922
-4.514035803563406 1.1590074034925493
-4.623703428579857 0.5841095802516341
-4.660452488461058 5.707408222572152e-16
-4.623703428579858 -0.5841095802516328
-4.514035803563407 -1.1590074034925462
-4.333179137370479 -1.7156269876229209
-4.083985647665472 -2.2451901092925968
-3.770385264642011 -2.739345241727165
-3.39732365367616 -3.190299263294171
-2.9706842192290557 -3.5909403596866265
-2.4971953200439763 -3.9349501814830297
-1.9843241589096268 -4.216903488292146
-1.440159020411481 -4.432353708034853
-0.8732817138521446 -4.577903062042088
-0.29263223299215035 -4.651256150054186
0.29263223299214863 -4.651256150054186
0.8732817138521429 -4.577903062042088
1.4401590204114794 -4.432353708034853
1.9843241589096252 -4.216903488292147
2.4971953200439785 -3.9349501814830283
2.970684219229055 -3.590940359686628
3.3973236536761573 -3.1902992632941736
3.770385264642009 -2.739345241727168
4.08398564766547 -2.2451901092926003
4.333179137370479 -1.7156269876229207
4.514035803563406 -1.1590074034925497
4.623703428579857 -0.5841095802516345
5.331945997381636 0.0
5.289902010617208 0.6682700330420899
5.164433109111057 1.3260010484579383
4.957518012391426 1.9628202352249737
4.672419895138669 2.568684574350538
4.313634924971223 3.134039223280807
3.8868213551963806 3.6499682014756543
3.3987102907755595 4.108335000747914
2.856999534778091 4.501910902858009
2.270232189428378 4.824488980718817
1.6476619262804046 5.070981985343667
0.9991070502894642 5.237502574801843
0.3347956592778367 5.321424619923012
-0.33479565927783606 5.321424619923012
-0.9991070502894634 5.237502574801844
-1.6476619262804029 5.070981985343667
-2.270232189428378 4.824488980718816
-2.856999534778093 4.501910902858009
-3.3987102907755595 4.108335000747914
-3.8868213551963793 3.649968201475655
-4.313634924971222 3.134039223280808
-4.672419895138669 2.5686845743505375
-4.957518012391425 1.9628202352249748
-5.164433109111056 1.3260010484579405
-5.289902010617207 0.6682700330420913
-5.331945997381636 6.529750598919963e-16
-5.289902010617208 -0.66827003304209
-5.164433109111058 -1.326001048457937
-4.957518012391426 -1.9628202352249737
-4.672419895138668 -2.5686845743505384
-4.3136349249712245 -3.134039223280805
-3.8868213551963815 -3.649968201475653
-3.398710290775558 -4.108335000747915
-2.85699953477809 -4.501910902858011
-2.2702321894283752 -4.824488980718818
-1.6476619262804053 -5.070981985343667
-0.9991070502894637 -5.237502574801844
-0.334795659277835 -5.321424619923012
0.334795659277833 -5.321424619923012
0.9991070502894617 -5.237502574801844
1.6476619262804035 -5.070981985343667
2.2702321894283735 -4.824488980718819
2.8569995347780925 -4.501910902858009
3.398710290775557 -4.108335000747916
3.886821355196379 -3.649968201475656
4.313634924971222 -3.1340392232808085
4.672419895138666 -2.5686845743505424
4.957518012391426 -1.9628202352249733
5.164433109111056 -1.3260010484579412
5.289902010617207 -0.6682700330420919
6.019940048554998 0.0
5.972471023203205 0.7544985521486527
5.830812562034245 1.497098211414333
5.597198703603416 2.216087737562887
5.275313678012325 2.900128236263429
4.87023380439934 3.5384319802254627
4.388347434354323 4.120932538102533
3.837254203797848 4.638443528127954
3.2256451821829297 5.082803492842942
2.5631658091379563 5.447004610156166
1.860263780121841 5.725303210884394
1.1280242800254872 5.9133103598466175
0.37799516318408927 6.008061071993676
-0.3779951631840885 6.008061071993676
-1.1280242800254863 5.913310359846618
-1.860263780121839 5.725303210884395
-2.5631658091379568 5.447004610156165
-3.2256451821829315 5.082803492842941
-3.837254203797848 4.638443528127954
-4.388347434354322 4.120932538102535
-4.870233804399339 3.538431980225463
-5.275313678012325 2.9001282362634284
-5.597198703603415 2.2160877375628885
-5.830812562034245 1.4970982114143356
-5.972471023203205 0.7544985521486544
-6.019940048554998 7.372300311521841e-16
-5.972471023203205 -0.7544985521486529
-5.830812562034246 -1.4970982114143316
-5.597198703603416 -2.216087737562887
-5.275313678012325 -2.9001282362634293
-4.870233804399342 -3.53843198022546
-4.3883474343543245 -4.120932538102532
-3.8372542037978468 -4.638443528127954
-3.2256451821829284 -5.082803492842943
-2.563165809137953 -5.447004610156167
-1.8602637801218416 -5.725303210884394
-1.1280242800254865 -5.913310359846618
-0.3779951631840873 -6.008061071993676
0.37799516318408505 -6.008061071993676
1.1280242800254843 -5.913310359846618
1.8602637801218396 -5.725303210884395
2.5631658091379514 -5.447004610156168
3.225645182182931 -5.082803492842941
3.8372542037978454 -4.638443528127956
4.388347434354321 -4.120932538102536
4.870233804399339 -3.538431980225464
5.275313678012322 -2.9001282362634337
5.597198703603416 -2.2160877375628867
5.830812562034245 -1.4970982114143363
5.972471023203205 -0.754498552148655
1.0 0.5 0.4 0.32000000000000006 0.25600000000000006 0.20480000000000007 0.16384000000000007 0.13107200000000005 0.10485760000000005 0.08388608000000004 