0.0 0.0
1.491946076672402 0.0
1.454539873618088 0.33198923439360195
1.34419696767099 0.6473311423083928
1.166450412887145 0.9302131637283907
0.9302131637283909 1.166450412887145
0.647331142308393 1.34419696767099
0.331989234393602 1.454539873618088
9.135534936486544e-17 1.491946076672402
-0.33198923439360184 1.454539873618088
-0.6473311423083927 1.34419696767099
-0.9302131637283907 1.1664504128871451
-1.1664504128871445 0.9302131637283914
-1.3441969676709897 0.647331142308393
-1.454539873618088 0.33198923439360145
-1.491946076672402 1.8271069872973087e-16
-1.454539873618088 -0.3319892343936011
-1.34419696767099 -0.6473311423083926
-1.1664504128871445 -0.9302131637283912
-0.930213163728391 -1.1664504128871447
-0.6473311423083931 -1.3441969676709897
-0.33198923439360223 -1.454539873618088
-2.7406604809459627e-16 -1.491946076672402
0.33198923439360034 -1.4545398736180881
0.6473311423083926 -1.34419696767099
0.9302131637283906 -1.1664504128871451
1.1664504128871447 -0.930213163728391
1.3441969676709902 -0.647331142308392
1.4545398736180877 -0.3319892343936023
2.361524110514193 0.0
2.3023157706306403 0.5254885506319729
2.12765970437424 1.0246269110861637
1.8463138962073071 1.472386199749116
1.4723861997491163 1.8463138962073071
1.0246269110861639 2.12765970437424
0.525488550631973 2.3023157706306403
1.4460164715252536e-16 2.361524110514193
-0.5254885506319728 2.3023157706306403
-1.0246269110861634 2.12765970437424
-1.472386199749116 1.8463138962073073
-1.8463138962073062 1.4723861997491172
-2.12765970437424 1.0246269110861639
-2.3023157706306407 0.5254885506319721
-2.361524110514193 2.892032943050507e-16
-2.3023157706306407 -0.5254885506319715
-2.12765970437424 -1.0246269110861634
-1.8463138962073065 -1.4723861997491168
-1.4723861997491166 -1.8463138962073067
-1.024626911086164 -2.12765970437424
-0.5254885506319733 -2.3023157706306403
-4.33804941457576e-16 -2.361524110514193
0.5254885506319703 -2.3023157706306407
1.0246269110861632 -2.1276597043742402
1.4723861997491159 -1.8463138962073073
1.8463138962073067 -1.4723861997491166
2.1276597043742402 -1.024626911086162
2.3023157706306403 -0.5254885506319734
2.9343419675254356 0.0
2.8607718880270774 0.6529525151609691
2.643750760519949 1.2731632647195084
2.294160930538567 1.8295322919182
1.8295322919182004 2.294160930538567
1.2731632647195086 2.643750760519949
0.6529525151609693 2.8607718880270774
1.7967662490668856e-16 2.9343419675254356
-0.652952515160969 2.8607718880270774
-1.2731632647195081 2.643750760519949
-1.8295322919182 2.294160930538567
-2.2941609305385655 1.8295322919182013
-2.6437507605199486 1.2731632647195086
-2.860771888027078 0.6529525151609682
-2.9343419675254356 3.593532498133771e-16
-2.860771888027078 -0.6529525151609674
-2.643750760519949 -1.273163264719508
-2.294160930538566 -1.829532291918201
-1.8295322919182007 -2.2941609305385664
-1.2731632647195088 -2.6437507605199486
-0.6529525151609696 -2.8607718880270774
-5.390298747200656e-16 -2.9343419675254356
0.652952515160966 -2.8607718880270783
1.273163264719508 -2.643750760519949
1.8295322919181998 -2.294160930538567
2.2941609305385664 -1.8295322919182007
2.6437507605199495 -1.2731632647195066
2.860771888027077 -0.6529525151609699
3.36443970900037 0.0
3.280086181157353 0.7486582662864729
3.031255435744008 1.4597756809766698
2.630424885362066 2.0976938475302958
2.0976938475302958 2.630424885362066
1.4597756809766698 3.031255435744008
0.7486582662864731 3.280086181157353
2.0601251602757777e-16 3.36443970900037
-0.7486582662864727 3.280086181157353
-1.4597756809766695 3.031255435744008
-2.0976938475302958 2.6304248853620664
-2.630424885362065 2.097693847530297
-3.0312554357440074 1.45977568097667
-3.2800861811573534 0.7486582662864719
-3.36443970900037 4.1202503205515554e-16
-3.2800861811573534 -0.748658266286471
-3.031255435744008 -1.4597756809766693
-2.630424885362065 -2.0976938475302966
-2.097693847530296 -2.6304248853620655
-1.4597756809766702 -3.0312554357440074
-0.7486582662864736 -3.280086181157353
-6.180375480827333e-16 -3.36443970900037
0.7486582662864694 -3.2800861811573534
1.459775680976669 -3.0312554357440082
2.0976938475302953 -2.6304248853620664
2.6304248853620655 -2.097693847530296
3.0312554357440087 -1.4597756809766675
3.2800861811573525 -0.7486582662864738
3.710602982492984 0.0
3.617570418657533 0.8256868412054245
3.343137768372044 1.609970296424819
2.9010662306527824 2.313523118330976
2.3135231183309766 2.9010662306527824
1.6099702964248193 3.343137768372044
0.8256868412054247 3.617570418657533
2.2720890327083277e-16 3.710602982492984
-0.8256868412054243 3.617570418657533
-1.6099702964248188 3.343137768372044
-2.313523118330976 2.901066230652783
-2.9010662306527815 2.313523118330978
-3.3431377683720434 1.6099702964248195
-3.6175704186575333 0.8256868412054233
-3.710602982492984 4.544178065416655e-16
-3.6175704186575333 -0.8256868412054225
-3.343137768372044 -1.6099702964248186
-2.901066230652782 -2.3135231183309775
-2.313523118330977 -2.9010662306527824
-1.6099702964248195 -3.3431377683720434
-0.8256868412054252 -3.617570418657533
-6.816267098124982e-16 -3.710602982492984
0.8256868412054206 -3.6175704186575337
1.6099702964248184 -3.3431377683720442
2.3135231183309757 -2.901066230652783
2.9010662306527824 -2.313523118330977
3.3431377683720447 -1.6099702964248166
3.6175704186575324 -0.8256868412054255
3.999072896981959 0.0
3.898807790117538 0.8898774359958094
3.603040180653083 1.7351327015462177
3.1266010915451234 2.4933811681579128
2.493381168157913 3.1266010915451234
1.735132701546218 3.603040180653083
0.8898774359958096 3.898807790117538
2.4487259114229445e-16 3.999072896981959
-0.8898774359958092 3.898807790117538
-1.7351327015462175 3.603040180653083
-2.4933811681579128 3.126601091545124
-3.126601091545122 2.4933811681579146
-3.6030401806530827 1.7351327015462181
-3.8988077901175386 0.8898774359958082
-3.999072896981959 4.897451822845889e-16
-3.8988077901175386 -0.8898774359958072
-3.603040180653083 -1.7351327015462172
-3.1266010915451226 -2.493381168157914
-2.4933811681579137 -3.126601091545123
-1.7351327015462183 -3.6030401806530827
-0.8898774359958102 -3.898807790117538
-7.346177734268833e-16 -3.999072896981959
0.8898774359958052 -3.898807790117539
1.735132701546217 -3.6030401806530836
2.4933811681579123 -3.126601091545124
3.126601091545123 -2.4933811681579137
3.603040180653084 -1.7351327015462152
3.8988077901175378 -0.8898774359958104
4.244479194351511 0.0
4.138061239248308 0.9444854744852431
3.8241436145702528 1.8416105034519143
3.3184674608245506 2.64638949187974
2.6463894918797406 3.3184674608245506
1.8416105034519146 3.8241436145702528
0.9444854744852433 4.138061239248308
2.5989939297050574e-16 4.244479194351511
-0.9444854744852429 4.138061239248308
-1.8416105034519141 3.8241436145702528
-2.64638949187974 3.318467460824551
-3.3184674608245492 2.6463894918797424
-3.8241436145702523 1.8416105034519148
-4.138061239248308 0.9444854744852418
-4.244479194351511 5.197987859410115e-16
-4.138061239248308 -0.9444854744852408
-3.8241436145702528 -1.841610503451914
-3.3184674608245497 -2.646389491879742
-2.646389491879741 -3.31846746082455
-1.841610503451915 -3.8241436145702523
-0.9444854744852439 -4.138061239248308
-7.796981789115172e-16 -4.244479194351511
0.9444854744852387 -4.138061239248309
1.8416105034519135 -3.8241436145702536
2.6463894918797397 -3.318467460824551
3.31846746082455 -2.646389491879741
3.824143614570254 -1.8416105034519117
4.138061239248307 -0.9444854744852441
4.628726274667139 0.0
4.512674443022385 1.0299884936670636
4.170338271517035 2.008329063404264
3.61888392526173 2.8859636278505283
2.8859636278505287 3.61888392526173
2.008329063404264 4.170338271517035
1.0299884936670638 4.512674443022385
2.834277408200182e-16 4.628726274667139
-1.0299884936670634 4.512674443022385
-2.0083290634042634 4.170338271517035
-2.8859636278505283 3.6188839252617306
-3.618883925261729 2.88596362785053
-4.170338271517034 2.0083290634042643
-4.512674443022385 1.0299884936670622
-4.628726274667139 5.668554816400364e-16
-4.512674443022385 -1.0299884936670611
-4.170338271517035 -2.008329063404263
-3.6188839252617293 -2.8859636278505296
-2.885963627850529 -3.6188839252617298
-2.0083290634042643 -4.170338271517034
-1.0299884936670645 -4.512674443022385
-8.502832224600546e-16 -4.628726274667139
1.0299884936670587 -4.5126744430223855
2.008329063404263 -4.170338271517035
2.885963627850528 -3.6188839252617306
3.6188839252617298 -2.885963627850529
4.170338271517036 -2.0083290634042608
4.512674443022384 -1.0299884936670647
4.442487927603814 0.0
4.331105480151743 0.9885465627400523
4.002543318803372 1.9275232730133547
3.4732769222848154 2.7698459177415176
2.769845917741518 3.4732769222848154
1.927523273013355 4.002543318803372
0.9885465627400526 4.331105480151743
2.720239310395385e-16 4.442487927603814
-0.988546562740052 4.331105480151743
-1.9275232730133545 4.002543318803372
-2.7698459177415176 3.473276922284816
-3.473276922284814 2.7698459177415193
-4.002543318803372 1.9275232730133551
-4.331105480151743 0.9885465627400509
-4.442487927603814 5.44047862079077e-16
-4.331105480151743 -0.9885465627400498
-4.002543318803372 -1.9275232730133542
-3.4732769222848145 -2.769845917741519
-2.7698459177415184 -3.473276922284815
-1.9275232730133554 -4.002543318803372
-0.9885465627400531 -4.331105480151743
-8.160717931186154e-16 -4.442487927603814
0.9885465627400476 -4.331105480151744
1.927523273013354 -4.002543318803373
2.769845917741517 -3.473276922284816
3.473276922284815 -2.7698459177415184
4.002543318803373 -1.927523273013352
4.331105480151742 -0.9885465627400534
4.809234189313618 0.0
4.688656647380971 1.0701552834207049
4.332970283023499 2.086648512351391
3.7600106957669994 2.9985084717873947
2.998508471787395 3.7600106957669994
2.0866485123513914 4.332970283023499
1.070155283420705 4.688656647380971
2.944806628146469e-16 4.809234189313618
-1.0701552834207047 4.688656647380971
-2.086648512351391 4.332970283023499
-2.9985084717873947 3.760010695767
-3.760010695766998 2.9985084717873964
-4.332970283023498 2.0866485123513914
-4.688656647380971 1.0701552834207033
-4.809234189313618 5.889613256292938e-16
-4.688656647380971 -1.0701552834207022
-4.332970283023499 -2.0866485123513905
-3.7600106957669985 -2.998508471787396
-2.9985084717873955 -3.760010695766999
-2.086648512351392 -4.332970283023498
-1.0701552834207058 -4.688656647380971
-8.834419884439408e-16 -4.809234189313618
1.0701552834206998 -4.688656647380972
2.08664851235139 -4.332970283023499
2.9985084717873938 -3.760010695767
3.760010695766999 -2.9985084717873955
4.3329702830235 -2.0866485123513883
4.68865664738097 -1.070155283420706
4.959244859169587 0.0
4.8349062365486475 1.1035357977804674
4.468125226416915 2.1517357026960284
3.877293760166514 3.0920385946125886
3.092038594612589 3.877293760166514
2.1517357026960284 4.468125226416915
1.1035357977804676 4.8349062365486475
3.0366616714850006e-16 4.959244859169587
-1.1035357977804672 4.8349062365486475
-2.151735702696028 4.468125226416915
-3.0920385946125886 3.8772937601665145
-3.8772937601665123 3.092038594612591
-4.468125226416914 2.151735702696029
-4.8349062365486475 1.1035357977804658
-4.959244859169587 6.073323342970001e-16
-4.8349062365486475 -1.1035357977804645
-4.468125226416915 -2.151735702696028
-3.8772937601665127 -3.09203859461259
-3.0920385946125895 -3.877293760166513
-2.1517357026960293 -4.468125226416914
-1.1035357977804683 -4.8349062365486475
-9.109985014455001e-16 -4.959244859169587
1.103535797780462 -4.834906236548648
2.1517357026960275 -4.468125226416915
3.0920385946125877 -3.8772937601665145
3.877293760166513 -3.0920385946125895
4.468125226416916 -2.1517357026960253
4.834906236548647 -1.1035357977804685
5.095378508079989 0.0
4.967626730658559 1.133828384478891
4.5907774059591455 2.2108018793049906
3.983727332707916 3.1769165363980414
3.176916536398042 3.983727332707916
2.2108018793049906 4.5907774059591455
1.1338283844788912 4.967626730658559
3.120019490182187e-16 5.095378508079989
-1.1338283844788908 4.967626730658559
-2.21080187930499 4.5907774059591455
-3.1769165363980414 3.9837273327079163
-3.983727332707914 3.1769165363980436
-4.590777405959145 2.210801879304991
-4.9676267306585595 1.1338283844788895
-5.095378508079989 6.240038980364374e-16
-4.9676267306585595 -1.1338283844788881
-4.5907774059591455 -2.2108018793049897
-3.9837273327079146 -3.176916536398043
-3.1769165363980423 -3.983727332707915
-2.210801879304991 -4.590777405959145
-1.133828384478892 -4.967626730658559
-9.36005847054656e-16 -5.095378508079989
1.1338283844788857 -4.96762673065856
2.2108018793049897 -4.5907774059591455
3.176916536398041 -3.9837273327079163
3.983727332707915 -3.1769165363980423
4.590777405959146 -2.2108018793049875
4.967626730658559 -1.1338283844788923
5.221253717403081 0.0
5.090345985679371 1.161838253619412
4.704187050799951 2.265417085788299
4.082140534218962 3.2553984457178227
3.255398445717823 4.082140534218962
2.2654170857882994 4.704187050799951
1.1618382536194123 5.090345985679371
3.197095826276951e-16 5.221253717403081
-1.1618382536194116 5.090345985679371
-2.2654170857882985 4.704187050799951
-3.2553984457178227 4.082140534218963
-4.0821405342189605 3.255398445717825
-4.704187050799951 2.2654170857882994
-5.090345985679371 1.1618382536194103
-5.221253717403081 6.394191652553902e-16
-5.090345985679371 -1.1618382536194092
-4.704187050799951 -2.2654170857882985
-4.082140534218961 -3.2553984457178244
-3.2553984457178236 -4.082140534218961
-2.2654170857883 -4.704187050799951
-1.161838253619413 -5.090345985679371
-9.591287478830851e-16 -5.221253717403081
1.1618382536194065 -5.090345985679372
2.265417085788298 -4.704187050799952
3.2553984457178218 -4.082140534218963
4.082140534218961 -3.2553984457178236
4.704187050799953 -2.265417085788296
5.09034598567937 -1.1618382536194132
5.340466749545674 0.0
5.206570098211014 1.188365648871546
4.811594281408678 2.3171416819258686
4.1753450358685145 3.3297265555073867
3.329726555507387 4.1753450358685145
2.317141681925869 4.811594281408678
1.1883656488715462 5.206570098211014
3.2700927553919895e-16 5.340466749545674
-1.1883656488715455 5.206570098211014
-2.3171416819258686 4.811594281408678
-3.3297265555073867 4.175345035868515
-4.175345035868513 3.329726555507389
-4.811594281408677 2.3171416819258694
-5.206570098211015 1.1883656488715442
-5.340466749545674 6.540185510783979e-16
-5.206570098211015 -1.1883656488715428
-4.811594281408678 -2.317141681925868
-4.175345035868514 -3.3297265555073885
-3.3297265555073876 -4.175345035868514
-2.3171416819258694 -4.811594281408677
-1.1883656488715468 -5.206570098211014
-9.810278266175968e-16 -5.340466749545674
1.1883656488715402 -5.206570098211015
2.3171416819258677 -4.811594281408678
3.329726555507386 -4.175345035868515
4.175345035868514 -3.3297265555073876
4.811594281408679 -2.3171416819258654
5.206570098211013 -1.1883656488715473
5.457902385819102 0.0
5.321061377898811 1.2144975363348631
4.917400133673349 2.3680950948978334
4.267159913470745 3.4029464770986606
3.402946477098661 4.267159913470745
2.3680950948978334 4.917400133673349
1.2144975363348633 5.321061377898811
3.3420013434260327e-16 5.457902385819102
-1.214497536334863 5.321061377898811
-2.368095094897833 4.917400133673349
-3.4029464770986606 4.267159913470746
-4.267159913470743 3.402946477098663
-4.917400133673348 2.368095094897834
-5.321061377898811 1.2144975363348613
-5.457902385819102 6.684002686852065e-16
-5.321061377898811 -1.21449753633486
-4.917400133673349 -2.3680950948978325
-4.267159913470744 -3.4029464770986624
-3.402946477098662 -4.267159913470745
-2.3680950948978343 -4.917400133673348
-1.2144975363348642 -5.321061377898811
-1.0026004030278098e-15 -5.457902385819102
1.2144975363348574 -5.321061377898812
2.368095094897832 -4.9174001336733495
3.4029464770986597 -4.267159913470746
4.267159913470745 -3.402946477098662
4.9174001336733495 -2.36809509489783
5.32106137789881 -1.2144975363348645
5.583926601457177 0.0
5.443925903335192 1.2425405624997596
5.0309440285650755 2.422774952798239
4.365689612809932 3.4815212903362465
3.4815212903362474 4.365689612809932
2.4227749527982394 5.0309440285650755
1.2425405624997599 5.443925903335192
3.4191689195741453e-16 5.583926601457177
-1.2425405624997594 5.443925903335192
-2.4227749527982385 5.0309440285650755
-3.4815212903362465 4.365689612809933
-4.3656896128099305 3.481521290336249
-5.0309440285650755 2.4227749527982394
-5.4439259033351926 1.2425405624997579
-5.583926601457177 6.838337839148291e-16
-5.4439259033351926 -1.2425405624997565
-5.0309440285650755 -2.422774952798238
-4.365689612809931 -3.4815212903362482
-3.481521290336248 -4.365689612809931
-2.42277495279824 -5.0309440285650755
-1.2425405624997607 -5.443925903335192
-1.0257506758722435e-15 -5.583926601457177
1.2425405624997536 -5.443925903335193
2.422774952798238 -5.030944028565076
3.481521290336246 -4.365689612809933
4.365689612809931 -3.481521290336248
5.030944028565077 -2.4227749527982354
5.443925903335191 -1.242540562499761
1.0 0.5 0.4 0.32000000000000006 0.25600000000000006 0.20480000000000007 0.16384000000000007 0.13107200000000005 0.10485760000000005 0.08388608000000004 0.06710886400000003 0.05368709120000003 0.042949672960000025 0.03435973836800002 0.027487790694400018 0.021990232555520017 0.017592186044416015 