0.0 0.0
0.23783130781623008 0.0
-0.23783130781623008 2.91259349854175e-17
0.6834845674092006 0.0
-0.6834845674092006 8.370271877442909e-17
1.0759934634008954 0.0
-1.0759934634008954 1.3177119508573814e-16
1.4259533532700623 0.0
-1.4259533532700623 1.746289209815617e-16
1.936032305151041 0.0
-1.936032305151041 2.3709557655490944e-16
2.2608097513464314 0.0
-2.2608097513464314 2.7686934254675305e-16
2.608887245594987 0.0
-2.608887245594987 3.194965414654256e-16
1.6857996311144 0.0
-1.6857996311144 2.0645091222480387e-16
1.0 0.5 0.4 0.32000000000000006 0.25600000000000006 0.20480000000000007 0.16384000000000007 0.13107200000000005 0.10485760000000005 