0.0 0.0
2.2775435739755863 0.0
2.2697646079710583 0.1880780576236204
2.2464808481830536 0.37487135140503
2.2078513463003464 0.5591038937417935
2.1541399809905943 0.7395171895604106
2.0857136553414715 0.9148788331137648
2.0030397905405426 1.0839909265620196
1.9066831329145946 1.2456982628295161
1.797301896139577 1.398896216840466
1.6756432649737794 1.5425382912282923
1.5425382912282923 1.6756432649737791
1.3988962168404662 1.797301896139577
1.2456982628295163 1.9066831329145941
1.0839909265620193 2.0030397905405426
0.914878833113765 2.0857136553414715
0.7395171895604108 2.1541399809905943
0.5591038937417937 2.2078513463003464
0.37487135140502964 2.246480848183054
0.18807805762362056 2.2697646079710583
1.3945932238939125e-16 2.2775435739755863
-0.1880780576236203 2.2697646079710583
-0.37487135140502986 2.246480848183054
-0.5591038937417929 2.2078513463003464
-0.73951718956041 2.154139980990595
-0.9148788331137648 2.0857136553414715
-1.0839909265620196 2.0030397905405426
-1.2456982628295166 1.906683132914594
-1.398896216840466 1.797301896139577
-1.542538291228292 1.6756432649737796
-1.6756432649737791 1.5425382912282923
-1.7973018961395766 1.3988962168404662
-1.9066831329145937 1.245698262829517
-2.0030397905405426 1.0839909265620198
-2.085713655341472 0.9148788331137648
-2.154139980990595 0.73951718956041
-2.2078513463003464 0.5591038937417944
-2.2464808481830536 0.3748713514050303
-2.2697646079710583 0.18807805762362018
-2.2775435739755863 2.789186447787825e-16
-2.2697646079710583 -0.18807805762361965
-2.246480848183054 -0.3748713514050297
-2.2078513463003464 -0.5591038937417928
-2.154139980990595 -0.7395171895604105
-2.085713655341472 -0.9148788331137643
-2.003039790540543 -1.0839909265620185
-1.906683132914594 -1.2456982628295166
-1.7973018961395777 -1.398896216840465
-1.675643264973779 -1.5425382912282926
-1.5425382912282923 -1.6756432649737791
-1.3988962168404664 -1.7973018961395766
-1.2456982628295163 -1.9066831329145941
-1.083990926562021 -2.003039790540542
-0.914878833113764 -2.085713655341472
-0.7395171895604111 -2.1541399809905943
-0.5591038937417935 -2.2078513463003464
-0.3748713514050294 -2.246480848183054
-0.18807805762362137 -2.2697646079710583
-4.1837796716817367e-16 -2.2775435739755863
0.1880780576236205 -2.2697646079710583
0.3748713514050286 -2.246480848183054
0.5591038937417927 -2.2078513463003464
0.7395171895604103 -2.154139980990595
0.9148788331137632 -2.0857136553414724
1.0839909265620202 -2.0030397905405426
1.2456982628295155 -1.9066831329145948
1.3988962168404657 -1.7973018961395772
1.5425382912282926 -1.6756432649737791
1.6756432649737782 -1.5425382912282932
1.7973018961395777 -1.398896216840465
1.9066831329145941 -1.2456982628295163
2.003039790540542 -1.083990926562021
2.085713655341472 -0.9148788331137641
2.1541399809905943 -0.7395171895604112
2.207851346300346 -0.5591038937417956
2.246480848183054 -0.3748713514050296
2.2697646079710583 -0.18807805762362148
3.4315920718305013 0.0
3.419871445110908 0.2833786272198076
3.3847896287171815 0.5648214910735561
3.3265862670277855 0.8424060514218148
3.2456589480204907 1.1142361242503638
3.142560487343339 1.3784548345297163
3.017995152023219 1.633257300554417
2.872813849607955 1.8769029631152152
2.7080083156049475 2.1077274752833697
2.5247043389220507 2.324154071587795
2.324154071587795 2.5247043389220503
2.10772747528337 2.7080083156049475
1.8769029631152157 2.8728138496079545
1.6332573005544169 3.017995152023219
1.3784548345297167 3.142560487343339
1.1142361242503642 3.2456589480204907
0.8424060514218151 3.3265862670277855
0.5648214910735556 3.384789628717182
0.28337862721980783 3.419871445110908
2.1012441233733288e-16 3.4315920718305013
-0.28337862721980744 3.419871445110908
-0.564821491073556 3.384789628717182
-0.842406051421814 3.326586267027786
-1.114236124250363 3.245658948020491
-1.3784548345297163 3.142560487343339
-1.633257300554417 3.017995152023219
-1.876902963115216 2.8728138496079545
-2.1077274752833697 2.7080083156049475
-2.3241540715877944 2.524704338922051
-2.5247043389220503 2.324154071587795
-2.708008315604947 2.10772747528337
-2.872813849607954 1.8769029631152168
-3.0179951520232184 1.6332573005544175
-3.142560487343339 1.3784548345297163
-3.245658948020491 1.114236124250363
-3.3265862670277855 0.8424060514218161
-3.3847896287171815 0.5648214910735566
-3.419871445110908 0.2833786272198073
-3.4315920718305013 4.2024882467466577e-16
-3.419871445110908 -0.28337862721980644
-3.384789628717182 -0.5648214910735557
-3.326586267027786 -0.8424060514218138
-3.245658948020491 -1.1142361242503636
-3.142560487343339 -1.3784548345297156
-3.0179951520232193 -1.6332573005544155
-2.8728138496079545 -1.876902963115216
-2.7080083156049484 -2.107727475283368
-2.52470433892205 -2.3241540715877953
-2.324154071587795 -2.5247043389220503
-2.1077274752833706 -2.708008315604947
-1.8769029631152157 -2.8728138496079545
-1.633257300554419 -3.0179951520232176
-1.378454834529715 -3.1425604873433395
-1.1142361242503644 -3.2456589480204907
-0.8424060514218148 -3.3265862670277855
-0.5648214910735553 -3.384789628717182
-0.28337862721980905 -3.419871445110908
-6.3037323701199855e-16 -3.4315920718305013
0.2833786272198078 -3.419871445110908
0.5648214910735541 -3.384789628717182
0.8424060514218136 -3.326586267027786
1.1142361242503633 -3.245658948020491
1.3784548345297138 -3.14256048734334
1.6332573005544182 -3.0179951520232184
1.8769029631152145 -2.8728138496079554
2.1077274752833692 -2.708008315604948
2.3241540715877953 -2.5247043389220503
2.524704338922049 -2.324154071587796
2.7080083156049484 -2.107727475283368
2.8728138496079545 -1.8769029631152157
3.0179951520232176 -1.6332573005544193
3.1425604873433395 -1.3784548345297152
3.2456589480204907 -1.1142361242503647
3.326586267027785 -0.842406051421818
3.384789628717182 -0.5648214910735555
3.419871445110908 -0.2833786272198092
4.217302663056945 0.0
4.202898436318284 0.34826209357396654
4.15978415157662 0.6941452039157058
4.0882543231140485 1.0352865986607236
3.9887975721892603 1.369355936170088
3.862093289258891 1.6940711841267582
3.709006993051807 2.0072142081302604
3.5305844181985657 2.3066459238038015
3.328044371803524 2.590320908909566
3.1027704077564677 2.856301375656631
2.856301375656631 3.1027704077564673
2.5903209089095665 3.328044371803524
2.306645923803802 3.5305844181985653
2.00721420813026 3.709006993051807
1.6940711841267586 3.862093289258891
1.3693559361700884 3.9887975721892603
1.035286598660724 4.0882543231140485
0.6941452039157051 4.15978415157662
0.34826209357396687 4.202898436318284
2.582353103674148e-16 4.217302663056945
-0.3482620935739663 4.202898436318284
-0.6941452039157056 4.15978415157662
-1.0352865986607225 4.0882543231140485
-1.3693559361700869 3.988797572189261
-1.6940711841267582 3.862093289258891
-2.0072142081302604 3.709006993051807
-2.3066459238038024 3.530584418198565
-2.590320908909566 3.328044371803524
-2.8563013756566296 3.102770407756468
-3.1027704077564673 2.856301375656631
-3.3280443718035237 2.5903209089095665
-3.5305844181985644 2.3066459238038033
-3.7090069930518066 2.0072142081302613
-3.8620932892588913 1.6940711841267582
-3.988797572189261 1.3693559361700869
-4.0882543231140485 1.0352865986607251
-4.15978415157662 0.6941452039157063
-4.202898436318284 0.34826209357396615
-4.217302663056945 5.164706207348296e-16
-4.202898436318284 -0.34826209357396515
-4.15978415157662 -0.6941452039157052
-4.0882543231140485 -1.0352865986607223
-3.988797572189261 -1.3693559361700878
-3.8620932892588913 -1.6940711841267573
-3.709006993051808 -2.0072142081302586
-3.530584418198565 -2.3066459238038024
-3.328044371803526 -2.5903209089095642
-3.102770407756467 -2.8563013756566313
-2.856301375656631 -3.1027704077564673
-2.590320908909567 -3.3280443718035237
-2.306645923803802 -3.5305844181985653
-2.007214208130263 -3.7090069930518057
-1.6940711841267566 -3.8620932892588917
-1.3693559361700889 -3.9887975721892603
-1.0352865986607234 -4.0882543231140485
-0.6941452039157047 -4.15978415157662
-0.3482620935739683 -4.202898436318284
-7.747059311022443e-16 -4.217302663056945
0.3482620935739667 -4.202898436318284
0.6941452039157031 -4.15978415157662
1.035286598660722 -4.0882543231140485
1.3693559361700873 -3.988797572189261
1.694071184126755 -3.862093289258892
2.0072142081302617 -3.7090069930518066
2.3066459238038006 -3.530584418198566
2.5903209089095656 -3.328044371803525
2.8563013756566313 -3.1027704077564673
3.102770407756466 -2.8563013756566322
3.328044371803526 -2.5903209089095642
3.5305844181985653 -2.306645923803802
3.7090069930518057 -2.007214208130263
3.8620932892588917 -1.6940711841267568
3.9887975721892603 -1.369355936170089
4.088254323114048 -1.0352865986607274
4.15978415157662 -0.694145203915705
4.202898436318284 -0.34826209357396853
5.2245970647508155 0.0
5.206752416938827 0.431443805963791
5.153340370541652 0.8599404132545854
5.064725783995286 1.2825627555547434
4.941513984779848 1.696423893732937
4.784546634419103 2.0986967365657363
4.594895979078812 2.4866333526372975
4.373857525038185 2.857583741497296
4.122941189068361 3.2090139358510745
3.8438609841698352 3.538523311125666
3.538523311125666 3.8438609841698343
3.209013935851075 4.122941189068361
2.8575837414972964 4.373857525038184
2.4866333526372966 4.594895979078812
2.098696736565737 4.784546634419103
1.6964238937329377 4.941513984779848
1.2825627555547439 5.064725783995286
0.8599404132545847 5.1533403705416525
0.4314438059637914 5.206752416938827
3.199143036090872e-16 5.2245970647508155
-0.4314438059637907 5.206752416938827
-0.8599404132545851 5.1533403705416525
-1.282562755554742 5.064725783995286
-1.696423893732936 4.941513984779849
-2.0986967365657363 4.784546634419103
-2.4866333526372975 4.594895979078812
-2.8575837414972973 4.373857525038184
-3.2090139358510745 4.122941189068361
-3.538523311125665 3.8438609841698357
-3.8438609841698343 3.538523311125666
-4.122941189068361 3.209013935851075
-4.373857525038183 2.857583741497298
-4.594895979078811 2.486633352637298
-4.784546634419104 2.0986967365657363
-4.941513984779849 1.696423893732936
-5.064725783995286 1.2825627555547452
-5.153340370541652 0.8599404132545861
-5.206752416938827 0.4314438059637905
-5.2245970647508155 6.398286072181744e-16
-5.206752416938827 -0.4314438059637893
-5.1533403705416525 -0.8599404132545848
-5.064725783995286 -1.2825627555547416
-4.941513984779849 -1.6964238937329368
-4.784546634419104 -2.0986967365657354
-4.594895979078813 -2.486633352637295
-4.373857525038184 -2.8575837414972973
-4.122941189068363 -3.2090139358510723
-3.843860984169834 -3.5385233111256666
-3.538523311125666 -3.8438609841698343
-3.2090139358510754 -4.122941189068361
-2.8575837414972964 -4.373857525038184
-2.4866333526373 -4.59489597907881
-2.0986967365657345 -4.784546634419104
-1.6964238937329381 -4.941513984779848
-1.2825627555547432 -5.064725783995286
-0.8599404132545841 -5.1533403705416525
-0.43144380596379317 -5.206752416938827
-9.597429108272614e-16 -5.2245970647508155
0.4314438059637912 -5.206752416938827
0.8599404132545823 -5.1533403705416525
1.2825627555547414 -5.064725783995286
1.6964238937329363 -4.941513984779849
2.0986967365657327 -4.7845466344191045
2.486633352637299 -4.594895979078811
2.8575837414972947 -4.3738575250381855
3.209013935851074 -4.122941189068362
3.5385233111256666 -3.8438609841698343
3.8438609841698326 -3.538523311125668
4.122941189068363 -3.2090139358510723
4.373857525038184 -2.8575837414972964
4.59489597907881 -2.4866333526373006
4.784546634419104 -2.0986967365657345
4.941513984779848 -1.6964238937329386
5.064725783995284 -1.282562755554748
5.1533403705416525 -0.8599404132545846
5.206752416938827 -0.4314438059637935
4.760349859106731 0.0
4.744090850872254 0.39310657558434325
4.695424891681481 0.7835278346526218
4.6146844193823195 1.1685968041234505
4.5024209732703335 1.5456830724805453
4.359401426516105 1.9122107581505816
4.186602747643879 2.265676105386249
3.985205326845907 2.6036645874567808
3.756584912720536 2.9238674003138234
3.5023032145142956 3.2240972340641822
3.2240972340641822 3.502303214514295
2.923867400313824 3.756584912720536
2.603664587456781 3.985205326845906
2.2656761053862486 4.186602747643879
1.912210758150582 4.359401426516105
1.545683072480546 4.5024209732703335
1.168596804123451 4.6146844193823195
0.7835278346526211 4.695424891681482
0.3931065755843436 4.744090850872254
2.914873608888306e-16 4.760349859106731
-0.393106575584343 4.744090850872254
-0.7835278346526214 4.695424891681482
-1.1685968041234494 4.6146844193823195
-1.5456830724805442 4.5024209732703335
-1.9122107581505816 4.359401426516105
-2.265676105386249 4.186602747643879
-2.6036645874567816 3.9852053268459056
-2.9238674003138234 3.756584912720536
-3.224097234064181 3.5023032145142965
-3.502303214514295 3.2240972340641822
-3.7565849127205357 2.923867400313824
-3.985205326845905 2.6036645874567825
-4.186602747643878 2.2656761053862495
-4.359401426516105 1.9122107581505816
-4.5024209732703335 1.5456830724805442
-4.6146844193823195 1.1685968041234522
-4.695424891681481 0.7835278346526224
-4.744090850872254 0.3931065755843428
-4.760349859106731 5.829747217776612e-16
-4.744090850872254 -0.3931065755843417
-4.695424891681482 -0.7835278346526212
-4.6146844193823195 -1.1685968041234491
-4.5024209732703335 -1.545683072480545
-4.359401426516105 -1.9122107581505805
-4.18660274764388 -2.265676105386247
-3.9852053268459056 -2.6036645874567816
-3.756584912720538 -2.923867400313821
-3.5023032145142947 -3.2240972340641827
-3.2240972340641822 -3.502303214514295
-2.9238674003138243 -3.7565849127205357
-2.603664587456781 -3.985205326845906
-2.2656761053862517 -4.186602747643877
-1.9122107581505798 -4.359401426516106
-1.5456830724805464 -4.5024209732703335
-1.1685968041234505 -4.6146844193823195
-0.7835278346526205 -4.695424891681482
-0.39310657558434525 -4.744090850872254
-8.744620826664918e-16 -4.760349859106731
0.3931065755843435 -4.744090850872254
0.7835278346526189 -4.695424891681482
1.168596804123449 -4.6146844193823195
1.5456830724805448 -4.5024209732703335
1.912210758150578 -4.359401426516107
2.2656761053862504 -4.186602747643878
2.6036645874567794 -3.9852053268459073
2.923867400313823 -3.7565849127205366
3.2240972340641827 -3.502303214514295
3.502303214514294 -3.2240972340641836
3.756584912720538 -2.923867400313821
3.985205326845906 -2.603664587456781
4.186602747643877 -2.265676105386252
4.359401426516106 -1.91221075815058
4.5024209732703335 -1.5456830724805466
4.614684419382318 -1.168596804123455
4.695424891681482 -0.783527834652621
4.744090850872254 -0.39310657558434553
5.633215648960179 0.0
5.613975361516219 0.46518726119563136
5.556385929856974 0.9271968217036192
5.4608407481955945 1.3828726877541626
5.327992487004367 1.8291021311328866
5.158748634613591 2.2628369522708116
4.9542652981461055 2.681114302538244
4.715939306133357 3.081076923505201
4.4453986667601715 3.459992664913719
4.1444914469180665 3.815273148034469
3.815273148034469 4.144491446918066
3.4599926649137194 4.4453986667601715
3.0810769235052016 4.715939306133357
2.681114302538243 4.9542652981461055
2.2628369522708125 5.158748634613591
1.8291021311328872 5.327992487004367
1.382872687754163 5.4608407481955945
0.9271968217036183 5.556385929856975
0.46518726119563175 5.613975361516219
3.4493497567029315e-16 5.633215648960179
-0.46518726119563103 5.613975361516219
-0.9271968217036188 5.556385929856975
-1.382872687754161 5.460840748195595
-1.8291021311328852 5.327992487004368
-2.2628369522708116 5.158748634613591
-2.681114302538244 4.9542652981461055
-3.0810769235052025 4.7159393061333565
-3.459992664913719 4.4453986667601715
-3.8152731480344677 4.1444914469180665
-4.144491446918066 3.815273148034469
-4.445398666760171 3.4599926649137194
-4.715939306133356 3.0810769235052033
-4.954265298146105 2.6811143025382442
-5.158748634613592 2.2628369522708116
-5.327992487004368 1.8291021311328852
-5.4608407481955945 1.3828726877541646
-5.556385929856974 0.9271968217036199
-5.613975361516219 0.4651872611956308
-5.633215648960179 6.898699513405863e-16
-5.613975361516219 -0.4651872611956295
-5.556385929856975 -0.9271968217036185
-5.460840748195595 -1.3828726877541608
-5.327992487004368 -1.829102131132886
-5.158748634613592 -2.2628369522708107
-4.954265298146106 -2.6811143025382407
-4.7159393061333565 -3.0810769235052025
-4.445398666760173 -3.4599926649137163
-4.144491446918065 -3.8152731480344695
-3.815273148034469 -4.144491446918066
-3.4599926649137203 -4.445398666760171
-3.0810769235052016 -4.715939306133357
-2.681114302538247 -4.954265298146104
-2.2628369522708094 -5.158748634613592
-1.8291021311328877 -5.327992487004367
-1.3828726877541624 -5.4608407481955945
-0.9271968217036177 -5.556385929856975
-0.4651872611956337 -5.613975361516219
-1.0348049270108793e-15 -5.633215648960179
0.4651872611956316 -5.613975361516219
0.9271968217036157 -5.556385929856975
1.3828726877541604 -5.460840748195595
1.8291021311328859 -5.327992487004368
2.2628369522708076 -5.158748634613593
2.681114302538245 -4.954265298146105
3.0810769235052 -4.715939306133358
3.4599926649137185 -4.4453986667601715
3.8152731480344695 -4.144491446918066
4.144491446918064 -3.815273148034471
4.445398666760173 -3.4599926649137163
4.715939306133357 -3.0810769235052016
4.954265298146104 -2.681114302538247
5.158748634613592 -2.26283695227081
5.327992487004367 -1.829102131132888
5.460840748195594 -1.3828726877541677
5.556385929856975 -0.9271968217036182
5.613975361516219 -0.46518726119563397
6.235105543322309 0.0
6.21380949673494 0.5148909347184673
6.150066830564931 1.0262646422602681
6.0443129718564395 1.5306279216767742
5.897270326697443 2.024535460351933
5.7099433454536594 2.5046133689809387
5.483611661354045 2.967582228655259
5.219821349298307 3.41027949261907
4.920374364597644 3.8296810896703803
4.58731623379281 4.222922081633704
4.222922081633704 4.5873162337928095
3.8296810896703812 4.920374364597644
3.410279492619071 5.219821349298307
2.9675822286552584 5.483611661354045
2.504613368980939 5.7099433454536594
2.0245354603519337 5.897270326697443
1.5306279216767746 6.0443129718564395
1.0262646422602673 6.150066830564932
0.5148909347184677 6.21380949673494
3.817901022987792e-16 6.235105543322309
-0.5148909347184669 6.21380949673494
-1.0262646422602677 6.150066830564932
-1.5306279216767726 6.0443129718564395
-2.024535460351932 5.897270326697444
-2.5046133689809387 5.7099433454536594
-2.967582228655259 5.483611661354045
-3.4102794926190714 5.219821349298306
-3.8296810896703803 4.920374364597644
-4.222922081633702 4.587316233792811
-4.5873162337928095 4.222922081633704
-4.920374364597643 3.8296810896703812
-5.219821349298305 3.4102794926190727
-5.483611661354044 2.96758222865526
-5.70994334545366 2.5046133689809387
-5.897270326697444 2.024535460351932
-6.0443129718564395 1.5306279216767764
-6.150066830564931 1.026264642260269
-6.21380949673494 0.5148909347184667
-6.235105543322309 7.635802045975584e-16
-6.21380949673494 -0.5148909347184653
-6.150066830564932 -1.0262646422602675
-6.0443129718564395 -1.5306279216767722
-5.897270326697444 -2.0245354603519328
-5.70994334545366 -2.504613368980937
-5.483611661354047 -2.967582228655256
-5.219821349298306 -3.4102794926190714
-4.920374364597646 -3.8296810896703777
-4.5873162337928095 -4.222922081633705
-4.222922081633704 -4.5873162337928095
-3.8296810896703817 -4.920374364597643
-3.410279492619071 -5.219821349298307
-2.9675822286552624 -5.483611661354043
-2.504613368980936 -5.709943345453661
-2.0245354603519345 -5.897270326697443
-1.530627921676774 -6.0443129718564395
-1.0262646422602666 -6.150066830564932
-0.5148909347184699 -6.21380949673494
-1.1453703068963375e-15 -6.235105543322309
0.5148909347184676 -6.21380949673494
1.0262646422602644 -6.150066830564932
1.530627921676772 -6.0443129718564395
2.0245354603519323 -5.897270326697444
2.504613368980934 -5.709943345453662
2.9675822286552607 -5.483611661354044
3.4102794926190687 -5.219821349298308
3.82968108967038 -4.920374364597645
4.222922081633705 -4.5873162337928095
4.587316233792808 -4.222922081633706
4.920374364597646 -3.8296810896703777
5.219821349298307 -3.410279492619071
5.483611661354043 -2.967582228655263
5.709943345453661 -2.5046133689809364
5.897270326697443 -2.024535460351935
6.044312971856438 -1.53062792167678
6.150066830564932 -1.026264642260267
6.21380949673494 -0.5148909347184703
5.9134033133004325 0.0
5.8932060429294735 0.48832497512627104
5.832752199652991 0.9733141955174189
5.7324547445199565 1.4516546930255725
5.592998810849209 1.9200789170218668
5.415337024074176 2.3753870550804934
5.200682994345213 2.814468890942134
4.950503026341692 3.2343250504447276
4.666506102924225 3.632087490290328
4.350632211048849 4.005039089688982
4.005039089688982 4.350632211048848
3.632087490290329 4.666506102924225
3.234325050444728 4.950503026341691
2.814468890942133 5.200682994345213
2.3753870550804943 5.415337024074176
1.9200789170218675 5.592998810849209
1.451654693025573 5.7324547445199565
0.9733141955174182 5.832752199652992
0.48832497512627143 5.8932060429294735
3.620915219850364e-16 5.9134033133004325
-0.4883249751262707 5.8932060429294735
-0.9733141955174186 5.832752199652992
-1.451654693025571 5.732454744519957
-1.9200789170218655 5.59299881084921
-2.3753870550804934 5.415337024074176
-2.814468890942134 5.200682994345213
-3.234325050444729 4.95050302634169
-3.632087490290328 4.666506102924225
-4.00503908968898 4.350632211048849
-4.350632211048848 4.005039089688982
-4.666506102924224 3.632087490290329
-4.950503026341689 3.2343250504447303
-5.200682994345212 2.8144688909421345
-5.4153370240741765 2.3753870550804934
-5.59299881084921 1.9200789170218655
-5.7324547445199565 1.4516546930255745
-5.832752199652991 0.9733141955174198
-5.8932060429294735 0.48832497512627043
-5.9134033133004325 7.241830439700728e-16
-5.8932060429294735 -0.48832497512626905
-5.832752199652992 -0.9733141955174183
-5.732454744519957 -1.4516546930255707
-5.59299881084921 -1.9200789170218666
-5.4153370240741765 -2.375387055080492
-5.200682994345214 -2.814468890942131
-4.95050302634169 -3.234325050444729
-4.6665061029242265 -3.6320874902903255
-4.350632211048847 -4.0050390896889825
-4.005039089688982 -4.350632211048848
-3.6320874902903295 -4.666506102924224
-3.234325050444728 -4.950503026341691
-2.814468890942137 -5.200682994345211
-2.375387055080491 -5.415337024074177
-1.9200789170218682 -5.592998810849209
-1.4516546930255723 -5.7324547445199565
-0.9733141955174175 -5.832752199652992
-0.4883249751262735 -5.8932060429294735
-1.0862745659551092e-15 -5.9134033133004325
0.48832497512627127 -5.8932060429294735
0.9733141955174154 -5.832752199652992
1.4516546930255703 -5.732454744519957
1.9200789170218662 -5.59299881084921
2.3753870550804894 -5.415337024074177
2.814468890942136 -5.200682994345212
3.2343250504447263 -4.950503026341692
3.6320874902903277 -4.666506102924226
4.0050390896889825 -4.350632211048848
4.350632211048846 -4.005039089688983
4.6665061029242265 -3.6320874902903255
4.950503026341691 -3.234325050444728
5.200682994345211 -2.8144688909421376
5.415337024074177 -2.3753870550804916
5.592998810849209 -1.9200789170218686
5.732454744519956 -1.4516546930255778
5.832752199652992 -0.9733141955174179
5.8932060429294735 -0.4883249751262738
6.47326080482009 0.0
6.451151337271577 0.5345576403337462
6.3849739647081 1.0654637099496964
6.27518074568724 1.5890915820607014
6.122521679223768 2.1018643473485654
5.928039581535888 2.600279247881629
5.6930629625530615 3.0809316045031907
5.419196950846097 3.5405380742424466
5.108312328971435 3.97595907887625
4.7625327541293405 4.38422025143186
4.38422025143186 4.76253275412934
3.975959078876251 5.108312328971435
3.5405380742424475 5.419196950846096
3.08093160450319 5.6930629625530615
2.6002792478816295 5.928039581535888
2.1018643473485663 6.122521679223768
1.5890915820607021 6.27518074568724
1.0654637099496955 6.3849739647081005
0.5345576403337466 6.451151337271577
3.9637290623344717e-16 6.47326080482009
-0.5345576403337459 6.451151337271577
-1.0654637099496962 6.3849739647081005
-1.5890915820607 6.27518074568724
-2.101864347348564 6.122521679223769
-2.600279247881629 5.928039581535888
-3.0809316045031907 5.6930629625530615
-3.540538074242448 5.4191969508460955
-3.97595907887625 5.108312328971435
-4.384220251431859 4.762532754129341
-4.76253275412934 4.38422025143186
-5.108312328971434 3.975959078876251
-5.419196950846095 3.5405380742424493
-5.693062962553061 3.0809316045031916
-5.928039581535889 2.600279247881629
-6.122521679223769 2.101864347348564
-6.27518074568724 1.5890915820607039
-6.3849739647081 1.0654637099496973
-6.451151337271577 0.5345576403337456
-6.47326080482009 7.927458124668943e-16
-6.451151337271577 -0.5345576403337441
-6.3849739647081005 -1.0654637099496957
-6.27518074568724 -1.5890915820606994
-6.122521679223769 -2.101864347348565
-5.928039581535889 -2.6002792478816272
-5.693062962553062 -3.0809316045031876
-5.4191969508460955 -3.540538074242448
-5.1083123289714365 -3.9759590788762473
-4.76253275412934 -4.384220251431861
-4.38422025143186 -4.76253275412934
-3.9759590788762513 -5.108312328971434
-3.5405380742424475 -5.419196950846096
-3.0809316045031943 -5.693062962553059
-2.6002792478816263 -5.92803958153589
-2.1018643473485668 -6.122521679223768
-1.5890915820607012 -6.27518074568724
-1.0654637099496949 -6.3849739647081005
-0.534557640333749 -6.451151337271577
-1.1891187187003413e-15 -6.47326080482009
0.5345576403337465 -6.451151337271577
1.0654637099496926 -6.3849739647081005
1.5890915820606992 -6.27518074568724
2.1018643473485645 -6.122521679223769
2.600279247881624 -5.928039581535891
3.0809316045031925 -5.693062962553061
3.5405380742424453 -5.419196950846097
3.975959078876249 -5.108312328971436
4.384220251431861 -4.76253275412934
4.762532754129338 -4.384220251431863
5.1083123289714365 -3.9759590788762473
5.419196950846096 -3.5405380742424475
5.693062962553059 -3.0809316045031947
5.92803958153589 -2.600279247881627
6.122521679223768 -2.101864347348567
6.275180745687238 -1.5890915820607074
6.3849739647081005 -1.0654637099496955
6.451151337271577 -0.5345576403337493
6.665184126662615 0.0
6.6424191436661655 0.5504065426323776
6.5742797025940725 1.0970532504736843
6.461231264921342 1.636205972216894
6.304046066106888 2.164181748078833
6.103797840442306 2.67737396814997
5.861854486357917 3.1722770091971553
5.579868722289449 3.645510181624953
5.259766796935292 4.093840823013559
4.903735331024701 4.514206380480998
4.514206380480998 4.9037353310247
4.09384082301356 5.259766796935292
3.6455101816249535 5.579868722289448
3.1722770091971544 5.861854486357917
2.677373968149971 6.103797840442306
2.1641817480788332 6.304046066106888
1.6362059722168945 6.461231264921342
1.0970532504736832 6.5742797025940725
0.5504065426323781 6.6424191436661655
4.081248203222559e-16 6.665184126662615
-0.5504065426323773 6.6424191436661655
-1.0970532504736838 6.5742797025940725
-1.6362059722168922 6.461231264921343
-2.164181748078831 6.3040460661068884
-2.67737396814997 6.103797840442306
-3.1722770091971553 5.861854486357917
-3.6455101816249544 5.579868722289447
-4.093840823013559 5.259766796935292
-4.514206380480997 4.903735331024701
-4.9037353310247 4.514206380480998
-5.259766796935292 4.09384082301356
-5.579868722289446 3.6455101816249558
-5.861854486357916 3.172277009197156
-6.103797840442307 2.67737396814997
-6.3040460661068884 2.164181748078831
-6.461231264921342 1.6362059722168962
-6.5742797025940725 1.0970532504736852
-6.6424191436661655 0.550406542632377
-6.665184126662615 8.162496406445118e-16
-6.6424191436661655 -0.5504065426323754
-6.5742797025940725 -1.0970532504736834
-6.461231264921343 -1.6362059722168918
-6.3040460661068884 -2.1641817480788323
-6.103797840442307 -2.677373968149969
-5.861854486357918 -3.172277009197152
-5.579868722289447 -3.6455101816249544
-5.259766796935295 -4.093840823013556
-4.903735331024699 -4.514206380480999
-4.514206380480998 -4.9037353310247
-4.093840823013561 -5.259766796935292
-3.6455101816249535 -5.579868722289448
-3.172277009197159 -5.861854486357914
-2.6773739681499675 -6.103797840442308
-2.164181748078834 -6.304046066106888
-1.6362059722168938 -6.461231264921342
-1.0970532504736825 -6.5742797025940725
-0.5504065426323804 -6.6424191436661655
-1.2243744609667676e-15 -6.665184126662615
0.550406542632378 -6.6424191436661655
1.09705325047368 -6.5742797025940725
1.6362059722168916 -6.461231264921343
2.164181748078832 -6.3040460661068884
2.6773739681499653 -6.103797840442308
3.172277009197157 -5.861854486357916
3.6455101816249513 -5.57986872228945
4.093840823013558 -5.259766796935293
4.514206380480999 -4.9037353310247
4.903735331024698 -4.514206380481
5.259766796935295 -4.093840823013556
5.579868722289448 -3.6455101816249535
5.861854486357914 -3.1722770091971593
6.103797840442308 -2.677373968149968
6.304046066106888 -2.1641817480788346
6.461231264921341 -1.6362059722169
6.5742797025940725 -1.0970532504736832
6.6424191436661655 -0.5504065426323808
6.83266406068442 0.0
6.809327048802077 0.5642369259636477
6.739475428609621 1.1246195415942475
6.623586357501582 1.6773198654065455
6.462451475343595 2.2185623937581482
6.257171496769424 2.74464989136771
6.009148692183889 3.2519886471808546
5.720077308834124 3.737113023060645
5.391931997382934 4.196709127610179
5.026954323042501 4.627637453411062
4.627637453411062 5.0269543230425
4.19670912761018 5.391931997382934
3.7371130230606453 5.7200773088341235
3.2519886471808537 6.009148692183889
2.744649891367711 6.257171496769424
2.2185623937581487 6.462451475343595
1.6773198654065462 6.623586357501582
1.1246195415942466 6.739475428609622
0.5642369259636482 6.809327048802077
4.1838000857831656e-16 6.83266406068442
-0.5642369259636474 6.809327048802077
-1.1246195415942473 6.739475428609622
-1.677319865406544 6.623586357501582
-2.2185623937581465 6.462451475343596
-2.74464989136771 6.257171496769424
-3.2519886471808546 6.009148692183889
-3.737113023060646 5.720077308834123
-4.196709127610179 5.391931997382934
-4.62763745341106 5.026954323042502
-5.0269543230425 4.627637453411062
-5.391931997382933 4.19670912761018
-5.720077308834122 3.737113023060648
-6.009148692183888 3.2519886471808555
-6.257171496769424 2.74464989136771
-6.462451475343596 2.2185623937581465
-6.623586357501582 1.677319865406548
-6.739475428609621 1.1246195415942486
-6.809327048802077 0.564236925963647
-6.83266406068442 8.367600171566331e-16
-6.809327048802077 -0.5642369259636454
-6.739475428609622 -1.1246195415942468
-6.623586357501582 -1.6773198654065435
-6.462451475343596 -2.218562393758148
-6.257171496769424 -2.744649891367709
-6.00914869218389 -3.251988647180851
-5.720077308834123 -3.737113023060646
-5.391931997382936 -4.196709127610175
-5.026954323042499 -4.6276374534110625
-4.627637453411062 -5.0269543230425
-4.19670912761018 -5.391931997382933
-3.7371130230606453 -5.7200773088341235
-3.251988647180858 -6.009148692183886
-2.7446498913677075 -6.257171496769425
-2.2185623937581496 -6.462451475343595
-1.6773198654065453 -6.623586357501582
-1.124619541594246 -6.739475428609622
-0.5642369259636506 -6.809327048802077
-1.2551400257349497e-15 -6.83266406068442
0.564236925963648 -6.809327048802077
1.1246195415942433 -6.739475428609622
1.677319865406543 -6.623586357501582
2.2185623937581473 -6.462451475343596
2.7446498913677053 -6.257171496769426
3.2519886471808563 -6.009148692183888
3.737113023060643 -5.720077308834124
4.196709127610178 -5.391931997382935
4.6276374534110625 -5.0269543230425
5.0269543230424985 -4.627637453411064
5.391931997382936 -4.196709127610175
5.7200773088341235 -3.7371130230606453
6.009148692183886 -3.2519886471808586
6.257171496769425 -2.744649891367708
6.462451475343595 -2.21856239375815
6.62358635750158 -1.6773198654065518
6.739475428609622 -1.1246195415942464
6.809327048802077 -0.5642369259636509
7.102533357806341 0.0
7.078274605452393 0.5865225558830544
7.0056640602671765 1.16903856798338
6.885197725900432 1.7435688612748657
6.71769850956714 2.306188811288277
6.5043106007568285 2.853055153275899
6.246491655259163 3.3804322356067806
5.9460028378968675 3.884717538055274
5.6048967919841735 4.362466280667088
5.2255036176916505 4.810414955099331
4.810414955099331 5.22550361769165
4.362466280667089 5.6048967919841735
3.8847175380552743 5.946002837896867
3.3804322356067797 6.246491655259163
2.8530551532759 6.5043106007568285
2.306188811288278 6.71769850956714
1.743568861274866 6.885197725900432
1.1690385679833788 7.005664060267177
0.5865225558830549 7.078274605452393
4.349047371237419e-16 7.102533357806341
-0.586522555883054 7.078274605452393
-1.1690385679833795 7.005664060267177
-1.7435688612748639 6.885197725900433
-2.3061888112882754 6.717698509567141
-2.853055153275899 6.5043106007568285
-3.3804322356067806 6.246491655259163
-3.884717538055275 5.946002837896866
-4.362466280667088 5.6048967919841735
-4.810414955099329 5.225503617691651
-5.22550361769165 4.810414955099331
-5.6048967919841735 4.362466280667089
-5.946002837896865 3.884717538055277
-6.246491655259163 3.3804322356067815
-6.5043106007568285 2.853055153275899
-6.717698509567141 2.3061888112882754
-6.885197725900432 1.743568861274868
-7.0056640602671765 1.1690385679833808
-7.078274605452393 0.5865225558830537
-7.102533357806341 8.698094742474838e-16
-7.078274605452393 -0.586522555883052
-7.005664060267177 -1.169038567983379
-6.885197725900433 -1.7435688612748634
-6.717698509567141 -2.3061888112882767
-6.5043106007568285 -2.8530551532758976
-6.246491655259165 -3.380432235606777
-5.946002837896866 -3.884717538055275
-5.604896791984176 -4.362466280667085
-5.225503617691649 -4.810414955099332
-4.810414955099331 -5.22550361769165
-4.362466280667089 -5.6048967919841735
-3.8847175380552743 -5.946002837896867
-3.3804322356067846 -6.246491655259161
-2.8530551532758963 -6.504310600756829
-2.3061888112882785 -6.71769850956714
-1.7435688612748654 -6.885197725900432
-1.1690385679833781 -7.005664060267177
-0.5865225558830574 -7.078274605452393
-1.3047142113712257e-15 -7.102533357806341
0.5865225558830547 -7.078274605452393
1.1690385679833755 -7.005664060267177
1.743568861274863 -6.885197725900433
2.3061888112882762 -6.717698509567141
2.853055153275894 -6.50431060075683
3.3804322356067824 -6.246491655259163
3.884717538055272 -5.9460028378968675
4.362466280667087 -5.604896791984174
4.810414955099332 -5.22550361769165
5.225503617691648 -4.810414955099334
5.604896791984176 -4.362466280667085
5.946002837896867 -3.8847175380552743
6.246491655259161 -3.3804322356067846
6.504310600756829 -2.8530551532758968
6.71769850956714 -2.306188811288279
6.885197725900431 -1.743568861274872
7.005664060267177 -1.1690385679833788
7.078274605452393 -0.5865225558830577
6.970720686109133 0.0
6.946912140857176 0.5756375517293395
6.875649141606924 1.147342915291569
6.757418486902985 1.7112107633519462
6.593027812001296 2.2633893067537425
6.383600071901385 2.8001066061438467
6.1305658704250705 3.3176963381432425
5.835653687741741 3.8126228400532898
5.500878073096139 4.281505262017073
5.128525883394307 4.721140661652058
4.721140661652058 5.128525883394306
4.281505262017074 5.500878073096139
3.81262284005329 5.83565368774174
3.317696338143242 6.1305658704250705
2.8001066061438475 6.383600071901385
2.263389306753743 6.593027812001296
1.7112107633519469 6.757418486902985
1.147342915291568 6.8756491416069245
0.57563755172934 6.946912140857176
4.268335387996896e-16 6.970720686109133
-0.5756375517293392 6.946912140857176
-1.1473429152915686 6.8756491416069245
-1.7112107633519444 6.757418486902986
-2.2633893067537407 6.593027812001297
-2.8001066061438467 6.383600071901385
-3.3176963381432425 6.1305658704250705
-3.812622840053291 5.835653687741739
-4.281505262017073 5.500878073096139
-4.721140661652057 5.128525883394308
-5.128525883394306 4.721140661652058
-5.500878073096139 4.281505262017074
-5.835653687741738 3.812622840053293
-6.13056587042507 3.3176963381432434
-6.383600071901386 2.8001066061438467
-6.593027812001297 2.2633893067537407
-6.757418486902985 1.7112107633519487
-6.875649141606924 1.14734291529157
-6.946912140857176 0.5756375517293388
-6.970720686109133 8.536670775993792e-16
-6.946912140857176 -0.5756375517293372
-6.8756491416069245 -1.1473429152915682
-6.757418486902986 -1.711210763351944
-6.593027812001297 -2.263389306753742
-6.383600071901386 -2.800106606143845
-6.130565870425072 -3.3176963381432394
-5.835653687741739 -3.812622840053291
-5.500878073096142 -4.28150526201707
-5.128525883394306 -4.721140661652059
-4.721140661652058 -5.128525883394306
-4.281505262017075 -5.500878073096139
-3.81262284005329 -5.83565368774174
-3.3176963381432465 -6.130565870425068
-2.800106606143844 -6.383600071901387
-2.263389306753744 -6.593027812001296
-1.711210763351946 -6.757418486902985
-1.1473429152915673 -6.8756491416069245
-0.5756375517293424 -6.946912140857176
-1.2805006163990686e-15 -6.970720686109133
0.5756375517293398 -6.946912140857176
1.1473429152915648 -6.8756491416069245
1.7112107633519438 -6.757418486902986
2.2633893067537416 -6.593027812001297
2.8001066061438418 -6.3836000719013875
3.3176963381432447 -6.13056587042507
3.812622840053288 -5.8356536877417415
4.281505262017072 -5.50087807309614
4.721140661652059 -5.128525883394306
5.128525883394304 -4.72114066165206
5.500878073096142 -4.28150526201707
5.83565368774174 -3.81262284005329
6.130565870425068 -3.317696338143247
6.383600071901387 -2.8001066061438444
6.593027812001296 -2.2633893067537443
6.757418486902983 -1.7112107633519527
6.8756491416069245 -1.147342915291568
6.946912140857176 -0.5756375517293428
7.52686768548153 0.0
7.501159616263897 0.6215638069239137
7.424211020791394 1.2388817027891283
7.2965475359959475 1.8477367804147729
7.119041232927781 2.4439699422497374
6.892904659625874 3.0235083112262164
6.619682558185346 3.5823930526399264
6.301241312602603 4.1168064170053364
5.939756199480149 4.623097819155812
5.537696528681695 5.097808775441935
5.097808775441935 5.537696528681694
4.623097819155813 5.939756199480149
4.116806417005337 6.301241312602603
3.5823930526399255 6.619682558185346
3.0235083112262173 6.892904659625874
2.443969942249738 7.119041232927781
1.8477367804147735 7.2965475359959475
1.2388817027891272 7.424211020791395
0.6215638069239142 7.501159616263897
4.608877209315301e-16 7.52686768548153
-0.6215638069239133 7.501159616263897
-1.238881702789128 7.424211020791395
-1.847736780414771 7.296547535995948
-2.4439699422497356 7.119041232927782
-3.0235083112262164 6.892904659625874
-3.5823930526399264 6.619682558185346
-4.116806417005338 6.301241312602602
-4.623097819155812 5.939756199480149
-5.0978087754419334 5.537696528681696
-5.537696528681694 5.097808775441935
-5.939756199480148 4.623097819155813
-6.301241312602601 4.11680641700534
-6.619682558185345 3.582393052639927
-6.8929046596258745 3.0235083112262164
-7.119041232927782 2.4439699422497356
-7.2965475359959475 1.8477367804147755
-7.424211020791394 1.2388817027891295
-7.501159616263897 0.621563806923913
-7.52686768548153 9.217754418630603e-16
-7.501159616263897 -0.6215638069239112
-7.424211020791395 -1.2388817027891275
-7.296547535995948 -1.8477367804147706
-7.119041232927782 -2.443969942249737
-6.8929046596258745 -3.0235083112262147
-6.619682558185348 -3.5823930526399224
-6.301241312602602 -4.116806417005338
-5.9397561994801515 -4.6230978191558085
-5.5376965286816935 -5.097808775441936
-5.097808775441935 -5.537696528681694
-4.623097819155814 -5.939756199480148
-4.116806417005337 -6.301241312602603
-3.5823930526399304 -6.619682558185343
-3.0235083112262133 -6.892904659625875
-2.4439699422497387 -7.119041232927781
-1.8477367804147726 -7.2965475359959475
-1.2388817027891263 -7.424211020791395
-0.6215638069239169 -7.501159616263897
-1.3826631627945903e-15 -7.52686768548153
0.621563806923914 -7.501159616263897
1.2388817027891237 -7.424211020791395
1.8477367804147702 -7.296547535995948
2.4439699422497365 -7.119041232927782
3.023508311226211 -6.892904659625876
3.582393052639928 -6.619682558185345
4.116806417005335 -6.3012413126026035
4.623097819155811 -5.93975619948015
5.097808775441936 -5.537696528681694
5.537696528681692 -5.097808775441938
5.9397561994801515 -4.6230978191558085
6.301241312602603 -4.116806417005337
6.619682558185343 -3.582393052639931
6.892904659625875 -3.0235083112262138
7.119041232927781 -2.443969942249739
7.296547535995946 -1.8477367804147797
7.424211020791395 -1.238881702789127
7.501159616263897 -0.6215638069239172
7.389332326205889 0.0
7.364094009969692 0.6102062269756292
7.288551464552311 1.2162441266800406
7.16322072213808 1.8139738457439074
6.988957918781389 2.399312284096061
6.766953446129321 2.968260986677189
6.4987238198396655 3.5169334569422674
6.186101320241243 4.041581705572819
5.831221476001353 4.538621853044373
5.436508476299586 5.004658611157618
5.004658611157618 5.4365084762995854
4.538621853044374 5.831221476001353
4.04158170557282 6.186101320241242
3.5169334569422666 6.4987238198396655
2.96826098667719 6.766953446129321
2.399312284096062 6.988957918781389
1.813973845743908 7.16322072213808
1.2162441266800397 7.288551464552312
0.6102062269756298 7.364094009969692
4.524661090562054e-16 7.389332326205889
-0.6102062269756288 7.364094009969692
-1.2162441266800403 7.288551464552312
-1.8139738457439054 7.163220722138081
-2.3993122840960597 6.98895791878139
-2.968260986677189 6.766953446129321
-3.5169334569422674 6.4987238198396655
-4.0415817055728205 6.186101320241241
-4.538621853044373 5.831221476001353
-5.004658611157616 5.436508476299587
-5.4365084762995854 5.004658611157618
-5.831221476001352 4.538621853044374
-6.1861013202412405 4.041581705572822
-6.498723819839665 3.5169334569422683
-6.766953446129322 2.968260986677189
-6.98895791878139 2.3993122840960597
-7.16322072213808 1.81397384574391
-7.288551464552311 1.2162441266800417
-7.364094009969692 0.6102062269756284
-7.389332326205889 9.049322181124108e-16
-7.364094009969692 -0.6102062269756268
-7.288551464552312 -1.21624412668004
-7.163220722138081 -1.8139738457439052
-6.98895791878139 -2.3993122840960606
-6.766953446129322 -2.9682609866771874
-6.498723819839667 -3.516933456942264
-6.186101320241241 -4.0415817055728205
-5.831221476001356 -4.538621853044369
-5.436508476299585 -5.004658611157619
-5.004658611157618 -5.4365084762995854
-4.538621853044375 -5.831221476001352
-4.04158170557282 -6.186101320241242
-3.5169334569422714 -6.498723819839663
-2.968260986677186 -6.766953446129323
-2.399312284096063 -6.988957918781389
-1.8139738457439072 -7.16322072213808
-1.2162441266800388 -7.288551464552312
-0.6102062269756323 -7.364094009969692
-1.3573983271686161e-15 -7.389332326205889
0.6102062269756295 -7.364094009969692
1.2162441266800361 -7.288551464552312
1.8139738457439047 -7.163220722138081
2.39931228409606 -6.98895791878139
2.968260986677184 -6.766953446129324
3.5169334569422697 -6.498723819839665
4.041581705572817 -6.186101320241244
4.538621853044372 -5.831221476001354
5.004658611157619 -5.4365084762995854
5.436508476299583 -5.004658611157621
5.831221476001356 -4.538621853044369
6.186101320241242 -4.04158170557282
6.498723819839663 -3.516933456942272
6.766953446129323 -2.9682609866771865
6.988957918781389 -2.3993122840960632
7.163220722138078 -1.813973845743914
7.288551464552312 -1.2162441266800395
7.364094009969692 -0.6102062269756326
7.289669517338586 0.0
7.2647716001230505 0.6019761374514331
7.1902479264971815 1.1998401674882997
7.066607568717855 1.7895080725592971
6.8946951157983785 2.3669518229574
6.675684904109124 2.92822689234713
6.411072995469363 3.4694992028791223
6.102666957528052 3.9870713158295397
5.752573516243935 4.477407688855714
5.363184164811065 4.9371588273353355
4.9371588273353355 5.363184164811064
4.477407688855715 5.752573516243935
3.9870713158295406 6.102666957528051
3.4694992028791214 6.411072995469363
2.928226892347131 6.675684904109124
2.3669518229574007 6.8946951157983785
1.7895080725592976 7.066607568717855
1.1998401674882988 7.190247926497182
0.6019761374514336 7.2647716001230505
4.463635220625366e-16 7.289669517338586
-0.6019761374514327 7.2647716001230505
-1.1998401674882995 7.190247926497182
-1.7895080725592953 7.066607568717856
-2.3669518229573985 6.894695115798379
-2.92822689234713 6.675684904109124
-3.4694992028791223 6.411072995469363
-3.9870713158295414 6.10266695752805
-4.477407688855714 5.752573516243935
-4.937158827335334 5.363184164811066
-5.363184164811064 4.9371588273353355
-5.752573516243934 4.477407688855715
-6.102666957528049 3.9870713158295428
-6.411072995469362 3.469499202879123
-6.675684904109125 2.92822689234713
-6.894695115798379 2.3669518229573985
-7.066607568717855 1.7895080725592998
-7.1902479264971815 1.1998401674883008
-7.2647716001230505 0.6019761374514324
-7.289669517338586 8.927270441250731e-16
-7.2647716001230505 -0.6019761374514307
-7.190247926497182 -1.199840167488299
-7.066607568717856 -1.789508072559295
-6.894695115798379 -2.3669518229573994
-6.675684904109125 -2.928226892347128
-6.411072995469365 -3.4694992028791187
-6.10266695752805 -3.9870713158295414
-5.752573516243936 -4.4774076888557115
-5.363184164811063 -4.937158827335336
-4.9371588273353355 -5.363184164811064
-4.477407688855716 -5.752573516243934
-3.9870713158295406 -6.102666957528051
-3.4694992028791263 -6.41107299546936
-2.9282268923471273 -6.675684904109125
-2.3669518229574016 -6.8946951157983785
-1.789508072559297 -7.066607568717855
-1.199840167488298 -7.190247926497182
-0.6019761374514362 -7.2647716001230505
-1.3390905661876095e-15 -7.289669517338586
0.6019761374514334 -7.2647716001230505
1.1998401674882953 -7.190247926497182
1.7895080725592944 -7.066607568717856
2.3669518229573994 -6.894695115798379
2.9282268923471246 -6.675684904109126
3.4694992028791245 -6.411072995469362
3.9870713158295383 -6.102666957528052
4.477407688855713 -5.7525735162439355
4.937158827335336 -5.363184164811064
5.363184164811062 -4.937158827335337
5.752573516243936 -4.4774076888557115
6.102666957528051 -3.9870713158295406
6.41107299546936 -3.4694992028791267
6.675684904109125 -2.9282268923471277
6.8946951157983785 -2.366951822957402
7.066607568717854 -1.7895080725593038
7.190247926497182 -1.1998401674882986
7.2647716001230505 -0.6019761374514365
7.2096234082558315 0.0
7.184998889085657 0.5953659821557723
7.111293542009999 1.1866650109602568
6.989010849285624 1.7698579144773914
6.818986125696859 2.3409608938263293
6.602380812508616 2.896072736567315
6.340674543644869 3.431401465938424
6.035655038288623 3.9432902439018602
5.68940588894717 4.428242351055743
5.304292328402533 4.882945072773242
4.882945072773242 5.304292328402532
4.428242351055744 5.68940588894717
3.943290243901861 6.035655038288622
3.431401465938423 6.340674543644869
2.896072736567316 6.602380812508616
2.34096089382633 6.818986125696859
1.769857914477392 6.989010849285624
1.186665010960256 7.11129354201
0.5953659821557729 7.184998889085657
4.4146211149891677e-16 7.2096234082558315
-0.595365982155772 7.184998889085657
-1.1866650109602563 7.11129354201
-1.7698579144773896 6.989010849285625
-2.3409608938263275 6.81898612569686
-2.896072736567315 6.602380812508616
-3.431401465938424 6.340674543644869
-3.943290243901862 6.035655038288621
-4.428242351055743 5.68940588894717
-4.88294507277324 5.304292328402534
-5.304292328402532 4.882945072773242
-5.689405888947169 4.428242351055744
-6.0356550382886205 3.9432902439018633
-6.340674543644868 3.431401465938425
-6.602380812508617 2.896072736567315
-6.81898612569686 2.3409608938263275
-6.989010849285624 1.769857914477394
-7.111293542009999 1.186665010960258
-7.184998889085657 0.5953659821557716
-7.2096234082558315 8.829242229978335e-16
-7.184998889085657 -0.59536598215577
-7.11129354201 -1.1866650109602561
-6.989010849285625 -1.7698579144773894
-6.81898612569686 -2.340960893826329
-6.602380812508617 -2.8960727365673136
-6.34067454364487 -3.4314014659384204
-6.035655038288621 -3.943290243901862
-5.689405888947173 -4.428242351055739
-5.304292328402531 -4.882945072773242
-4.882945072773242 -5.304292328402532
-4.4282423510557445 -5.689405888947169
-3.943290243901861 -6.035655038288622
-3.431401465938428 -6.340674543644867
-2.8960727365673122 -6.602380812508617
-2.340960893826331 -6.818986125696859
-1.7698579144773914 -6.989010849285624
-1.186665010960255 -7.11129354201
-0.5953659821557753 -7.184998889085657
-1.3243863344967502e-15 -7.2096234082558315
0.5953659821557726 -7.184998889085657
1.1866650109602523 -7.11129354201
1.769857914477389 -6.989010849285625
2.3409608938263284 -6.81898612569686
2.8960727365673096 -6.602380812508618
3.431401465938426 -6.340674543644868
3.9432902439018584 -6.035655038288624
4.428242351055742 -5.689405888947171
4.882945072773242 -5.304292328402532
5.304292328402529 -4.882945072773244
5.689405888947173 -4.428242351055739
6.035655038288622 -3.943290243901861
6.340674543644867 -3.4314014659384284
6.602380812508617 -2.8960727365673127
6.818986125696859 -2.3409608938263315
6.989010849285623 -1.769857914477398
7.11129354201 -1.1866650109602557
7.184998889085657 -0.5953659821557757
6.043247185006047 0.0
6.022606431983236 0.49904739706531415
5.960825170187397 0.9946857943812688
5.8583254282819714 1.4835294791234725
5.715807383437544 1.962239153244161
5.534244578411799 2.4275447442638662
5.314877271265323 2.8762677431822614
5.059203963141452 3.305342916917598
4.768971161983994 3.711839246956763
4.446161452117043 4.0929799511837315
4.0929799511837315 4.4461614521170425
3.711839246956764 4.768971161983994
3.3053429169175987 5.059203963141452
2.876267743182261 5.314877271265323
2.4275447442638667 5.534244578411799
1.9622391532441616 5.715807383437544
1.4835294791234732 5.8583254282819714
0.9946857943812679 5.960825170187397
0.4990473970653146 6.022606431983236
3.700421660786954e-16 6.043247185006047
-0.4990473970653138 6.022606431983236
-0.9946857943812685 5.960825170187397
-1.4835294791234712 5.858325428281972
-1.9622391532441597 5.715807383437545
-2.4275447442638662 5.534244578411799
-2.8762677431822614 5.314877271265323
-3.3053429169175996 5.059203963141451
-3.711839246956763 4.768971161983994
-4.09297995118373 4.446161452117044
-4.4461614521170425 4.0929799511837315
-4.768971161983993 3.711839246956764
-5.05920396314145 3.305342916917601
-5.314877271265323 2.8762677431822623
-5.5342445784117995 2.4275447442638662
-5.715807383437545 1.9622391532441597
-5.8583254282819714 1.4835294791234748
-5.960825170187397 0.9946857943812696
-6.022606431983236 0.4990473970653136
-6.043247185006047 7.400843321573908e-16
-6.022606431983236 -0.49904739706531215
-5.960825170187397 -0.9946857943812681
-5.858325428281972 -1.4835294791234708
-5.715807383437545 -1.9622391532441605
-5.5342445784117995 -2.427544744263865
-5.314877271265325 -2.8762677431822583
-5.059203963141451 -3.3053429169175996
-4.768971161983996 -3.7118392469567603
-4.4461614521170425 -4.0929799511837315
-4.0929799511837315 -4.4461614521170425
-3.7118392469567643 -4.768971161983993
-3.3053429169175987 -5.059203963141452
-2.876267743182265 -5.314877271265321
-2.4275447442638636 -5.5342445784118
-1.9622391532441623 -5.715807383437544
-1.4835294791234725 -5.8583254282819714
-0.9946857943812673 -5.960825170187397
-0.4990473970653167 -6.022606431983236
-1.1101264982360861e-15 -6.043247185006047
0.4990473970653144 -6.022606431983236
0.994685794381265 -5.960825170187397
1.4835294791234703 -5.858325428281972
1.9622391532441603 -5.715807383437545
2.427544744263862 -5.5342445784118
2.876267743182263 -5.314877271265323
3.3053429169175965 -5.059203963141453
3.7118392469567625 -4.768971161983994
4.0929799511837315 -4.4461614521170425
4.446161452117041 -4.092979951183733
4.768971161983996 -3.7118392469567603
5.059203963141452 -3.3053429169175987
5.314877271265321 -2.876267743182265
5.5342445784118 -2.427544744263864
5.715807383437544 -1.9622391532441625
5.858325428281971 -1.483529479123478
5.960825170187397 -0.9946857943812678
6.022606431983236 -0.49904739706531703
6.097148723087618 0.0
6.076323868984538 0.5034985508000424
6.013991561544947 1.0035576959573063
5.910577593632786 1.4967615244570653
5.766788387509277 1.979740954048563
5.583606169252583 2.449196745492991
5.362282259157722 2.9019220397128738
5.104328523950135 3.3348242638912793
4.811507049202934 3.7449462568799903
4.485818102505713 4.129486469608662
4.129486469608662 4.485818102505713
3.7449462568799907 4.811507049202934
3.3348242638912797 5.104328523950134
2.901922039712873 5.362282259157722
2.4491967454929915 5.583606169252583
1.9797409540485638 5.766788387509277
1.496761524457066 5.910577593632786
1.0035576959573054 6.013991561544947
0.5034985508000427 6.076323868984538
3.7334268338273114e-16 6.097148723087618
-0.5034985508000419 6.076323868984538
-1.003557695957306 6.013991561544947
-1.496761524457064 5.9105775936327865
-1.9797409540485618 5.766788387509278
-2.449196745492991 5.583606169252583
-2.9019220397128738 5.362282259157722
-3.3348242638912806 5.104328523950134
-3.7449462568799903 4.811507049202934
-4.129486469608661 4.485818102505714
-4.485818102505713 4.129486469608662
-4.811507049202933 3.7449462568799907
-5.104328523950133 3.334824263891282
-5.3622822591577215 2.901922039712874
-5.583606169252584 2.449196745492991
-5.766788387509278 1.9797409540485618
-5.910577593632786 1.4967615244570676
-6.013991561544947 1.0035576959573071
-6.076323868984538 0.5034985508000417
-6.097148723087618 7.466853667654623e-16
-6.076323868984538 -0.5034985508000402
-6.013991561544947 -1.0035576959573056
-5.9105775936327865 -1.4967615244570636
-5.766788387509278 -1.9797409540485627
-5.583606169252584 -2.4491967454929897
-5.362282259157723 -2.9019220397128707
-5.104328523950134 -3.3348242638912806
-4.811507049202936 -3.7449462568799876
-4.4858181025057124 -4.129486469608663
-4.129486469608662 -4.485818102505713
-3.7449462568799916 -4.811507049202933
-3.3348242638912797 -5.104328523950134
-2.9019220397128773 -5.362282259157721
-2.449196745492989 -5.583606169252585
-1.9797409540485644 -5.766788387509277
-1.4967615244570653 -5.910577593632786
-1.0035576959573047 -6.013991561544947
-0.5034985508000448 -6.076323868984538
-1.1200280501481934e-15 -6.097148723087618
0.5034985508000426 -6.076323868984538
1.0035576959573027 -6.013991561544947
1.4967615244570631 -5.9105775936327865
1.9797409540485624 -5.766788387509278
2.4491967454929866 -5.583606169252585
2.9019220397128755 -5.3622822591577215
3.334824263891278 -5.1043285239501355
3.7449462568799894 -4.811507049202934
4.129486469608663 -4.485818102505713
4.485818102505711 -4.129486469608665
4.811507049202936 -3.7449462568799876
5.104328523950134 -3.3348242638912797
5.362282259157721 -2.9019220397128773
5.583606169252585 -2.449196745492989
5.766788387509277 -1.9797409540485649
5.910577593632784 -1.4967615244570711
6.013991561544947 -1.0035576959573054
6.076323868984538 -0.5034985508000451
1.0 0.5 0.4 0.32000000000000006 0.25600000000000006 0.20480000000000007 0.16384000000000007 0.13107200000000005 0.10485760000000005 0.08388608000000004 0.06710886400000003 0.05368709120000003 0.042949672960000025 0.03435973836800002 0.027487790694400018 0.021990232555520017 0.017592186044416015 0.014073748835532814 0.011258999068426251 0.009007199254741001 