0.0 0.0
1.9551367361423018 0.0
1.9408815880435684 0.23566569161982054
1.898324015906446 0.46789484678290244
1.8280846049640003 0.6933010414724526
1.731187603993151 0.9085973457993509
1.6090459894610971 1.1106442548414552
1.463440861146679 1.2964954696949154
1.2964954696949156 1.463440861146679
1.1106442548414555 1.6090459894610971
0.9085973457993511 1.731187603993151
0.6933010414724525 1.8280846049640003
0.46789484678290305 1.898324015906446
0.23566569161982046 1.9408815880435684
-3.1440996686052896e-16 1.9551367361423018
-0.2356656916198202 1.9408815880435684
-0.46789484678290194 1.8983240159064463
-0.6933010414724524 1.8280846049640003
-0.9085973457993509 1.731187603993151
-1.110644254841455 1.6090459894610973
-1.296495469694915 1.4634408611466794
-1.4634408611466792 1.2964954696949154
-1.6090459894610971 1.1106442548414552
-1.7311876039931504 0.908597345799352
-1.828084604964 0.6933010414724531
-1.898324015906446 0.46789484678290233
-1.9408815880435684 0.2356656916198206
-1.9551367361423018 -6.288199337210579e-16
-1.9408815880435684 -0.2356656916198201
-1.8983240159064463 -0.46789484678290183
-1.8280846049640003 -0.6933010414724526
-1.7311876039931515 -0.90859734579935
-1.6090459894610973 -1.1106442548414548
-1.4634408611466794 -1.296495469694915
-1.2964954696949154 -1.463440861146679
-1.1106442548414555 -1.6090459894610971
-0.9085973457993521 -1.7311876039931504
-0.6933010414724532 -1.828084604964
-0.46789484678290244 -1.898324015906446
-0.23566569161982157 -1.9408815880435684
-3.5915279187181095e-16 -1.9551367361423018
0.23566569161982084 -1.9408815880435684
0.4678948467829017 -1.8983240159064463
0.6933010414724525 -1.8280846049640003
0.9085973457993499 -1.7311876039931515
1.1106442548414532 -1.6090459894610984
1.2964954696949154 -1.463440861146679
1.4634408611466783 -1.296495469694916
1.6090459894610971 -1.1106442548414555
1.7311876039931513 -0.9085973457993507
1.828084604964 -0.6933010414724533
1.898324015906446 -0.46789484678290255
1.9408815880435684 -0.23566569161982168
2.9996085494625233 0.0
2.9777380258718384 0.36156285661769755
2.912445376581866 0.7178533126172613
2.804682715445496 1.0636758508539823
2.656021464722476 1.393987599995831
2.4686294402043303 1.703971870943038
2.2452392395786247 1.9891083950014044
1.9891083950014046 2.2452392395786247
1.7039718709430383 2.4686294402043303
1.3939875999958316 2.656021464722476
1.063675850853982 2.804682715445496
0.7178533126172622 2.912445376581866
0.36156285661769744 2.9777380258718384
-4.823738448554366e-16 2.9996085494625233
-0.36156285661769705 2.9777380258718384
-0.7178533126172605 2.9124453765818665
-1.0636758508539816 2.804682715445496
-1.393987599995831 2.656021464722476
-1.7039718709430376 2.4686294402043307
-1.9891083950014037 2.245239239578625
-2.2452392395786247 1.9891083950014044
-2.4686294402043303 1.703971870943038
-2.6560214647224747 1.3939875999958329
-2.8046827154454954 1.063675850853983
-2.912445376581866 0.717853312617261
-2.9777380258718384 0.3615628566176976
-2.9996085494625233 -9.647476897108732e-16
-2.9777380258718384 -0.3615628566176969
-2.9124453765818665 -0.7178533126172604
-2.804682715445496 -1.0636758508539823
-2.6560214647224765 -1.3939875999958298
-2.4686294402043307 -1.7039718709430374
-2.245239239578625 -1.9891083950014037
-1.9891083950014044 -2.2452392395786247
-1.7039718709430383 -2.4686294402043303
-1.3939875999958329 -2.6560214647224747
-1.063675850853983 -2.8046827154454954
-0.7178533126172613 -2.912445376581866
-0.3615628566176991 -2.9777380258718384
-5.510191513191471e-16 -2.9996085494625233
0.361562856617698 -2.9777380258718384
0.7178533126172602 -2.9124453765818665
1.063675850853982 -2.804682715445496
1.3939875999958296 -2.6560214647224765
1.703971870943035 -2.4686294402043325
1.9891083950014044 -2.2452392395786247
2.2452392395786234 -1.9891083950014052
2.4686294402043303 -1.7039718709430383
2.656021464722476 -1.3939875999958309
2.8046827154454954 -1.0636758508539832
2.912445376581866 -0.7178533126172614
2.9777380258718384 -0.36156285661769927
3.7071833283654625 0.0
3.6801537879767547 0.446851571499052
3.5994593183747225 0.8871870408635399
3.466276626634285 1.314585325401006
3.282547816302321 1.722813995705773
3.0509520671547206 2.10592015851389
2.774866566722265 2.458317263291664
2.4583172632916646 2.774866566722265
2.1059201585138903 3.0509520671547206
1.7228139957057735 3.282547816302321
1.3145853254010058 3.466276626634285
0.887187040863541 3.5994593183747225
0.44685157149905186 3.6801537879767547
-5.961605476848121e-16 3.7071833283654625
-0.4468515714990514 3.6801537879767547
-0.8871870408635391 3.599459318374723
-1.3145853254010054 3.466276626634285
-1.722813995705773 3.282547816302321
-2.1059201585138894 3.050952067154721
-2.4583172632916632 2.774866566722266
-2.7748665667222654 2.458317263291664
-3.0509520671547206 2.10592015851389
-3.2825478163023196 1.7228139957057753
-3.4662766266342846 1.314585325401007
-3.5994593183747225 0.8871870408635397
-3.6801537879767547 0.44685157149905214
-3.7071833283654625 -1.1923210953696241e-15
-3.6801537879767547 -0.4468515714990512
-3.599459318374723 -0.8871870408635388
-3.466276626634285 -1.314585325401006
-3.282547816302322 -1.7228139957057715
-3.050952067154721 -2.105920158513889
-2.774866566722266 -2.4583172632916632
-2.458317263291664 -2.774866566722265
-2.1059201585138903 -3.0509520671547206
-1.7228139957057755 -3.2825478163023196
-1.3145853254010071 -3.4662766266342846
-0.8871870408635399 -3.5994593183747225
-0.44685157149905397 -3.6801537879767547
-6.809985295402792e-16 -3.7071833283654625
0.4468515714990526 -3.6801537879767547
0.8871870408635386 -3.599459318374723
1.3145853254010058 -3.466276626634285
1.7228139957057713 -3.282547816302322
2.105920158513886 -3.050952067154723
2.458317263291664 -2.774866566722265
2.7748665667222636 -2.4583172632916654
3.0509520671547206 -2.1059201585138903
3.2825478163023214 -1.7228139957057729
3.4662766266342846 -1.3145853254010074
3.5994593183747225 -0.8871870408635402
3.6801537879767547 -0.4468515714990542
4.235004715924622 0.0
4.204126763345481 0.5104734093231914
4.111943175687753 1.0135029668524407
3.9597981972388525 1.5017533689150562
3.749910444385217 1.968104825204809
3.485340553189511 2.4057568813569707
3.16994654842488 2.808327584886239
2.8083275848862392 3.16994654842488
2.405756881356971 3.485340553189511
1.9681048252048094 3.749910444385217
1.501753368915056 3.9597981972388525
1.013502966852442 4.111943175687753
0.5104734093231912 4.204126763345481
-6.810407005165755e-16 4.235004715924622
-0.5104734093231906 4.204126763345481
-1.0135029668524396 4.111943175687754
-1.5017533689150555 3.9597981972388525
-1.968104825204809 3.749910444385217
-2.4057568813569703 3.4853405531895114
-2.808327584886238 3.169946548424881
-3.1699465484248806 2.808327584886239
-3.485340553189511 2.4057568813569707
-3.7499104443852156 1.9681048252048114
-3.959798197238852 1.501753368915057
-4.111943175687753 1.0135029668524405
-4.204126763345481 0.5104734093231915
-4.235004715924622 -1.362081401033151e-15
-4.204126763345481 -0.5104734093231904
-4.111943175687754 -1.0135029668524393
-3.9597981972388525 -1.5017533689150562
-3.749910444385218 -1.968104825204807
-3.4853405531895114 -2.40575688135697
-3.169946548424881 -2.808327584886238
-2.808327584886239 -3.16994654842488
-2.405756881356971 -3.485340553189511
-1.9681048252048117 -3.7499104443852156
-1.5017533689150573 -3.959798197238852
-1.0135029668524407 -4.111943175687753
-0.5104734093231936 -4.204126763345481
-7.779577454596551e-16 -4.235004715924622
0.510473409323192 -4.204126763345481
1.0135029668524391 -4.111943175687754
1.501753368915056 -3.9597981972388525
1.9681048252048068 -3.749910444385218
2.4057568813569663 -3.485340553189514
2.808327584886239 -3.16994654842488
3.1699465484248788 -2.80832758488624
3.485340553189511 -2.405756881356971
3.7499104443852174 -1.9681048252048086
3.959798197238852 -1.5017533689150575
4.111943175687753 -1.013502966852441
4.204126763345481 -0.5104734093231938
4.650033151211704 0.0
4.616129174057996 0.5604995591242574
4.514911638928884 1.1128257725413944
4.347856525408587 1.6489244803294723
4.117399873227587 2.160978156139784
3.8269022593178694 2.641519904334555
3.4805997930338957 3.083542344139327
3.0835423441393273 3.4805997930338957
2.6415199043345554 3.8269022593178694
2.1609781561397843 4.117399873227587
1.648924480329472 4.347856525408587
1.112825772541396 4.514911638928884
0.5604995591242572 4.616129174057996
-7.477823632210766e-16 4.650033151211704
-0.5604995591242566 4.616129174057996
-1.1128257725413933 4.514911638928885
-1.6489244803294716 4.347856525408587
-2.160978156139784 4.117399873227587
-2.6415199043345545 3.82690225931787
-3.083542344139326 3.4805997930338965
-3.480599793033896 3.083542344139327
-3.8269022593178694 2.641519904334555
-4.117399873227586 2.1609781561397865
-4.347856525408586 1.6489244803294734
-4.514911638928884 1.1128257725413941
-4.616129174057996 0.5604995591242575
-4.650033151211704 -1.4955647264421532e-15
-4.616129174057996 -0.5604995591242564
-4.514911638928885 -1.112825772541393
-4.347856525408587 -1.6489244803294723
-4.117399873227588 -2.1609781561397816
-3.82690225931787 -2.641519904334554
-3.4805997930338965 -3.083542344139326
-3.083542344139327 -3.4805997930338957
-2.6415199043345554 -3.8269022593178694
-2.1609781561397865 -4.117399873227586
-1.6489244803294736 -4.347856525408586
-1.1128257725413944 -4.514911638928884
-0.5604995591242599 -4.616129174057996
-8.54197232184074e-16 -4.650033151211704
0.5604995591242581 -4.616129174057996
1.1128257725413928 -4.514911638928885
1.648924480329472 -4.347856525408587
2.1609781561397816 -4.117399873227588
2.6415199043345505 -3.8269022593178725
3.083542344139327 -3.4805997930338957
3.480599793033894 -3.083542344139328
3.8269022593178694 -2.6415199043345554
4.117399873227588 -2.1609781561397834
4.347856525408586 -1.6489244803294738
4.514911638928884 -1.1128257725413946
4.616129174057996 -0.5604995591242602
4.988986031999825 0.0
4.952610706717464 0.6013558141374358
4.844015165023097 1.193942506369385
4.6647829744504925 1.7691188283340857
4.417527743933943 2.3184974140730126
4.105855011504668 2.8340670867132545
3.7343096674273615 3.308309679465921
3.3083096794659212 3.7343096674273615
2.834067086713255 4.105855011504668
2.318497414073013 4.417527743933943
1.7691188283340855 4.6647829744504925
1.1939425063693863 4.844015165023097
0.6013558141374356 4.952610706717464
-8.022901436979287e-16 4.988986031999825
-0.6013558141374349 4.952610706717464
-1.1939425063693836 4.844015165023098
-1.769118828334085 4.6647829744504925
-2.3184974140730126 4.417527743933943
-2.834067086713254 4.105855011504669
-3.3083096794659195 3.734309667427363
-3.7343096674273624 3.308309679465921
-4.105855011504668 2.8340670867132545
-4.417527743933941 2.3184974140730152
-4.6647829744504925 1.7691188283340868
-4.844015165023097 1.1939425063693845
-4.952610706717464 0.6013558141374359
-4.988986031999825 -1.6045802873958574e-15
-4.952610706717464 -0.6013558141374347
-4.844015165023098 -1.1939425063693834
-4.6647829744504925 -1.7691188283340857
-4.4175277439339435 -2.3184974140730104
-4.105855011504669 -2.834067086713253
-3.734309667427363 -3.3083096794659195
-3.308309679465921 -3.7343096674273615
-2.834067086713255 -4.105855011504668
-2.3184974140730157 -4.417527743933941
-1.7691188283340873 -4.6647829744504925
-1.193942506369385 -4.844015165023097
-0.6013558141374383 -4.952610706717464
-9.16461866261916e-16 -4.988986031999825
0.6013558141374366 -4.952610706717464
1.1939425063693831 -4.844015165023098
1.7691188283340855 -4.6647829744504925
2.31849741407301 -4.4175277439339435
2.8340670867132496 -4.105855011504672
3.308309679465921 -3.7343096674273615
3.73430966742736 -3.308309679465922
4.105855011504668 -2.834067086713255
4.4175277439339435 -2.318497414073012
4.6647829744504925 -1.7691188283340875
4.844015165023097 -1.1939425063693851
4.952610706717464 -0.6013558141374387
5.272264980050733 0.0
5.233824232292762 0.6355013181217123
5.119062541682187 1.2617355960008685
4.929653392088929 1.8695709277092065
4.668358795426322 2.4501437053844524
4.338989015297893 2.9949878705920616
3.9463470047740694 3.496158368521095
3.4961583685210957 3.9463470047740694
2.9949878705920625 4.338989015297893
2.4501437053844533 4.668358795426322
1.869570927709206 4.929653392088929
1.26173559600087 5.119062541682187
0.6355013181217121 5.233824232292762
-8.478448729516524e-16 5.272264980050733
-0.6355013181217114 5.233824232292762
-1.2617355960008672 5.119062541682187
-1.8695709277092056 4.929653392088929
-2.4501437053844524 4.668358795426322
-2.994987870592061 4.338989015297893
-3.496158368521094 3.9463470047740707
-3.94634700477407 3.496158368521095
-4.338989015297893 2.9949878705920616
-4.66835879542632 2.4501437053844555
-4.929653392088929 1.8695709277092076
-5.119062541682187 1.2617355960008683
-5.233824232292762 0.6355013181217125
-5.272264980050733 -1.6956897459033049e-15
-5.233824232292762 -0.6355013181217112
-5.119062541682187 -1.261735596000867
-4.929653392088929 -1.8695709277092065
-4.6683587954263235 -2.45014370538445
-4.338989015297893 -2.9949878705920607
-3.9463470047740707 -3.496158368521094
-3.496158368521095 -3.9463470047740694
-2.9949878705920625 -4.338989015297893
-2.4501437053844555 -4.66835879542632
-1.8695709277092079 -4.929653392088929
-1.2617355960008685 -5.119062541682187
-0.6355013181217151 -5.233824232292762
-9.68499364811372e-16 -5.272264980050733
0.6355013181217132 -5.233824232292762
1.2617355960008665 -5.119062541682187
1.869570927709206 -4.929653392088929
2.4501437053844497 -4.6683587954263235
2.9949878705920567 -4.338989015297897
3.496158368521095 -3.9463470047740694
3.9463470047740676 -3.4961583685210966
4.338989015297893 -2.9949878705920625
4.668358795426323 -2.450143705384452
4.929653392088929 -1.8695709277092083
5.119062541682187 -1.2617355960008687
5.233824232292762 -0.6355013181217154
6.1111482621219695 0.0
6.066591110737379 0.736617524064269
5.933569400184765 1.4624935059094732
5.714022886542787 2.1670430391899487
5.41115305235604 2.839992205203085
5.029376421810438 3.4715278897588595
4.57426015786544 4.052440880481936
4.052440880481937 4.57426015786544
3.4715278897588604 5.029376421810438
2.8399922052030857 5.41115305235604
2.1670430391899487 5.714022886542787
1.462493505909475 5.933569400184765
0.7366175240642687 6.066591110737379
-9.827475935850355e-16 6.1111482621219695
-0.736617524064268 6.066591110737379
-1.4624935059094717 5.933569400184765
-2.167043039189948 5.714022886542787
-2.839992205203085 5.41115305235604
-3.471527889758859 5.029376421810439
-4.052440880481935 4.5742601578654405
-4.5742601578654405 4.052440880481936
-5.029376421810438 3.4715278897588595
-5.411153052356037 2.8399922052030884
-5.714022886542786 2.16704303918995
-5.933569400184765 1.4624935059094728
-6.066591110737379 0.7366175240642692
-6.1111482621219695 -1.965495187170071e-15
-6.066591110737379 -0.7366175240642676
-5.933569400184765 -1.4624935059094712
-5.714022886542787 -2.1670430391899487
-5.411153052356041 -2.839992205203082
-5.029376421810439 -3.471527889758858
-4.5742601578654405 -4.052440880481935
-4.052440880481936 -4.57426015786544
-3.4715278897588604 -5.029376421810438
-2.839992205203089 -5.411153052356037
-2.1670430391899504 -5.714022886542786
-1.4624935059094732 -5.933569400184765
-0.7366175240642722 -6.066591110737379
-1.122599723748387e-15 -6.1111482621219695
0.7366175240642698 -6.066591110737379
1.462493505909471 -5.933569400184765
2.1670430391899487 -5.714022886542787
2.8399922052030817 -5.411153052356041
3.4715278897588533 -5.029376421810442
4.052440880481936 -4.57426015786544
4.574260157865438 -4.052440880481938
5.029376421810438 -3.4715278897588604
5.41115305235604 -2.8399922052030844
5.714022886542786 -2.167043039189951
5.933569400184765 -1.4624935059094735
6.066591110737379 -0.7366175240642725
5.495965836371116 0.0
5.455894057505341 0.6624654767128444
5.336263057677663 1.3152707150328766
5.138817326251124 1.9488963445960146
4.866436066598989 2.5541026769225685
4.523091210836164 3.122064440881243
4.113789500104955 3.6444994750150097
3.6444994750150106 4.113789500104955
3.122064440881244 4.523091210836164
2.554102676922569 4.866436066598989
1.9488963445960141 5.138817326251124
1.3152707150328782 5.336263057677663
0.6624654767128442 5.455894057505341
-8.838187143317392e-16 5.495965836371116
-0.6624654767128434 5.455894057505341
-1.3152707150328753 5.336263057677664
-1.9488963445960137 5.138817326251124
-2.5541026769225685 4.866436066598989
-3.1220644408812426 4.5230912108361645
-3.644499475015009 4.113789500104957
-4.113789500104956 3.6444994750150097
-4.523091210836164 3.122064440881243
-4.866436066598987 2.5541026769225716
-5.138817326251124 1.9488963445960157
-5.336263057677663 1.3152707150328762
-5.455894057505341 0.6624654767128445
-5.495965836371116 -1.7676374286634785e-15
-5.455894057505341 -0.6624654767128432
-5.336263057677664 -1.3152707150328748
-5.138817326251124 -1.9488963445960146
-4.86643606659899 -2.554102676922566
-4.5230912108361645 -3.122064440881242
-4.113789500104957 -3.644499475015009
-3.6444994750150097 -4.113789500104955
-3.122064440881244 -4.523091210836164
-2.5541026769225716 -4.866436066598987
-1.9488963445960161 -5.138817326251124
-1.3152707150328766 -5.336263057677663
-0.6624654767128473 -5.455894057505341
-1.0095925454602639e-15 -5.495965836371116
0.6624654767128452 -5.455894057505341
1.3152707150328746 -5.336263057677664
1.9488963445960141 -5.138817326251124
2.5541026769225654 -4.86643606659899
3.1220644408812377 -4.523091210836167
3.6444994750150097 -4.113789500104955
4.113789500104954 -3.644499475015012
4.523091210836164 -3.122064440881244
4.866436066598989 -2.5541026769225676
5.138817326251124 -1.9488963445960164
5.336263057677663 -1.3152707150328768
5.455894057505341 -0.6624654767128476
5.673087957383846 0.0
5.631724758833746 0.6838151891795003
5.50823833176012 1.3576588130830591
5.304429386336918 2.0117047143104676
5.023269915926186 2.636415430838724
4.668859858722504 3.2226812736948243
4.246367311421846 3.761953166734219
3.7619531667342194 4.246367311421846
3.222681273694825 4.668859858722504
2.6364154308387246 5.023269915926186
2.0117047143104676 5.304429386336918
1.357658813083061 5.50823833176012
0.6838151891795001 5.631724758833746
-9.12302123787673e-16 5.673087957383846
-0.6838151891794995 5.631724758833746
-1.3576588130830576 5.508238331760121
-2.0117047143104667 5.304429386336918
-2.636415430838724 5.023269915926186
-3.222681273694824 4.668859858722504
-3.7619531667342176 4.246367311421848
-4.246367311421847 3.761953166734219
-4.668859858722504 3.2226812736948243
-5.023269915926185 2.6364154308387273
-5.304429386336918 2.011704714310469
-5.50823833176012 1.3576588130830587
-5.631724758833746 0.6838151891795006
-5.673087957383846 -1.824604247575346e-15
-5.631724758833746 -0.6838151891794991
-5.508238331760121 -1.3576588130830574
-5.304429386336918 -2.0117047143104676
-5.023269915926188 -2.6364154308387215
-4.668859858722504 -3.222681273694823
-4.246367311421848 -3.7619531667342176
-3.761953166734219 -4.246367311421846
-3.222681273694825 -4.668859858722504
-2.6364154308387278 -5.023269915926185
-2.0117047143104694 -5.304429386336918
-1.3576588130830591 -5.50823833176012
-0.6838151891795033 -5.631724758833746
-1.0421293512437283e-15 -5.673087957383846
0.6838151891795012 -5.631724758833746
1.3576588130830571 -5.508238331760121
2.0117047143104676 -5.304429386336918
2.6364154308387215 -5.023269915926188
3.222681273694819 -4.668859858722508
3.761953166734219 -4.246367311421846
4.246367311421844 -3.7619531667342208
4.668859858722504 -3.222681273694825
5.023269915926187 -2.6364154308387238
5.304429386336918 -2.01170471431047
5.50823833176012 -1.3576588130830594
5.631724758833746 -0.6838151891795037
6.352200646155841 0.0
6.305885951490295 0.765673178203343
6.167617240033494 1.5201811173226385
5.939410780952499 2.2525213926016137
5.624594338296903 2.952014833740018
5.227758644705515 3.6084612512440017
4.75469045818706 4.212288178157758
4.212288178157759 4.75469045818706
3.6084612512440026 5.227758644705515
2.952014833740019 5.624594338296903
2.252521392601613 5.939410780952499
1.5201811173226405 6.167617240033494
0.7656731782033428 6.305885951490295
-1.0215117734373774e-15 6.352200646155841
-0.765673178203342 6.305885951490295
-1.520181117322637 6.167617240033494
-2.2525213926016128 5.939410780952499
-2.952014833740018 5.624594338296903
-3.6084612512440013 5.227758644705516
-4.212288178157756 4.754690458187062
-4.754690458187061 4.212288178157758
-5.227758644705515 3.6084612512440017
-5.624594338296901 2.9520148337400216
-5.939410780952498 2.252521392601615
-6.167617240033494 1.520181117322638
-6.305885951490295 0.7656731782033432
-6.352200646155841 -2.0430235468747547e-15
-6.305885951490295 -0.7656731782033416
-6.167617240033494 -1.5201811173226365
-5.939410780952499 -2.2525213926016137
-5.624594338296904 -2.9520148337400154
-5.227758644705516 -3.6084612512440004
-4.754690458187062 -4.212288178157756
-4.212288178157758 -4.75469045818706
-3.6084612512440026 -5.227758644705515
-2.952014833740022 -5.624594338296901
-2.2525213926016154 -5.939410780952498
-1.5201811173226385 -6.167617240033494
-0.7656731782033463 -6.305885951490295
-1.1668803283284748e-15 -6.352200646155841
0.765673178203344 -6.305885951490295
1.5201811173226363 -6.167617240033494
2.252521392601613 -5.939410780952499
2.952014833740015 -5.624594338296904
3.6084612512439955 -5.22775864470552
4.212288178157758 -4.75469045818706
4.754690458187058 -4.21228817815776
5.227758644705515 -3.6084612512440026
5.6245943382969035 -2.9520148337400176
5.939410780952498 -2.252521392601616
6.167617240033494 -1.520181117322639
6.305885951490295 -0.7656731782033467
5.925258461639342 0.0
5.882056656193959 0.7142109846207687
5.753081219463196 1.4180071648226917
5.540212903741979 2.101125607487447
5.246555808411225 2.7536049074722153
4.876392115179045 3.365930447327791
4.435119644228812 3.9291731418460456
3.929173141846046 4.435119644228812
3.3659304473277913 4.876392115179045
2.7536049074722158 5.246555808411225
2.101125607487447 5.540212903741979
1.4180071648226935 5.753081219463196
0.7142109846207685 5.882056656193959
-9.52854233735037e-16 5.925258461639342
-0.7142109846207677 5.882056656193959
-1.4180071648226902 5.753081219463197
-2.1011256074874463 5.540212903741979
-2.7536049074722153 5.246555808411225
-3.36593044732779 4.876392115179046
-3.9291731418460443 4.435119644228813
-4.435119644228812 3.9291731418460456
-4.876392115179045 3.365930447327791
-5.246555808411222 2.7536049074722184
-5.5402129037419785 2.1011256074874485
-5.753081219463196 1.4180071648226913
-5.882056656193959 0.7142109846207689
-5.925258461639342 -1.905708467470074e-15
-5.882056656193959 -0.7142109846207674
-5.753081219463197 -1.4180071648226897
-5.540212903741979 -2.101125607487447
-5.246555808411226 -2.7536049074722126
-4.876392115179046 -3.3659304473277896
-4.435119644228813 -3.9291731418460443
-3.9291731418460456 -4.435119644228812
-3.3659304473277913 -4.876392115179045
-2.753604907472219 -5.246555808411222
-2.101125607487449 -5.5402129037419785
-1.4180071648226917 -5.753081219463196
-0.7142109846207718 -5.882056656193959
-1.0884523213751085e-15 -5.925258461639342
0.7142109846207696 -5.882056656193959
1.4180071648226895 -5.753081219463197
2.101125607487447 -5.540212903741979
2.753604907472212 -5.246555808411226
3.365930447327785 -4.876392115179049
3.9291731418460456 -4.435119644228812
4.435119644228809 -3.9291731418460474
4.876392115179045 -3.3659304473277913
5.246555808411225 -2.7536049074722144
5.5402129037419785 -2.1011256074874494
5.753081219463196 -1.418007164822692
5.882056656193959 -0.7142109846207721
5.807308020858086 0.0
5.764966206926628 0.699993630054344
5.638558204124839 1.3897797767341151
5.4299273257796 2.0592998047575928
5.142115879893009 2.698790604488389
4.779320805441026 3.2989269600585582
4.346832471552522 3.850957532014505
3.850957532014506 4.346832471552522
3.2989269600585587 4.779320805441026
2.69879060448839 5.142115879893009
2.0592998047575923 5.4299273257796
1.389779776734117 5.638558204124839
0.6999936300543438 5.764966206926628
-9.33886356199069e-16 5.807308020858086
-0.699993630054343 5.764966206926628
-1.3897797767341136 5.638558204124839
-2.0592998047575914 5.4299273257796
-2.698790604488389 5.142115879893009
-3.298926960058558 4.779320805441026
-3.8509575320145037 4.346832471552523
-4.346832471552522 3.850957532014505
-4.779320805441026 3.2989269600585582
-5.142115879893007 2.698790604488392
-5.429927325779599 2.059299804757594
-5.638558204124839 1.3897797767341147
-5.764966206926628 0.6999936300543441
-5.807308020858086 -1.867772712398138e-15
-5.764966206926628 -0.6999936300543427
-5.638558204124839 -1.3897797767341133
-5.4299273257796 -2.0592998047575928
-5.14211587989301 -2.6987906044883863
-4.779320805441026 -3.298926960058557
-4.346832471552523 -3.8509575320145037
-3.850957532014505 -4.346832471552522
-3.2989269600585587 -4.779320805441026
-2.6987906044883925 -5.142115879893007
-2.059299804757594 -5.429927325779599
-1.3897797767341151 -5.638558204124839
-0.6999936300543471 -5.764966206926628
-1.0667851769109907e-15 -5.807308020858086
0.6999936300543449 -5.764966206926628
1.389779776734113 -5.638558204124839
2.0592998047575923 -5.4299273257796
2.6987906044883863 -5.14211587989301
3.2989269600585525 -4.77932080544103
3.850957532014505 -4.346832471552522
4.346832471552521 -3.8509575320145073
4.779320805441026 -3.2989269600585587
5.1421158798930096 -2.6987906044883885
5.429927325779599 -2.0592998047575946
5.638558204124839 -1.3897797767341153
5.764966206926628 -0.6999936300543473
6.551700150129782 0.0
6.503930879463387 0.7897201861249455
6.361319650997548 1.5679244736412006
6.125946057575817 2.323264891673335
5.8012423762054555 3.0447268760479465
5.391943517729857 3.72178988644195
4.9040179811663585 4.344580819550678
4.3445808195506785 4.9040179811663585
3.7217898864419507 5.391943517729857
3.0447268760479473 5.8012423762054555
2.3232648916733347 6.125946057575817
1.5679244736412026 6.361319650997548
0.7897201861249452 6.503930879463387
-1.0535937405313522e-15 6.551700150129782
-0.7897201861249444 6.503930879463387
-1.5679244736411988 6.361319650997549
-2.323264891673334 6.125946057575817
-3.0447268760479465 5.8012423762054555
-3.7217898864419494 5.391943517729858
-4.344580819550677 4.904017981166359
-4.904017981166359 4.344580819550678
-5.391943517729857 3.72178988644195
-5.801242376205453 3.04472687604795
-6.125946057575816 2.3232648916733365
-6.361319650997548 1.5679244736412001
-6.503930879463387 0.7897201861249457
-6.551700150129782 -2.1071874810627044e-15
-6.503930879463387 -0.7897201861249441
-6.361319650997549 -1.5679244736411986
-6.125946057575817 -2.323264891673335
-5.801242376205456 -3.044726876047944
-5.391943517729858 -3.7217898864419485
-4.904017981166359 -4.344580819550677
-4.344580819550678 -4.9040179811663585
-3.7217898864419507 -5.391943517729857
-3.0447268760479504 -5.801242376205453
-2.323264891673337 -6.125946057575816
-1.5679244736412006 -6.361319650997548
-0.789720186124949 -6.503930879463387
-1.2035277926744505e-15 -6.551700150129782
0.7897201861249465 -6.503930879463387
1.5679244736411981 -6.361319650997549
2.3232648916733347 -6.125946057575817
3.0447268760479433 -5.801242376205456
3.7217898864419436 -5.391943517729861
4.344580819550678 -4.9040179811663585
4.904017981166356 -4.34458081955068
5.391943517729857 -3.7217898864419507
5.801242376205456 -3.044726876047946
6.125946057575816 -2.323264891673337
6.361319650997548 -1.5679244736412008
6.503930879463387 -0.7897201861249493
1.0 0.5 0.4 0.32000000000000006 0.25600000000000006 0.20480000000000007 0.16384000000000007 0.13107200000000005 0.10485760000000005 0.08388608000000004 0.06710886400000003 0.05368709120000003 0.042949672960000025 0.03435973836800002 0.027487790694400018 