0.0 0.0
1.662521944813282 0.0
1.6372645008050544 0.28869390604810735
1.5622596034356784 0.5686159938471081
1.439786238557413 0.8312609724066409
1.2735656973875709 1.068648506957946
1.0686485069579463 1.2735656973875709
0.8312609724066412 1.4397862385574127
0.5686159938471084 1.5622596034356782
0.28869390604810746 1.6372645008050544
1.0180010891139092e-16 1.662521944813282
-0.2886939060481073 1.6372645008050544
-0.5686159938471078 1.5622596034356784
-0.8312609724066407 1.439786238557413
-1.0686485069579463 1.2735656973875709
-1.2735656973875706 1.0686485069579463
-1.4397862385574125 0.8312609724066415
-1.5622596034356782 0.5686159938471085
-1.6372645008050544 0.28869390604810724
-1.662521944813282 2.0360021782278185e-16
-1.6372645008050546 -0.2886939060481068
-1.5622596034356784 -0.5686159938471081
-1.4397862385574127 -0.8312609724066412
-1.2735656973875715 -1.0686485069579454
-1.0686485069579463 -1.2735656973875706
-0.8312609724066418 -1.4397862385574123
-0.5686159938471079 -1.5622596034356784
-0.28869390604810735 -1.6372645008050544
-3.0540032673417273e-16 -1.662521944813282
0.28869390604810674 -1.6372645008050546
0.5686159938471087 -1.5622596034356782
0.8312609724066399 -1.4397862385574134
1.068648506957946 -1.273565697387571
1.2735656973875704 -1.0686485069579466
1.439786238557413 -0.8312609724066404
1.5622596034356784 -0.568615993847108
1.6372645008050544 -0.2886939060481074
2.5963249410597933 0.0
2.5568809312946486 0.4508470946462334
2.4397473882762966 0.8879954284612789
2.2484833554369166 1.2981624705298964
1.9889002936300628 1.6688855028333693
1.6688855028333698 1.9889002936300628
1.2981624705298969 2.248483355436916
0.8879954284612792 2.439747388276296
0.4508470946462336 2.5568809312946486
1.5897905143076582e-16 2.5963249410597933
-0.45084709464623335 2.5568809312946486
-0.8879954284612783 2.4397473882762966
-1.298162470529896 2.2484833554369166
-1.6688855028333698 1.9889002936300628
-1.9889002936300624 1.66888550283337
-2.248483355436916 1.2981624705298975
-2.439747388276296 0.8879954284612793
-2.5568809312946486 0.45084709464623324
-2.5963249410597933 3.1795810286153164e-16
-2.5568809312946486 -0.4508470946462326
-2.4397473882762966 -0.8879954284612788
-2.248483355436916 -1.2981624705298969
-1.9889002936300637 -1.6688855028333687
-1.66888550283337 -1.9889002936300624
-1.2981624705298977 -2.2484833554369157
-0.8879954284612784 -2.4397473882762966
-0.4508470946462334 -2.5568809312946486
-4.769371542922974e-16 -2.5963249410597933
0.45084709464623246 -2.5568809312946486
0.8879954284612795 -2.439747388276296
1.2981624705298949 -2.2484833554369175
1.6688855028333693 -1.988900293630063
1.9889002936300622 -1.6688855028333702
2.2484833554369166 -1.2981624705298958
2.4397473882762966 -0.8879954284612785
2.5568809312946486 -0.45084709464623357
3.2176935773357838 0.0
3.1688095817778668 0.5587466259949448
3.0236429105726477 1.1005160184984684
2.786604379566817 1.6088467886678917
2.4648962845777027 2.068293563279398
2.0682935632793984 2.4648962845777027
1.6088467886678923 2.7866043795668167
1.1005160184984688 3.0236429105726472
0.5587466259949451 3.1688095817778668
1.970269070060632e-16 3.2176935773357838
-0.5587466259949447 3.1688095817778668
-1.1005160184984677 3.0236429105726477
-1.6088467886678912 2.786604379566817
-2.0682935632793984 2.4648962845777027
-2.4648962845777023 2.068293563279399
-2.7866043795668163 1.608846788667893
-3.0236429105726472 1.100516018498469
-3.1688095817778668 0.5587466259949446
-3.2176935773357838 3.940538140121264e-16
-3.1688095817778668 -0.5587466259949438
-3.0236429105726477 -1.1005160184984684
-2.7866043795668167 -1.6088467886678923
-2.4648962845777036 -2.068293563279397
-2.068293563279399 -2.4648962845777023
-1.6088467886678932 -2.7866043795668163
-1.100516018498468 -3.0236429105726477
-0.5587466259949448 -3.1688095817778668
-5.910807210181896e-16 -3.2176935773357838
0.5587466259949436 -3.1688095817778668
1.1005160184984693 -3.0236429105726472
1.6088467886678897 -2.786604379566818
2.068293563279398 -2.464896284577703
2.464896284577702 -2.068293563279399
2.7866043795668176 -1.6088467886678908
3.0236429105726477 -1.1005160184984681
3.1688095817778668 -0.558746625994945
3.6778005225682375 0.0
3.6219264686575503 0.6386433585664585
3.4560020117799306 1.2578818618520078
3.1850686825957775 1.8389002612841185
2.817358653213472 2.3640446068055425
2.364044606805543 2.817358653213472
1.8389002612841192 3.185068682595777
1.2578818618520082 3.45600201177993
0.6386433585664588 3.6219264686575503
2.2520033189328277e-16 3.6778005225682375
-0.6386433585664584 3.6219264686575503
-1.2578818618520071 3.4560020117799306
-1.8389002612841179 3.1850686825957775
-2.364044606805543 2.817358653213472
-2.8173586532134713 2.364044606805543
-3.1850686825957766 1.83890026128412
-3.45600201177993 1.2578818618520085
-3.6219264686575503 0.6386433585664584
-3.6778005225682375 4.504006637865655e-16
-3.6219264686575507 -0.6386433585664574
-3.4560020117799306 -1.2578818618520078
-3.185068682595777 -1.8389002612841192
-2.817358653213473 -2.364044606805541
-2.364044606805543 -2.8173586532134713
-1.8389002612841203 -3.1850686825957766
-1.2578818618520073 -3.4560020117799306
-0.6386433585664585 -3.6219264686575503
-6.756009956798482e-16 -3.6778005225682375
0.6386433585664572 -3.6219264686575507
1.257881861852009 -3.45600201177993
1.8389002612841163 -3.185068682595779
2.3640446068055425 -2.8173586532134722
2.817358653213471 -2.3640446068055434
3.185068682595778 -1.8389002612841174
3.4560020117799306 -1.2578818618520076
3.6219264686575503 -0.6386433585664587
4.0395512841670165 0.0
3.978181423338099 0.7014607190877107
3.7959365330179855 1.381607909182192
3.4983540319786885 2.019775642083508
3.094475813930275 2.5965735141559065
2.596573514155907 3.094475813930275
2.0197756420835087 3.498354031978688
1.3816079091821925 3.795936533017985
0.701460719087711 3.978181423338099
2.4735117750733587e-16 4.0395512841670165
-0.7014607190877106 3.978181423338099
-1.3816079091821911 3.7959365330179855
-2.0197756420835073 3.4983540319786885
-2.596573514155907 3.094475813930275
-3.0944758139302744 2.5965735141559074
-3.4983540319786877 2.0197756420835096
-3.795936533017985 1.3816079091821927
-3.978181423338099 0.7014607190877105
-4.0395512841670165 4.947023550146717e-16
-3.9781814233380994 -0.7014607190877095
-3.7959365330179855 -1.3816079091821918
-3.498354031978688 -2.0197756420835087
-3.094475813930276 -2.596573514155905
-2.5965735141559074 -3.0944758139302744
-2.01977564208351 -3.498354031978687
-1.3816079091821913 -3.7959365330179855
-0.7014607190877107 -3.978181423338099
-7.420535325220075e-16 -4.0395512841670165
0.7014607190877092 -3.9781814233380994
1.3816079091821931 -3.795936533017985
2.0197756420835056 -3.49835403197869
2.5965735141559065 -3.0944758139302753
3.094475813930274 -2.596573514155908
3.498354031978689 -2.019775642083507
3.7959365330179855 -1.3816079091821916
3.978181423338099 -0.7014607190877109
4.409403201270718 0.0
4.3424144587682525 0.765684830499389
4.143483650303855 1.5081047148792732
3.81865518782887 2.2047016006353584
3.377798819804466 2.8343097438889786
2.834309743888979 3.377798819804466
2.2047016006353592 3.8186551878288695
1.5081047148792737 4.143483650303855
0.7656848304993893 4.3424144587682525
2.6999807582931384e-16 4.409403201270718
-0.7656848304993888 4.3424144587682525
-1.5081047148792723 4.143483650303855
-2.204701600635358 3.81865518782887
-2.834309743888979 3.377798819804466
-3.3777988198044655 2.8343097438889795
-3.818655187828869 2.20470160063536
-4.143483650303855 1.508104714879274
-4.3424144587682525 0.7656848304993887
-4.409403201270718 5.399961516586277e-16
-4.3424144587682525 -0.7656848304993876
-4.143483650303855 -1.508104714879273
-3.8186551878288695 -2.2047016006353592
-3.3777988198044673 -2.8343097438889773
-2.8343097438889795 -3.3777988198044655
-2.2047016006353606 -3.8186551878288686
-1.5081047148792726 -4.143483650303855
-0.765684830499389 -4.3424144587682525
-8.099942274879415e-16 -4.409403201270718
0.7656848304993873 -4.3424144587682525
1.5081047148792746 -4.143483650303855
2.2047016006353557 -3.8186551878288713
2.8343097438889786 -3.3777988198044664
3.3777988198044646 -2.8343097438889804
3.8186551878288704 -2.2047016006353575
4.143483650303855 -1.5081047148792728
4.3424144587682525 -0.7656848304993892
4.659022068248974 0.0
4.588241054266562 0.809030691861447
4.378048657612262 1.5934793955399675
4.034831467895929 2.3295110341244865
3.569017965750814 2.994761658726594
2.9947616587265946 3.569017965750814
2.3295110341244873 4.034831467895928
1.593479395539968 4.378048657612261
0.8090306918614474 4.588241054266562
2.852828231518994e-16 4.659022068248974
-0.8090306918614469 4.588241054266562
-1.5934793955399664 4.378048657612262
-2.329511034124486 4.034831467895929
-2.9947616587265946 3.569017965750814
-3.5690179657508136 2.994761658726595
-4.034831467895927 2.3295110341244882
-4.378048657612261 1.5934793955399682
-4.588241054266562 0.8090306918614467
-4.659022068248974 5.705656463037988e-16
-4.588241054266563 -0.8090306918614456
-4.378048657612262 -1.5934793955399673
-4.034831467895928 -2.3295110341244873
-3.569017965750816 -2.994761658726593
-2.994761658726595 -3.5690179657508136
-2.329511034124489 -4.034831467895927
-1.5934793955399666 -4.378048657612262
-0.809030691861447 -4.588241054266562
-8.55848469455698e-16 -4.659022068248974
0.8090306918614454 -4.588241054266563
1.5934793955399689 -4.378048657612261
2.329511034124484 -4.03483146789593
2.994761658726594 -3.569017965750815
3.569017965750813 -2.994761658726596
4.034831467895929 -2.3295110341244856
4.378048657612262 -1.593479395539967
4.588241054266562 -0.8090306918614473
4.962400458489394 0.0
4.887010445071691 0.8617117964702228
4.663131092227092 1.6972409160519066
4.2975648608033605 2.4812002292446964
3.801419295756869 3.1897695290197836
3.1897695290197845 3.801419295756869
2.4812002292446973 4.2975648608033605
1.697240916051907 4.663131092227092
0.8617117964702232 4.887010445071691
3.038593918788197e-16 4.962400458489394
-0.8617117964702227 4.887010445071691
-1.6972409160519055 4.663131092227092
-2.481200229244696 4.2975648608033605
-3.1897695290197845 3.801419295756869
-3.8014192957568684 3.189769529019785
-4.29756486080336 2.4812002292446986
-4.663131092227092 1.6972409160519073
-4.887010445071691 0.8617117964702224
-4.962400458489394 6.077187837576394e-16
-4.887010445071692 -0.8617117964702212
-4.663131092227092 -1.6972409160519062
-4.2975648608033605 -2.4812002292446973
-3.80141929575687 -3.1897695290197823
-3.189769529019785 -3.8014192957568684
-2.481200229244699 -4.29756486080336
-1.6972409160519057 -4.663131092227092
-0.8617117964702228 -4.887010445071691
-9.11578175636459e-16 -4.962400458489394
0.861711796470221 -4.887010445071692
1.697240916051908 -4.663131092227092
2.4812002292446937 -4.297564860803362
3.1897695290197836 -3.8014192957568693
3.8014192957568675 -3.1897695290197854
4.297564860803361 -2.481200229244695
4.663131092227092 -1.697240916051906
4.887010445071691 -0.861711796470223
5.154565160784175 0.0
5.0762557337468746 0.8950808468356197
4.843706844949019 1.7629651150729022
4.463984374701315 2.577282580392087
3.948625998113399 3.313290618673972
3.3132906186739723 3.948625998113399
2.577282580392088 4.463984374701315
1.7629651150729027 4.843706844949018
0.8950808468356202 5.0762557337468746
3.156260862575401e-16 5.154565160784175
-0.8950808468356196 5.0762557337468746
-1.762965115072901 4.843706844949019
-2.5772825803920862 4.463984374701315
-3.3132906186739723 3.948625998113399
-3.9486259981133984 3.313290618673973
-4.463984374701314 2.5772825803920894
-4.843706844949018 1.762965115072903
-5.0762557337468746 0.8950808468356195
-5.154565160784175 6.312521725150802e-16
-5.0762557337468746 -0.8950808468356182
-4.843706844949019 -1.762965115072902
-4.463984374701315 -2.577282580392088
-3.9486259981134006 -3.31329061867397
-3.313290618673973 -3.9486259981133984
-2.57728258039209 -4.4639843747013135
-1.7629651150729013 -4.843706844949019
-0.8950808468356197 -5.0762557337468746
-9.468782587726202e-16 -5.154565160784175
0.895080846835618 -5.0762557337468746
1.7629651150729035 -4.843706844949018
2.577282580392084 -4.463984374701317
3.313290618673972 -3.9486259981133993
3.9486259981133975 -3.3132906186739737
4.463984374701316 -2.577282580392086
4.843706844949019 -1.7629651150729015
5.0762557337468746 -0.8950808468356201
5.41210018388062 0.0
5.329878221164431 0.9398013342817282
5.0857106057466765 1.8510472805837275
4.6870162470670484 2.7060500919403094
4.145909271464948 3.478830940580703
3.478830940580704 4.145909271464948
2.7060500919403103 4.6870162470670484
1.8510472805837281 5.085710605746676
0.9398013342817286 5.329878221164431
3.313955583427101e-16 5.41210018388062
-0.9398013342817281 5.329878221164431
-1.8510472805837264 5.0857106057466765
-2.7060500919403085 4.6870162470670484
-3.478830940580704 4.145909271464948
-4.145909271464947 3.4788309405807043
-4.687016247067048 2.7060500919403117
-5.085710605746676 1.8510472805837284
-5.329878221164431 0.9398013342817279
-5.41210018388062 6.627911166854202e-16
-5.3298782211644316 -0.9398013342817265
-5.0857106057466765 -1.8510472805837273
-4.6870162470670484 -2.7060500919403103
-4.14590927146495 -3.478830940580701
-3.4788309405807043 -4.145909271464947
-2.706050091940312 -4.687016247067047
-1.8510472805837266 -5.0857106057466765
-0.9398013342817282 -5.329878221164431
-9.941866750281303e-16 -5.41210018388062
0.9398013342817262 -5.3298782211644316
1.851047280583729 -5.085710605746676
2.7060500919403063 -4.68701624706705
3.478830940580703 -4.145909271464949
4.145909271464947 -3.4788309405807047
4.687016247067049 -2.706050091940308
5.0857106057466765 -1.851047280583727
5.329878221164431 -0.9398013342817285
5.720856852600453 0.0
5.633944182313945 0.9934163671474393
5.375846968961143 1.9566482806720409
4.95440736576628 2.860428426300226
4.382430601813703 3.6772959016419033
3.677295901641904 4.382430601813703
2.860428426300227 4.954407365766279
1.9566482806720416 5.375846968961143
0.9934163671474397 5.633944182313945
3.503014516458673e-16 5.720856852600453
-0.9934163671474392 5.633944182313945
-1.9566482806720396 5.375846968961143
-2.860428426300225 4.95440736576628
-3.677295901641904 4.382430601813703
-4.382430601813702 3.6772959016419047
-4.954407365766279 2.860428426300228
-5.375846968961143 1.9566482806720418
-5.633944182313945 0.993416367147439
-5.720856852600453 7.006029032917346e-16
-5.633944182313945 -0.9934163671474375
-5.375846968961143 -1.9566482806720407
-4.954407365766279 -2.860428426300227
-4.382430601813705 -3.6772959016419016
-3.6772959016419047 -4.382430601813702
-2.860428426300229 -4.954407365766278
-1.95664828067204 -5.375846968961143
-0.9934163671474393 -5.633944182313945
-1.0509043549376019e-15 -5.720856852600453
0.9934163671474372 -5.633944182313945
1.9566482806720424 -5.375846968961143
2.8604284263002224 -4.954407365766282
3.6772959016419033 -4.382430601813704
4.382430601813702 -3.677295901641905
4.954407365766281 -2.8604284263002246
5.375846968961143 -1.9566482806720402
5.633944182313945 -0.9934163671474396
5.912235952867054 0.0
5.822415804020993 1.0266489991522714
5.5556844972543145 2.0221037879747614
5.120146528350566 2.9561179764335264
4.529035498102043 3.8003120160462323
3.8003120160462327 4.529035498102043
2.9561179764335273 5.120146528350565
2.022103787974762 5.555684497254314
1.0266489991522718 5.822415804020993
3.6202004177412693e-16 5.912235952867054
-1.0266489991522711 5.822415804020993
-2.02210378797476 5.5556844972543145
-2.9561179764335255 5.120146528350566
-3.8003120160462327 4.529035498102043
-4.529035498102042 3.8003120160462336
-5.120146528350564 2.9561179764335286
-5.555684497254314 2.0221037879747623
-5.822415804020993 1.026648999152271
-5.912235952867054 7.240400835482539e-16
-5.822415804020994 -1.0266489991522694
-5.5556844972543145 -2.022103787974761
-5.120146528350565 -2.9561179764335273
-4.529035498102044 -3.80031201604623
-3.8003120160462336 -4.529035498102042
-2.9561179764335295 -5.120146528350564
-2.02210378797476 -5.5556844972543145
-1.0266489991522714 -5.822415804020993
-1.0860601253223807e-15 -5.912235952867054
1.0266489991522691 -5.822415804020994
2.0221037879747628 -5.555684497254314
2.956117976433523 -5.120146528350568
3.8003120160462323 -4.529035498102043
4.529035498102041 -3.800312016046234
5.120146528350567 -2.956117976433525
5.5556844972543145 -2.0221037879747605
5.822415804020993 -1.0266489991522716
4.816975619644038 0.0
4.743794936296233 0.8364590382172197
4.526476444285131 1.6475026918269056
4.171623256022024 2.4084878098220184
3.690017406067911 3.096292244469327
3.096292244469328 3.690017406067911
2.4084878098220193 4.171623256022024
1.6475026918269062 4.52647644428513
0.8364590382172201 4.743794936296233
2.9495468870839546e-16 4.816975619644038
-0.8364590382172196 4.743794936296233
-1.6475026918269045 4.526476444285131
-2.408487809822018 4.171623256022024
-3.096292244469328 3.690017406067911
-3.6900174060679105 3.0962922444693284
-4.171623256022023 2.4084878098220206
-4.52647644428513 1.6475026918269065
-4.743794936296233 0.8364590382172195
-4.816975619644038 5.899093774167909e-16
-4.743794936296234 -0.8364590382172182
-4.526476444285131 -1.6475026918269053
-4.171623256022024 -2.4084878098220193
-3.6900174060679123 -3.0962922444693257
-3.0962922444693284 -3.6900174060679105
-2.408487809822021 -4.1716232560220226
-1.647502691826905 -4.526476444285131
-0.8364590382172197 -4.743794936296233
-8.848640661251863e-16 -4.816975619644038
0.8364590382172179 -4.743794936296234
1.647502691826907 -4.52647644428513
2.4084878098220157 -4.171623256022026
3.096292244469327 -3.6900174060679114
3.6900174060679096 -3.096292244469329
4.171623256022025 -2.408487809822017
4.526476444285131 -1.6475026918269051
4.743794936296233 -0.8364590382172199
5.287480852084813 0.0
5.2071521370367195 0.9181614144133158
4.968606739250886 1.8084249588617767
4.579092739929238 2.643740426042406
4.05044532483757 3.398727178174943
3.3987271781749433 4.05044532483757
2.643740426042407 4.579092739929237
1.8084249588617771 4.968606739250886
0.9181614144133162 5.2071521370367195
3.237648250529293e-16 5.287480852084813
-0.9181614144133157 5.2071521370367195
-1.8084249588617756 4.968606739250886
-2.643740426042405 4.579092739929238
-3.3987271781749433 4.05044532483757
-4.050445324837569 3.3987271781749437
-4.579092739929237 2.643740426042408
-4.968606739250886 1.8084249588617776
-5.2071521370367195 0.9181614144133154
-5.287480852084813 6.475296501058586e-16
-5.20715213703672 -0.9181614144133141
-4.968606739250886 -1.8084249588617762
-4.579092739929237 -2.643740426042407
-4.050445324837572 -3.398727178174941
-3.3987271781749437 -4.050445324837569
-2.6437404260424087 -4.579092739929236
-1.8084249588617758 -4.968606739250886
-0.9181614144133158 -5.2071521370367195
-9.712944751587879e-16 -5.287480852084813
0.9181614144133139 -5.20715213703672
1.808424958861778 -4.968606739250886
2.643740426042403 -4.57909273992924
3.398727178174943 -4.05044532483757
4.050445324837568 -3.3987271781749446
4.579092739929239 -2.6437404260424047
4.968606739250886 -1.808424958861776
5.2071521370367195 -0.918161414413316
5.596704694117864 0.0
5.511678174087091 0.9718575710735219
5.259182101780412 1.9141857416336348
4.846888442585687 2.7983523470589318
4.28732453070689 3.597492432453456
3.5974924324534565 4.28732453070689
2.7983523470589327 4.846888442585686
1.9141857416336354 5.259182101780412
0.9718575710735223 5.511678174087091
3.4269932447122047e-16 5.596704694117864
-0.9718575710735218 5.511678174087091
-1.9141857416336336 5.259182101780412
-2.798352347058931 4.846888442585687
-3.5974924324534565 4.28732453070689
-4.287324530706889 3.597492432453457
-4.846888442585686 2.798352347058934
-5.259182101780412 1.9141857416336359
-5.511678174087091 0.9718575710735216
-5.596704694117864 6.853986489424409e-16
-5.511678174087091 -0.9718575710735202
-5.259182101780412 -1.9141857416336345
-4.846888442585686 -2.7983523470589327
-4.287324530706892 -3.597492432453454
-3.597492432453457 -4.287324530706889
-2.798352347058935 -4.846888442585685
-1.9141857416336339 -5.259182101780412
-0.9718575710735219 -5.511678174087091
-1.0280979734136613e-15 -5.596704694117864
0.9718575710735199 -5.511678174087091
1.9141857416336363 -5.259182101780412
2.7983523470589287 -4.846888442585689
3.597492432453456 -4.28732453070689
4.287324530706888 -3.597492432453458
4.846888442585688 -2.7983523470589304
5.259182101780412 -1.9141857416336343
5.511678174087091 -0.9718575710735222
4.257372252194847 0.0
4.192693201420531 0.7392849332433902
4.000621289326181 1.4561070678864068
3.686992523767708 2.1286861260974232
3.2613363560827913 2.736586133534124
2.7365861335341246 3.2613363560827913
2.128686126097424 3.6869925237677075
1.4561070678864072 4.000621289326181
0.7392849332433905 4.192693201420531
2.6068886507145892e-16 4.257372252194847
-0.7392849332433901 4.192693201420531
-1.4561070678864059 4.000621289326181
-2.128686126097423 3.686992523767708
-2.7365861335341246 3.2613363560827913
-3.261336356082791 2.736586133534125
-3.686992523767707 2.128686126097425
-4.000621289326181 1.4561070678864074
-4.192693201420531 0.73928493324339
-4.257372252194847 5.2137773014291785e-16
-4.192693201420531 -0.7392849332433888
-4.000621289326181 -1.4561070678864065
-3.6869925237677075 -2.128686126097424
-3.2613363560827926 -2.736586133534123
-2.736586133534125 -3.261336356082791
-2.1286861260974255 -3.6869925237677066
-1.456107067886406 -4.000621289326181
-0.7392849332433902 -4.192693201420531
-7.820665952143766e-16 -4.257372252194847
0.7392849332433886 -4.192693201420531
1.4561070678864079 -4.000621289326181
2.128686126097421 -3.6869925237677093
2.736586133534124 -3.2613363560827917
3.26133635608279 -2.7365861335341255
3.6869925237677084 -2.1286861260974224
4.000621289326181 -1.4561070678864063
4.192693201420531 -0.7392849332433904
5.522304866875382 0.0
5.438408647395926 0.9589381766541304
5.189269133132905 1.8887395020567561
4.782456302156524 2.7611524334376907
4.230330956478774 3.5496691453391693
3.5496691453391698 4.230330956478774
2.7611524334376916 4.782456302156524
1.8887395020567568 5.189269133132904
0.9589381766541308 5.438408647395926
3.381436489567394e-16 5.522304866875382
-0.9589381766541303 5.438408647395926
-1.8887395020567548 5.189269133132905
-2.76115243343769 4.782456302156524
-3.5496691453391698 4.230330956478774
-4.230330956478774 3.5496691453391707
-4.782456302156523 2.761152433437693
-5.189269133132904 1.888739502056757
-5.438408647395926 0.9589381766541302
-5.522304866875382 6.762872979134788e-16
-5.438408647395926 -0.9589381766541287
-5.189269133132905 -1.888739502056756
-4.782456302156524 -2.7611524334376916
-4.230330956478776 -3.5496691453391676
-3.5496691453391707 -4.230330956478774
-2.761152433437694 -4.782456302156522
-1.8887395020567552 -5.189269133132905
-0.9589381766541304 -5.438408647395926
-1.014430946870218e-15 -5.522304866875382
0.9589381766541284 -5.438408647395926
1.8887395020567577 -5.189269133132904
2.7611524334376876 -4.782456302156525
3.5496691453391693 -4.230330956478775
4.230330956478773 -3.549669145339171
4.7824563021565245 -2.7611524334376893
5.189269133132905 -1.8887395020567554
5.438408647395926 -0.9589381766541307
4.197171062638305 0.0
4.1334066032046906 0.7288311063835152
3.9440506757373655 1.4355170484059023
3.6348567642737 2.098585531319152
3.2152195693538497 2.6978895547987882
2.6978895547987887 3.2152195693538497
2.098585531319153 3.6348567642736995
1.4355170484059028 3.9440506757373646
0.7288311063835156 4.1334066032046906
2.570026053666948e-16 4.197171062638305
-0.7288311063835151 4.1334066032046906
-1.4355170484059014 3.9440506757373655
-2.0985855313191517 3.6348567642737
-2.6978895547987887 3.2152195693538497
-3.2152195693538492 2.697889554798789
-3.634856764273699 2.098585531319154
-3.9440506757373646 1.435517048405903
-4.1334066032046906 0.728831106383515
-4.197171062638305 5.140052107333896e-16
-4.133406603204691 -0.7288311063835139
-3.9440506757373655 -1.435517048405902
-3.6348567642736995 -2.098585531319153
-3.215219569353851 -2.697889554798787
-2.697889554798789 -3.2152195693538492
-2.0985855313191544 -3.6348567642736986
-1.4355170484059017 -3.9440506757373655
-0.7288311063835152 -4.1334066032046906
-7.710078161000843e-16 -4.197171062638305
0.7288311063835137 -4.133406603204691
1.4355170484059037 -3.9440506757373646
2.09858553131915 -3.6348567642737013
2.6978895547987882 -3.21521956935385
3.215219569353849 -2.6978895547987896
3.6348567642737004 -2.0985855313191513
3.9440506757373655 -1.4355170484059019
4.1334066032046906 -0.7288311063835154
1.0 0.5 0.4 0.32000000000000006 0.25600000000000006 0.20480000000000007 0.16384000000000007 0.13107200000000005 0.10485760000000005 0.08388608000000004 0.06710886400000003 0.05368709120000003 0.042949672960000025 0.03435973836800002 0.027487790694400018 0.021990232555520017 0.017592186044416015 0.014073748835532814 0.011258999068426251 