0.0 0.0
1.8432151382555528 0.0
1.824453865844874 0.26231686430370993
1.7685519740160773 0.5192937137095662
1.6766474640790532 0.7656992406237043
1.5506112468253979 0.9965173390930143
1.3930090561799593 1.2070492182570915
1.2070492182570915 1.3930090561799593
0.9965173390930145 1.5506112468253976
0.7656992406237044 1.676647464079053
0.5192937137095663 1.7685519740160773
0.2623168643037099 1.824453865844874
5.2214035312602165e-16 1.8432151382555528
-0.26231686430370965 1.8244538658448741
-0.5192937137095662 1.7685519740160773
-0.7656992406237042 1.6766474640790532
-0.9965173390930138 1.5506112468253983
-1.2070492182570913 1.3930090561799593
-1.393009056179959 1.2070492182570918
-1.5506112468253976 0.9965173390930148
-1.6766474640790527 0.7656992406237049
-1.7685519740160773 0.5192937137095662
-1.824453865844874 0.26231686430371
-1.8432151382555528 1.0442807062520433e-15
-1.8244538658448741 -0.2623168643037095
-1.7685519740160776 -0.5192937137095657
-1.676647464079053 -0.7656992406237045
-1.5506112468253979 -0.9965173390930143
-1.3930090561799595 -1.2070492182570913
-1.2070492182570918 -1.393009056179959
-0.9965173390930141 -1.5506112468253979
-0.7656992406237058 -1.6766474640790523
-0.5192937137095663 -1.7685519740160773
-0.2623168643037101 -1.824453865844874
-3.3859312788069133e-16 -1.8432151382555528
0.26231686430370943 -1.8244538658448741
0.5192937137095656 -1.7685519740160776
0.7656992406237036 -1.6766474640790534
0.996517339093015 -1.5506112468253974
1.2070492182570904 -1.3930090561799602
1.3930090561799586 -1.2070492182570922
1.5506112468253979 -0.9965173390930141
1.6766474640790523 -0.7656992406237059
1.7685519740160773 -0.5192937137095663
1.824453865844874 -0.2623168643037102
2.8228802744444654 0.0
2.7941474235078636 0.4017377497224109
2.7085337886844285 0.7952972773764759
2.56778221668983 1.1726668459111163
2.374758003635861 1.5261642991549373
2.1333905658644365 1.8485934483623705
1.8485934483623705 2.1333905658644365
1.5261642991549378 2.3747580036358604
1.1726668459111163 2.5677822166898294
0.7952972773764763 2.7085337886844285
0.4017377497224108 2.7941474235078636
7.996568999134161e-16 2.8228802744444654
-0.4017377497224105 2.794147423507864
-0.7952972773764759 2.7085337886844285
-1.172666845911116 2.56778221668983
-1.5261642991549365 2.3747580036358618
-1.84859344836237 2.1333905658644365
-2.133390565864436 1.8485934483623707
-2.3747580036358604 1.526164299154938
-2.567782216689829 1.1726668459111171
-2.7085337886844285 0.7952972773764759
-2.7941474235078636 0.40173774972241094
-2.8228802744444654 1.5993137998268323e-15
-2.794147423507864 -0.4017377497224103
-2.708533788684429 -0.7952972773764752
-2.5677822166898294 -1.1726668459111165
-2.374758003635861 -1.5261642991549373
-2.133390565864437 -1.84859344836237
-1.8485934483623707 -2.133390565864436
-1.5261642991549371 -2.374758003635861
-1.1726668459111185 -2.5677822166898285
-0.7952972773764762 -2.7085337886844285
-0.4017377497224111 -2.7941474235078636
-5.185546938711925e-16 -2.8228802744444654
0.4017377497224101 -2.794147423507864
0.795297277376475 -2.708533788684429
1.1726668459111154 -2.56778221668983
1.5261642991549382 -2.3747580036358604
1.848593448362369 -2.133390565864438
2.133390565864435 -1.8485934483623718
2.374758003635861 -1.5261642991549371
2.5677822166898285 -1.1726668459111185
2.7085337886844285 -0.7952972773764763
2.7941474235078636 -0.40173774972241133
3.480238725818739 0.0
3.444814913679764 0.49528961141731775
3.339264603924151 0.9804965546434726
3.1657364964765664 1.4457434155356599
2.9277631231909025 1.8815591096672701
2.630188935688718 2.279071686294463
2.279071686294463 2.630188935688718
1.8815591096672706 2.9277631231909025
1.44574341553566 3.165736496476566
0.980496554643473 3.339264603924151
0.4952896114173177 3.444814913679764
9.858713937113454e-16 3.480238725818739
-0.4952896114173173 3.4448149136797643
-0.9804965546434726 3.339264603924151
-1.4457434155356597 3.1657364964765664
-1.881559109667269 2.9277631231909034
-2.2790716862944627 2.630188935688718
-2.6301889356887176 2.2790716862944636
-2.9277631231909025 1.881559109667271
-3.1657364964765655 1.445743415535661
-3.339264603924151 0.9804965546434726
-3.444814913679764 0.49528961141731787
-3.480238725818739 1.9717427874226907e-15
-3.4448149136797643 -0.495289611417317
-3.3392646039241516 -0.9804965546434716
-3.165736496476566 -1.4457434155356603
-2.9277631231909025 -1.8815591096672701
-2.6301889356887185 -2.2790716862944627
-2.2790716862944636 -2.6301889356887176
-1.88155910966727 -2.9277631231909025
-1.4457434155356625 -3.1657364964765646
-0.9804965546434729 -3.339264603924151
-0.4952896114173181 -3.444814913679764
-6.393094823763872e-16 -3.480238725818739
0.4952896114173168 -3.4448149136797643
0.9804965546434714 -3.3392646039241516
1.4457434155356588 -3.1657364964765664
1.8815591096672715 -2.927763123190902
2.2790716862944613 -2.6301889356887194
2.6301889356887163 -2.279071686294465
2.9277631231909025 -1.88155910966727
3.1657364964765646 -1.4457434155356628
3.339264603924151 -0.980496554643473
3.444814913679764 -0.49528961141731837
3.962278007632246 0.0
3.9219477306476587 0.5638909538499776
3.80177790783039 1.1163027140067985
3.6042148502318456 1.6459897700576378
3.333280371979921 2.142169221032634
2.9944899177413085 2.5947402841733145
2.5947402841733145 2.9944899177413085
2.1421692210326344 3.3332803719799204
1.645989770057638 3.604214850231845
1.116302714006799 3.80177790783039
0.5638909538499774 3.9219477306476587
1.1224220087767815e-15 3.962278007632246
-0.563890953849977 3.921947730647659
-1.1163027140067985 3.80177790783039
-1.6459897700576376 3.6042148502318456
-2.1421692210326326 3.3332803719799218
-2.594740284173314 2.9944899177413085
-2.994489917741308 2.594740284173315
-3.3332803719799204 2.142169221032635
-3.6042148502318447 1.6459897700576391
-3.80177790783039 1.1163027140067985
-3.9219477306476587 0.5638909538499777
-3.962278007632246 2.244844017553563e-15
-3.921947730647659 -0.5638909538499767
-3.8017779078303904 -1.1163027140067974
-3.604214850231845 -1.6459897700576382
-3.333280371979921 -2.142169221032634
-2.994489917741309 -2.594740284173314
-2.594740284173315 -2.994489917741308
-2.1421692210326335 -3.333280371979921
-1.645989770057641 -3.604214850231844
-1.1163027140067987 -3.80177790783039
-0.5638909538499779 -3.9219477306476587
-7.278586619068172e-16 -3.962278007632246
0.5638909538499765 -3.921947730647659
1.1163027140067971 -3.8017779078303904
1.6459897700576365 -3.604214850231846
2.1421692210326353 -3.33328037197992
2.5947402841733123 -2.9944899177413102
2.9944899177413067 -2.5947402841733163
3.333280371979921 -2.1421692210326335
3.604214850231844 -1.6459897700576411
3.80177790783039 -1.116302714006799
3.9219477306476587 -0.5638909538499782
4.6089049227429575 0.0
4.561992916121563 0.6559155586971117
4.422211889429136 1.2984785681234252
4.192407381273939 1.9146082984057238
3.8772575487405354 2.4917621250068804
3.483177933602236 3.0181908603914906
3.0181908603914906 3.483177933602236
2.491762125006881 3.877257548740535
1.914608298405724 4.192407381273939
1.2984785681234259 4.422211889429136
0.6559155586971116 4.561992916121563
1.305596505768074e-15 4.6089049227429575
-0.6559155586971112 4.5619929161215635
-1.2984785681234252 4.422211889429136
-1.9146082984057236 4.192407381273939
-2.4917621250068787 3.8772575487405363
-3.01819086039149 3.483177933602236
-3.483177933602235 3.018190860391491
-3.877257548740535 2.4917621250068813
-4.192407381273938 1.9146082984057253
-4.422211889429136 1.2984785681234252
-4.561992916121563 0.6559155586971119
-4.6089049227429575 2.611193011536148e-15
-4.5619929161215635 -0.6559155586971107
-4.4222118894291365 -1.298478568123424
-4.192407381273939 -1.9146082984057244
-3.8772575487405354 -2.4917621250068804
-3.4831779336022364 -3.01819086039149
-3.018190860391491 -3.483177933602235
-2.4917621250068795 -3.8772575487405354
-1.9146082984057273 -4.192407381273937
-1.2984785681234257 -4.422211889429136
-0.6559155586971122 -4.561992916121563
-8.466420991817462e-16 -4.6089049227429575
0.6559155586971105 -4.5619929161215635
1.2984785681234237 -4.4222118894291365
1.9146082984057222 -4.19240738127394
2.4917621250068818 -3.877257548740534
3.018190860391488 -3.4831779336022377
3.4831779336022337 -3.018190860391493
3.8772575487405354 -2.4917621250068795
4.192407381273937 -1.9146082984057278
4.422211889429136 -1.2984785681234259
4.561992916121563 -0.6559155586971125
4.259981318603926 0.0
4.216620851166375 0.6062585524043338
4.087422142929489 1.2001754289870092
3.875015307014662 1.769660194855643
3.5837243340703866 2.303119782435601
3.219479068292009 2.7896944928941703
2.7896944928941703 3.219479068292009
2.3031197824356013 3.583724334070386
1.7696601948556434 3.8750153070146616
1.2001754289870097 4.087422142929489
0.6062585524043336 4.216620851166375
1.2067544931902138e-15 4.259981318603926
-0.6062585524043331 4.216620851166375
-1.2001754289870092 4.087422142929489
-1.7696601948556427 3.875015307014662
-2.3031197824355996 3.5837243340703875
-2.78969449289417 3.219479068292009
-3.2194790682920087 2.789694492894171
-3.583724334070386 2.303119782435602
-3.875015307014661 1.7696601948556445
-4.087422142929489 1.2001754289870092
-4.216620851166375 0.6062585524043339
-4.259981318603926 2.4135089863804275e-15
-4.216620851166375 -0.6062585524043328
-4.087422142929489 -1.200175428987008
-3.8750153070146616 -1.7696601948556436
-3.5837243340703866 -2.303119782435601
-3.2194790682920096 -2.78969449289417
-2.789694492894171 -3.2194790682920087
-2.3031197824356004 -3.5837243340703866
-1.7696601948556463 -3.87501530701466
-1.2001754289870095 -4.087422142929489
-0.6062585524043341 -4.216620851166375
-7.825458729383728e-16 -4.259981318603926
0.6062585524043326 -4.216620851166375
1.2001754289870077 -4.087422142929489
1.7696601948556416 -3.8750153070146625
2.3031197824356022 -3.5837243340703857
2.789694492894168 -3.219479068292011
3.2194790682920074 -2.7896944928941725
3.5837243340703866 -2.3031197824356004
3.87501530701466 -1.7696601948556465
4.087422142929489 -1.2001754289870097
4.216620851166375 -0.6062585524043345
4.907032819459203 0.0
4.857086300714166 0.6983435821030388
4.708263511566842 1.3824709027310507
4.463594054834783 2.0384551024963278
4.1280586950886065 2.652942234793869
3.7084879646486684 3.213423113644655
3.213423113644655 3.7084879646486684
2.6529422347938696 4.128058695088606
2.038455102496328 4.4635940548347826
1.3824709027310513 4.708263511566842
0.6983435821030387 4.857086300714166
1.3900492655340674e-15 4.907032819459203
-0.6983435821030382 4.857086300714167
-1.3824709027310507 4.708263511566842
-2.0384551024963278 4.463594054834783
-2.6529422347938674 4.128058695088607
-3.2134231136446547 3.7084879646486684
-3.708487964648668 3.2134231136446556
-4.128058695088606 2.65294223479387
-4.463594054834782 2.0384551024963296
-4.708263511566842 1.3824709027310507
-4.857086300714166 0.698343582103039
-4.907032819459203 2.780098531068135e-15
-4.857086300714167 -0.6983435821030378
-4.708263511566842 -1.3824709027310493
-4.4635940548347826 -2.0384551024963287
-4.1280586950886065 -2.652942234793869
-3.708487964648669 -3.2134231136446547
-3.2134231136446556 -3.708487964648668
-2.6529422347938687 -4.1280586950886065
-2.0384551024963318 -4.463594054834781
-1.382470902731051 -4.708263511566842
-0.6983435821030393 -4.857086300714166
-9.014073053492586e-16 -4.907032819459203
0.6983435821030375 -4.857086300714167
1.3824709027310491 -4.708263511566842
2.0384551024963264 -4.463594054834783
2.6529422347938705 -4.128058695088605
3.2134231136446525 -3.7084879646486706
3.708487964648666 -3.2134231136446574
4.1280586950886065 -2.6529422347938687
4.463594054834781 -2.0384551024963318
4.708263511566842 -1.3824709027310513
4.857086300714166 -0.6983435821030397
5.456926710057613 0.0
5.401383064387801 0.7766016422110191
5.235882835829555 1.5373939145208222
4.963795131773074 2.2668892802089244
4.590658873236801 2.9502373173208323
4.124070038408424 3.5735270304339584
3.5735270304339584 4.124070038408424
2.950237317320833 4.590658873236801
2.2668892802089244 4.9637951317730735
1.5373939145208229 5.235882835829555
0.776601642211019 5.401383064387801
1.5458215268722812e-15 5.456926710057613
-0.7766016422110184 5.401383064387801
-1.5373939145208222 5.235882835829555
-2.266889280208924 4.963795131773074
-2.9502373173208305 4.590658873236803
-3.573527030433958 4.124070038408424
-4.124070038408424 3.573527030433959
-4.590658873236801 2.9502373173208336
-4.963795131773073 2.266889280208926
-5.235882835829555 1.5373939145208222
-5.401383064387801 0.7766016422110193
-5.456926710057613 3.0916430537445623e-15
-5.401383064387801 -0.7766016422110179
-5.235882835829556 -1.5373939145208206
-4.9637951317730735 -2.266889280208925
-4.590658873236801 -2.9502373173208323
-4.124070038408425 -3.573527030433958
-3.573527030433959 -4.124070038408424
-2.950237317320832 -4.590658873236801
-2.2668892802089284 -4.963795131773072
-1.5373939145208226 -5.235882835829555
-0.7766016422110196 -5.401383064387801
-1.0024211742980627e-15 -5.456926710057613
0.7766016422110177 -5.401383064387801
1.5373939145208204 -5.235882835829556
2.2668892802089227 -4.963795131773074
2.950237317320834 -4.5906588732368006
3.5735270304339553 -4.124070038408426
4.124070038408421 -3.5735270304339606
4.590658873236801 -2.950237317320832
4.963795131773072 -2.266889280208929
5.235882835829555 -1.5373939145208229
5.401383064387801 -0.77660164221102
5.2550887858634345 0.0
5.201599559235665 0.7478771106719091
5.042220765756306 1.4805296000700296
4.78019689805011 2.183042776305526
4.420862006449137 2.841115496990951
3.9715311131101267 3.441351299258166
3.441351299258166 3.9715311131101267
2.8411154969909513 4.420862006449137
2.1830427763055265 4.780196898050109
1.4805296000700303 5.042220765756306
0.7478771106719089 5.201599559235665
1.4886454963451491e-15 5.2550887858634345
-0.7478771106719083 5.201599559235666
-1.4805296000700296 5.042220765756306
-2.1830427763055256 4.78019689805011
-2.841115496990949 4.420862006449138
-3.4413512992581654 3.9715311131101267
-3.971531113110126 3.4413512992581663
-4.420862006449137 2.8411154969909522
-4.780196898050108 2.183042776305528
-5.042220765756306 1.4805296000700296
-5.201599559235665 0.7478771106719092
-5.2550887858634345 2.9772909926902982e-15
-5.201599559235666 -0.7478771106719079
-5.042220765756306 -1.4805296000700283
-4.780196898050109 -2.1830427763055265
-4.420862006449137 -2.841115496990951
-3.971531113110127 -3.4413512992581654
-3.4413512992581663 -3.971531113110126
-2.8411154969909505 -4.420862006449137
-2.18304277630553 -4.780196898050107
-1.48052960007003 -5.042220765756306
-0.7478771106719095 -5.201599559235665
-9.653441491264208e-16 -5.2550887858634345
0.7478771106719077 -5.201599559235666
1.4805296000700279 -5.042220765756306
2.1830427763055242 -4.78019689805011
2.8411154969909527 -4.420862006449136
3.441351299258163 -3.971531113110129
3.971531113110124 -3.441351299258168
4.420862006449137 -2.8411154969909505
4.780196898050107 -2.1830427763055305
5.042220765756306 -1.4805296000700303
5.201599559235665 -0.74787711067191
6.088594291452996 0.0
6.02662118059402 0.8664973118997802
5.841963441838488 1.7153552373011853
5.538380174238519 2.5292934767471573
5.122051457660595 3.291742594886632
4.6014525441813685 3.987181326395982
3.987181326395982 4.6014525441813685
3.291742594886633 5.122051457660595
2.5292934767471578 5.538380174238518
1.715355237301186 5.841963441838488
0.8664973118997801 6.02662118059402
1.7247583895112194e-15 6.088594291452996
-0.8664973118997794 6.02662118059402
-1.7153552373011853 5.841963441838488
-2.529293476747157 5.538380174238519
-3.2917425948866303 5.122051457660596
-3.987181326395981 4.6014525441813685
-4.601452544181368 3.9871813263959823
-5.122051457660595 3.2917425948866335
-5.538380174238517 2.5292934767471595
-5.841963441838488 1.7153552373011853
-6.02662118059402 0.8664973118997804
-6.088594291452996 3.4495167790224387e-15
-6.02662118059402 -0.8664973118997789
-5.841963441838489 -1.7153552373011836
-5.538380174238518 -2.529293476747158
-5.122051457660595 -3.291742594886632
-4.6014525441813685 -3.987181326395981
-3.9871813263959823 -4.601452544181368
-3.2917425948866317 -5.122051457660595
-2.529293476747162 -5.538380174238516
-1.7153552373011856 -5.841963441838488
-0.8664973118997807 -6.02662118059402
-1.1184566265502137e-15 -6.088594291452996
0.8664973118997785 -6.02662118059402
1.7153552373011833 -5.841963441838489
2.529293476747155 -5.53838017423852
3.2917425948866343 -5.122051457660594
3.9871813263959783 -4.601452544181371
4.601452544181366 -3.9871813263959845
5.122051457660595 -3.2917425948866317
5.538380174238516 -2.529293476747162
5.841963441838488 -1.715355237301186
6.02662118059402 -0.8664973118997812
5.095659263210374 0.0
5.043792799244823 0.7251879239395517
4.88924925898398 1.4356131130169743
4.6351747032407875 2.1168133590797202
4.286741357279661 2.7549213895372446
3.851042319225573 3.3369471650410363
3.3369471650410363 3.851042319225573
2.754921389537245 4.28674135727966
2.1168133590797207 4.6351747032407875
1.435613113016975 4.88924925898398
0.7251879239395516 5.043792799244823
1.443482788243931e-15 5.095659263210374
-0.725187923939551 5.043792799244824
-1.4356131130169743 4.88924925898398
-2.11681335907972 4.6351747032407875
-2.754921389537243 4.286741357279662
-3.3369471650410354 3.851042319225573
-3.8510423192255727 3.3369471650410367
-4.28674135727966 2.7549213895372455
-4.635174703240787 2.116813359079722
-4.88924925898398 1.4356131130169743
-5.043792799244823 0.7251879239395518
-5.095659263210374 2.886965576487862e-15
-5.043792799244824 -0.7251879239395506
-4.889249258983981 -1.435613113016973
-4.6351747032407875 -2.1168133590797207
-4.286741357279661 -2.7549213895372446
-3.851042319225574 -3.3369471650410354
-3.3369471650410367 -3.8510423192255727
-2.7549213895372437 -4.286741357279661
-2.1168133590797242 -4.635174703240786
-1.4356131130169745 -4.88924925898398
-0.7251879239395521 -5.043792799244823
-9.360574209354215e-16 -5.095659263210374
0.7251879239395502 -5.043792799244824
1.4356131130169727 -4.889249258983981
2.1168133590797185 -4.635174703240788
2.754921389537246 -4.286741357279659
3.336947165041033 -3.851042319225576
3.851042319225571 -3.3369471650410385
4.286741357279661 -2.7549213895372437
4.635174703240786 -2.1168133590797247
4.88924925898398 -1.435613113016975
5.043792799244823 -0.7251879239395526
5.626984806925848 0.0
5.569710215033445 0.8008034327638847
5.39905238488088 1.5853048169630977
5.118485417753519 2.3375339667305184
4.733720848013752 3.0421776658266184
4.252591372732088 3.6848914005624294
3.6848914005624294 4.252591372732088
3.042177665826619 4.733720848013752
2.337533966730519 5.118485417753519
1.5853048169630983 5.39905238488088
0.8008034327638845 5.569710215033445
1.5939950650056299e-15 5.626984806925848
-0.8008034327638839 5.569710215033445
-1.5853048169630977 5.39905238488088
-2.337533966730518 5.118485417753519
-3.0421776658266166 4.733720848013753
-3.6848914005624285 4.252591372732088
-4.252591372732088 3.68489140056243
-4.733720848013752 3.0421776658266197
-5.118485417753518 2.33753396673052
-5.39905238488088 1.5853048169630977
-5.569710215033445 0.8008034327638849
-5.626984806925848 3.1879901300112597e-15
-5.569710215033445 -0.8008034327638834
-5.399052384880881 -1.585304816963096
-5.118485417753519 -2.337533966730519
-4.733720848013752 -3.0421776658266184
-4.2525913727320885 -3.6848914005624285
-3.68489140056243 -4.252591372732088
-3.0421776658266175 -4.733720848013752
-2.337533966730523 -5.118485417753517
-1.5853048169630979 -5.39905238488088
-0.8008034327638852 -5.569710215033445
-1.033660339897879e-15 -5.626984806925848
0.8008034327638831 -5.569710215033445
1.5853048169630959 -5.399052384880881
2.3375339667305166 -5.1184854177535195
3.04217766582662 -4.733720848013751
3.6848914005624263 -4.25259137273209
4.252591372732085 -3.6848914005624316
4.733720848013752 -3.0421776658266175
5.118485417753517 -2.337533966730523
5.39905238488088 -1.5853048169630983
5.569710215033445 -0.8008034327638857
5.885469487758096 0.0
5.825563894518953 0.8375896383126478
5.647066619926408 1.6581283669983078
5.3536113537475325 2.444912383779235
4.95117199894662 3.181925034971514
4.447941060248155 3.8541628683658478
3.8541628683658478 4.447941060248155
3.1819250349715147 4.95117199894662
2.444912383779235 5.353611353747532
1.6581283669983082 5.647066619926408
0.8375896383126475 5.825563894518953
1.667217815690691e-15 5.885469487758096
-0.837589638312647 5.825563894518953
-1.6581283669983078 5.647066619926408
-2.4449123837792346 5.3536113537475325
-3.181925034971512 4.951171998946622
-3.854162868365847 4.447941060248155
-4.447941060248155 3.854162868365848
-4.95117199894662 3.181925034971515
-5.353611353747531 2.444912383779237
-5.647066619926408 1.6581283669983078
-5.825563894518953 0.8375896383126479
-5.885469487758096 3.334435631381382e-15
-5.825563894518953 -0.8375896383126464
-5.647066619926409 -1.658128366998306
-5.353611353747532 -2.4449123837792355
-4.95117199894662 -3.181925034971514
-4.447941060248156 -3.854162868365847
-3.854162868365848 -4.447941060248155
-3.1819250349715134 -4.95117199894662
-2.4449123837792395 -5.35361135374753
-1.658128366998308 -5.647066619926408
-0.8375896383126482 -5.825563894518953
-1.0811432054493546e-15 -5.885469487758096
0.8375896383126461 -5.825563894518953
1.6581283669983058 -5.647066619926409
2.444912383779233 -5.3536113537475325
3.181925034971516 -4.951171998946619
3.8541628683658447 -4.447941060248158
4.447941060248152 -3.8541628683658504
4.95117199894662 -3.1819250349715134
5.35361135374753 -2.44491238377924
5.647066619926408 -1.6581283669983082
5.825563894518953 -0.8375896383126488
5.782022102719206 0.0
5.723169454700947 0.8228675404410439
5.5478095808428 1.6289838707127413
5.2595123024804 2.4019387869782935
4.864146520820507 3.1259971561604445
4.369760743036953 3.78641923787456
3.78641923787456 4.369760743036953
3.1259971561604454 4.864146520820507
2.4019387869782935 5.259512302480399
1.628983870712742 5.5478095808428
0.8228675404410437 5.723169454700947
1.6379135565008011e-15 5.782022102719206
-0.8228675404410432 5.7231694547009475
-1.6289838707127413 5.5478095808428
-2.401938786978293 5.2595123024804
-3.1259971561604427 4.864146520820508
-3.786419237874559 4.369760743036953
-4.369760743036952 3.7864192378745605
-4.864146520820507 3.125997156160446
-5.259512302480399 2.4019387869782953
-5.5478095808428 1.6289838707127413
-5.723169454700947 0.822867540441044
-5.782022102719206 3.2758271130016023e-15
-5.7231694547009475 -0.8228675404410426
-5.5478095808428005 -1.6289838707127398
-5.259512302480399 -2.401938786978294
-4.864146520820507 -3.1259971561604445
-4.369760743036954 -3.786419237874559
-3.7864192378745605 -4.369760743036952
-3.125997156160444 -4.864146520820507
-2.401938786978298 -5.259512302480397
-1.6289838707127418 -5.5478095808428
-0.8228675404410444 -5.723169454700947
-1.0621402291041485e-15 -5.782022102719206
0.8228675404410423 -5.7231694547009475
1.6289838707127395 -5.5478095808428005
2.4019387869782913 -5.259512302480401
3.1259971561604467 -4.864146520820506
3.7864192378745565 -4.369760743036956
4.3697607430369505 -3.7864192378745622
4.864146520820507 -3.125997156160444
5.259512302480397 -2.401938786978298
5.5478095808428 -1.628983870712742
5.723169454700947 -0.8228675404410448
6.290827778262981 0.0
6.2267962221048885 0.8952781378685859
6.036005051462229 1.7723309946191201
5.7223382243729874 2.6133043032997443
5.292181092896263 3.401078272512479
4.7542904157581924 4.119616095996683
4.119616095996683 4.7542904157581924
3.4010782725124797 5.292181092896263
2.6133043032997447 5.7223382243729874
1.7723309946191208 6.036005051462229
0.8952781378685857 6.2267962221048885
1.782046473807667e-15 6.290827778262981
-0.895278137868585 6.226796222104889
-1.7723309946191201 6.036005051462229
-2.613304303299744 5.7223382243729874
-3.4010782725124766 5.292181092896265
-4.119616095996682 4.7542904157581924
-4.754290415758192 4.119616095996684
-5.292181092896263 3.40107827251248
-5.722338224372987 2.6133043032997465
-6.036005051462229 1.7723309946191201
-6.2267962221048885 0.895278137868586
-6.290827778262981 3.564092947615334e-15
-6.226796222104889 -0.8952781378685845
-6.03600505146223 -1.7723309946191184
-5.7223382243729874 -2.613304303299745
-5.292181092896263 -3.401078272512479
-4.754290415758193 -4.119616095996682
-4.119616095996684 -4.754290415758192
-3.401078272512478 -5.292181092896263
-2.613304303299749 -5.722338224372985
-1.7723309946191206 -6.036005051462229
-0.8952781378685865 -6.2267962221048885
-1.1556063153955523e-15 -6.290827778262981
0.8952781378685841 -6.226796222104889
1.772330994619118 -6.03600505146223
2.6133043032997425 -5.722338224372988
3.401078272512481 -5.2921810928962625
4.11961609599668 -4.754290415758195
4.75429041575819 -4.119616095996686
5.292181092896263 -3.401078272512478
5.722338224372985 -2.6133043032997496
6.036005051462229 -1.7723309946191208
6.2267962221048885 -0.8952781378685869
-4.1555827654426585 -0.0
-4.113284924746006 -0.5914010891952229
-3.987252464715733 -1.1707629576743392
-3.7800510427904532 -1.726291468536777
-3.4958986824010063 -2.2466776633133114
-3.1405799061771806 -2.721327979748157
-2.721327979748157 -3.1405799061771806
-2.246677663313312 -3.495898682401006
-1.7262914685367772 -3.780051042790453
-1.1707629576743397 -3.987252464715733
-0.5914010891952228 -4.113284924746006
-1.177180790000547e-15 -4.1555827654426585
0.5914010891952224 -4.113284924746006
1.1707629576743392 -3.987252464715733
1.7262914685367767 -3.7800510427904532
2.24667766331331 -3.495898682401007
2.7213279797481564 -3.1405799061771806
3.14057990617718 -2.7213279797481573
3.495898682401006 -2.2466776633133123
3.7800510427904523 -1.7262914685367783
3.987252464715733 -1.1707629576743392
4.113284924746006 -0.591401089195223
4.1555827654426585 -2.354361580001094e-15
4.113284924746006 0.591401089195222
3.9872524647157332 1.1707629576743381
3.780051042790453 1.7262914685367774
3.4958986824010063 2.2466776633133114
3.140579906177181 2.7213279797481564
2.7213279797481573 3.14057990617718
2.246677663313311 3.4958986824010063
1.72629146853678 3.7800510427904515
1.1707629576743395 3.987252464715733
0.5914010891952233 4.113284924746006
7.633681698436886e-16 4.1555827654426585
-0.5914010891952218 4.113284924746006
-1.170762957674338 3.9872524647157332
-1.7262914685367756 3.7800510427904537
-2.246677663313313 3.4958986824010054
-2.7213279797481547 3.1405799061771824
-3.140579906177179 2.7213279797481587
-3.4958986824010063 2.246677663313311
-3.7800510427904515 1.7262914685367803
-3.987252464715733 1.1707629576743397
-4.113284924746006 0.5914010891952237
0.4686789279503468 0.0
0.4639084522430221 0.06669996583335026
0.449694138249533 0.13204211270915142
0.4263253484120906 0.1946962629482035
0.3942778039017599 0.25338695873128864
0.3542039003072847 0.30691942674225353
0.30691942674225353 0.3542039003072847
0.2533869587312887 0.39427780390175987
0.19469626294820352 0.4263253484120905
0.13204211270915145 0.449694138249533
0.06669996583335025 0.4639084522430221
1.3276593484053224e-16 0.4686789279503468
-0.06669996583335021 0.46390845224302213
-0.13204211270915142 0.449694138249533
-0.19469626294820347 0.4263253484120906
-0.25338695873128847 0.39427780390176
-0.3069194267422535 0.3542039003072847
-0.35420390030728466 0.3069194267422536
-0.39427780390175987 0.25338695873128875
-0.42632534841209047 0.19469626294820366
-0.449694138249533 0.13204211270915142
-0.4639084522430221 0.06669996583335028
-0.4686789279503468 2.655318696810645e-16
-0.46390845224302213 -0.06669996583335017
-0.4496941382495331 -0.13204211270915128
-0.4263253484120905 -0.19469626294820355
-0.3942778039017599 -0.25338695873128864
-0.35420390030728477 -0.3069194267422535
-0.3069194267422536 -0.35420390030728466
-0.2533869587312886 -0.3942778039017599
-0.19469626294820386 -0.42632534841209035
-0.13204211270915142 -0.449694138249533
-0.0666999658333503 -0.4639084522430221
-8.609492234133077e-17 -0.4686789279503468
0.06669996583335014 -0.46390845224302213
0.13204211270915125 -0.4496941382495331
0.19469626294820333 -0.42632534841209063
0.25338695873128875 -0.3942778039017598
0.30691942674225325 -0.3542039003072849
0.3542039003072845 -0.3069194267422537
0.3942778039017599 -0.2533869587312886
0.42632534841209035 -0.19469626294820389
0.449694138249533 -0.13204211270915145
0.4639084522430221 -0.06669996583335035
5.711311334143403 0.0
5.653178419792736 0.8128043488469988
5.479963095235436 1.6090623450856578
5.195191524967741 2.372564472131003
4.804660836946905 3.087768028434709
4.3163211097835275 3.7401135320671743
3.7401135320671743 4.3163211097835275
3.0877680284347093 4.804660836946904
2.3725644721310033 5.19519152496774
1.6090623450856585 5.479963095235436
0.8128043488469986 5.653178419792736
1.6178828260083613e-15 5.711311334143403
-0.812804348846998 5.653178419792737
-1.6090623450856578 5.479963095235436
-2.3725644721310024 5.195191524967741
-3.087768028434707 4.804660836946906
-3.7401135320671735 4.3163211097835275
-4.3163211097835275 3.740113532067175
-4.804660836946904 3.08776802843471
-5.195191524967739 2.3725644721310046
-5.479963095235436 1.6090623450856578
-5.653178419792736 0.8128043488469989
-5.711311334143403 3.2357656520167226e-15
-5.653178419792737 -0.8128043488469975
-5.479963095235436 -1.6090623450856563
-5.19519152496774 -2.3725644721310033
-4.804660836946905 -3.087768028434709
-4.316321109783528 -3.7401135320671735
-3.740113532067175 -4.3163211097835275
-3.0877680284347084 -4.804660836946905
-2.3725644721310073 -5.195191524967738
-1.609062345085658 -5.479963095235436
-0.8128043488469993 -5.653178419792736
-1.0491508716439076e-15 -5.711311334143403
0.8128043488469973 -5.653178419792737
1.6090623450856558 -5.479963095235436
2.372564472131001 -5.195191524967741
3.0877680284347107 -4.804660836946903
3.7401135320671712 -4.31632110978353
4.316321109783525 -3.740113532067177
4.804660836946905 -3.0877680284347084
5.195191524967738 -2.3725644721310077
5.479963095235436 -1.6090623450856585
5.653178419792736 -0.8128043488469997
5.970825873348941 0.0
5.9100514751782285 0.8497371185236011
5.728965472153954 1.6821760397535594
5.431254253088783 2.48037070780925
5.02297835987462 3.228072181052404
4.512449112326855 3.9100594136807856
3.9100594136807856 4.512449112326855
3.2280721810524042 5.022978359874619
2.4803707078092505 5.431254253088782
1.6821760397535601 5.728965472153954
0.8497371185236009 5.9100514751782285
1.6913973118270698e-15 5.970825873348941
-0.8497371185236002 5.9100514751782285
-1.6821760397535594 5.728965472153954
-2.4803707078092496 5.431254253088783
-3.2280721810524016 5.022978359874621
-3.9100594136807847 4.512449112326855
-4.512449112326854 3.910059413680786
-5.022978359874619 3.228072181052405
-5.431254253088781 2.480370707809252
-5.728965472153954 1.6821760397535594
-5.9100514751782285 0.8497371185236012
-5.970825873348941 3.3827946236541396e-15
-5.9100514751782285 -0.8497371185235998
-5.728965472153955 -1.682176039753558
-5.431254253088782 -2.4803707078092505
-5.02297835987462 -3.228072181052404
-4.5124491123268555 -3.9100594136807847
-3.910059413680786 -4.512449112326854
-3.228072181052403 -5.02297835987462
-2.4803707078092545 -5.43125425308878
-1.68217603975356 -5.728965472153954
-0.8497371185236016 -5.9100514751782285
-1.096822919109447e-15 -5.970825873348941
0.8497371185235995 -5.9100514751782285
1.6821760397535575 -5.728965472153955
2.480370707809248 -5.431254253088783
3.2280721810524056 -5.022978359874618
3.910059413680782 -4.512449112326857
4.512449112326852 -3.9100594136807882
5.02297835987462 -3.228072181052403
5.43125425308878 -2.480370707809255
5.728965472153954 -1.6821760397535601
5.9100514751782285 -0.8497371185236021
1.0 0.5 0.4 0.32000000000000006 0.25600000000000006 0.20480000000000007 0.16384000000000007 0.13107200000000005 0.10485760000000005 0.08388608000000004 0.06710886400000003 0.05368709120000003 0.042949672960000025 0.03435973836800002 0.027487790694400018 0.021990232555520017 0.017592186044416015 0.014073748835532814 0.011258999068426251 0.009007199254741001 