0.0 0.0
2.047246050941158 0.0
2.031102904346731 0.25658796746620766
1.9829280516286931 0.5091293894072512
1.90348123899267 0.7536415367381871
1.7940153901331564 0.9862683068311302
1.656256846878396 1.2033410365572177
1.492378143748481 1.4014363592957062
1.3049637457881622 1.5774301934706
1.096969290009208 1.7285470111833405
0.8716749732291188 1.8524036099457863
0.6326338214078172 1.947046697207108
0.38361565630578776 2.0109836949441546
0.12854764314293077 2.0432062785085026
-0.12854764314293052 2.0432062785085026
-0.3836156563057875 2.010983694944155
-0.6326338214078164 1.9470466972071083
-0.8716749732291189 1.8524036099457861
-1.0969692900092087 1.7285470111833403
-1.3049637457881622 1.5774301934706
-1.4923781437484807 1.4014363592957066
-1.6562568468783958 1.203341036557218
-1.7940153901331564 0.98626830683113
-1.9034812389926699 0.7536415367381876
-1.982928051628693 0.509129389407252
-2.031102904346731 0.25658796746620827
-2.047246050941158 2.507153323352148e-16
-2.031102904346731 -0.2565879674662077
-1.9829280516286933 -0.5091293894072506
-1.90348123899267 -0.7536415367381871
-1.7940153901331561 -0.9862683068311303
-1.6562568468783967 -1.2033410365572168
-1.4923781437484815 -1.4014363592957058
-1.3049637457881618 -1.5774301934706003
-1.0969692900092076 -1.728547011183341
-0.8716749732291178 -1.8524036099457868
-0.6326338214078174 -1.947046697207108
-0.38361565630578753 -2.010983694944155
-0.1285476431429301 -2.0432062785085026
0.12854764314292935 -2.0432062785085026
0.3836156563057868 -2.010983694944155
0.6326338214078167 -1.9470466972071083
0.8716749732291171 -1.852403609945787
1.0969692900092085 -1.7285470111833403
1.3049637457881613 -1.5774301934706008
1.4923781437484804 -1.4014363592957069
1.6562568468783958 -1.2033410365572181
1.7940153901331555 -0.9862683068311319
1.90348123899267 -0.753641536738187
1.982928051628693 -0.5091293894072523
2.031102904346731 -0.2565879674662085
3.1770323633988835 0.0
3.151980514279913 0.3981877392432258
3.077220049548856 0.7900958199727603
2.95392998639426 1.169543617640959
2.784054682761985 1.5305470138074682
2.5702731736689004 1.867412769261765
2.3159569212202875 2.1748283098064873
2.0251166446384254 2.4479455087261033
1.7023390688245703 2.682457144641343
1.3527145889672851 2.874664828963364
0.9817569919694588 3.0215373316911003
0.5953165007350748 3.1207583857191574
0.1994875126592587 3.1707632157537273
-0.19948751265925832 3.1707632157537273
-0.5953165007350744 3.1207583857191574
-0.9817569919694578 3.0215373316911007
-1.3527145889672854 2.8746648289633634
-1.7023390688245714 2.682457144641343
-2.0251166446384254 2.4479455087261033
-2.3159569212202866 2.1748283098064882
-2.5702731736689004 1.8674127692617652
-2.784054682761985 1.5305470138074677
-2.9539299863942596 1.1695436176409597
-3.077220049548856 0.7900958199727617
-3.151980514279913 0.3981877392432267
-3.1770323633988835 3.890742514623993e-16
-3.151980514279913 -0.3981877392432259
-3.0772200495488566 -0.7900958199727596
-2.95392998639426 -1.169543617640959
-2.784054682761985 -1.5305470138074684
-2.5702731736689017 -1.8674127692617635
-2.315956921220288 -2.174828309806487
-2.0251166446384246 -2.4479455087261037
-1.7023390688245696 -2.682457144641344
-1.3527145889672836 -2.8746648289633643
-0.9817569919694591 -3.0215373316911003
-0.5953165007350744 -3.1207583857191574
-0.19948751265925768 -3.1707632157537273
0.1994875126592565 -3.1707632157537273
0.5953165007350733 -3.1207583857191574
0.9817569919694581 -3.0215373316911007
1.3527145889672825 -2.8746648289633647
1.7023390688245712 -2.682457144641343
2.025116644638424 -2.4479455087261046
2.315956921220286 -2.1748283098064887
2.5702731736689004 -1.8674127692617657
2.7840546827619836 -1.5305470138074706
2.95392998639426 -1.1695436176409588
3.077220049548856 -0.790095819972762
3.151980514279913 -0.3981877392432271
3.97737622037606 0.0
3.946013420893702 0.49849742280150244
3.852419632529691 0.989133243457499
3.6980708852367488 1.464169841984612
3.4854013509631554 1.9161156074509607
3.217764955307029 2.337843085155826
2.8993824841060984 2.722701380848018
2.535275019123672 3.0646210493012704
2.131184752589779 3.358209813091164
1.693484429399485 3.598837602031308
1.2290768451189986 3.7827095721460404
0.7452859847760673 3.906925952626863
0.24974151924095023 3.9695277769503234
-0.24974151924094973 3.9695277769503234
-0.7452859847760668 3.9069259526268634
-1.2290768451189973 3.782709572146041
-1.6934844293994853 3.5988376020313075
-2.1311847525897805 3.3582098130911637
-2.535275019123672 3.0646210493012704
-2.8993824841060976 2.7227013808480187
-3.2177649553070284 2.3378430851558263
-3.4854013509631554 1.9161156074509602
-3.6980708852367483 1.464169841984613
-3.8524196325296907 0.9891332434575008
-3.9460134208937014 0.49849742280150355
-3.97737622037606 4.87088105728834e-16
-3.946013420893702 -0.49849742280150255
-3.8524196325296916 -0.9891332434574981
-3.6980708852367488 -1.464169841984612
-3.485401350963155 -1.9161156074509609
-3.21776495530703 -2.337843085155824
-2.8993824841060993 -2.722701380848017
-2.535275019123671 -3.064621049301271
-2.1311847525897782 -3.358209813091165
-1.6934844293994833 -3.598837602031309
-1.229076845118999 -3.7827095721460404
-0.7452859847760669 -3.9069259526268634
-0.24974151924094895 -3.9695277769503234
0.24974151924094745 -3.9695277769503234
0.7452859847760654 -3.9069259526268634
1.2290768451189977 -3.782709572146041
1.693484429399482 -3.5988376020313093
2.13118475258978 -3.3582098130911637
2.53527501912367 -3.0646210493012718
2.899382484106097 -2.722701380848019
3.2177649553070284 -2.3378430851558267
3.4854013509631536 -1.9161156074509638
3.6980708852367488 -1.4641698419846119
3.8524196325296907 -0.9891332434575012
3.9460134208937014 -0.498497422801504
4.622756694331792 0.0
4.586304877046489 0.5793850444816375
4.477524292124428 1.1496328407039504
4.298130474372203 1.7017502402709912
4.050952571460438 2.227030021972641
3.739888726574974 2.7171882098645312
3.369844602370188 3.1644947165172996
2.946656015738435 3.561895251113077
2.476996903491505 3.903122569825715
1.9682740703902875 4.1827953139997955
1.428510379409078 4.396502877391294
0.8662182263938505 4.540874964062817
0.29026529449470523 4.6136347399638495
-0.2902652944947046 4.6136347399638495
-0.8662182263938498 4.540874964062817
-1.4285103794090765 4.396502877391295
-1.9682740703902877 4.182795313999795
-2.4769969034915063 3.9031225698257144
-2.946656015738435 3.561895251113077
-3.369844602370187 3.1644947165173005
-3.7398887265749736 2.717188209864532
-4.050952571460438 2.22703002197264
-4.298130474372202 1.7017502402709923
-4.477524292124428 1.1496328407039524
-4.586304877046488 0.5793850444816389
-4.622756694331792 5.661244188950428e-16
-4.586304877046489 -0.5793850444816376
-4.4775242921244285 -1.1496328407039496
-4.298130474372203 -1.7017502402709912
-4.050952571460438 -2.227030021972641
-3.7398887265749754 -2.7171882098645295
-3.3698446023701893 -3.1644947165172987
-2.946656015738434 -3.5618952511130777
-2.476996903491504 -3.9031225698257157
-1.9682740703902852 -4.182795313999796
-1.4285103794090785 -4.396502877391294
-0.8662182263938499 -4.540874964062817
-0.29026529449470373 -4.6136347399638495
0.290265294494702 -4.6136347399638495
0.8662182263938483 -4.540874964062817
1.428510379409077 -4.396502877391295
1.9682740703902837 -4.182795313999797
2.476996903491506 -3.9031225698257144
2.946656015738433 -3.5618952511130786
3.3698446023701867 -3.164494716517301
3.7398887265749736 -2.7171882098645326
4.050952571460436 -2.2270300219726447
4.298130474372203 -1.701750240270991
4.477524292124428 -1.149632840703953
4.586304877046488 -0.5793850444816393
5.211082680379691 0.0
5.169991736969945 0.6531218427029284
5.0473669354648205 1.2959435637903542
4.845142142236559 1.918327480717646
4.5665065630776045 2.5104582273207305
4.2158544475201225 3.0629975480039136
3.798715788895873 3.5672315676090305
3.3216691130379186 4.015208214432107
2.792237730998408 4.399862629144464
2.2187710919390846 4.71512858184468
1.610313107330277 4.95603414012792
0.9764595230644485 5.118780079430052
0.3272065888112484 5.200799799068571
-0.3272065888112478 5.200799799068571
-0.9764595230644477 5.118780079430052
-1.6103131073302752 4.95603414012792
-2.218771091939085 4.71512858184468
-2.79223773099841 4.399862629144464
-3.3216691130379186 4.015208214432107
-3.7987157888958722 3.567231567609032
-4.215854447520122 3.062997548003914
-4.5665065630776045 2.51045822732073
-4.845142142236559 1.9183274807176471
-5.04736693546482 1.2959435637903567
-5.169991736969945 0.6531218427029298
-5.211082680379691 6.381735724619198e-16
-5.169991736969945 -0.6531218427029286
-5.047366935464821 -1.2959435637903531
-4.845142142236559 -1.918327480717646
-4.566506563077604 -2.510458227320731
-4.215854447520124 -3.0629975480039113
-3.7987157888958745 -3.5672315676090296
-3.3216691130379172 -4.015208214432108
-2.792237730998407 -4.399862629144466
-2.218771091939082 -4.715128581844682
-1.6103131073302774 -4.95603414012792
-0.9764595230644479 -5.118780079430052
-0.32720658881124676 -5.200799799068571
0.3272065888112448 -5.200799799068571
0.976459523064446 -5.118780079430052
1.6103131073302759 -4.95603414012792
2.21877109193908 -4.715128581844682
2.7922377309984094 -4.399862629144464
3.3216691130379163 -4.015208214432109
3.798715788895872 -3.5672315676090323
4.215854447520122 -3.062997548003915
4.566506563077602 -2.5104582273207345
4.845142142236559 -1.9183274807176458
5.04736693546482 -1.2959435637903571
5.169991736969945 -0.6531218427029305
1.0 0.5 0.4 0.32000000000000006 0.25600000000000006 0.20480000000000007 