0.0 0.0
1.581305311165848 0.0
1.527423639303164 0.4092719306514892
1.3694505706088809 0.7906526555829239
1.1181517086516748 1.1181517086516746
0.7906526555829242 1.3694505706088809
0.4092719306514892 1.527423639303164
9.682702438969825e-17 1.581305311165848
-0.40927193065148904 1.527423639303164
-0.7906526555829236 1.3694505706088809
-1.1181517086516746 1.1181517086516748
-1.3694505706088809 0.7906526555829239
-1.5274236393031637 0.40927193065148965
-1.581305311165848 1.936540487793965e-16
-1.527423639303164 -0.40927193065148926
-1.369450570608881 -0.7906526555829235
-1.1181517086516752 -1.1181517086516741
-0.7906526555829246 -1.3694505706088804
-0.40927193065148904 -1.527423639303164
-2.9048107316909475e-16 -1.581305311165848
0.4092719306514885 -1.5274236393031642
0.7906526555829242 -1.3694505706088809
1.1181517086516743 -1.118151708651675
1.3694505706088804 -0.7906526555829246
1.5274236393031635 -0.4092719306514905
2.5923043787440703 0.0
2.503973749031136 0.6709377439216235
2.245001446334002 1.296152189372035
1.8330360051095125 1.8330360051095123
1.2961521893720354 2.2450014463340016
0.6709377439216235 2.503973749031136
1.5873286299222968e-16 2.5923043787440703
-0.6709377439216232 2.503973749031136
-1.2961521893720345 2.245001446334002
-1.8330360051095123 1.8330360051095125
-2.245001446334002 1.296152189372035
-2.5039737490311356 0.6709377439216242
-2.5923043787440703 3.1746572598445935e-16
-2.503973749031136 -0.6709377439216236
-2.2450014463340024 -1.2961521893720345
-1.8330360051095134 -1.8330360051095114
-1.2961521893720362 -2.245001446334001
-0.6709377439216232 -2.503973749031136
-4.76198588976689e-16 -2.5923043787440703
0.6709377439216224 -2.5039737490311365
1.2961521893720354 -2.2450014463340016
1.8330360051095118 -1.8330360051095127
2.245001446334001 -1.2961521893720362
2.5039737490311356 -0.6709377439216256
3.3687491906752207 0.0
3.253961845563593 0.8718964487204501
2.917422378103009 1.6843745953376101
2.3820653968431427 2.3820653968431422
1.6843745953376108 2.9174223781030086
0.8718964487204501 3.253961845563593
2.0627639567453228e-16 3.3687491906752207
-0.8718964487204498 3.253961845563593
-1.6843745953376097 2.917422378103009
-2.3820653968431422 2.3820653968431427
-2.917422378103009 1.6843745953376101
-3.2539618455635924 0.8718964487204511
-3.3687491906752207 4.1255279134906457e-16
-3.253961845563593 -0.8718964487204504
-2.9174223781030095 -1.6843745953376095
-2.3820653968431436 -2.382065396843141
-1.684374595337612 -2.917422378103008
-0.8718964487204498 -3.253961845563593
-6.188291870235968e-16 -3.3687491906752207
0.8718964487204487 -3.2539618455635932
1.6843745953376108 -2.9174223781030086
2.382065396843142 -2.382065396843143
2.917422378103008 -1.684374595337612
3.253961845563592 -0.871896448720453
1.0 0.5 0.4 0.32000000000000006 