0.0 0.0
1.5836664738102335 0.0
1.5490595617200462 0.3292627742612844
1.4467513135702137 0.644135185309264
1.2812130907343267 0.9308557978556794
1.0596797078908364 1.176893545294106
0.791833236905117 1.3714953974413855
0.4893798538292098 1.5061563195553906
0.16553822283588726 1.5749909831649433
-0.16553822283588707 1.5749909831649436
-0.4893798538292096 1.5061563195553909
-0.7918332369051164 1.3714953974413857
-1.059679707890836 1.1768935452941067
-1.2812130907343264 0.9308557978556796
-1.446751313570214 0.6441351853092638
-1.5490595617200462 0.3292627742612844
-1.5836664738102335 8.972324008272894e-16
-1.5490595617200462 -0.32926277426128403
-1.4467513135702137 -0.6441351853092641
-1.2812130907343267 -0.9308557978556792
-1.0596797078908369 -1.176893545294106
-0.7918332369051174 -1.3714953974413853
-0.48937985382920995 -1.5061563195553906
-0.1655382228358885 -1.5749909831649433
0.1655382228358865 -1.5749909831649436
0.48937985382920945 -1.5061563195553909
0.791833236905117 -1.3714953974413855
1.0596797078908369 -1.176893545294106
1.2812130907343264 -0.9308557978556797
1.446751313570214 -0.644135185309264
1.5490595617200462 -0.32926277426128386
2.5081698365357608 0.0
2.453360307840356 0.521477831572253
2.291327161163429 1.0201645795765337
2.0291520225360644 1.4742652401605432
1.678293203572172 1.863933435440032
1.2540849182678806 2.1721387954458318
0.775067104268184 2.385411267012285
0.26217513862736463 2.494429819737077
-0.26217513862736436 2.494429819737077
-0.7750671042681838 2.3854112670122856
-1.2540849182678797 2.1721387954458318
-1.6782932035721712 1.863933435440033
-2.029152022536064 1.4742652401605436
-2.291327161163429 1.0201645795765335
-2.453360307840356 0.521477831572253
-2.5081698365357608 1.4210133770800727e-15
-2.453360307840356 -0.5214778315722524
-2.291327161163429 -1.020164579576534
-2.029152022536065 -1.474265240160543
-1.6782932035721725 -1.8639334354400319
-1.2540849182678815 -2.172138795445831
-0.7750671042681844 -2.385411267012285
-0.2621751386273666 -2.494429819737077
0.26217513862736347 -2.494429819737077
0.7750671042681835 -2.3854112670122856
1.2540849182678806 -2.1721387954458318
1.6782932035721725 -1.8639334354400319
2.029152022536064 -1.4742652401605438
2.291327161163429 -1.0201645795765337
2.453360307840356 -0.5214778315722521
3.131121946693089 0.0
3.062699419762808 0.6509968580935542
2.8604222317265293 1.2735420296589115
2.5331308663350773 1.840427303395497
2.0951295267742753 2.3268770726236743
1.565560973346545 2.7116311481832
0.9675698929885328 2.977873930717229
0.32729136539145215 3.1139693330544085
-0.32729136539145176 3.113969333054409
-0.9675698929885325 2.9778739307172293
-1.5655609733465439 2.7116311481832
-2.0951295267742744 2.326877072623675
-2.533130866335077 1.8404273033954974
-2.8604222317265298 1.2735420296589113
-3.062699419762808 0.6509968580935542
-3.131121946693089 1.773949318226896e-15
-3.062699419762808 -0.6509968580935535
-2.8604222317265293 -1.2735420296589117
-2.533130866335078 -1.8404273033954965
-2.0951295267742758 -2.326877072623674
-1.5655609733465459 -2.711631148183199
-0.9675698929885331 -2.977873930717229
-0.3272913653914546 -3.1139693330544085
0.32729136539145065 -3.113969333054409
0.9675698929885321 -2.9778739307172293
1.565560973346545 -2.7116311481832
2.0951295267742758 -2.326877072623674
2.533130866335077 -1.8404273033954976
2.8604222317265298 -1.2735420296589115
3.062699419762808 -0.6509968580935531
3.6093319934982353 0.0
3.530459429692063 0.750422317490852
3.297288847784426 1.468047578781558
2.9200109210812797 2.1215121164056554
2.4151145053599006 2.682256394398221
1.804665996749118 3.125773197061402
1.115344924332162 3.4326787118890736
0.3772779267031467 3.589559695187213
-0.37727792670314625 3.5895596951872135
-1.1153449243321616 3.4326787118890736
-1.8046659967491168 3.1257731970614024
-2.4151145053598997 2.6822563943982223
-2.9200109210812792 2.121512116405656
-3.2972888477844267 1.4680475787815577
-3.530459429692063 0.750422317490852
-3.6093319934982353 2.0448810803689578e-15
-3.530459429692063 -0.7504223174908511
-3.297288847784426 -1.4680475787815581
-2.92001092108128 -2.121512116405655
-2.4151145053599015 -2.682256394398221
-1.8046659967491192 -3.125773197061401
-1.1153449243321625 -3.4326787118890736
-0.3772779267031495 -3.589559695187213
0.37727792670314503 -3.5895596951872135
1.1153449243321611 -3.4326787118890736
1.804665996749118 -3.125773197061402
2.4151145053599015 -2.682256394398221
2.9200109210812792 -2.121512116405656
3.2972888477844267 -1.468047578781558
3.530459429692063 -0.7504223174908508
4.006140580107651 0.0
3.9185967966346356 0.8329234616638209
3.6597915296350387 1.6294441712427246
3.2410358111622 2.35475035159769
2.6806312755262605 2.977142642242007
2.003070290053826 3.4694195135049535
1.2379655211083747 3.810066103905828
0.4187557184728385 3.984194522840415
-0.418755718472838 3.9841945228404154
-1.2379655211083742 3.8100661039058283
-2.0030702900538246 3.469419513504954
-2.680631275526259 2.977142642242008
-3.2410358111621997 2.3547503515976906
-3.659791529635039 1.6294441712427241
-3.9185967966346356 0.8329234616638209
-4.006140580107651 2.2696945286045938e-15
-3.9185967966346356 -0.8329234616638199
-3.6597915296350387 -1.6294441712427248
-3.2410358111622006 -2.3547503515976898
-2.6806312755262613 -2.9771426422420064
-2.0030702900538273 -3.4694195135049526
-1.237965521108375 -3.810066103905828
-0.41875571847284165 -3.984194522840415
0.4187557184728366 -3.9841945228404154
1.2379655211083738 -3.8100661039058283
2.003070290053826 -3.4694195135049535
2.6806312755262613 -2.9771426422420064
3.2410358111621997 -2.354750351597691
3.659791529635039 -1.6294441712427246
3.9185967966346356 -0.8329234616638196
4.647772112779672 0.0
4.5462071408729265 0.9663261585036511
4.245951101787823 1.8904192269333229
3.760126625220709 2.73189190390812
3.1099665720420533 3.4539677956103483
2.3238860563898363 4.0250887206680686
1.4362405688308735 4.420293954114
0.485824476567114 4.622311130841443
-0.4858244765671134 4.622311130841443
-1.4362405688308728 4.420293954114
-2.323886056389835 4.0250887206680686
-3.109966572042052 3.45396779561035
-3.7601266252207086 2.731891903908121
-4.245951101787823 1.8904192269333224
-4.5462071408729265 0.9663261585036511
-4.647772112779672 2.633213369235676e-15
-4.5462071408729265 -0.9663261585036499
-4.245951101787823 -1.890419226933323
-3.76012662522071 -2.7318919039081195
-3.109966572042054 -3.453967795610348
-2.323886056389838 -4.025088720668068
-1.436240568830874 -4.420293954114
-0.48582447656711764 -4.622311130841443
0.4858244765671118 -4.622311130841443
1.4362405688308724 -4.420293954114
2.3238860563898363 -4.0250887206680686
3.109966572042054 -3.453967795610348
3.7601266252207086 -2.7318919039081213
4.245951101787823 -1.8904192269333229
4.5462071408729265 -0.9663261585036496
4.330072172188337 0.0
4.23544970623024 0.900272626682605
3.955717764167285 1.7611990195918221
3.5031019741704084 2.5451525641743387
2.897383818154 3.2178707287054227
2.165036086094169 3.7499525013351653
1.3380658880762397 4.118143355388028
0.45261578999687696 4.306351583766161
-0.45261578999687646 4.306351583766162
-1.3380658880762393 4.118143355388028
-2.1650360860941675 3.749952501335166
-2.897383818153999 3.217870728705424
-3.503101974170408 2.545152564174339
-3.9557177641672854 1.7611990195918217
-4.23544970623024 0.900272626682605
-4.330072172188337 2.4532192321156104e-15
-4.23544970623024 -0.9002726266826039
-3.955717764167285 -1.7611990195918226
-3.503101974170409 -2.545152564174338
-2.897383818154001 -3.2178707287054222
-2.16503608609417 -3.7499525013351644
-1.3380658880762402 -4.118143355388028
-0.45261578999688035 -4.306351583766161
0.45261578999687496 -4.306351583766162
1.3380658880762388 -4.118143355388028
2.165036086094169 -3.7499525013351653
2.897383818154001 -3.2178707287054222
3.503101974170408 -2.5451525641743395
3.9557177641672854 -1.7611990195918221
4.23544970623024 -0.9002726266826035
5.00477568069737 0.0
4.895409324285032 1.0405513739373926
4.572090089621238 2.035625659714251
4.048948578718618 2.9417333361459375
3.3488485859150985 3.7192731497853533
2.5023878403486854 4.334262879726478
1.546560738369933 4.759824523722746
0.5231415109026204 4.977358995860189
-0.5231415109026197 4.977358995860189
-1.5465607383699325 4.759824523722747
-2.5023878403486837 4.334262879726479
-3.348848585915097 3.719273149785355
-4.048948578718617 2.9417333361459383
-4.572090089621239 2.0356256597142504
-4.895409324285032 1.0405513739373926
-5.00477568069737 2.8354751292993595e-15
-4.895409324285032 -1.0405513739373913
-4.572090089621238 -2.0356256597142512
-4.048948578718618 -2.941733336145937
-3.3488485859151 -3.719273149785353
-2.502387840348687 -4.334262879726477
-1.5465607383699336 -4.759824523722746
-0.5231415109026243 -4.977358995860189
0.523141510902618 -4.977358995860189
1.5465607383699318 -4.759824523722747
2.5023878403486854 -4.334262879726478
3.3488485859151 -3.719273149785353
4.048948578718617 -2.941733336145939
4.572090089621239 -2.035625659714251
4.895409324285032 -1.0405513739373908
1.0 0.5 0.4 0.32000000000000006 0.25600000000000006 0.20480000000000007 0.16384000000000007 0.13107200000000005 0.10485760000000005 