0.0 0.0
2.811036947923374 0.0
2.80475956122386 0.18775656130665025
2.785955437458177 0.3746745562319062
2.754708560407833 0.5599191636353981
2.711158486211029 0.7426630361316491
2.65549972007107 0.922089995224341
2.587980847548909 1.0973986765576087
2.5089034243196835 1.267806109003788
2.418620629351873 1.4325512116025405
2.3175356875242863 1.5908981927331782
2.2061000687258674 1.7421398363386567
2.0848114714815784 1.8856006605241669
1.9542116001099674 2.0206399344232504
1.8148837453401812 2.146654539857393
1.667450179193973 2.263081665008213
1.5125693757677943 2.3694013180716733
1.3509330703276339 2.4651386496677037
1.1832631698513973 2.549866073632806
1.0103085288170994 2.6232051767236557
0.8328416046369778 2.6848284087025123
0.651655007675171 2.73446054525609
0.46755796125742627 2.7718799172141564
0.2813726874832849 2.7969194005778557
0.09393073498258345 2.8094671629360595
-0.0939307349825831 2.8094671629360595
-0.2813726874832846 2.7969194005778557
-0.4675579612574265 2.7718799172141564
-0.6516550076751702 2.73446054525609
-0.8328416046369769 2.6848284087025123
-1.0103085288170996 2.6232051767236557
-1.1832631698513971 2.549866073632806
-1.3509330703276337 2.465138649667704
-1.512569375767794 2.3694013180716738
-1.6674501791939729 2.263081665008213
-1.8148837453401812 2.146654539857393
-1.9542116001099674 2.0206399344232504
-2.0848114714815784 1.8856006605241669
-2.2061000687258674 1.7421398363386567
-2.3175356875242854 1.590898192733179
-2.4186206293518726 1.4325512116025414
-2.508903424319683 1.2678061090037889
-2.5879808475489083 1.0973986765576096
-2.6554997200710706 0.9220899952243404
-2.711158486211029 0.7426630361316496
-2.7547085604078325 0.5599191636353986
-2.7859554374581768 0.37467455623190676
-2.80475956122386 0.1877565613066507
-2.811036947923374 -9.040984370066925e-16
-2.80475956122386 -0.18775656130664997
-2.785955437458177 -0.3746745562319048
-2.754708560407833 -0.559919163635398
-2.711158486211029 -0.7426630361316491
-2.65549972007107 -0.922089995224341
-2.587980847548909 -1.097398676557609
-2.508903424319684 -1.267806109003787
-2.418620629351873 -1.4325512116025407
-2.3175356875242867 -1.5908981927331773
-2.206100068725868 -1.742139836338656
-2.084811471481578 -1.885600660524167
-1.9542116001099679 -2.0206399344232504
-1.8148837453401816 -2.1466545398573924
-1.6674501791939722 -2.2630816650082135
-1.5125693757677947 -2.3694013180716733
-1.350933070327633 -2.465138649667704
-1.1832631698513978 -2.549866073632806
-1.010308528817101 -2.6232051767236553
-0.8328416046369775 -2.6848284087025123
-0.6516550076751719 -2.7344605452560895
-0.4675579612574266 -2.7718799172141564
-0.2813726874832859 -2.7969194005778557
-0.09393073498258318 -2.8094671629360595
0.09393073498258214 -2.8094671629360595
0.28137268748328487 -2.7969194005778557
0.4675579612574256 -2.7718799172141564
0.6516550076751709 -2.73446054525609
0.8328416046369765 -2.6848284087025123
1.0103085288170977 -2.6232051767236566
1.1832631698513967 -2.549866073632806
1.350933070327632 -2.465138649667705
1.5125693757677938 -2.3694013180716738
1.6674501791939715 -2.2630816650082144
1.814883745340181 -2.146654539857393
1.9542116001099663 -2.0206399344232517
2.084811471481578 -1.8856006605241669
2.206100068725868 -1.742139836338656
2.3175356875242863 -1.5908981927331782
2.4186206293518726 -1.4325512116025418
2.508903424319682 -1.2678061090037902
2.5879808475489083 -1.0973986765576098
2.65549972007107 -0.9220899952243408
2.711158486211029 -0.74266303613165
2.754708560407833 -0.5599191636353977
2.7859554374581768 -0.37467455623190704
2.80475956122386 -0.18775656130665228
4.295192735082657 0.0
4.2856010483682665 0.2868872352190828
4.25686882702638 0.5724931624027412
4.209124396132362 0.8555421961482791
4.142580993904722 1.1347701707597906
4.0575358193314655 1.4089299863190385
3.954368704807268 1.6767971785364273
3.8335404197097924 1.9371753875057636
3.6955906124917957 2.1889017009380187
3.541135400480139 2.4308518480099117
3.37086461814624 2.661945220630327
3.185538736137863 2.881149699698373
2.985985464832599 3.0874862647978345
2.7730960575823924 3.280033366740014
2.547821330159712 3.457931043426117
2.3111674141834992 3.6203847606467456
2.0641912634911166 3.766668960664553
1.8079959335259286 3.8961303027312293
1.5437256548239229 4.008190581065886
1.27256072260237 4.102349307262434
0.9957122252748579 4.1781859455923005
0.714416635436447 4.2353617912190815
0.4299302874769016 4.273621482936558
0.14352376648631815 4.29279414367384
-0.14352376648631762 4.29279414367384
-0.4299302874769011 4.273621482936558
-0.7144166354364474 4.2353617912190815
-0.9957122252748565 4.1781859455923005
-1.2725607226023685 4.102349307262434
-1.5437256548239233 4.008190581065886
-1.8079959335259281 3.8961303027312297
-2.064191263491116 3.766668960664554
-2.311167414183499 3.620384760646746
-2.5478213301597115 3.4579310434261172
-2.7730960575823924 3.280033366740014
-2.985985464832599 3.0874862647978345
-3.185538736137863 2.881149699698373
-3.37086461814624 2.661945220630327
-3.541135400480138 2.4308518480099126
-3.6955906124917948 2.18890170093802
-3.833540419709792 1.937175387505765
-3.9543687048072678 1.6767971785364284
-4.057535819331466 1.4089299863190379
-4.142580993904721 1.1347701707597915
-4.209124396132361 0.85554219614828
-4.25686882702638 0.572493162402742
-4.2856010483682665 0.2868872352190835
-4.295192735082657 -1.3814393444025924e-15
-4.2856010483682665 -0.2868872352190824
-4.25686882702638 -0.572493162402739
-4.209124396132362 -0.855542196148279
-4.142580993904722 -1.1347701707597906
-4.0575358193314655 -1.4089299863190385
-3.954368704807268 -1.6767971785364275
-3.8335404197097933 -1.9371753875057622
-3.6955906124917957 -2.188901700938019
-3.54113540048014 -2.4308518480099104
-3.3708646181462405 -2.6619452206303262
-3.185538736137862 -2.8811496996983736
-2.9859854648325994 -3.087486264797834
-2.773096057582393 -3.280033366740013
-2.5478213301597106 -3.4579310434261177
-2.3111674141834997 -3.6203847606467456
-2.064191263491115 -3.766668960664554
-1.8079959335259292 -3.8961303027312293
-1.5437256548239253 -4.008190581065886
-1.2725607226023694 -4.102349307262434
-0.9957122252748594 -4.1781859455923005
-0.7144166354364475 -4.2353617912190815
-0.4299302874769031 -4.273621482936558
-0.14352376648631773 -4.29279414367384
0.14352376648631615 -4.29279414367384
0.42993028747690154 -4.273621482936558
0.714416635436446 -4.2353617912190815
0.9957122252748578 -4.1781859455923005
1.272560722602368 -4.102349307262434
1.5437256548239202 -4.008190581065888
1.8079959335259277 -3.8961303027312297
2.064191263491114 -3.7666689606645547
2.311167414183498 -3.620384760646746
2.5478213301597097 -3.4579310434261186
2.773096057582392 -3.280033366740014
2.985985464832597 -3.0874862647978363
3.185538736137862 -2.881149699698373
3.370864618146241 -2.6619452206303262
3.541135400480139 -2.4308518480099117
3.6955906124917948 -2.1889017009380205
3.8335404197097906 -1.9371753875057671
3.9543687048072678 -1.6767971785364288
4.0575358193314655 -1.4089299863190383
4.142580993904721 -1.134770170759792
4.209124396132362 -0.8555421961482786
4.25686882702638 -0.5724931624027424
4.2856010483682665 -0.28688723521908593
5.459636514011627 0.0
5.447444483002374 0.36466350206187076
5.410922842544763 0.727698328400121
5.350234707150841 1.0874830773522794
5.2656511247655455 1.4424108628904486
5.157549866200788 1.7908964913643843
5.026413737919297 2.1313835413611484
4.872828425703757 2.462351315060966
4.697479878841926 2.782321630042845
4.501151246510594 3.0898654212061
4.284719380041256 3.383609123322004
4.0491509166891975 3.6622408057095397
3.795497962396864 3.9245160316362933
3.524893392833316 4.1692634162749975
3.238545793696484 4.395389858392522
2.937734062876049 4.601885422405344
2.6238016985850154 4.7878278489970185
2.298150798970547 4.952386674152177
1.962235800003281 5.0948269382104145
1.6175569796132134 5.214512468374547
1.2656537570842603 5.310908720012756
0.9080978176340434 5.383585164064679
0.5464860928861756 5.432217209888705
0.18243362858595946 5.4565876549625765
-0.18243362858595877 5.4565876549625765
-0.546486092886175 5.432217209888705
-0.9080978176340438 5.383585164064679
-1.2656537570842585 5.310908720012756
-1.6175569796132117 5.214512468374547
-1.9622358000032816 5.0948269382104145
-2.2981507989705467 4.952386674152177
-2.623801698585015 4.7878278489970185
-2.9377340628760487 4.601885422405344
-3.2385457936964834 4.395389858392523
-3.524893392833316 4.1692634162749975
-3.795497962396864 3.9245160316362933
-4.0491509166891975 3.6622408057095397
-4.284719380041256 3.383609123322004
-4.501151246510593 3.089865421206101
-4.697479878841925 2.782321630042847
-4.872828425703757 2.462351315060968
-5.026413737919296 2.13138354136115
-5.157549866200789 1.7908964913643834
-5.2656511247655455 1.4424108628904497
-5.3502347071508405 1.0874830773522806
-5.410922842544762 0.7276983284001222
-5.447444483002374 0.3646635020618716
-5.459636514011627 -1.7559530274367386e-15
-5.447444483002374 -0.36466350206187026
-5.410922842544763 -0.7276983284001184
-5.350234707150841 -1.0874830773522792
-5.2656511247655455 -1.4424108628904486
-5.157549866200788 -1.7908964913643843
-5.026413737919297 -2.131383541361149
-4.872828425703759 -2.462351315060965
-4.697479878841926 -2.7823216300428455
-4.501151246510596 -3.089865421206098
-4.284719380041257 -3.3836091233220027
-4.0491509166891975 -3.6622408057095406
-3.7954979623968645 -3.924516031636293
-3.5248933928333166 -4.169263416274997
-3.238545793696482 -4.395389858392524
-2.93773406287605 -4.601885422405344
-2.6238016985850137 -4.7878278489970185
-2.2981507989705476 -4.952386674152177
-1.962235800003284 -5.094826938210414
-1.6175569796132128 -5.214512468374547
-1.265653757084262 -5.310908720012755
-0.908097817634044 -5.383585164064679
-0.5464860928861774 -5.432217209888705
-0.18243362858595893 -5.4565876549625765
0.1824336285859569 -5.4565876549625765
0.5464860928861756 -5.432217209888705
0.908097817634042 -5.383585164064679
1.26565375708426 -5.310908720012756
1.617556979613211 -5.214512468374547
1.9622358000032776 -5.094826938210416
2.298150798970546 -4.952386674152177
2.6238016985850123 -4.78782784899702
2.937734062876048 -4.601885422405344
3.238545793696481 -4.395389858392525
3.5248933928333153 -4.1692634162749975
3.7954979623968614 -3.924516031636296
4.0491509166891975 -3.6622408057095397
4.284719380041258 -3.3836091233220027
4.501151246510594 -3.0898654212061
4.697479878841925 -2.7823216300428477
4.872828425703755 -2.4623513150609706
5.026413737919296 -2.1313835413611506
5.157549866200788 -1.7908964913643841
5.2656511247655455 -1.4424108628904504
5.350234707150841 -1.0874830773522788
5.410922842544762 -0.7276983284001227
5.447444483002374 -0.3646635020618747
1.0 0.5 0.4 0.32000000000000006 