0.0 0.0
1.8312572840093553 0.0
1.8108036531777556 0.2729347355603806
1.7498996609971271 0.5397725601394162
1.6499058020119677 0.7945527576722431
1.5130557737971275 1.0315839595575809
1.3424065798450617 1.2455712804275811
1.1417702411593555 1.431734597137412
0.9156286420046779 1.5859153288173962
0.6690334120184002 1.7046693326977926
0.4074930811520655 1.7853438405669975
0.13685002821484046 1.826136717229824
-0.13685002821483983 1.826136717229824
-0.40749308115206534 1.7853438405669975
-0.6690334120184004 1.7046693326977926
-0.9156286420046772 1.5859153288173964
-1.1417702411593553 1.4317345971374122
-1.3424065798450617 1.2455712804275811
-1.5130557737971277 1.0315839595575804
-1.6499058020119675 0.7945527576722433
-1.749899660997127 0.539772560139417
-1.8108036531777556 0.2729347355603811
-1.8312572840093553 2.2426433712773326e-16
-1.8108036531777558 -0.27293473556037984
-1.7498996609971273 -0.5397725601394158
-1.6499058020119677 -0.794552757672243
-1.5130557737971275 -1.0315839595575809
-1.3424065798450615 -1.2455712804275814
-1.1417702411593558 -1.431734597137412
-0.9156286420046784 -1.585915328817396
-0.6690334120183999 -1.7046693326977929
-0.4074930811520658 -1.7853438405669975
-0.13685002821484107 -1.826136717229824
0.13685002821484044 -1.826136717229824
0.4074930811520651 -1.7853438405669975
0.6690334120184008 -1.7046693326977926
0.9156286420046764 -1.585915328817397
1.141770241159355 -1.4317345971374122
1.3424065798450622 -1.2455712804275807
1.5130557737971266 -1.031583959557582
1.6499058020119675 -0.7945527576722435
1.749899660997127 -0.5397725601394172
1.8108036531777554 -0.2729347355603821
2.8491395047205175 0.0
2.817316970483443 0.4246422084356092
2.72256023060192 0.8397986116348933
2.5669859940641038 1.2361953015756857
2.354069532235561 1.6049774312305214
2.0885670470396795 1.9379070172170356
1.7764094252660858 2.22754696273387
1.424569752360259 2.4674271900137814
1.040907545217357 2.6521891711694794
0.6339931835622408 2.7777056288519293
0.21291646182854312 2.841172732806207
-0.21291646182854213 2.841172732806207
-0.6339931835622404 2.7777056288519293
-1.0409075452173575 2.6521891711694794
-1.424569752360258 2.467427190013782
-1.7764094252660856 2.2275469627338707
-2.0885670470396795 1.9379070172170356
-2.3540695322355614 1.6049774312305207
-2.5669859940641033 1.2361953015756861
-2.72256023060192 0.8397986116348944
-2.817316970483443 0.42464220843560996
-2.8491395047205175 3.489189574780257e-16
-2.817316970483443 -0.424642208435608
-2.7225602306019203 -0.8397986116348926
-2.5669859940641038 -1.2361953015756855
-2.354069532235561 -1.6049774312305214
-2.0885670470396795 -1.9379070172170358
-1.776409425266086 -2.22754696273387
-1.42456975236026 -2.467427190013781
-1.0409075452173568 -2.65218917116948
-0.6339931835622411 -2.7777056288519293
-0.21291646182854407 -2.841172732806207
0.21291646182854304 -2.841172732806207
0.6339931835622401 -2.7777056288519293
1.0409075452173582 -2.6521891711694794
1.4245697523602567 -2.4674271900137827
1.7764094252660851 -2.2275469627338707
2.0885670470396804 -1.937907017217035
2.35406953223556 -1.6049774312305232
2.5669859940641033 -1.2361953015756864
2.72256023060192 -0.8397986116348948
2.8173169704834424 -0.42464220843561157
3.5443899171702244 0.0
3.5048020102594477 0.5282639054670335
3.386922617950458 1.0447272682157598
3.1933849710776063 1.537853150152389
2.9285123808606968 1.9966259339404475
2.598221663276396 2.4107973936893137
2.2098909671665563 2.771115623385934
1.7721949585851127 3.0695317091868364
1.2949110430928916 3.2993795288529673
0.7887009546740623 3.4555246619050735
0.2648725902169099 3.5344790840928364
-0.2648725902169086 3.5344790840928364
-0.788700954674062 3.4555246619050735
-1.294911043092892 3.2993795288529673
-1.7721949585851113 3.069531709186837
-2.209890967166556 2.7711156233859344
-2.598221663276396 2.4107973936893137
-2.928512380860697 1.9966259339404466
-3.193384971077606 1.5378531501523895
-3.3869226179504577 1.0447272682157611
-3.5048020102594477 0.5282639054670345
-3.5443899171702244 4.3406257669926676e-16
-3.504802010259448 -0.528263905467032
-3.3869226179504586 -1.044727268215759
-3.1933849710776063 -1.5378531501523887
-2.9285123808606968 -1.9966259339404475
-2.5982216632763957 -2.410797393689314
-2.2098909671665568 -2.7711156233859335
-1.7721949585851138 -3.069531709186836
-1.2949110430928912 -3.2993795288529677
-0.7887009546740629 -3.4555246619050735
-0.26487259021691106 -3.5344790840928364
0.2648725902169098 -3.5344790840928364
0.7887009546740615 -3.4555246619050735
1.294911043092893 -3.299379528852967
1.7721949585851098 -3.069531709186838
2.2098909671665554 -2.7711156233859344
2.598221663276397 -2.410797393689313
2.9285123808606954 -1.9966259339404497
3.193384971077606 -1.53785315015239
3.3869226179504577 -1.0447272682157616
3.5048020102594477 -0.5282639054670364
4.07397781346708 0.0
4.028474847313495 0.6071948856705897
3.892982409925224 1.2008260409546432
3.670527178459008 1.7676327267890704
3.3660784351895967 2.2949534184321836
2.986437061955226 2.771008643003887
2.540083619695466 3.1851641134448294
2.0369889067335403 3.528168280916672
1.488391227618029 3.792358999115419
0.9065453479699984 3.971834683958531
0.30444874326941146 4.062586145221253
-0.30444874326941007 4.062586145221253
-0.906545347969998 3.971834683958531
-1.4883912276180293 3.792358999115419
-2.036988906733539 3.5281682809166726
-2.5400836196954657 3.18516411344483
-2.986437061955226 2.771008643003887
-3.366078435189597 2.2949534184321823
-3.6705271784590074 1.7676327267890708
-3.8929824099252235 1.2008260409546447
-4.028474847313495 0.6071948856705908
-4.07397781346708 4.989183889059792e-16
-4.028474847313495 -0.607194885670588
-3.8929824099252244 -1.200826040954642
-3.670527178459008 -1.7676327267890697
-3.3660784351895967 -2.2949534184321836
-2.9864370619552254 -2.771008643003888
-2.5400836196954666 -3.185164113444829
-2.0369889067335416 -3.5281682809166712
-1.4883912276180284 -3.7923589991154194
-0.906545347969999 -3.971834683958531
-0.30444874326941285 -4.062586145221253
0.30444874326941135 -4.062586145221253
0.9065453479699974 -3.971834683958531
1.4883912276180304 -3.7923589991154185
2.036988906733537 -3.528168280916674
2.5400836196954653 -3.18516411344483
2.9864370619552267 -2.7710086430038863
3.366078435189595 -2.2949534184321863
3.6705271784590074 -1.7676327267890712
3.8929824099252235 -1.2008260409546452
4.028474847313494 -0.607194885670593
4.507205164849443 0.0
4.456863407124241 0.671764071890119
4.306962685628967 1.328522044470926
4.060851534778339 1.9556030298948464
3.724027670995926 2.538999075167646
3.3040151828139455 3.0656780766708738
2.81019645516864 3.523874895821801
2.253602582424722 3.9033541728280463
1.6466669519556019 4.19563896771192
1.0029475028150223 4.3942001211418
0.3368238637824143 4.494602105062492
-0.3368238637824127 4.494602105062492
-1.0029475028150219 4.3942001211418
-1.6466669519556023 4.19563896771192
-2.253602582424721 3.9033541728280468
-2.8101964551686396 3.5238748958218014
-3.3040151828139455 3.0656780766708738
-3.7240276709959264 2.5389990751676446
-4.0608515347783385 1.955603029894847
-4.3069626856289664 1.3285220444709276
-4.456863407124241 0.6717640718901202
-4.507205164849443 5.519734378233289e-16
-4.456863407124242 -0.6717640718901171
-4.306962685628968 -1.3285220444709247
-4.060851534778339 -1.955603029894846
-3.724027670995926 -2.538999075167646
-3.304015182813945 -3.065678076670874
-2.8101964551686405 -3.5238748958218005
-2.253602582424724 -3.9033541728280454
-1.6466669519556012 -4.19563896771192
-1.002947502815023 -4.3942001211418
-0.3368238637824158 -4.494602105062492
0.33682386378241413 -4.494602105062492
1.0029475028150214 -4.3942001211418
1.6466669519556036 -4.195638967711919
2.2536025824247186 -3.903354172828048
2.810196455168639 -3.5238748958218014
3.3040151828139463 -3.065678076670873
3.7240276709959237 -2.5389990751676486
4.0608515347783385 -1.9556030298948475
4.3069626856289664 -1.3285220444709283
4.456863407124241 -0.6717640718901227
4.881932838023976 0.0
4.827405681798835 0.7276143334989762
4.665042259690067 1.4389749651340777
4.398469502250106 2.118191273882635
4.033642204381937 2.7500906897783697
3.578710005060972 3.320557624052522
3.043835337867214 3.8168487880616415
2.4409664190119886 4.227877857298225
1.7835703439316213 4.544463121560618
1.086332254629096 4.7595325891866
0.3648272978681702 4.868281963661005
-0.3648272978681685 4.868281963661005
-1.0863322546290954 4.7595325891866
-1.783570343931622 4.544463121560618
-2.4409664190119873 4.227877857298225
-3.0438353378672134 3.816848788061642
-3.578710005060972 3.320557624052522
-4.0336422043819375 2.7500906897783683
-4.398469502250106 2.1181912738826356
-4.665042259690067 1.4389749651340795
-4.827405681798835 0.7276143334989775
-4.881932838023976 5.978643423738416e-16
-4.827405681798836 -0.7276143334989742
-4.665042259690068 -1.4389749651340764
-4.398469502250106 -2.1181912738826347
-4.033642204381937 -2.7500906897783697
-3.5787100050609717 -3.3205576240525225
-3.0438353378672147 -3.816848788061641
-2.4409664190119904 -4.227877857298223
-1.7835703439316208 -4.544463121560618
-1.0863322546290968 -4.7595325891866
-0.3648272978681718 -4.868281963661005
0.36482729786817003 -4.868281963661005
1.086332254629095 -4.7595325891866
1.7835703439316233 -4.544463121560617
2.440966419011985 -4.2278778572982265
3.043835337867213 -3.816848788061642
3.5787100050609735 -3.320557624052521
4.033642204381935 -2.750090689778373
4.398469502250106 -2.118191273882636
4.665042259690067 -1.4389749651340802
4.827405681798835 -0.7276143334989803
5.224691251835426 0.0
5.166335767323625 0.7786998242443857
4.992572878882682 1.5400047811778765
4.707284162305837 2.2669085760811503
4.316842496096004 2.9431733793484307
3.829969701890878 3.553692552768674
3.2575417133799287 4.084828106860238
2.6123456259177136 4.524715351019799
1.9087940539436972 4.863527931104623
1.1626031769918048 5.093697333946551
0.3904416662098342 5.2100819554295805
-0.3904416662098324 5.2100819554295805
-1.1626031769918042 5.093697333946551
-1.9087940539436978 4.863527931104623
-2.612345625917712 4.5247153510197995
-3.2575417133799283 4.084828106860238
-3.829969701890878 3.553692552768674
-4.316842496096005 2.9431733793484294
-4.707284162305837 2.2669085760811507
-4.992572878882681 1.5400047811778785
-5.166335767323625 0.7786998242443871
-5.224691251835426 6.398401418093432e-16
-5.166335767323626 -0.7786998242443834
-4.992572878882682 -1.540004781177875
-4.707284162305837 -2.26690857608115
-4.316842496096004 -2.9431733793484307
-3.829969701890877 -3.5536925527686742
-3.257541713379929 -4.084828106860237
-2.6123456259177154 -4.524715351019798
-1.9087940539436965 -4.863527931104624
-1.1626031769918055 -5.093697333946551
-0.39044166620983595 -5.2100819554295805
0.39044166620983406 -5.2100819554295805
1.1626031769918035 -5.093697333946551
1.9087940539436992 -4.863527931104623
2.6123456259177096 -4.524715351019801
3.2575417133799274 -4.084828106860238
3.829969701890879 -3.5536925527686725
4.316842496096001 -2.9431733793484343
4.707284162305837 -2.2669085760811516
4.992572878882681 -1.5400047811778792
5.166335767323625 -0.77869982424439
5.5684551179310695 0.0
5.506260075061325 0.8299351698767633
5.321064280935587 1.6413309594850645
5.017004703567787 2.4160621276762355
4.600873531472995 3.1368224603576036
4.081966447399747 3.7875113627176633
3.4718749781380938 4.353593519908736
2.784227558965535 4.822423591961778
2.0343850969232316 5.183528689785499
1.2390978335358407 5.428842322202728
0.4161311720947927 5.552884588033839
-0.4161311720947908 5.552884588033839
-1.23909783353584 5.428842322202728
-2.0343850969232324 5.183528689785499
-2.7842275589655334 4.822423591961779
-3.471874978138093 4.3535935199087366
-4.081966447399747 3.7875113627176633
-4.600873531472996 3.1368224603576023
-5.017004703567787 2.416062127676236
-5.321064280935587 1.6413309594850667
-5.506260075061325 0.8299351698767649
-5.5684551179310695 6.819390736369981e-16
-5.506260075061325 -0.829935169876761
-5.3210642809355875 -1.641330959485063
-5.017004703567787 -2.416062127676235
-4.600873531472995 -3.1368224603576036
-4.081966447399746 -3.7875113627176638
-3.471874978138094 -4.353593519908735
-2.7842275589655374 -4.822423591961777
-2.034385096923231 -5.1835286897855
-1.2390978335358416 -5.428842322202728
-0.41613117209479455 -5.552884588033839
0.41613117209479256 -5.552884588033839
1.2390978335358394 -5.428842322202728
2.0343850969232338 -5.183528689785499
2.784227558965531 -4.822423591961781
3.4718749781380924 -4.3535935199087366
4.081966447399748 -3.787511362717662
4.600873531472994 -3.136822460357607
5.017004703567787 -2.416062127676237
5.321064280935587 -1.6413309594850674
5.506260075061324 -0.829935169876768
1.0 0.5 0.4 0.32000000000000006 0.25600000000000006 0.20480000000000007 0.16384000000000007 0.13107200000000005 0.10485760000000005 