0.0 0.0
1.710566235964564 0.0
1.687236342062696 0.2815499487566446
1.6178830390462409 0.5554199488571472
1.5043981042309194 0.8141395406245738
1.3498771108053476 1.0506515280271491
1.1585349886640082 1.2585044805892678
0.9355910521072309 1.4320287115972434
0.6871266305528172 1.5664909323730887
0.4199191857223643 1.6582233640508877
0.14125744015302497 1.7047237850230725
-0.14125744015302477 1.7047237850230725
-0.41991918572236375 1.6582233640508879
-0.687126630552817 1.5664909323730887
-0.9355910521072311 1.4320287115972432
-1.1585349886640077 1.2585044805892682
-1.3498771108053473 1.0506515280271493
-1.5043981042309191 0.814139540624574
-1.6178830390462409 0.5554199488571469
-1.687236342062696 0.2815499487566448
-1.710566235964564 2.0948394656035394e-16
-1.6872363420626961 -0.2815499487566444
-1.6178830390462409 -0.5554199488571471
-1.5043981042309198 -0.8141395406245729
-1.349877110805348 -1.0506515280271485
-1.1585349886640082 -1.2585044805892678
-0.9355910521072309 -1.4320287115972434
-0.6871266305528163 -1.566490932373089
-0.41991918572236414 -1.6582233640508877
-0.14125744015302558 -1.7047237850230725
0.14125744015302494 -1.7047237850230725
0.41991918572236353 -1.6582233640508879
0.6871266305528158 -1.5664909323730891
0.9355910521072304 -1.4320287115972437
1.1585349886640084 -1.2585044805892678
1.349877110805348 -1.0506515280271485
1.504398104230919 -0.8141395406245748
1.6178830390462409 -0.5554199488571477
1.6872363420626961 -0.2815499487566443
2.665764905722257 0.0
2.6294073469734407 0.4387704824421141
2.5213264101525774 0.8655724499124898
2.3444702614701662 1.2687638573282285
2.103663075632691 1.637346694136584
1.8054734449323158 1.961266981373171
1.4580352051721934 2.231689017999343
1.0708255658290853 2.4412363957935765
0.654406596484075 2.5841932085388897
0.22013712109765785 2.6566599670441886
-0.2201371210976575 2.6566599670441886
-0.6544065964840741 2.58419320853889
-1.070825565829085 2.4412363957935765
-1.4580352051721939 2.231689017999343
-1.805473444932315 1.9612669813731713
-2.103663075632691 1.6373466941365844
-2.344470261470166 1.2687638573282287
-2.521326410152578 0.8655724499124893
-2.6294073469734407 0.4387704824421145
-2.665764905722257 3.2646204590721076e-16
-2.6294073469734407 -0.4387704824421138
-2.521326410152578 -0.8655724499124897
-2.3444702614701667 -1.2687638573282272
-2.1036630756326917 -1.6373466941365828
-1.8054734449323158 -1.961266981373171
-1.4580352051721934 -2.231689017999343
-1.070825565829084 -2.4412363957935774
-0.6544065964840747 -2.5841932085388897
-0.2201371210976588 -2.6566599670441886
0.2201371210976578 -2.6566599670441886
0.6544065964840738 -2.58419320853889
1.070825565829083 -2.4412363957935774
1.4580352051721925 -2.231689017999344
1.805473444932316 -1.961266981373171
2.1036630756326917 -1.6373466941365828
2.3444702614701654 -1.26876385732823
2.5213264101525774 -0.8655724499124906
2.6294073469734407 -0.43877048244211364
3.3051499580491575 0.0
3.26007202056282 0.5440098031614858
3.1260678167290226 1.0731804370204432
2.9067926319054624 1.5730775061300895
2.608227721526381 2.030065121579515
2.2385171580462857 2.431677852497063
1.8077456818734032 2.7669607505095573
1.3276636159403008 3.0267681721765003
0.8113663475250896 3.20401324830222
0.2729371202236063 3.293861195253436
-0.2729371202236059 3.293861195253436
-0.8113663475250885 3.2040132483022203
-1.3276636159403004 3.0267681721765003
-1.8077456818734037 2.766960750509557
-2.238517158046285 2.4316778524970637
-2.6082277215263807 2.0300651215795154
-2.906792631905462 1.57307750613009
-3.1260678167290226 1.0731804370204425
-3.26007202056282 0.5440098031614864
-3.3051499580491575 4.0476413168269094e-16
-3.2600720205628204 -0.5440098031614855
-3.1260678167290226 -1.073180437020443
-2.9067926319054633 -1.573077506130088
-2.608227721526382 -2.030065121579513
-2.2385171580462857 -2.431677852497063
-1.8077456818734032 -2.7669607505095573
-1.327663615940299 -3.026768172176501
-0.8113663475250892 -3.20401324830222
-0.27293712022360744 -3.293861195253436
0.2729371202236062 -3.293861195253436
0.8113663475250881 -3.2040132483022203
1.327663615940298 -3.0267681721765016
1.8077456818734021 -2.7669607505095577
2.238517158046286 -2.431677852497063
2.608227721526382 -2.030065121579513
2.9067926319054616 -1.5730775061300915
3.1260678167290226 -1.073180437020444
3.2600720205628204 -0.5440098031614853
3.780923389760109 0.0
3.72935652278962 0.6223195362204087
3.57606253158432 1.2276638177586798
3.3252228766166776 1.799520630629219
2.983679809784032 2.322291211696371
2.560749735613251 2.7817157422698204
2.0679690840312945 3.165262318785892
1.518779626630032 3.4624687904685314
0.9281618201773023 3.665228139529684
0.3122261788074221 3.768009619481138
-0.31222617880742165 3.768009619481138
-0.9281618201773011 3.6652281395296846
-1.5187796266300317 3.4624687904685314
-2.067969084031295 3.1652623187858917
-2.5607497356132503 2.7817157422698213
-2.9836798097840314 2.3222912116963714
-3.325222876616677 1.7995206306292195
-3.5760625315843204 1.2276638177586792
-3.72935652278962 0.6223195362204093
-3.780923389760109 4.630295727091078e-16
-3.7293565227896206 -0.6223195362204083
-3.5760625315843204 -1.2276638177586796
-3.3252228766166785 -1.7995206306292173
-2.9836798097840327 -2.322291211696369
-2.560749735613251 -2.7817157422698204
-2.0679690840312945 -3.165262318785892
-1.5187796266300302 -3.4624687904685323
-0.9281618201773019 -3.665228139529684
-0.3122261788074234 -3.768009619481138
0.312226178807422 -3.768009619481138
0.9281618201773006 -3.6652281395296846
1.5187796266300289 -3.4624687904685327
2.067969084031293 -3.165262318785893
2.5607497356132516 -2.7817157422698204
2.9836798097840327 -2.322291211696369
3.3252228766166763 -1.7995206306292215
3.57606253158432 -1.227663817758681
3.7293565227896206 -0.622319536220408
4.158850393948016 0.0
4.10212909523149 0.6845242766307423
3.93351240824951 1.3503765154166094
3.657599756672046 1.9793940030307644
3.2819173183835293 2.5544187821373043
2.8167127309694444 3.059765675739928
2.2746755628765967 3.48165013792219
1.670591175065118 3.80856426032647
1.0209374149040333 4.031590677895095
0.3434351434495789 4.144645811343272
-0.3434351434495783 4.144645811343272
-1.020937414904032 4.031590677895096
-1.6705911750651175 3.80856426032647
-2.274675562876597 3.4816501379221894
-2.8167127309694435 3.059765675739929
-3.281917318383529 2.5544187821373048
-3.6575997566720457 1.9793940030307648
-3.9335124082495105 1.3503765154166085
-4.10212909523149 0.684524276630743
-4.158850393948016 5.093122823081147e-16
-4.102129095231491 -0.6845242766307419
-3.9335124082495105 -1.3503765154166092
-3.657599756672047 -1.9793940030307624
-3.2819173183835306 -2.5544187821373026
-2.8167127309694444 -3.059765675739928
-2.2746755628765967 -3.48165013792219
-1.6705911750651157 -3.808564260326471
-1.020937414904033 -4.031590677895095
-0.3434351434495803 -4.144645811343272
0.34343514344957876 -4.144645811343272
1.0209374149040316 -4.031590677895096
1.6705911750651143 -3.8085642603264716
2.2746755628765953 -3.4816501379221907
2.816712730969445 -3.059765675739928
3.2819173183835306 -2.5544187821373026
3.657599756672045 -1.979394003030767
3.93351240824951 -1.3503765154166105
4.102129095231491 -0.6845242766307417
4.470052409043795 0.0
4.409086720462916 0.735746444799971
4.227852639779079 1.4514236445336368
3.93129376027135 2.127509790823485
3.527499435101397 2.745563016023774
3.0274841208466117 3.288724439295554
2.444886931837221 3.7421780329281256
1.7955996006718768 4.09355476495249
1.0973329931790192 4.333269994089799
0.36913400216585923 4.454784913780154
-0.3691340021658587 4.454784913780154
-1.0973329931790177 4.3332699940898
-1.7955996006718762 4.09355476495249
-2.4448869318372215 3.742178032928125
-3.027484120846611 3.288724439295555
-3.5274994351013964 2.7455630160237745
-3.9312937602713496 2.1275097908234852
-4.22785263977908 1.451423644533636
-4.409086720462916 0.7357464447999716
-4.470052409043795 5.474235374756399e-16
-4.409086720462917 -0.7357464447999705
-4.22785263977908 -1.4514236445336366
-3.931293760271351 -2.1275097908234826
-3.527499435101398 -2.7455630160237723
-3.0274841208466117 -3.288724439295554
-2.444886931837221 -3.7421780329281256
-1.7955996006718746 -4.093554764952491
-1.0973329931790188 -4.333269994089799
-0.3691340021658608 -4.454784913780154
0.3691340021658591 -4.454784913780154
1.0973329931790172 -4.3332699940898
1.795599600671873 -4.093554764952491
2.4448869318372197 -3.742178032928127
3.027484120846612 -3.288724439295554
3.527499435101398 -2.7455630160237723
3.9312937602713482 -2.1275097908234875
4.227852639779079 -1.4514236445336381
4.409086720462917 -0.7357464447999702
4.9108238816015675 0.0
4.843846644637738 0.8082950447330532
4.644741898173998 1.5945419077137122
4.318940700666542 2.3372938241124683
3.8753300594830358 3.0162904578597027
3.326010516508332 3.6130105507989128
2.6859660769056046 4.111177134327905
1.972655484515886 4.497201522671369
1.2055359928376315 4.760553976805774
0.4055326218725562 4.894050928290945
-0.40553262187255557 4.894050928290945
-1.2055359928376297 4.760553976805775
-1.9726554845158852 4.497201522671369
-2.685966076905605 4.111177134327904
-3.326010516508331 3.613010550798914
-3.8753300594830353 3.016290457859703
-4.318940700666541 2.3372938241124688
-4.644741898173999 1.594541907713711
-4.843846644637738 0.8082950447330539
-4.9108238816015675 6.01402474777974e-16
-4.843846644637739 -0.8082950447330527
-4.644741898173999 -1.594541907713712
-4.318940700666543 -2.337293824112466
-3.8753300594830375 -3.0162904578597005
-3.326010516508332 -3.6130105507989128
-2.6859660769056046 -4.111177134327905
-1.9726554845158835 -4.497201522671371
-1.2055359928376308 -4.760553976805774
-0.4055326218725579 -4.894050928290945
0.40553262187255606 -4.894050928290945
1.2055359928376292 -4.760553976805775
1.9726554845158817 -4.497201522671371
2.685966076905603 -4.111177134327906
3.3260105165083327 -3.6130105507989128
3.8753300594830375 -3.0162904578597005
4.31894070066654 -2.3372938241124714
4.644741898173998 -1.5945419077137135
4.843846644637739 -0.8082950447330525
5.454378355422127 0.0
5.379987743905766 0.897761170646808
5.158845091317 1.7710337568470789
4.796982592742578 2.595997158901002
4.30427091383848 3.3501485257196335
3.694149944801723 4.012916573942051
2.983262195200964 4.566222718920104
2.190998829699257 4.994974211380262
1.338970727631032 5.287475828279937
0.450418994549216 5.435748888004913
-0.4504189945492153 5.435748888004913
-1.3389707276310303 5.287475828279938
-2.190998829699256 4.994974211380262
-2.9832621952009646 4.566222718920104
-3.6941499448017217 4.012916573942052
-4.304270913838479 3.350148525719634
-4.7969825927425775 2.5959971589010022
-5.1588450913170005 1.7710337568470775
-5.379987743905766 0.8977611706468088
-5.454378355422127 6.679686994306312e-16
-5.379987743905766 -0.8977611706468075
-5.1588450913170005 -1.7710337568470784
-4.796982592742579 -2.595997158900999
-4.304270913838482 -3.350148525719631
-3.694149944801723 -4.012916573942051
-2.983262195200964 -4.566222718920104
-2.190998829699254 -4.994974211380263
-1.3389707276310314 -5.287475828279937
-0.4504189945492179 -5.435748888004913
0.45041899454921586 -5.435748888004913
1.3389707276310296 -5.287475828279938
2.190998829699252 -4.9949742113802635
2.9832621952009624 -4.5662227189201055
3.6941499448017234 -4.012916573942051
4.304270913838482 -3.350148525719631
4.796982592742577 -2.595997158901005
5.158845091317 -1.7710337568470802
5.379987743905766 -0.8977611706468072
4.699329233278169 0.0
4.635236507654771 0.7734841697456956
4.444706613262316 1.5258697076634735
4.132936708945465 2.236633497601654
3.708431064970498 2.886387756193641
3.182769088701427 3.4574088810479835
2.570289468552371 3.934120904419633
1.8876990519457877 4.303520365006509
1.15361712606629 4.5555310084763265
0.3880675322431088 4.683278641417947
-0.38806753224310825 4.683278641417947
-1.1536171260662882 4.5555310084763265
-1.8876990519457872 4.303520365006509
-2.570289468552372 3.9341209044196326
-3.182769088701426 3.4574088810479844
-3.7084310649704975 2.8863877561936415
-4.132936708945465 2.236633497601655
-4.4447066132623165 1.5258697076634724
-4.635236507654771 0.7734841697456962
-4.699329233278169 5.755018503673695e-16
-4.635236507654771 -0.773484169745695
-4.4447066132623165 -1.5258697076634733
-4.132936708945467 -2.2366334976016518
-3.7084310649704992 -2.886387756193639
-3.182769088701427 -3.4574088810479835
-2.570289468552371 -3.934120904419633
-1.8876990519457855 -4.30352036500651
-1.1536171260662893 -4.5555310084763265
-0.38806753224311047 -4.683278641417947
0.3880675322431087 -4.683278641417947
1.1536171260662877 -4.5555310084763265
1.887699051945784 -4.30352036500651
2.5702894685523696 -3.9341209044196344
3.1827690887014275 -3.4574088810479835
3.7084310649704992 -2.886387756193639
4.132936708945464 -2.236633497601657
4.444706613262316 -1.5258697076634749
4.635236507654771 -0.7734841697456948
5.1124922667244626 0.0
5.04276453584268 0.8414885699549334
4.835483333929156 1.6600235253184819
4.49630275183033 2.433277366269707
4.034474751648065 3.1401577437497807
3.4625967973315914 3.7613828037606645
2.796268228700096 4.28000714607813
2.0536647521169056 4.6818840505965165
1.2550426546004236 4.956051362975464
0.42218626511846713 5.095030513634119
-0.42218626511846646 5.095030513634119
-1.2550426546004219 4.956051362975464
-2.053664752116905 4.6818840505965165
-2.7962682287000966 4.2800071460781295
-3.4625967973315905 3.761382803760666
-4.034474751648065 3.1401577437497816
-4.496302751830329 2.4332773662697074
-4.835483333929157 1.6600235253184807
-5.04276453584268 0.8414885699549342
-5.1124922667244626 6.26099729010971e-16
-5.04276453584268 -0.8414885699549328
-4.835483333929157 -1.6600235253184816
-4.4963027518303305 -2.4332773662697043
-4.034474751648067 -3.1401577437497785
-3.4625967973315914 -3.7613828037606645
-2.796268228700096 -4.28000714607813
-2.0536647521169034 -4.681884050596517
-1.255042654600423 -4.956051362975464
-0.4221862651184689 -5.095030513634119
0.42218626511846696 -5.095030513634119
1.2550426546004214 -4.956051362975464
2.0536647521169016 -4.681884050596517
2.7962682287000944 -4.280007146078131
3.4625967973315923 -3.7613828037606645
4.034474751648067 -3.1401577437497785
4.496302751830328 -2.43327736626971
4.835483333929156 -1.6600235253184834
5.04276453584268 -0.8414885699549326
5.265700629789353 0.0
5.193883336527562 0.8667058377011809
4.98039044528866 1.7097701994833703
4.631045485611215 2.506196487261919
4.155377677320881 3.234260268034611
3.5663619982543877 3.8741018597825945
2.88006526068739 4.408268051825531
2.1152078505786434 4.822188182911827
1.2926530842414525 5.1045715908746985
0.43483811146125323 5.247715592463525
-0.43483811146125256 5.247715592463525
-1.292653084241451 5.1045715908746985
-2.1152078505786425 4.822188182911827
-2.8800652606873904 4.408268051825531
-3.5663619982543864 3.874101859782596
-4.15537767732088 3.2342602680346113
-4.631045485611214 2.5061964872619193
-4.980390445288661 1.7097701994833692
-5.193883336527562 0.8667058377011817
-5.265700629789353 6.448623421539733e-16
-5.193883336527563 -0.8667058377011804
-4.980390445288661 -1.70977019948337
-4.6310454856112155 -2.5061964872619162
-4.155377677320883 -3.234260268034608
-3.5663619982543877 -3.8741018597825945
-2.88006526068739 -4.408268051825531
-2.1152078505786407 -4.822188182911828
-1.292653084241452 -5.1045715908746985
-0.43483811146125506 -5.247715592463525
0.4348381114612531 -5.247715592463525
1.2926530842414503 -5.1045715908746985
2.115207850578639 -4.8221881829118285
2.880065260687388 -4.408268051825532
3.566361998254388 -3.8741018597825945
4.155377677320883 -3.234260268034608
4.631045485611213 -2.506196487261922
4.98039044528866 -1.7097701994833718
5.193883336527563 -0.8667058377011801
5.6574559364987955 0.0
5.580295611468421 0.9311866418993249
5.350919368902171 1.8369729396300443
4.975583994758017 2.6926514041987173
4.46452765961631 3.47488135767919
3.8316906480752833 4.162325606061818
3.094335104126806 4.736232462284132
2.272574164867347 5.1809472433719055
1.3888233265490133 5.484339289381976
0.46718900827463183 5.638132856183227
-0.4671890082746311 5.638132856183227
-1.3888233265490115 5.4843392893819765
-2.2725741648673465 5.1809472433719055
-3.094335104126807 4.736232462284131
-3.831690648075282 4.1623256060618194
-4.4645276596163095 3.474881357679191
-4.975583994758016 2.6926514041987177
-5.350919368902172 1.836972939630043
-5.580295611468421 0.9311866418993257
-5.6574559364987955 6.928385303950442e-16
-5.580295611468421 -0.9311866418993243
-5.350919368902172 -1.836972939630044
-4.975583994758018 -2.6926514041987146
-4.464527659616312 -3.474881357679188
-3.8316906480752833 -4.162325606061818
-3.094335104126806 -4.736232462284132
-2.2725741648673443 -5.180947243371906
-1.3888233265490126 -5.484339289381976
-0.4671890082746338 -5.638132856183227
0.46718900827463167 -5.638132856183227
1.3888233265490109 -5.4843392893819765
2.2725741648673425 -5.180947243371907
3.094335104126804 -4.736232462284133
3.8316906480752837 -4.162325606061818
4.464527659616312 -3.474881357679188
4.975583994758014 -2.692651404198721
5.350919368902171 -1.8369729396300458
5.580295611468421 -0.931186641899324
5.812660526918134 0.0
5.733383413568526 0.9567324778690851
5.497714546511867 1.8873677877573338
5.112082358098579 2.7665206243961884
4.587005889160486 3.570209990182541
3.9368078569980223 4.276513334279556
3.179223968988809 4.866164542655668
2.3349191387239334 5.3230794674523585
1.426923801034593 5.634794660609487
0.48000570176576224 5.792807344238591
-0.4800057017657615 5.792807344238591
-1.426923801034591 5.634794660609488
-2.334919138723933 5.3230794674523585
-3.1792239689888095 4.8661645426556674
-3.936807856998021 4.2765133342795565
-4.587005889160485 3.570209990182542
-5.112082358098578 2.766520624396189
-5.497714546511868 1.8873677877573325
-5.733383413568526 0.9567324778690859
-5.812660526918134 7.11845610882046e-16
-5.733383413568526 -0.9567324778690844
-5.497714546511868 -1.8873677877573334
-5.11208235809858 -2.7665206243961853
-4.587005889160488 -3.5702099901825384
-3.9368078569980223 -4.276513334279556
-3.179223968988809 -4.866164542655668
-2.3349191387239308 -5.323079467452359
-1.4269238010345924 -5.634794660609487
-0.4800057017657643 -5.792807344238591
0.48000570176576207 -5.792807344238591
1.4269238010345904 -5.634794660609488
2.3349191387239285 -5.32307946745236
3.179223968988807 -4.866164542655669
3.9368078569980227 -4.276513334279556
4.587005889160488 -3.5702099901825384
5.112082358098577 -2.766520624396192
5.497714546511867 -1.8873677877573354
5.733383413568526 -0.9567324778690841
5.975195530515909 0.0
5.8937016515657925 0.9834848601925384
5.651442955294517 1.9401428171527126
5.255027627415074 2.8438787356358204
4.7152688446943785 3.6700410556493552
4.046889819678919 4.396094222747782
3.268122189837034 5.002233399212004
2.4002087060151136 5.471924688394984
1.4668237855702242 5.7923561363216205
0.4934277359792097 5.954787208394917
-0.4934277359792089 5.954787208394917
-1.4668237855702222 5.7923561363216205
-2.4002087060151127 5.471924688394984
-3.2681221898370345 5.002233399212003
-4.046889819678917 4.396094222747783
-4.715268844694378 3.6700410556493557
-5.255027627415073 2.8438787356358213
-5.651442955294518 1.9401428171527113
-5.8937016515657925 0.9834848601925392
-5.975195530515909 7.317504080725879e-16
-5.893701651565793 -0.9834848601925378
-5.651442955294518 -1.9401428171527122
-5.255027627415076 -2.8438787356358177
-4.71526884469438 -3.6700410556493526
-4.046889819678919 -4.396094222747782
-3.268122189837034 -5.002233399212004
-2.4002087060151105 -5.471924688394986
-1.4668237855702235 -5.7923561363216205
-0.49342773597921175 -5.954787208394917
0.4934277359792095 -5.954787208394917
1.4668237855702215 -5.7923561363216205
2.4002087060151087 -5.471924688394986
3.268122189837032 -5.002233399212006
4.04688981967892 -4.396094222747782
4.71526884469438 -3.6700410556493526
5.255027627415072 -2.8438787356358244
5.651442955294517 -1.9401428171527142
5.893701651565793 -0.9834848601925374
1.0 0.5 0.4 0.32000000000000006 0.25600000000000006 0.20480000000000007 0.16384000000000007 0.13107200000000005 0.10485760000000005 0.08388608000000004 0.06710886400000003 0.05368709120000003 0.042949672960000025 0.03435973836800002 0.027487790694400018 