0.0 0.0
2.6833274244395935 0.0
2.6675976441086466 0.2901187272404526
2.6205927204083115 0.5768360776620929
2.5428637430919627 0.8567905524794005
2.435322013350352 1.1266999414399597
2.2992283596383603 1.3833998037387158
2.136178355614145 1.6238805681931383
1.9480836134968504 1.8453228177136587
1.7371493721611388 2.0451303443912283
1.5058486427276554 2.2209605876613168
1.256893214768734 2.3707520986847066
0.9932018630550751 2.492748708950333
0.7178661275902176 2.585520119745396
0.4341140681306251 2.647978671100034
0.14527241813647923 2.679392093606011
-0.1452724181364783 2.679392093606011
-0.43411406813062536 2.647978671100034
-0.7178661275902178 2.585520119745396
-0.9932018630550742 2.4927487089503333
-1.2568932147687337 2.3707520986847066
-1.505848642727655 2.2209605876613168
-1.7371493721611386 2.0451303443912283
-1.9480836134968498 1.8453228177136591
-2.1361783556141445 1.623880568193139
-2.2992283596383603 1.3833998037387154
-2.4353220133503526 1.1266999414399592
-2.5428637430919627 0.8567905524793998
-2.6205927204083115 0.5768360776620933
-2.6675976441086466 0.290118727240453
-2.6833274244395935 3.2861283414042596e-16
-2.667597644108647 -0.2901187272404512
-2.6205927204083115 -0.5768360776620927
-2.5428637430919627 -0.8567905524794003
-2.435322013350352 -1.1266999414399597
-2.2992283596383603 -1.383399803738716
-2.136178355614146 -1.6238805681931374
-1.9480836134968509 -1.845322817713658
-1.7371493721611384 -2.0451303443912283
-1.5058486427276556 -2.2209605876613163
-1.2568932147687353 -2.3707520986847053
-0.9932018630550749 -2.492748708950333
-0.7178661275902191 -2.5855201197453956
-0.4341140681306255 -2.647978671100034
-0.14527241813648015 -2.679392093606011
0.1452724181364768 -2.679392093606011
0.4341140681306245 -2.647978671100034
0.7178661275902158 -2.5855201197453965
0.993201863055074 -2.4927487089503333
1.2568932147687344 -2.370752098684706
1.505848642727655 -2.2209605876613168
1.7371493721611395 -2.0451303443912274
1.9480836134968504 -1.8453228177136587
2.136178355614146 -1.6238805681931374
2.2992283596383603 -1.3833998037387158
2.435322013350352 -1.1266999414399606
2.5428637430919627 -0.8567905524794002
2.6205927204083115 -0.5768360776620937
2.667597644108646 -0.29011872724045457
1.0 0.5 