0.0 0.0
1.4926570764147544 0.0
1.4417960199021467 0.38632807918318707
1.2926789473137874 0.7463285382073771
1.0554679407189596 1.0554679407189593
0.7463285382073773 1.2926789473137874
0.38632807918318707 1.4417960199021467
9.139888554279877e-17 1.4926570764147544
-0.3863280791831869 1.4417960199021467
-0.7463285382073769 1.2926789473137874
-1.0554679407189593 1.0554679407189596
-1.2926789473137874 0.7463285382073771
-1.4417960199021465 0.3863280791831875
-1.4926570764147544 1.8279777108559753e-16
-1.4417960199021467 -0.3863280791831872
-1.2926789473137876 -0.7463285382073768
-1.05546794071896 -1.0554679407189589
-0.7463285382073779 -1.292678947313787
-0.3863280791831869 -1.4417960199021467
-2.7419665662839627e-16 -1.4926570764147544
0.3863280791831864 -1.441796019902147
0.7463285382073773 -1.2926789473137874
1.0554679407189593 -1.0554679407189598
1.292678947313787 -0.7463285382073779
1.4417960199021462 -0.3863280791831883
2.410666129932995 0.0
2.328524673462599 0.623926305810247
2.0876981085646924 1.2053330649664973
1.7045983676523517 1.7045983676523515
1.2053330649664977 2.087698108564692
0.623926305810247 2.328524673462599
1.47610727991769e-16 2.410666129932995
-0.6239263058102467 2.328524673462599
-1.205333064966497 2.0876981085646924
-1.7045983676523515 1.7045983676523517
-2.0876981085646924 1.2053330649664973
-2.3285246734625984 0.6239263058102477
-2.410666129932995 2.95221455983538e-16
-2.328524673462599 -0.6239263058102471
-2.0876981085646924 -1.2053330649664968
-1.7045983676523526 -1.7045983676523506
-1.2053330649664986 -2.0876981085646915
-0.6239263058102467 -2.328524673462599
-4.4283218397530695e-16 -2.410666129932995
0.6239263058102459 -2.328524673462599
1.2053330649664977 -2.087698108564692
1.7045983676523513 -1.704598367652352
2.0876981085646915 -1.2053330649664986
2.3285246734625984 -0.623926305810249
3.048802053383162 0.0
2.944916642605939 0.7890880361632345
2.640340029339979 1.5244010266915808
2.1558286064427046 2.155828606442704
1.5244010266915815 2.6403400293399786
0.7890880361632345 2.944916642605939
1.8668528379547837e-16 3.048802053383162
-0.7890880361632342 2.944916642605939
-1.5244010266915804 2.640340029339979
-2.155828606442704 2.1558286064427046
-2.640340029339979 1.5244010266915808
-2.9449166426059388 0.7890880361632353
-3.048802053383162 3.7337056759095673e-16
-2.944916642605939 -0.7890880361632346
-2.640340029339979 -1.5244010266915802
-2.1558286064427055 -2.1558286064427032
-1.5244010266915824 -2.6403400293399777
-0.7890880361632342 -2.944916642605939
-5.600558513864351e-16 -3.048802053383162
0.7890880361632331 -2.944916642605939
1.5244010266915815 -2.6403400293399786
2.1558286064427037 -2.155828606442705
2.6403400293399777 -1.5244010266915824
2.9449166426059383 -0.789088036163237
3.5768660714407483 0.0
3.4549873155817385 0.9257610610698992
3.097656883802333 1.788433035720374
2.529226254511839 2.5292262545118387
1.7884330357203746 3.097656883802333
0.9257610610698992 3.4549873155817385
2.1901987926843402e-16 3.5768660714407483
-0.9257610610698989 3.4549873155817385
-1.7884330357203733 3.097656883802333
-2.5292262545118387 2.529226254511839
-3.097656883802333 1.788433035720374
-3.454987315581738 0.9257610610699002
-3.5768660714407483 4.3803975853686803e-16
-3.4549873155817385 -0.9257610610698994
-3.0976568838023333 -1.7884330357203733
-2.5292262545118405 -2.529226254511838
-1.7884330357203757 -3.097656883802332
-0.9257610610698989 -3.4549873155817385
-6.57059637805302e-16 -3.5768660714407483
0.9257610610698976 -3.454987315581739
1.7884330357203746 -3.097656883802333
2.5292262545118382 -2.5292262545118396
3.097656883802332 -1.7884330357203757
3.4549873155817377 -0.9257610610699022
4.079588982222063 0.0
3.9405803585726256 1.0558753247894788
3.5330276956034097 2.039794491111031
2.884705033783147 2.8847050337831464
2.039794491111032 3.533027695603409
1.0558753247894788 3.9405803585726256
2.498027794457529e-16 4.079588982222063
-1.0558753247894783 3.9405803585726256
-2.0397944911110306 3.5330276956034097
-2.8847050337831464 2.884705033783147
-3.5330276956034097 2.039794491111031
-3.940580358572625 1.0558753247894799
-4.079588982222063 4.996055588915058e-16
-3.9405803585726256 -1.055875324789479
-3.53302769560341 -2.03979449111103
-2.884705033783148 -2.884705033783145
-2.0397944911110333 -3.533027695603408
-1.0558753247894783 -3.9405803585726256
-7.494083383372586e-16 -4.079588982222063
1.055875324789477 -3.940580358572626
2.039794491111032 -3.533027695603409
2.884705033783146 -2.8847050337831472
3.533027695603408 -2.0397944911110333
3.9405803585726247 -1.055875324789482
1.0 0.5 0.4 0.32000000000000006 0.25600000000000006 0.20480000000000007 