0.0 0.0
0.6528713027028601 0.0
0.3264356513514301 0.5654031335425168
-0.3264356513514299 0.5654031335425169
-0.6528713027028601 7.995367511102203e-17
-0.3264356513514303 -0.5654031335425167
0.3264356513514301 -0.5654031335425168
1.174648114904686 0.0
0.5873240574523431 1.0172751080149602
-0.5873240574523427 1.0172751080149605
-1.174648114904686 1.438529054042496e-16
-0.5873240574523435 -1.01727510801496
0.5873240574523431 -1.0172751080149602
1.5704260842986044 0.0
0.7852130421493024 1.3600288837683137
-0.7852130421493019 1.3600288837683139
-1.5704260842986044 1.9232172774337973e-16
-0.7852130421493029 -1.3600288837683134
0.7852130421493024 -1.3600288837683137
1.8972484275739712 0.0
0.9486242137869858 1.6430653355691396
-0.9486242137869851 1.6430653355691398
-1.8972484275739712 2.3234592140158126e-16
-0.9486242137869865 -1.6430653355691391
0.9486242137869858 -1.6430653355691396
2.46069946511842 0.0
1.2303497325592103 2.131028247871332
-1.2303497325592097 2.131028247871332
-2.46069946511842 3.013487723620877e-16
-1.2303497325592112 -2.131028247871331
1.2303497325592103 -2.131028247871332
2.71766194328794 0.0
1.3588309716439702 2.3535642817855402
-1.3588309716439693 2.3535642817855407
-2.71766194328794 3.3281760000121513e-16
-1.358830971643971 -2.35356428178554
1.3588309716439702 -2.3535642817855402
2.1378262859408173 0.0
1.0689131429704088 1.851411872502883
-1.0689131429704082 1.8514118725028832
-2.1378262859408173 2.618082118210496e-16
-1.0689131429704095 -1.8514118725028825
1.0689131429704088 -1.851411872502883
3.2176940371854363 0.0
1.6088470185927186 2.786604777808298
-1.6088470185927175 2.7866047778082983
-3.2176940371854363 3.940538703274669e-16
-1.6088470185927195 -2.786604777808297
1.6088470185927186 -2.786604777808298
3.024606540054469 0.0
1.512303270027235 2.6193861001397254
-1.5123032700272339 2.619386100139726
-3.024606540054469 3.7040747179578564e-16
-1.5123032700272359 -2.6193861001397245
1.512303270027235 -2.6193861001397254
3.4270756225821364 0.0
1.7135378112910686 2.967934549846501
-1.7135378112910675 2.9679345498465013
-3.4270756225821364 4.196957191631136e-16
-1.7135378112910697 -2.9679345498465004
1.7135378112910686 -2.967934549846501
2.284315327591539 0.0
1.1421576637957698 1.9782751039484447
-1.142157663795769 1.978275103948445
-2.284315327591539 2.797479454178216e-16
-1.1421576637957707 -1.9782751039484443
1.1421576637957698 -1.9782751039484447
2.8885643691719367 0.0
1.4442821845859686 2.5015701241694686
-1.4442821845859677 2.501570124169469
-2.8885643691719367 3.5374711088375057e-16
-1.4442821845859697 -2.501570124169468
1.4442821845859686 -2.5015701241694686
3.601521261527405 0.0
1.800760630763703 3.1190089047525116
-1.8007606307637016 3.119008904752512
-3.601521261527405 4.410591484990674e-16
-1.800760630763704 -3.1190089047525107
1.800760630763703 -3.1190089047525116
3.7607554594168957 0.0
1.8803777297084483 3.256909765276049
-1.880377729708447 3.2569097652760495
-3.7607554594168957 4.605597135750835e-16
-1.8803777297084496 -3.256909765276048
1.8803777297084483 -3.256909765276049
1.0 0.5 0.4 0.32000000000000006 0.25600000000000006 0.20480000000000007 0.16384000000000007 0.13107200000000005 0.10485760000000005 0.08388608000000004 0.06710886400000003 0.05368709120000003 0.042949672960000025 0.03435973836800002 0.027487790694400018 