0.0 0.0
1.844446728541608 0.0
1.8256729203176236 0.2624921378760888
1.7697336762419191 0.5196406927898376
1.6777677580084167 0.7662108617183989
1.5516473265045423 0.9971831870720376
1.3939398300144243 1.2078557383757373
1.2078557383757373 1.3939398300144243
0.9971831870720378 1.551647326504542
0.7662108617183989 1.6777677580084165
0.5196406927898378 1.7697336762419191
0.26249213787608877 1.8256729203176236
5.224892342596021e-16 1.844446728541608
-0.26249213787608855 1.8256729203176238
-0.5196406927898376 1.7697336762419191
-0.7662108617183988 1.6777677580084167
-0.9971831870720369 1.5516473265045427
-1.2078557383757371 1.3939398300144243
-1.3939398300144241 1.2078557383757376
-1.551647326504542 0.997183187072038
-1.6777677580084163 0.7662108617183995
-1.7697336762419191 0.5196406927898376
-1.8256729203176236 0.2624921378760888
-1.844446728541608 1.0449784685192043e-15
-1.8256729203176238 -0.2624921378760884
-1.7697336762419194 -0.519640692789837
-1.6777677580084165 -0.766210861718399
-1.5516473265045423 -0.9971831870720376
-1.3939398300144246 -1.2078557383757371
-1.2078557383757376 -1.3939398300144241
-0.9971831870720373 -1.5516473265045423
-0.7662108617184002 -1.6777677580084158
-0.5196406927898377 -1.7697336762419191
-0.26249213787608894 -1.8256729203176236
-3.3881936734594307e-16 -1.844446728541608
0.26249213787608827 -1.8256729203176238
0.5196406927898369 -1.7697336762419194
0.7662108617183983 -1.677767758008417
0.9971831870720382 -1.5516473265045418
1.2078557383757365 -1.3939398300144252
1.3939398300144235 -1.2078557383757382
1.5516473265045423 -0.9971831870720373
1.6777677580084158 -0.7662108617184004
1.7697336762419191 -0.5196406927898378
1.8256729203176236 -0.2624921378760891
2.8577778115858283 0.0
2.828689754039221 0.4067041870768199
2.7420177303680173 0.8051290497427809
2.599526133032686 1.1871638067564292
2.40411568004314 1.5450313321622309
2.1597643647050333 1.8714464751476463
1.8714464751476463 2.1597643647050333
1.545031332162231 2.4041156800431396
1.1871638067564294 2.5995261330326858
0.8051290497427812 2.7420177303680173
0.4067041870768198 2.828689754039221
8.095425676187415e-16 2.8577778115858283
-0.4067041870768195 2.828689754039221
-0.8051290497427809 2.7420177303680173
-1.1871638067564292 2.599526133032686
-1.54503133216223 2.4041156800431405
-1.8714464751476458 2.1597643647050333
-2.1597643647050333 1.8714464751476465
-2.4041156800431396 1.5450313321622315
-2.5995261330326853 1.1871638067564303
-2.7420177303680173 0.8051290497427809
-2.828689754039221 0.40670418707682
-2.8577778115858283 1.619085135237483e-15
-2.828689754039221 -0.40670418707681927
-2.7420177303680173 -0.8051290497427801
-2.5995261330326858 -1.1871638067564296
-2.40411568004314 -1.5450313321622309
-2.1597643647050337 -1.8714464751476458
-1.8714464751476465 -2.1597643647050333
-1.5450313321622307 -2.40411568004314
-1.1871638067564314 -2.599526133032685
-0.805129049742781 -2.7420177303680173
-0.40670418707682016 -2.828689754039221
-5.249652674449368e-16 -2.8577778115858283
0.4067041870768191 -2.828689754039221
0.8051290497427799 -2.7420177303680173
1.1871638067564283 -2.599526133032686
1.5450313321622318 -2.404115680043139
1.8714464751476447 -2.1597643647050346
2.159764364705032 -1.8714464751476474
2.40411568004314 -1.5450313321622307
2.599526133032685 -1.1871638067564316
2.7420177303680173 -0.8051290497427812
2.828689754039221 -0.4067041870768204
3.5453657369990803 0.0
3.509279025791685 0.5045581514806705
3.4017535135442016 0.9988449540227506
3.224978109608016 1.4727981537319155
2.9825514514291007 1.9167694302302498
2.679408646667226 2.321720808635684
2.321720808635684 2.679408646667226
1.9167694302302503 2.9825514514291003
1.4727981537319157 3.2249781096080157
0.998844954022751 3.4017535135442016
0.5045581514806704 3.509279025791685
1.0043203744678343e-15 3.5453657369990803
-0.50455815148067 3.5092790257916855
-0.9988449540227506 3.4017535135442016
-1.4727981537319152 3.224978109608016
-1.9167694302302487 2.9825514514291016
-2.3217208086356838 2.679408646667226
-2.6794086466672256 2.3217208086356846
-2.9825514514291003 1.9167694302302507
-3.2249781096080157 1.4727981537319166
-3.4017535135442016 0.9988449540227506
-3.509279025791685 0.5045581514806706
-3.5453657369990803 2.0086407489356686e-15
-3.5092790257916855 -0.5045581514806697
-3.401753513544202 -0.9988449540227496
-3.2249781096080157 -1.472798153731916
-2.9825514514291007 -1.9167694302302498
-2.6794086466672264 -2.3217208086356838
-2.3217208086356846 -2.6794086466672256
-1.9167694302302494 -2.9825514514291007
-1.4727981537319181 -3.224978109608015
-0.9988449540227508 -3.4017535135442016
-0.5045581514806708 -3.509279025791685
-6.51273120243393e-16 -3.5453657369990803
0.5045581514806695 -3.5092790257916855
0.9988449540227494 -3.401753513544202
1.4727981537319144 -3.2249781096080166
1.9167694302302511 -2.9825514514291
2.3217208086356824 -2.679408646667228
2.6794086466672247 -2.321720808635686
2.9825514514291007 -1.9167694302302494
3.224978109608015 -1.4727981537319184
3.4017535135442016 -0.998844954022751
3.509279025791685 -0.5045581514806711
4.062566416565655 0.0
4.0212153481820705 0.5781634825480207
3.8980039315369734 1.1445572238771666
3.6954403957608726 1.6876510807586487
3.4176483502971697 2.1963892284197133
3.0702828401053983 2.6604152252536517
2.6604152252536517 3.0702828401053983
2.1963892284197137 3.4176483502971693
1.687651080758649 3.695440395760872
1.144557223877167 3.8980039315369734
0.5781634825480206 4.0212153481820705
1.1508314028665542e-15 4.062566416565655
-0.5781634825480202 4.021215348182071
-1.1445572238771666 3.8980039315369734
-1.6876510807586484 3.6954403957608726
-2.196389228419712 3.4176483502971706
-2.6604152252536513 3.0702828401053983
-3.070282840105398 2.660415225253652
-3.4176483502971693 2.196389228419714
-3.6954403957608717 1.68765108075865
-3.8980039315369734 1.1445572238771666
-4.0212153481820705 0.5781634825480209
-4.062566416565655 2.3016628057331085e-15
-4.021215348182071 -0.5781634825480199
-3.898003931536974 -1.1445572238771655
-3.695440395760872 -1.6876510807586491
-3.4176483502971697 -2.1963892284197133
-3.0702828401053988 -2.6604152252536513
-2.660415225253652 -3.070282840105398
-2.196389228419713 -3.4176483502971697
-1.6876510807586518 -3.695440395760871
-1.1445572238771669 -3.8980039315369734
-0.5781634825480211 -4.0212153481820705
-7.462813437555994e-16 -4.062566416565655
0.5781634825480196 -4.021215348182071
1.1445572238771653 -3.898003931536974
1.6876510807586473 -3.695440395760873
2.1963892284197146 -3.417648350297169
2.6604152252536495 -3.0702828401054
3.0702828401053965 -2.6604152252536535
3.4176483502971697 -2.196389228419713
3.695440395760871 -1.687651080758652
3.8980039315369734 -1.144557223877167
4.0212153481820705 -0.5781634825480214
4.4770694807246 0.0
4.431499368811942 0.6371534190875822
4.29571670913916 1.2613362319612733
4.0724856450923355 1.8598418765455584
3.7663505173902316 2.4204865038644554
3.3835433544120566 2.931857006071348
2.931857006071348 3.3835433544120566
2.420486503864456 3.766350517390231
1.8598418765455587 4.0724856450923355
1.2613362319612738 4.29571670913916
0.637153419087582 4.431499368811942
1.2682505645258932e-15 4.4770694807246
-0.6371534190875815 4.431499368811942
-1.2613362319612733 4.29571670913916
-1.8598418765455582 4.0724856450923355
-2.4204865038644536 3.7663505173902325
-2.9318570060713474 3.3835433544120566
-3.383543354412056 2.9318570060713482
-3.766350517390231 2.4204865038644563
-4.072485645092335 1.8598418765455598
-4.29571670913916 1.2613362319612733
-4.431499368811942 0.6371534190875823
-4.4770694807246 2.5365011290517863e-15
-4.431499368811942 -0.6371534190875812
-4.29571670913916 -1.2613362319612722
-4.0724856450923355 -1.8598418765455589
-3.7663505173902316 -2.4204865038644554
-3.383543354412057 -2.9318570060713474
-2.9318570060713482 -3.383543354412056
-2.420486503864455 -3.7663505173902316
-1.8598418765455618 -4.072485645092334
-1.2613362319612735 -4.29571670913916
-0.6371534190875825 -4.431499368811942
-8.224243213694525e-16 -4.4770694807246
0.6371534190875809 -4.431499368811942
1.2613362319612718 -4.29571670913916
1.8598418765455569 -4.072485645092336
2.4204865038644567 -3.7663505173902307
2.9318570060713456 -3.3835433544120583
3.3835433544120543 -2.93185700607135
3.7663505173902316 -2.420486503864455
4.072485645092334 -1.859841876545562
4.29571670913916 -1.2613362319612738
4.431499368811942 -0.6371534190875828
4.824124639833755 0.0
4.7750220068135825 0.6865445179281108
4.628713695761056 1.359112969302105
4.388178121970876 2.0040137999792598
4.058311896078096 2.6081186887874117
3.64583014318625 3.159129802285067
3.159129802285067 3.64583014318625
2.608118688787412 4.058311896078096
2.00401379997926 4.388178121970876
1.3591129693021053 4.628713695761056
0.6865445179281107 4.7750220068135825
1.3665632897040096e-15 4.824124639833755
-0.6865445179281101 4.775022006813583
-1.359112969302105 4.628713695761056
-2.0040137999792598 4.388178121970876
-2.60811868878741 4.058311896078097
-3.1591298022850665 3.64583014318625
-3.645830143186249 3.159129802285068
-4.058311896078096 2.6081186887874126
-4.388178121970875 2.0040137999792615
-4.628713695761056 1.359112969302105
-4.7750220068135825 0.686544517928111
-4.824124639833755 2.733126579408019e-15
-4.775022006813583 -0.6865445179281098
-4.628713695761056 -1.3591129693021036
-4.388178121970876 -2.00401379997926
-4.058311896078096 -2.6081186887874117
-3.6458301431862505 -3.1591298022850665
-3.159129802285068 -3.645830143186249
-2.608118688787411 -4.058311896078096
-2.0040137999792638 -4.388178121970874
-1.3591129693021051 -4.628713695761056
-0.6865445179281112 -4.7750220068135825
-8.861773198290429e-16 -4.824124639833755
0.6865445179281094 -4.775022006813583
1.3591129693021033 -4.628713695761056
2.0040137999792584 -4.388178121970877
2.608118688787413 -4.058311896078095
3.1591298022850642 -3.645830143186252
3.645830143186248 -3.159129802285069
4.058311896078096 -2.608118688787411
4.388178121970874 -2.0040137999792638
4.628713695761056 -1.3591129693021053
4.7750220068135825 -0.6865445179281117
5.374204090897354 0.0
5.319502442214426 0.7648289860436844
5.156511063986299 1.5140882595161826
4.888547990645376 2.2325250622949153
4.521068177623186 2.905514092875962
4.061552454188589 3.519355235336795
3.519355235336795 4.061552454188589
2.9055140928759626 4.521068177623185
2.2325250622949158 4.8885479906453755
1.5140882595161833 5.156511063986299
0.7648289860436842 5.319502442214426
1.522388116043893e-15 5.374204090897354
-0.7648289860436837 5.319502442214427
-1.5140882595161826 5.156511063986299
-2.2325250622949153 4.888547990645376
-2.9055140928759604 4.521068177623187
-3.5193552353367945 4.061552454188589
-4.061552454188589 3.519355235336796
-4.521068177623185 2.9055140928759635
-4.888547990645375 2.232525062294917
-5.156511063986299 1.5140882595161826
-5.319502442214426 0.7648289860436845
-5.374204090897354 3.044776232087786e-15
-5.319502442214427 -0.7648289860436832
-5.1565110639863 -1.5140882595161813
-4.8885479906453755 -2.232525062294916
-4.521068177623186 -2.905514092875962
-4.06155245418859 -3.5193552353367945
-3.519355235336796 -4.061552454188589
-2.9055140928759617 -4.521068177623186
-2.2325250622949198 -4.888547990645374
-1.514088259516183 -5.156511063986299
-0.7648289860436849 -5.319502442214426
-9.872252756823084e-16 -5.374204090897354
0.7648289860436829 -5.319502442214427
1.5140882595161809 -5.1565110639863
2.2325250622949135 -4.888547990645376
2.905514092875964 -4.521068177623184
3.5193552353367923 -4.0615524541885915
4.061552454188587 -3.5193552353367976
4.521068177623186 -2.9055140928759617
4.888547990645374 -2.2325250622949198
5.156511063986299 -1.5140882595161833
5.319502442214426 -0.7648289860436853
5.1048910511833965 0.0
5.05293062092742 0.7265017443519056
4.898107094677995 1.438214008246832
4.643572232955378 2.120648382400564
4.294507631526314 2.759912470933556
3.858019239056714 3.342992700488677
3.342992700488677 3.858019239056714
2.759912470933557 4.294507631526314
2.120648382400564 4.6435722329553775
1.4382140082468324 4.898107094677995
0.7265017443519055 5.05293062092742
1.4460979409367309e-15 5.1048910511833965
-0.726501744351905 5.0529306209274205
-1.438214008246832 4.898107094677995
-2.1206483824005637 4.643572232955378
-2.7599124709335543 4.294507631526316
-3.3429927004886766 3.858019239056714
-3.858019239056713 3.3429927004886775
-4.294507631526314 2.7599124709335574
-4.643572232955377 2.120648382400566
-4.898107094677995 1.438214008246832
-5.05293062092742 0.7265017443519058
-5.1048910511833965 2.8921958818734617e-15
-5.0529306209274205 -0.7265017443519045
-4.898107094677995 -1.4382140082468304
-4.6435722329553775 -2.1206483824005646
-4.294507631526314 -2.759912470933556
-3.8580192390567145 -3.3429927004886766
-3.3429927004886775 -3.858019239056713
-2.7599124709335556 -4.294507631526314
-2.120648382400568 -4.643572232955376
-1.4382140082468322 -4.898107094677995
-0.7265017443519061 -5.05293062092742
-9.37753272874157e-16 -5.1048910511833965
0.7265017443519043 -5.0529306209274205
1.4382140082468302 -4.898107094677995
2.1206483824005624 -4.643572232955378
2.759912470933558 -4.294507631526313
3.3429927004886744 -3.8580192390567163
3.858019239056712 -3.3429927004886792
4.294507631526314 -2.7599124709335556
4.643572232955376 -2.120648382400568
4.898107094677995 -1.4382140082468324
5.05293062092742 -0.7265017443519065
5.652830271618082 0.0
5.595292610161194 0.8044816258916578
5.42385092665288 1.5925863258135955
5.14199527937238 2.3482705607816823
4.7554634364937565 3.056150778985347
4.2721240716722315 3.7018165805399423
3.7018165805399423 4.2721240716722315
3.056150778985348 4.7554634364937565
2.3482705607816827 5.141995279372379
1.5925863258135962 5.42385092665288
0.8044816258916576 5.595292610161194
1.6013164892827118e-15 5.652830271618082
-0.8044816258916571 5.595292610161194
-1.5925863258135955 5.42385092665288
-2.348270560781682 5.14199527937238
-3.0561507789853453 4.755463436493758
-3.7018165805399414 4.2721240716722315
-4.272124071672231 3.701816580539943
-4.7554634364937565 3.0561507789853484
-5.141995279372379 2.348270560781684
-5.42385092665288 1.5925863258135955
-5.595292610161194 0.804481625891658
-5.652830271618082 3.2026329785654237e-15
-5.595292610161194 -0.8044816258916565
-5.4238509266528805 -1.592586325813594
-5.141995279372379 -2.3482705607816827
-4.7554634364937565 -3.056150778985347
-4.2721240716722315 -3.7018165805399414
-3.701816580539943 -4.272124071672231
-3.0561507789853466 -4.7554634364937565
-2.3482705607816867 -5.141995279372377
-1.5925863258135957 -5.42385092665288
-0.8044816258916583 -5.595292610161194
-1.038408074739052e-15 -5.652830271618082
0.8044816258916563 -5.595292610161194
1.5925863258135937 -5.4238509266528805
2.3482705607816805 -5.141995279372381
3.0561507789853493 -4.755463436493756
3.7018165805399392 -4.272124071672234
4.272124071672229 -3.7018165805399446
4.7554634364937565 -3.0561507789853466
5.141995279372377 -2.348270560781687
5.42385092665288 -1.5925863258135962
5.595292610161194 -0.8044816258916587
5.918298103473253 0.0
5.858058362261085 0.8422616374488862
5.678565446038592 1.6673772568413037
5.383473312965237 2.458549883603381
4.978789187894954 3.199673524607692
4.472751272601525 3.8756610397474835
3.8756610397474835 4.472751272601525
3.199673524607693 4.978789187894953
2.4585498836033812 5.383473312965237
1.6673772568413043 5.678565446038592
0.842261637448886 5.858058362261085
1.6765174056551992e-15 5.918298103473253
-0.8422616374488854 5.858058362261086
-1.6673772568413037 5.678565446038592
-2.458549883603381 5.383473312965237
-3.1996735246076904 4.9787891878949555
-3.8756610397474827 4.472751272601525
-4.472751272601524 3.875661039747484
-4.978789187894953 3.1996735246076935
-5.383473312965236 2.458549883603383
-5.678565446038592 1.6673772568413037
-5.858058362261085 0.8422616374488864
-5.918298103473253 3.3530348113103984e-15
-5.858058362261086 -0.8422616374488849
-5.678565446038593 -1.6673772568413021
-5.383473312965237 -2.4585498836033817
-4.978789187894954 -3.199673524607692
-4.472751272601526 -3.8756610397474827
-3.875661039747484 -4.472751272601524
-3.1996735246076917 -4.978789187894954
-2.4585498836033857 -5.383473312965235
-1.6673772568413041 -5.678565446038592
-0.8422616374488867 -5.858058362261085
-1.0871737243227554e-15 -5.918298103473253
0.8422616374488846 -5.858058362261086
1.6673772568413017 -5.678565446038593
2.458549883603379 -5.383473312965238
3.1996735246076944 -4.978789187894953
3.87566103974748 -4.472751272601528
4.472751272601522 -3.875661039747486
4.978789187894954 -3.1996735246076917
5.383473312965235 -2.4585498836033857
5.678565446038592 -1.6673772568413043
5.858058362261085 -0.8422616374488872
1.0 0.5 0.4 0.32000000000000006 0.25600000000000006 0.20480000000000007 0.16384000000000007 0.13107200000000005 0.10485760000000005 0.08388608000000004 0.06710886400000003 