0.0 0.0
1.959079978857479 0.0
1.9447960800796475 0.236140997006149
1.9021526751548723 0.46883852653273217
1.8317716009515421 0.6946993346100494
1.734679172015918 0.9104298620620866
1.6122912145949906 1.112884272015752
1.4663924207016366 1.2991103232862924
1.2991103232862926 1.4663924207016366
1.1128842720157521 1.6122912145949906
0.9104298620620869 1.734679172015918
0.6946993346100493 1.8317716009515421
0.4688385265327328 1.9021526751548723
0.2361409970061489 1.9447960800796475
-3.1504408865287386e-16 1.959079978857479
-0.23614099700614866 1.9447960800796475
-0.46883852653273167 1.9021526751548725
-0.6946993346100491 1.8317716009515421
-0.9104298620620866 1.734679172015918
-1.1128842720157517 1.6122912145949908
-1.299110323286292 1.466392420701637
-1.4663924207016368 1.2991103232862924
-1.6122912145949906 1.112884272015752
-1.7346791720159174 0.9104298620620878
-1.831771600951542 0.6946993346100498
-1.9021526751548723 0.46883852653273206
-1.9447960800796475 0.23614099700614904
-1.959079978857479 -6.300881773057477e-16
-1.9447960800796475 -0.23614099700614855
-1.9021526751548725 -0.46883852653273156
-1.8317716009515421 -0.6946993346100494
-1.7346791720159183 -0.9104298620620858
-1.6122912145949908 -1.1128842720157515
-1.466392420701637 -1.299110323286292
-1.2991103232862924 -1.4663924207016366
-1.1128842720157521 -1.6122912145949906
-0.9104298620620879 -1.7346791720159174
-0.69469933461005 -1.831771600951542
-0.46883852653273217 -1.9021526751548723
-0.23614099700615002 -1.9447960800796475
-3.598771538072214e-16 -1.959079978857479
0.2361409970061493 -1.9447960800796475
0.46883852653273145 -1.9021526751548725
0.6946993346100493 -1.8317716009515421
0.9104298620620856 -1.7346791720159183
1.11288427201575 -1.612291214594992
1.2991103232862924 -1.4663924207016366
1.466392420701636 -1.299110323286293
1.6122912145949906 -1.1128842720157521
1.7346791720159183 -0.9104298620620864
1.831771600951542 -0.6946993346100501
1.9021526751548723 -0.4688385265327323
1.9447960800796475 -0.23614099700615013
3.0062404804807294 0.0
2.9843216026460175 0.3623622475663144
2.9188845957377274 0.7194404375943925
2.8108836786678877 1.0660275660035672
2.661893748004263 1.3970696120153874
2.474087412432034 1.7077392371572337
2.250203311226881 1.9935061787274666
1.993506178727467 2.250203311226881
1.707739237157234 2.474087412432034
1.3970696120153876 2.661893748004263
1.066027566003567 2.8108836786678877
0.7194404375943935 2.9188845957377274
0.3623622475663143 2.9843216026460175
-4.834403407035836e-16 3.0062404804807294
-0.3623622475663139 2.9843216026460175
-0.7194404375943918 2.9188845957377274
-1.0660275660035665 2.8108836786678877
-1.3970696120153874 2.661893748004263
-1.7077392371572333 2.4740874124320342
-1.993506178727466 2.250203311226882
-2.2502033112268816 1.9935061787274666
-2.474087412432034 1.7077392371572337
-2.6618937480042617 1.397069612015389
-2.8108836786678877 1.0660275660035679
-2.9188845957377274 0.7194404375943924
-2.9843216026460175 0.3623622475663145
-3.0062404804807294 -9.668806814071672e-16
-2.9843216026460175 -0.36236224756631374
-2.9188845957377274 -0.7194404375943916
-2.8108836786678877 -1.0660275660035672
-2.6618937480042635 -1.397069612015386
-2.4740874124320342 -1.707739237157233
-2.250203311226882 -1.993506178727466
-1.9935061787274666 -2.250203311226881
-1.707739237157234 -2.474087412432034
-1.3970696120153892 -2.6618937480042617
-1.0660275660035679 -2.8108836786678877
-0.7194404375943925 -2.9188845957377274
-0.362362247566316 -2.9843216026460175
-5.522374172831889e-16 -3.0062404804807294
0.36236224756631485 -2.9843216026460175
0.7194404375943915 -2.9188845957377274
1.066027566003567 -2.8108836786678877
1.3970696120153858 -2.6618937480042635
1.7077392371572306 -2.4740874124320356
1.9935061787274666 -2.250203311226881
2.25020331122688 -1.9935061787274677
2.474087412432034 -1.707739237157234
2.661893748004263 -1.397069612015387
2.8108836786678877 -1.066027566003568
2.9188845957377274 -0.7194404375943927
2.9843216026460175 -0.3623622475663162
3.715788977251185 0.0
3.6886966919929836 0.44788886784717996
3.6078149027439568 0.8892465074432522
3.4743230481212835 1.3176369305520554
3.29016773996284 1.726813240153441
3.058034377343216 2.110808724268615
2.781307987408215 2.4640238640566516
2.464023864056652 2.781307987408215
2.1108087242686153 3.058034377343216
1.7268132401534415 3.29016773996284
1.3176369305520552 3.4743230481212835
0.8892465074432533 3.6078149027439568
0.4478888678471798 3.6886966919929836
-5.975444415736416e-16 3.715788977251185
-0.44788886784717935 3.6886966919929836
-0.8892465074432512 3.607814902743957
-1.3176369305520548 3.4743230481212835
-1.726813240153441 3.29016773996284
-2.1108087242686144 3.0580343773432164
-2.4640238640566507 2.781307987408216
-2.7813079874082156 2.4640238640566516
-3.058034377343216 2.110808724268615
-3.290167739962839 1.7268132401534433
-3.474323048121283 1.3176369305520563
-3.6078149027439568 0.889246507443252
-3.6886966919929836 0.44788886784718007
-3.715788977251185 -1.1950888831472831e-15
-3.6886966919929836 -0.44788886784717913
-3.607814902743957 -0.8892465074432511
-3.4743230481212835 -1.3176369305520554
-3.290167739962841 -1.7268132401534395
-3.0580343773432164 -2.110808724268614
-2.781307987408216 -2.4640238640566507
-2.4640238640566516 -2.781307987408215
-2.1108087242686153 -3.058034377343216
-1.7268132401534435 -3.290167739962839
-1.3176369305520566 -3.474323048121283
-0.8892465074432522 -3.6078149027439568
-0.4478888678471819 -3.6886966919929836
-6.825793615946521e-16 -3.715788977251185
0.4478888678471805 -3.6886966919929836
0.8892465074432508 -3.607814902743957
1.3176369305520552 -3.4743230481212835
1.7268132401534393 -3.290167739962841
2.1108087242686113 -3.058034377343218
2.4640238640566516 -2.781307987408215
2.781307987408214 -2.464023864056653
3.058034377343216 -2.1108087242686153
3.2901677399628406 -1.7268132401534408
3.474323048121283 -1.3176369305520568
3.6078149027439568 -0.8892465074432524
3.6886966919929836 -0.4478888678471821
4.241829422217149 0.0
4.210901709845185 0.5112960367634102
4.1185695684188195 1.0151362259724044
3.966179408473923 1.5041734431190164
3.755953421695249 1.9712764243613394
3.4909571763577243 2.40963375640855
3.175054914437948 2.8128532022646526
2.812853202264653 3.175054914437948
2.4096337564085504 3.4909571763577243
1.9712764243613399 3.755953421695249
1.5041734431190161 3.966179408473923
1.0151362259724057 4.1185695684188195
0.5112960367634101 4.210901709845185
-6.821381969932158e-16 4.241829422217149
-0.5112960367634095 4.210901709845185
-1.0151362259724033 4.1185695684188195
-1.5041734431190157 3.966179408473923
-1.9712764243613394 3.755953421695249
-2.4096337564085495 3.4909571763577247
-2.8128532022646513 3.1750549144379487
-3.1750549144379483 2.8128532022646526
-3.4909571763577243 2.40963375640855
-3.7559534216952475 1.9712764243613419
-3.9661794084739226 1.5041734431190172
-4.1185695684188195 1.0151362259724042
-4.210901709845185 0.5112960367634104
-4.241829422217149 -1.3642763939864317e-15
-4.210901709845185 -0.5112960367634093
-4.1185695684188195 -1.015136225972403
-3.966179408473923 -1.5041734431190164
-3.7559534216952497 -1.9712764243613377
-3.4909571763577247 -2.409633756408549
-3.1750549144379487 -2.8128532022646513
-2.8128532022646526 -3.175054914437948
-2.4096337564085504 -3.4909571763577243
-1.971276424361342 -3.7559534216952475
-1.5041734431190175 -3.9661794084739226
-1.0151362259724044 -4.1185695684188195
-0.5112960367634125 -4.210901709845185
-7.792114236670947e-16 -4.241829422217149
0.5112960367634108 -4.210901709845185
1.0151362259724028 -4.1185695684188195
1.5041734431190161 -3.966179408473923
1.9712764243613374 -3.7559534216952497
2.4096337564085455 -3.490957176357727
2.8128532022646526 -3.175054914437948
3.1750549144379465 -2.812853202264654
3.4909571763577243 -2.4096337564085504
3.7559534216952493 -1.971276424361339
3.9661794084739226 -1.5041734431190177
4.1185695684188195 -1.0151362259724046
4.210901709845185 -0.5112960367634127
4.780466893958945 0.0
4.745611907965006 0.5762216094682866
4.641555214165572 1.1440406103324627
4.469814193471508 1.6951769229428928
4.232893216691632 2.2215937388108222
3.934247125166972 2.715614715373463
3.5782308514043897 3.170035914354173
3.1700359143541736 3.5782308514043897
2.7156147153734636 3.934247125166972
2.2215937388108227 4.232893216691632
1.6951769229428924 4.469814193471508
1.144040610332464 4.641555214165572
0.5762216094682865 4.745611907965006
-7.687577088204699e-16 4.780466893958945
-0.5762216094682858 4.745611907965006
-1.1440406103324614 4.641555214165572
-1.695176922942892 4.469814193471508
-2.2215937388108222 4.232893216691632
-2.7156147153734627 3.934247125166973
-3.170035914354172 3.5782308514043906
-3.57823085140439 3.170035914354173
-3.934247125166972 2.715614715373463
-4.232893216691631 2.221593738810825
-4.469814193471508 1.6951769229428937
-4.641555214165572 1.1440406103324625
-4.745611907965006 0.5762216094682867
-4.780466893958945 -1.5375154176409399e-15
-4.745611907965006 -0.5762216094682856
-4.641555214165572 -1.1440406103324612
-4.469814193471508 -1.6951769229428928
-4.232893216691633 -2.22159373881082
-3.934247125166973 -2.7156147153734618
-3.5782308514043906 -3.170035914354172
-3.170035914354173 -3.5782308514043897
-2.7156147153734636 -3.934247125166972
-2.2215937388108253 -4.232893216691631
-1.6951769229428941 -4.469814193471508
-1.1440406103324627 -4.641555214165572
-0.5762216094682892 -4.745611907965006
-8.781575220175066e-16 -4.780466893958945
0.5762216094682874 -4.745611907965006
1.144040610332461 -4.641555214165572
1.6951769229428924 -4.469814193471508
2.22159373881082 -4.232893216691633
2.715614715373458 -3.9342471251669755
3.170035914354173 -3.5782308514043897
3.578230851404388 -3.1700359143541745
3.934247125166972 -2.7156147153734636
4.232893216691632 -2.221593738810822
4.469814193471508 -1.6951769229428943
4.641555214165572 -1.144040610332463
4.745611907965006 -0.5762216094682894
5.118548250136179 0.0
5.081228270409251 0.6169728137981079
4.96981254057016 1.224948774669256
4.785925752846335 1.8150622240613081
4.532249390679773 2.3787079790623658
4.212482626660282 2.9076668153448093
3.8312883802593114 3.3942253219640737
3.394225321964074 3.8312883802593114
2.9076668153448098 4.212482626660282
2.378707979062366 4.532249390679773
1.815062224061308 4.785925752846335
1.2249487746692576 4.96981254057016
0.6169728137981076 5.081228270409251
-8.231253374506703e-16 5.118548250136179
-0.6169728137981071 5.081228270409251
-1.2249487746692547 4.96981254057016
-1.8150622240613072 4.785925752846335
-2.3787079790623658 4.532249390679773
-2.907666815344809 4.212482626660283
-3.3942253219640723 3.8312883802593127
-3.8312883802593123 3.3942253219640737
-4.212482626660282 2.9076668153448093
-4.532249390679771 2.3787079790623684
-4.785925752846334 1.8150622240613092
-4.96981254057016 1.2249487746692556
-5.081228270409251 0.6169728137981081
-5.118548250136179 -1.6462506749013407e-15
-5.081228270409251 -0.6169728137981068
-4.96981254057016 -1.2249487746692544
-4.785925752846335 -1.8150622240613081
-4.532249390679774 -2.3787079790623635
-4.212482626660283 -2.907666815344808
-3.8312883802593127 -3.3942253219640723
-3.3942253219640737 -3.8312883802593114
-2.9076668153448098 -4.212482626660282
-2.378707979062369 -4.532249390679771
-1.8150622240613095 -4.785925752846334
-1.224948774669256 -4.96981254057016
-0.6169728137981106 -5.081228270409251
-9.402620596215835e-16 -5.118548250136179
0.6169728137981086 -5.081228270409251
1.224948774669254 -4.96981254057016
1.815062224061308 -4.785925752846335
2.378707979062363 -4.532249390679774
2.907666815344804 -4.212482626660286
3.3942253219640737 -3.8312883802593114
3.83128838025931 -3.3942253219640754
4.212482626660282 -2.9076668153448098
4.532249390679774 -2.3787079790623653
4.785925752846334 -1.81506222406131
4.96981254057016 -1.2249487746692562
5.081228270409251 -0.6169728137981109
5.609162072173015 0.0
5.568264965300381 0.6761097751938039
5.446170016592947 1.342360347398659
5.244657645336748 1.989036283006187
4.966666355671041 2.606707590687841
4.61624988658102 3.1863672319029686
4.198518099255187 3.7195624638028164
3.7195624638028173 4.198518099255187
3.1863672319029694 4.61624988658102
2.6067075906878414 4.966666355671041
1.9890362830061865 5.244657645336748
1.3423603473986605 5.446170016592947
0.6761097751938037 5.568264965300381
-9.020220573968563e-16 5.609162072173015
-0.676109775193803 5.568264965300381
-1.3423603473986574 5.446170016592947
-1.989036283006186 5.244657645336748
-2.606707590687841 4.966666355671041
-3.186367231902968 4.616249886581021
-3.7195624638028155 4.198518099255188
-4.198518099255187 3.7195624638028164
-4.61624988658102 3.1863672319029686
-4.966666355671039 2.606707590687844
-5.244657645336747 1.989036283006188
-5.446170016592947 1.3423603473986585
-5.568264965300381 0.6761097751938041
-5.609162072173015 -1.8040441147937126e-15
-5.568264965300381 -0.6761097751938027
-5.446170016592947 -1.3423603473986572
-5.244657645336748 -1.989036283006187
-4.966666355671042 -2.6067075906878383
-4.616249886581021 -3.1863672319029672
-4.198518099255188 -3.7195624638028155
-3.7195624638028164 -4.198518099255187
-3.1863672319029694 -4.61624988658102
-2.6067075906878445 -4.966666355671039
-1.9890362830061885 -5.244657645336747
-1.342360347398659 -5.446170016592947
-0.6761097751938069 -5.568264965300381
-1.0303863566378125e-15 -5.609162072173015
0.6761097751938048 -5.568264965300381
1.342360347398657 -5.446170016592947
1.9890362830061865 -5.244657645336748
2.6067075906878383 -4.966666355671042
3.1863672319029632 -4.6162498865810235
3.7195624638028164 -4.198518099255187
4.198518099255185 -3.7195624638028186
4.61624988658102 -3.1863672319029694
4.966666355671042 -2.6067075906878405
5.244657645336747 -1.9890362830061887
5.446170016592947 -1.3423603473986592
5.568264965300381 -0.6761097751938072
5.8774520842281035 0.0
5.834598841099341 0.7084485625925849
5.706664008494972 1.4065663498553393
5.495513164358521 2.084173232425622
5.204225363467792 2.7313881761177425
4.837048237882772 3.3387733296515414
4.399336056905375 3.897471649776242
3.897471649776243 4.399336056905375
3.3387733296515423 4.837048237882772
2.7313881761177434 5.204225363467792
2.0841732324256217 5.495513164358521
1.4065663498553411 5.706664008494972
0.7084485625925847 5.834598841099341
-9.451663819036367e-16 5.8774520842281035
-0.7084485625925839 5.834598841099341
-1.4065663498553378 5.706664008494973
-2.0841732324256212 5.495513164358521
-2.7313881761177425 5.204225363467792
-3.338773329651541 4.837048237882773
-3.8974716497762407 4.399336056905376
-4.399336056905375 3.897471649776242
-4.837048237882772 3.3387733296515414
-5.204225363467789 2.731388176117746
-5.495513164358521 2.0841732324256235
-5.706664008494972 1.4065663498553391
-5.834598841099341 0.7084485625925852
-5.8774520842281035 -1.8903327638072735e-15
-5.834598841099341 -0.7084485625925836
-5.706664008494973 -1.4065663498553376
-5.495513164358521 -2.084173232425622
-5.204225363467793 -2.7313881761177403
-4.837048237882773 -3.33877332965154
-4.399336056905376 -3.8974716497762407
-3.897471649776242 -4.399336056905375
-3.3387733296515423 -4.837048237882772
-2.7313881761177465 -5.204225363467789
-2.084173232425624 -5.495513164358521
-1.4065663498553393 -5.706664008494972
-0.708448562592588 -5.834598841099341
-1.0796704323137828e-15 -5.8774520842281035
0.7084485625925858 -5.834598841099341
1.4065663498553371 -5.706664008494973
2.0841732324256217 -5.495513164358521
2.73138817611774 -5.204225363467793
3.3387733296515356 -4.837048237882777
3.897471649776242 -4.399336056905375
4.399336056905373 -3.897471649776244
4.837048237882772 -3.3387733296515423
5.204225363467792 -2.731388176117742
5.495513164358521 -2.0841732324256244
5.706664008494972 -1.4065663498553396
5.834598841099341 -0.7084485625925884
5.372063929464106 0.0
5.3328955350010805 0.6475307521769693
5.215961515002818 1.2856190478749303
5.0229670307933745 1.9049601228928994
4.7567263765382535 2.496522589722471
4.421121940498237 3.0516801355146055
4.021047591066163 3.56233731314573
3.5623373131457305 4.021047591066163
3.051680135514606 4.421121940498237
2.4965225897224714 4.7567263765382535
1.9049601228928992 5.0229670307933745
1.285619047874932 5.215961515002818
0.6475307521769691 5.3328955350010805
-8.638937680482103e-16 5.372063929464106
-0.6475307521769684 5.3328955350010805
-1.285619047874929 5.215961515002818
-1.9049601228928985 5.0229670307933745
-2.496522589722471 4.7567263765382535
-3.0516801355146046 4.421121940498237
-3.5623373131457288 4.021047591066164
-4.021047591066164 3.56233731314573
-4.421121940498237 3.0516801355146055
-4.756726376538252 2.496522589722474
-5.022967030793374 1.9049601228929007
-5.215961515002818 1.28561904787493
-5.3328955350010805 0.6475307521769694
-5.372063929464106 -1.7277875360964207e-15
-5.3328955350010805 -0.6475307521769681
-5.215961515002818 -1.2856190478749288
-5.0229670307933745 -1.9049601228928994
-4.756726376538254 -2.4965225897224688
-4.421121940498237 -3.051680135514604
-4.021047591066164 -3.5623373131457288
-3.56233731314573 -4.021047591066163
-3.051680135514606 -4.421121940498237
-2.496522589722474 -4.756726376538252
-1.904960122892901 -5.022967030793374
-1.2856190478749303 -5.215961515002818
-0.6475307521769721 -5.3328955350010805
-9.868321344049755e-16 -5.372063929464106
0.6475307521769701 -5.3328955350010805
1.2856190478749283 -5.215961515002818
1.9049601228928992 -5.0229670307933745
2.4965225897224683 -4.756726376538254
3.0516801355145997 -4.4211219404982405
3.56233731314573 -4.021047591066163
4.021047591066162 -3.562337313145732
4.421121940498237 -3.051680135514606
4.756726376538254 -2.4965225897224705
5.022967030793374 -1.9049601228929012
5.215961515002818 -1.2856190478749305
5.3328955350010805 -0.6475307521769724
6.1126443011688885 0.0
6.068076241975254 0.7367978516445169
5.9350219670559206 1.4628515314877868
5.715421707351347 2.167573541947193
5.412477729144746 2.8406874492144705
5.030607637808799 3.4723777368011475
4.575379959171742 4.053432937871561
4.053432937871562 4.575379959171742
3.4723777368011484 5.030607637808799
2.8406874492144714 5.412477729144746
2.1675735419471924 5.715421707351347
1.4628515314877886 5.9350219670559206
0.7367978516445166 6.068076241975254
-9.829881750126505e-16 6.1126443011688885
-0.7367978516445158 6.068076241975254
-1.4628515314877852 5.9350219670559206
-2.167573541947192 5.715421707351347
-2.8406874492144705 5.412477729144746
-3.472377736801147 5.0306076378088
-4.05343293787156 4.575379959171744
-4.575379959171743 4.053432937871561
-5.030607637808799 3.4723777368011475
-5.412477729144745 2.840687449214474
-5.7154217073513465 2.167573541947194
-5.9350219670559206 1.4628515314877863
-6.068076241975254 0.736797851644517
-6.1126443011688885 -1.965976350025301e-15
-6.068076241975254 -0.7367978516445155
-5.9350219670559206 -1.4628515314877848
-5.715421707351347 -2.167573541947193
-5.412477729144748 -2.840687449214468
-5.0306076378088 -3.472377736801146
-4.575379959171744 -4.05343293787156
-4.053432937871561 -4.575379959171742
-3.4723777368011484 -5.030607637808799
-2.840687449214474 -5.412477729144745
-2.1675735419471946 -5.7154217073513465
-1.4628515314877868 -5.9350219670559206
-0.7367978516445202 -6.068076241975254
-1.1228745416629182e-15 -6.1126443011688885
0.7367978516445178 -6.068076241975254
1.4628515314877846 -5.9350219670559206
2.1675735419471924 -5.715421707351347
2.8406874492144674 -5.412477729144748
3.4723777368011413 -5.030607637808803
4.053432937871561 -4.575379959171742
4.57537995917174 -4.0534329378715634
5.030607637808799 -3.4723777368011484
5.412477729144747 -2.8406874492144696
5.7154217073513465 -2.1675735419471946
5.9350219670559206 -1.462851531487787
6.068076241975254 -0.7367978516445205
4.526437887794481 0.0
4.493435059267233 0.5456017963766632
4.394907829241314 1.083247489973906
4.232292946594501 1.6050969959064154
4.0079617024926115 2.103540573274947
3.7251853516246185 2.57130979232428
3.3880874099430653 3.0015835245161266
3.001583524516127 3.3880874099430653
2.5713097923242803 3.7251853516246185
2.1035405732749473 4.0079617024926115
1.6050969959064152 4.232292946594501
1.0832474899739073 4.394907829241314
0.545601796376663 4.493435059267233
-7.279067289716779e-16 4.526437887794481
-0.5456017963766624 4.493435059267233
-1.0832474899739049 4.394907829241314
-1.6050969959064147 4.232292946594501
-2.103540573274947 4.0079617024926115
-2.5713097923242794 3.725185351624619
-3.0015835245161258 3.3880874099430667
-3.3880874099430662 3.0015835245161266
-3.7251853516246185 2.57130979232428
-4.00796170249261 2.1035405732749495
-4.232292946594501 1.6050969959064165
-4.394907829241314 1.0832474899739057
-4.493435059267233 0.5456017963766633
-4.526437887794481 -1.4558134579433559e-15
-4.493435059267233 -0.5456017963766622
-4.394907829241314 -1.0832474899739046
-4.232292946594501 -1.6050969959064154
-4.007961702492612 -2.1035405732749446
-3.725185351624619 -2.571309792324279
-3.3880874099430667 -3.0015835245161258
-3.0015835245161266 -3.3880874099430653
-2.5713097923242803 -3.7251853516246185
-2.1035405732749495 -4.00796170249261
-1.6050969959064167 -4.232292946594501
-1.083247489973906 -4.394907829241314
-0.5456017963766656 -4.493435059267233
-8.314931506240226e-16 -4.526437887794481
0.5456017963766638 -4.493435059267233
1.0832474899739044 -4.394907829241314
1.6050969959064152 -4.232292946594501
2.1035405732749446 -4.007961702492612
2.5713097923242754 -3.725185351624621
3.0015835245161266 -3.3880874099430653
3.388087409943064 -3.001583524516128
3.7251853516246185 -2.5713097923242803
4.0079617024926115 -2.1035405732749464
4.232292946594501 -1.605096995906417
4.394907829241314 -1.0832474899739062
4.493435059267233 -0.5456017963766658
6.309037334597895 0.0
6.263037349071264 0.7604704159193221
6.125708175863295 1.5098514607442979
5.899052383557728 2.2372154713822265
5.586375123990773 2.931955842676896
5.192235935694785 3.5839416955957595
4.72238225555928 4.183665608258978
4.183665608258978 4.72238225555928
3.5839416955957604 5.192235935694785
2.931955842676897 5.586375123990773
2.237215471382226 5.899052383557728
1.5098514607442999 6.125708175863295
0.7604704159193219 6.263037349071264
-1.0145705835422392e-15 6.309037334597895
-0.760470415919321 6.263037349071264
-1.5098514607442963 6.125708175863296
-2.2372154713822257 5.899052383557728
-2.931955842676896 5.586375123990773
-3.583941695595759 5.192235935694786
-4.183665608258976 4.722382255559281
-4.722382255559281 4.183665608258978
-5.192235935694785 3.5839416955957595
-5.586375123990771 2.9319558426768997
-5.899052383557728 2.237215471382228
-6.125708175863295 1.5098514607442977
-6.263037349071264 0.7604704159193222
-6.309037334597895 -2.0291411670844784e-15
-6.263037349071264 -0.7604704159193206
-6.125708175863296 -1.509851460744296
-5.899052383557728 -2.2372154713822265
-5.586375123990774 -2.9319558426768935
-5.192235935694786 -3.583941695595758
-4.722382255559281 -4.183665608258976
-4.183665608258978 -4.72238225555928
-3.5839416955957604 -5.192235935694785
-2.9319558426769 -5.586375123990771
-2.2372154713822283 -5.899052383557728
-1.5098514607442979 -6.125708175863295
-0.7604704159193254 -6.263037349071264
-1.1589513566274691e-15 -6.309037334597895
0.7604704159193231 -6.263037349071264
1.5098514607442957 -6.125708175863296
2.237215471382226 -5.899052383557728
2.931955842676893 -5.586375123990774
3.5839416955957533 -5.192235935694789
4.183665608258978 -4.72238225555928
4.722382255559277 -4.18366560825898
5.192235935694785 -3.5839416955957604
5.5863751239907735 -2.9319558426768957
5.899052383557728 -2.2372154713822288
6.125708175863295 -1.5098514607442983
6.263037349071264 -0.7604704159193257
6.497543121545238 0.0
6.450168716592729 0.7831922776868719
6.308736327237277 1.5549638483696502
6.07530835619369 2.3040605446695537
5.753288708913798 3.0195588499356725
5.347373156980035 3.6910251877153595
4.863480863181818 4.308668066793272
4.308668066793273 4.863480863181818
3.69102518771536 5.347373156980035
3.019558849935673 5.753288708913798
2.3040605446695532 6.07530835619369
1.5549638483696522 6.308736327237277
0.7831922776868717 6.450168716592729
-1.0448846261007533e-15 6.497543121545238
-0.7831922776868709 6.450168716592729
-1.5549638483696486 6.308736327237278
-2.3040605446695523 6.07530835619369
-3.0195588499356725 5.753288708913798
-3.6910251877153586 5.347373156980036
-4.308668066793271 4.863480863181819
-4.8634808631818185 4.308668066793272
-5.347373156980035 3.6910251877153595
-5.753288708913796 3.019558849935676
-6.075308356193689 2.304060544669555
-6.308736327237277 1.5549638483696497
-6.450168716592729 0.7831922776868722
-6.497543121545238 -2.0897692522015066e-15
-6.450168716592729 -0.7831922776868705
-6.308736327237278 -1.5549638483696482
-6.07530835619369 -2.3040605446695537
-5.753288708913799 -3.0195588499356694
-5.347373156980036 -3.6910251877153577
-4.863480863181819 -4.308668066793271
-4.308668066793272 -4.863480863181818
-3.69102518771536 -5.347373156980035
-3.0195588499356765 -5.753288708913796
-2.3040605446695555 -6.075308356193689
-1.5549638483696502 -6.308736327237277
-0.7831922776868754 -6.450168716592729
-1.1935793079183415e-15 -6.497543121545238
0.7831922776868729 -6.450168716592729
1.5549638483696477 -6.308736327237278
2.3040605446695532 -6.07530835619369
3.019558849935669 -5.753288708913799
3.691025187715353 -5.34737315698004
4.308668066793272 -4.863480863181818
4.863480863181816 -4.308668066793275
5.347373156980035 -3.69102518771536
5.753288708913798 -3.0195588499356716
6.075308356193689 -2.3040605446695555
6.308736327237277 -1.5549638483696506
6.450168716592729 -0.7831922776868758
1.0 0.5 0.4 0.32000000000000006 0.25600000000000006 0.20480000000000007 0.16384000000000007 0.13107200000000005 0.10485760000000005 0.08388608000000004 0.06710886400000003 0.05368709120000003 0.042949672960000025 0.03435973836800002 