0.0 0.0
2.381514692903086 0.0
2.374526855310265 0.18230317036086763
2.3536043499413886 0.3635365132283888
2.3188699583774293 0.5426364792823463
2.2705275158396083 0.7185520387059648
2.2088607150032646 0.8902508490467993
2.1342314411764316 1.0567253134127397
2.0470776486129507 1.2169984934512255
1.947910790422767 1.3701298424119635
1.8373128171617084 1.5152207246492466
1.7159327617142206 1.6514196891732547
1.5844829305103274 1.7779274663030227
1.4437347234282603 1.8940016580987478
1.294514106913241 1.998961095048099
1.13769676687795 2.0921898334397717
0.9742029698293878 2.1731407699661065
0.8049921623790851 2.2413388523428415
0.6310573408288812 2.2963838671048142
0.45341922387377326 2.3379527882177147
0.27312026261874583 2.3658016727232964
0.09121852306117356 2.3797670922936596
-0.09121852306117328 2.3797670922936596
-0.273120262618745 2.365801672723297
-0.4534192238737729 2.3379527882177147
-0.6310573408288809 2.2963838671048142
-0.8049921623790853 2.241338852342841
-0.9742029698293875 2.1731407699661065
-1.1376967668779494 2.092189833439772
-1.2945141069132409 1.998961095048099
-1.4437347234282603 1.8940016580987478
-1.584482930510327 1.7779274663030231
-1.7159327617142204 1.6514196891732547
-1.8373128171617084 1.5152207246492464
-1.947910790422767 1.3701298424119637
-2.0470776486129507 1.2169984934512255
-2.134231441176431 1.0567253134127401
-2.2088607150032646 0.8902508490467995
-2.2705275158396083 0.7185520387059645
-2.3188699583774293 0.5426364792823467
-2.3536043499413886 0.36353651322838887
-2.374526855310265 0.18230317036086832
-2.381514692903086 1.3492564127962617e-15
-2.374526855310265 -0.18230317036086774
-2.3536043499413886 -0.3635365132283883
-2.3188699583774297 -0.5426364792823452
-2.2705275158396083 -0.718552038705965
-2.2088607150032646 -0.890250849046799
-2.1342314411764316 -1.0567253134127397
-2.047077648612951 -1.216998493451225
-1.947910790422768 -1.3701298424119623
-1.8373128171617081 -1.5152207246492468
-1.7159327617142208 -1.6514196891732544
-1.5844829305103272 -1.7779274663030227
-1.44373472342826 -1.894001658098748
-1.2945141069132422 -1.998961095048098
-1.1376967668779487 -2.0921898334397726
-0.974202969829388 -2.173140769966106
-0.8049921623790853 -2.241338852342841
-0.6310573408288809 -2.2963838671048142
-0.4534192238737746 -2.3379527882177142
-0.27312026261874667 -2.3658016727232964
-0.09121852306117387 -2.3797670922936596
0.09121852306117299 -2.3797670922936596
0.2731202626187458 -2.3658016727232964
0.4534192238737737 -2.3379527882177147
0.6310573408288801 -2.2963838671048147
0.8049921623790846 -2.2413388523428415
0.9742029698293873 -2.1731407699661065
1.13769676687795 -2.0921898334397717
1.2945141069132415 -1.9989610950480987
1.4437347234282591 -1.8940016580987484
1.5844829305103267 -1.7779274663030236
1.7159327617142204 -1.6514196891732549
1.8373128171617068 -1.5152207246492482
1.9479107904227673 -1.3701298424119628
2.0470776486129503 -1.2169984934512268
2.134231441176431 -1.0567253134127403
2.2088607150032646 -0.8902508490467999
2.2705275158396083 -0.7185520387059648
2.3188699583774293 -0.5426364792823459
2.353604349941388 -0.3635365132283902
2.374526855310265 -0.18230317036086863
3.5822789650718745 0.0
3.571767846373049 0.2742207782281469
3.5402961737006606 0.5468323198905521
3.4880486353441107 0.8162348320615267
3.4153318406337956 1.080847353676452
3.3225725206356387 1.3391170332399476
3.2103150239235103 1.5895282415759122
3.079218122125349 1.8306114661421904
2.930051143989297 2.060951934714498
2.7636894606566993 2.2791979178323905
2.5811093486361654 2.4840686612852334
2.3833822606248223 2.674361902087175
2.17166853779784 2.8489609238344094
1.947210600465029 3.0068411100410746
1.711325657054433 3.1470759569962135
1.46539797420951 3.2688425108559582
1.2108707533620366 3.3714261970639186
0.9492376614522477 3.4542250137588155
0.6820340654972946 3.516753064560782
0.4108280224470798 3.558643410004526
0.13721107720256395 3.57965022088602
-0.13721107720256354 3.57965022088602
-0.4108280224470785 3.5586434100045263
-0.6820340654972942 3.516753064560782
-0.9492376614522474 3.4542250137588155
-1.210870753362037 3.371426197063918
-1.4653979742095096 3.2688425108559582
-1.7113256570544322 3.1470759569962143
-1.9472106004650285 3.0068411100410746
-2.17166853779784 2.8489609238344094
-2.3833822606248214 2.674361902087176
-2.581109348636165 2.4840686612852334
-2.7636894606566993 2.27919791783239
-2.930051143989297 2.060951934714498
-3.079218122125349 1.8306114661421904
-3.21031502392351 1.589528241575913
-3.3225725206356382 1.339117033239948
-3.4153318406337956 1.0808473536764518
-3.4880486353441102 0.8162348320615275
-3.5402961737006606 0.5468323198905523
-3.571767846373049 0.27422077822814794
-3.5822789650718745 2.0295540818840855e-15
-3.571767846373049 -0.27422077822814706
-3.5402961737006606 -0.5468323198905514
-3.488048635344111 -0.816234832061525
-3.4153318406337956 -1.0808473536764522
-3.3225725206356387 -1.3391170332399471
-3.2103150239235103 -1.5895282415759122
-3.0792181221253494 -1.8306114661421895
-2.9300511439892984 -2.0609519347144962
-2.763689460656699 -2.279197917832391
-2.5811093486361654 -2.484068661285233
-2.383382260624822 -2.674361902087175
-2.1716685377978395 -2.84896092383441
-1.9472106004650305 -3.0068411100410737
-1.7113256570544313 -3.1470759569962143
-1.4653979742095105 -3.268842510855958
-1.210870753362037 -3.371426197063918
-0.9492376614522474 -3.4542250137588155
-0.6820340654972966 -3.5167530645607816
-0.410828022447081 -3.558643410004526
-0.13721107720256442 -3.57965022088602
0.1372110772025631 -3.57965022088602
0.4108280224470797 -3.558643410004526
0.6820340654972954 -3.516753064560782
0.9492376614522462 -3.4542250137588155
1.210870753362036 -3.3714261970639186
1.4653979742095091 -3.2688425108559587
1.711325657054433 -3.1470759569962135
1.9472106004650296 -3.006841110041074
2.171668537797838 -2.8489609238344107
2.383382260624821 -2.6743619020871763
2.581109348636165 -2.484068661285234
2.7636894606566966 -2.2791979178323927
2.9300511439892976 -2.060951934714497
3.0792181221253476 -1.8306114661421924
3.21031502392351 -1.5895282415759135
3.3225725206356382 -1.3391170332399485
3.4153318406337956 -1.080847353676452
3.4880486353441107 -0.8162348320615264
3.54029617370066 -0.5468323198905543
3.571767846373049 -0.2742207782281484
4.407194949790179 0.0
4.3942633635854795 0.3373674805112151
4.35554449266125 0.6727551544985093
4.291265554747955 1.0041948337298794
4.201803764212667 1.3297414983764013
4.087684118415164 1.6474847111619884
3.949576316814667 1.9555598285689815
3.7882908309071217 2.2521589433077507
3.604774148056187 2.5355414938355567
3.400103217129034 2.8040444786637835
3.17547912853216 3.0560922155119417
2.9322200657352946 3.2902055880378294
2.671753569646643 3.5050107258803753
2.3956081612352023 3.699247067077211
2.105404371561926 3.871774755543507
1.8028452318590806 4.021581330200725
1.489706279465794 4.14778766650081
1.1678251382689424 4.24965313547861
0.8390907347954772 4.326579950057139
0.5054322132404695 4.378116673099849
0.16880761448188256 4.403960866623248
-0.16880761448188203 4.403960866623248
-0.5054322132404679 4.37811667309985
-0.8390907347954767 4.326579950057139
-1.167825138268942 4.24965313547861
-1.4897062794657945 4.14778766650081
-1.8028452318590802 4.021581330200725
-2.105404371561925 3.871774755543508
-2.395608161235202 3.699247067077211
-2.671753569646643 3.5050107258803753
-2.9322200657352937 3.2902055880378303
-3.1754791285321597 3.0560922155119417
-3.400103217129034 2.8040444786637826
-3.604774148056187 2.535541493835557
-3.7882908309071217 2.2521589433077507
-3.9495763168146665 1.9555598285689826
-4.087684118415163 1.6474847111619888
-4.201803764212667 1.3297414983764009
-4.291265554747954 1.0041948337298803
-4.35554449266125 0.6727551544985094
-4.3942633635854795 0.3373674805112164
-4.407194949790179 2.4969134417553993e-15
-4.3942633635854795 -0.3373674805112153
-4.35554449266125 -0.6727551544985083
-4.291265554747955 -1.0041948337298772
-4.201803764212667 -1.3297414983764015
-4.087684118415164 -1.647484711161988
-3.949576316814667 -1.9555598285689815
-3.788290830907122 -2.25215894330775
-3.6047741480561886 -2.535541493835555
-3.4001032171290335 -2.804044478663784
-3.1754791285321606 -3.056092215511941
-2.932220065735294 -3.2902055880378294
-2.671753569646642 -3.5050107258803758
-2.395608161235204 -3.6992470670772097
-2.105404371561924 -3.8717747555435085
-1.802845231859081 -4.021581330200725
-1.4897062794657945 -4.14778766650081
-1.167825138268942 -4.24965313547861
-0.8390907347954797 -4.326579950057139
-0.505432213240471 -4.378116673099849
-0.1688076144818831 -4.403960866623248
0.16880761448188147 -4.403960866623248
0.5054322132404694 -4.378116673099849
0.8390907347954781 -4.326579950057139
1.1678251382689404 -4.24965313547861
1.489706279465793 -4.14778766650081
1.8028452318590795 -4.021581330200726
2.105404371561926 -3.871774755543507
2.395608161235203 -3.6992470670772106
2.671753569646641 -3.505010725880377
2.9322200657352933 -3.290205588037831
3.1754791285321597 -3.056092215511942
3.4001032171290313 -2.804044478663786
3.6047741480561872 -2.535541493835556
3.7882908309071204 -2.2521589433077533
3.9495763168146665 -1.955559828568983
4.087684118415163 -1.6474847111619895
4.201803764212667 -1.3297414983764013
4.291265554747955 -1.0041948337298787
4.355544492661249 -0.6727551544985119
4.3942633635854795 -0.33736748051121696
5.027807860392766 0.0
5.013055272520421 0.38487493511852605
4.96888408295513 0.7674912710789866
4.895553505801164 1.145603663081268
4.793493874043883 1.5169931972593187
4.663304114184669 1.8794804121500244
4.505748231502056 2.2309380886397037
4.321750826564971 2.5693037333317124
4.112391669308933 2.892591682077816
3.878899362516733 3.1989047526449683
3.6226441318887592 3.4864453781350457
3.345129785013751 3.753526155822168
3.0479848864278978 3.9985797495028654
2.7329532005505777 4.220168087248141
2.4018834585813615 4.416990800581377
2.05671850941022 4.587892855557624
1.6994839182076957 4.731871330962065
1.3322760796030586 4.848081303850503
0.9572499152070171 4.935840807893164
0.5766062276748456 4.994634835424295
0.19257878552129126 5.024118359711923
-0.19257878552129068 5.024118359711923
-0.5766062276748438 4.994634835424295
-0.9572499152070164 4.935840807893164
-1.332276079603058 4.848081303850503
-1.6994839182076962 4.731871330962065
-2.0567185094102194 4.587892855557624
-2.40188345858136 4.416990800581379
-2.732953200550577 4.220168087248141
-3.0479848864278978 3.9985797495028654
-3.3451297850137496 3.7535261558221693
-3.622644131888759 3.4864453781350457
-3.878899362516733 3.198904752644968
-4.112391669308933 2.8925916820778164
-4.321750826564971 2.5693037333317124
-4.505748231502056 2.2309380886397046
-4.663304114184668 1.8794804121500248
-4.793493874043883 1.516993197259318
-4.895553505801163 1.1456036630812692
-4.96888408295513 0.7674912710789867
-5.013055272520421 0.38487493511852755
-5.027807860392766 2.848524100295548e-15
-5.013055272520421 -0.3848749351185263
-4.96888408295513 -0.7674912710789855
-4.895553505801164 -1.1456036630812656
-4.793493874043883 -1.516993197259319
-4.663304114184669 -1.8794804121500237
-4.505748231502056 -2.2309380886397037
-4.321750826564972 -2.5693037333317115
-4.112391669308935 -2.8925916820778137
-3.8788993625167327 -3.198904752644969
-3.6226441318887597 -3.4864453781350453
-3.34512978501375 -3.753526155822168
-3.0479848864278973 -3.998579749502866
-2.73295320055058 -4.22016808724814
-2.401883458581359 -4.416990800581379
-2.0567185094102203 -4.587892855557623
-1.6994839182076962 -4.731871330962065
-1.332276079603058 -4.848081303850503
-0.9572499152070199 -4.935840807893164
-0.5766062276748473 -4.994634835424295
-0.1925787855212919 -5.024118359711923
0.19257878552129004 -5.024118359711923
0.5766062276748455 -4.994634835424295
0.9572499152070181 -4.935840807893164
1.3322760796030564 -4.8480813038505035
1.6994839182076946 -4.731871330962065
2.0567185094102185 -4.587892855557625
2.4018834585813615 -4.416990800581377
2.7329532005505786 -4.220168087248141
3.0479848864278956 -3.998579749502867
3.345129785013749 -3.7535261558221698
3.622644131888759 -3.4864453781350466
3.8788993625167296 -3.198904752644972
4.112391669308934 -2.8925916820778146
4.321750826564969 -2.5693037333317155
4.505748231502056 -2.2309380886397054
4.663304114184668 -1.8794804121500257
4.793493874043883 -1.5169931972593187
4.895553505801164 -1.1456036630812676
4.96888408295513 -0.7674912710789895
5.013055272520421 -0.38487493511852816
6.089592198335872 0.0
6.071724124116011 0.46615373286156403
6.01822475842088 0.9295718902608132
5.9294080568014635 1.3875349501799996
5.805795230979273 1.8373554032825126
5.648111690168714 2.2763935242863056
5.457282784087366 2.7020728629214954
5.234428372635892 3.1118953635650226
4.98085625411485 3.5034560248243585
4.698054490544244 3.8744570130419795
4.387682675123883 4.222721146896968
4.051562193080579 4.546204673970719
3.6916655330553967 4.843009264298792
3.3101047117559803 5.111393150525987
2.9091188798027052 5.34978134928976
2.4910611815024795 5.556774903848868
2.058384945662263 5.731159093717786
1.6136292884801107 5.871910563129542
1.1594042130016782 5.978203326494263
0.6983752925845338 6.049413615611068
0.2332480282537767 6.085123540187894
-0.23324802825377597 6.085123540187894
-0.6983752925845317 6.049413615611069
-1.1594042130016773 5.978203326494263
-1.61362928848011 5.871910563129542
-2.058384945662264 5.731159093717786
-2.491061181502479 5.556774903848868
-2.9091188798027035 5.349781349289762
-3.3101047117559794 5.111393150525987
-3.6916655330553967 4.843009264298792
-4.051562193080578 4.54620467397072
-4.387682675123882 4.222721146896968
-4.698054490544244 3.8744570130419786
-4.98085625411485 3.5034560248243594
-5.234428372635892 3.1118953635650226
-5.457282784087365 2.702072862921497
-5.648111690168713 2.276393524286306
-5.805795230979273 1.837355403282512
-5.929408056801463 1.387534950180001
-6.01822475842088 0.9295718902608134
-6.071724124116011 0.4661537328615658
-6.089592198335872 3.4500821470485553e-15
-6.071724124116011 -0.46615373286156425
-6.01822475842088 -0.9295718902608119
-5.9294080568014635 -1.3875349501799967
-5.805795230979273 -1.8373554032825128
-5.648111690168714 -2.2763935242863047
-5.457282784087366 -2.7020728629214954
-5.234428372635892 -3.1118953635650213
-4.980856254114852 -3.503456024824356
-4.698054490544243 -3.87445701304198
-4.387682675123883 -4.222721146896967
-4.051562193080578 -4.546204673970719
-3.6916655330553962 -4.843009264298793
-3.310104711755983 -5.111393150525985
-2.909118879802702 -5.349781349289763
-2.4910611815024803 -5.556774903848867
-2.058384945662264 -5.731159093717786
-1.61362928848011 -5.871910563129542
-1.1594042130016815 -5.9782033264942624
-0.6983752925845359 -6.049413615611068
-0.23324802825377747 -6.085123540187894
0.23324802825377522 -6.085123540187894
0.6983752925845338 -6.049413615611068
1.1594042130016793 -5.978203326494263
1.6136292884801078 -5.871910563129542
2.0583849456622616 -5.731159093717786
2.491061181502478 -5.556774903848868
2.9091188798027052 -5.34978134928976
3.3101047117559816 -5.111393150525987
3.691665533055394 -4.843009264298794
4.051562193080577 -4.5462046739707205
4.387682675123882 -4.222721146896969
4.698054490544241 -3.8744570130419835
4.980856254114851 -3.503456024824357
5.23442837263589 -3.111895363565026
5.457282784087365 -2.7020728629214976
5.648111690168713 -2.276393524286307
5.805795230979273 -1.8373554032825126
5.9294080568014635 -1.387534950179999
6.018224758420879 -0.9295718902608168
6.071724124116011 -0.4661537328615665
5.687721751287045 0.0
5.671032844857205 0.4353908504029078
5.621064062706667 0.8682266541700907
5.538108641518303 1.2959673586954517
5.4226533966894195 1.716102811441223
5.275375865505433 2.1261674905111723
5.097140331081665 2.5237549733134674
4.888992750406361 2.906532058405311
4.6521546162491685 3.2722524576467693
4.388015788955867 3.618769978312767
4.098126340195201 3.944051117805404
3.7841874565219693 4.246186997055777
3.448041456137875 4.523404562585395
3.0916609774357537 4.774076991489011
2.7171374027730977 4.996733238278309
2.3266685854087785 5.190066667561765
1.9225459516261891 5.3529427219006855
1.5071410537326684 5.4844055798433935
1.0828916528475507 5.583683765065574
0.6522874131505878 5.650194673700109
0.21785529154256997 5.68354799328823
-0.2178552915425693 5.68354799328823
-0.6522874131505858 5.65019467370011
-1.08289165284755 5.583683765065574
-1.5071410537326677 5.4844055798433935
-1.9225459516261896 5.352942721900685
-2.326668585408778 5.190066667561765
-2.717137402773096 4.99673323827831
-3.0916609774357533 4.774076991489011
-3.448041456137875 4.523404562585395
-3.784187456521968 4.246186997055778
-4.098126340195201 3.944051117805404
-4.388015788955867 3.6187699783127667
-4.6521546162491685 3.27225245764677
-4.888992750406361 2.906532058405311
-5.097140331081665 2.5237549733134688
-5.275375865505432 2.1261674905111727
-5.4226533966894195 1.7161028114412222
-5.538108641518303 1.295967358695453
-5.621064062706667 0.8682266541700908
-5.671032844857205 0.4353908504029095
-5.687721751287045 3.222400882091524e-15
-5.671032844857205 -0.43539085040290804
-5.621064062706667 -0.8682266541700895
-5.538108641518304 -1.295967358695449
-5.4226533966894195 -1.7161028114412231
-5.275375865505433 -2.1261674905111714
-5.097140331081665 -2.5237549733134674
-4.888992750406361 -2.9065320584053103
-4.65215461624917 -3.2722524576467666
-4.388015788955867 -3.618769978312768
-4.0981263401952015 -3.9440511178054036
-3.784187456521969 -4.246186997055777
-3.4480414561378745 -4.523404562585395
-3.0916609774357564 -4.774076991489009
-2.7171374027730946 -4.996733238278311
-2.3266685854087794 -5.190066667561764
-1.9225459516261896 -5.352942721900685
-1.5071410537326677 -5.4844055798433935
-1.082891652847554 -5.583683765065573
-0.6522874131505898 -5.650194673700109
-0.21785529154257066 -5.68354799328823
0.21785529154256858 -5.68354799328823
0.6522874131505877 -5.650194673700109
1.0828916528475518 -5.583683765065574
1.507141053732666 -5.484405579843394
1.9225459516261878 -5.3529427219006855
2.3266685854087776 -5.190066667561766
2.7171374027730977 -4.996733238278309
3.091660977435755 -4.774076991489011
3.4480414561378727 -4.523404562585397
3.7841874565219675 -4.246186997055779
4.098126340195201 -3.944051117805405
4.3880157889558635 -3.618769978312771
4.6521546162491685 -3.272252457646768
4.888992750406359 -2.9065320584053143
5.097140331081665 -2.523754973313469
5.275375865505432 -2.1261674905111736
5.4226533966894195 -1.716102811441223
5.538108641518303 -1.2959673586954512
5.621064062706666 -0.868226654170094
5.671032844857205 -0.4353908504029102
7.165611700499752 0.0
7.144586371130369 0.548522221789707
7.081633768015318 1.0938254970716792
6.977123322061679 1.6327097693962467
6.831668342123058 2.162012651575499
6.646122415859369 2.6786279838287688
6.421574400545016 3.179524061963339
6.159342033221462 3.661761428620146
5.860964197692274 4.122510123178389
5.528191893741072 4.559066289089736
5.162977961568527 4.968868041183691
4.767465621749565 5.3495104998284635
4.343975897962812 5.698759903720907
3.8949939963007343 6.014566718486061
3.4231547210920894 6.295077664159822
2.9312270128224416 6.5386465909727045
2.4220976988903686 6.7438441396112445
1.8987545525563996 6.909466129266812
1.3642687595014735 7.034540624247418
0.8217768948881692 7.118333637682832
0.27446251669044436 7.160353438851387
-0.2744625166904435 7.160353438851387
-0.8217768948881667 7.118333637682833
-1.3642687595014726 7.034540624247418
-1.8987545525563987 6.909466129266812
-2.4220976988903695 6.743844139611244
-2.9312270128224407 6.5386465909727045
-3.4231547210920876 6.295077664159823
-3.8949939963007334 6.014566718486061
-4.343975897962812 5.698759903720907
-4.767465621749564 5.349510499828464
-5.162977961568526 4.968868041183691
-5.528191893741072 4.559066289089735
-5.860964197692274 4.12251012317839
-6.159342033221462 3.661761428620146
-6.4215744005450155 3.1795240619633405
-6.646122415859368 2.6786279838287697
-6.831668342123058 2.1620126515754983
-6.977123322061678 1.6327097693962485
-7.081633768015318 1.0938254970716794
-7.144586371130369 0.5485222217897091
-7.165611700499752 4.059705181462283e-15
-7.144586371130369 -0.5485222217897073
-7.081633768015318 -1.0938254970716776
-6.97712332206168 -1.6327097693962433
-6.831668342123058 -2.1620126515754996
-6.646122415859369 -2.678627983828768
-6.421574400545016 -3.179524061963339
-6.159342033221463 -3.661761428620144
-5.860964197692277 -4.122510123178386
-5.528191893741071 -4.559066289089736
-5.162977961568528 -4.96886804118369
-4.767465621749564 -5.3495104998284635
-4.343975897962811 -5.698759903720908
-3.8949939963007374 -6.0145667184860585
-3.423154721092086 -6.295077664159824
-2.9312270128224425 -6.538646590972704
-2.4220976988903695 -6.743844139611244
-1.8987545525563987 -6.909466129266812
-1.3642687595014775 -7.034540624247417
-0.8217768948881717 -7.118333637682832
-0.27446251669044525 -7.160353438851387
0.27446251669044264 -7.160353438851387
0.8217768948881691 -7.118333637682832
1.3642687595014749 -7.034540624247418
1.8987545525563962 -6.909466129266812
2.4220976988903673 -6.7438441396112445
2.9312270128224402 -6.538646590972705
3.4231547210920894 -6.295077664159822
3.8949939963007356 -6.01456671848606
4.343975897962809 -5.69875990372091
4.7674656217495635 -5.349510499828465
5.162977961568526 -4.968868041183692
5.528191893741067 -4.55906628908974
5.860964197692275 -4.122510123178388
6.15934203322146 -3.66176142862015
6.4215744005450155 -3.1795240619633414
6.646122415859368 -2.6786279838287705
6.831668342123058 -2.162012651575499
6.977123322061679 -1.632709769396246
7.081633768015318 -1.0938254970716834
7.144586371130369 -0.54852222178971
6.44335072179985 0.0
6.4244446497392 0.4932336835172734
6.36783738190577 0.9835728756539154
6.273861112256099 1.4681400710556598
6.143067330908509 1.9440916367402155
5.9762235877798116 2.4086344996663236
5.774308988297182 2.859042537596987
5.538508447618196 3.2926725770687444
5.27020573707752 3.706979904584572
4.970975363666491 4.099533200004538
4.642573330200009 4.468028804499165
4.286926830393787 4.8103042393354425
3.906122939325298 5.124350896161907
3.502396365647344 5.408325824321138
3.078116337429083 5.660562546017031
2.6357726985836347 5.8795808358691515
2.1779612974739577 6.064095407463854
1.7073687534424684 6.213023455926024
1.2267566906604404 6.325491012248653
0.7389455318192633 6.400838072090481
0.24679794676859762 6.438622468943916
-0.24679794676859684 6.438622468943916
-0.738945531819261 6.400838072090482
-1.2267566906604395 6.325491012248653
-1.7073687534424677 6.213023455926024
-2.1779612974739586 6.064095407463853
-2.635772698583634 5.8795808358691515
-3.078116337429081 5.660562546017032
-3.5023963656473436 5.408325824321138
-3.906122939325298 5.124350896161907
-4.286926830393785 4.810304239335443
-4.642573330200008 4.468028804499165
-4.970975363666491 4.0995332000045375
-5.27020573707752 3.7069799045845726
-5.538508447618196 3.2926725770687444
-5.774308988297181 2.8590425375969883
-5.9762235877798116 2.408634499666324
-6.143067330908509 1.9440916367402146
-6.273861112256098 1.4681400710556614
-6.36783738190577 0.9835728756539156
-6.4244446497392 0.4932336835172753
-6.44335072179985 3.6505054145545234e-15
-6.4244446497392 -0.4932336835172737
-6.36783738190577 -0.9835728756539139
-6.2738611122561 -1.4681400710556567
-6.143067330908509 -1.9440916367402157
-5.9762235877798116 -2.4086344996663227
-5.774308988297182 -2.859042537596987
-5.538508447618197 -3.292672577068743
-5.2702057370775215 -3.706979904584569
-4.97097536366649 -4.099533200004539
-4.64257333020001 -4.4680288044991645
-4.286926830393786 -4.8103042393354425
-3.9061229393252974 -5.124350896161908
-3.502396365647347 -5.408325824321136
-3.07811633742908 -5.660562546017033
-2.635772698583635 -5.879580835869151
-2.1779612974739586 -6.064095407463853
-1.7073687534424677 -6.213023455926024
-1.226756690660444 -6.325491012248652
-0.7389455318192655 -6.400838072090481
-0.24679794676859843 -6.438622468943916
0.24679794676859604 -6.438622468943916
0.7389455318192631 -6.400838072090481
1.2267566906604415 -6.325491012248653
1.7073687534424655 -6.213023455926025
2.1779612974739564 -6.064095407463854
2.635772698583633 -5.879580835869152
3.078116337429083 -5.660562546017031
3.502396365647346 -5.408325824321138
3.906122939325295 -5.124350896161909
4.286926830393784 -4.810304239335444
4.642573330200008 -4.468028804499166
4.970975363666486 -4.099533200004543
5.270205737077521 -3.7069799045845704
5.538508447618194 -3.292672577068748
5.774308988297181 -2.8590425375969892
5.9762235877798116 -2.4086344996663254
6.143067330908509 -1.9440916367402155
6.273861112256099 -1.4681400710556591
6.367837381905769 -0.9835728756539192
6.4244446497392 -0.49323368351727614
5.394207638091995 0.0
5.378379960425647 0.41292256434086017
5.33098981053275 0.8234219348827286
5.252315292656738 1.2290891380913669
5.1428181001520565 1.6275435575118755
5.003140806083967 2.0164469041726587
4.834103092354293 2.3935169385948956
4.636696939482095 2.756540863881287
4.412080805267531 3.103388311288137
4.161572826500853 3.4320238420762346
3.886643083611582 3.7405188922747437
3.5889049736519976 4.027063090261434
3.270105742241698 4.28997488074323
2.9321162300355397 4.527711392791307
2.5769198938867706 4.738877494021196
2.2066011671335253 4.922233977784375
1.8233332273151583 5.076704835325618
1.4293652431023232 5.201383570230238
1.0270091752808612 5.295538518105495
0.6186262092466056 5.358617140278189
0.20661289863059304 5.390249266311297
-0.2066128986305924 5.390249266311297
-0.6186262092466037 5.35861714027819
-1.0270091752808606 5.295538518105495
-1.4293652431023225 5.201383570230238
-1.823333227315159 5.076704835325617
-2.206601167133525 4.922233977784375
-2.5769198938867692 4.738877494021198
-2.932116230035539 4.527711392791307
-3.270105742241698 4.28997488074323
-3.5889049736519967 4.027063090261436
-3.886643083611581 3.7405188922747437
-4.161572826500853 3.4320238420762337
-4.412080805267531 3.1033883112881373
-4.636696939482095 2.756540863881287
-4.834103092354292 2.393516938594897
-5.003140806083966 2.016446904172659
-5.1428181001520565 1.6275435575118748
-5.252315292656738 1.2290891380913682
-5.33098981053275 0.8234219348827287
-5.378379960425647 0.4129225643408617
-5.394207638091995 3.0561093195600034e-15
-5.378379960425647 -0.4129225643408604
-5.33098981053275 -0.8234219348827274
-5.252315292656739 -1.2290891380913644
-5.1428181001520565 -1.6275435575118757
-5.003140806083967 -2.0164469041726583
-4.834103092354293 -2.3935169385948956
-4.636696939482095 -2.7565408638812863
-4.412080805267533 -3.103388311288134
-4.161572826500853 -3.432023842076235
-3.8866430836115824 -3.740518892274743
-3.588904973651997 -4.027063090261434
-3.270105742241697 -4.289974880743231
-2.932116230035542 -4.527711392791305
-2.576919893886768 -4.738877494021198
-2.2066011671335257 -4.922233977784374
-1.823333227315159 -5.076704835325617
-1.4293652431023225 -5.201383570230238
-1.0270091752808643 -5.295538518105495
-0.6186262092466075 -5.358617140278189
-0.2066128986305937 -5.390249266311297
0.20661289863059173 -5.390249266311297
0.6186262092466055 -5.358617140278189
1.0270091752808623 -5.295538518105495
1.4293652431023207 -5.201383570230239
1.8233332273151572 -5.076704835325618
2.206601167133524 -4.922233977784375
2.5769198938867706 -4.738877494021196
2.9321162300355406 -4.527711392791306
3.2701057422416953 -4.289974880743232
3.588904973651996 -4.027063090261437
3.886643083611581 -3.740518892274744
4.16157282650085 -3.432023842076238
4.412080805267532 -3.1033883112881355
4.636696939482094 -2.7565408638812903
4.834103092354292 -2.3935169385948973
5.003140806083966 -2.01644690417266
5.1428181001520565 -1.6275435575118755
5.252315292656738 -1.2290891380913664
5.330989810532749 -0.8234219348827317
5.378379960425647 -0.4129225643408624
6.865117977310816 0.0
6.844974356268309 0.5255196517975372
6.784661703918823 1.0479553453146235
6.684533958888617 1.5642412201642797
6.545178710599575 2.0713475055408357
6.367413751060837 2.56629830011975
6.152282275740103 3.0461890358299053
5.9010467616778275 3.5082035230139903
5.615181558769938 3.949630476949226
5.296364237696397 4.367879428744206
4.946465745269401 4.760495927240416
4.567539424973529 5.12517594270759
4.161808967129704 5.4597793878063365
3.731655359396179 5.7623426764716035
3.279602914186197 6.0310902470165
2.8083044549990017 6.2644449818342975
2.320525748596696 6.461037462551652
1.8191292743851275 6.619714006320152
1.3070574262465113 6.739543436086008
0.7873152454021433 6.819822545107278
0.2629527856356113 6.86008022365064
-0.2629527856356105 6.86008022365064
-0.7873152454021409 6.819822545107279
-1.3070574262465102 6.739543436086008
-1.8191292743851266 6.619714006320152
-2.320525748596697 6.461037462551651
-2.808304454999001 6.2644449818342975
-3.279602914186195 6.031090247016502
-3.7316553593961785 5.7623426764716035
-4.161808967129704 5.4597793878063365
-4.5675394249735275 5.125175942707592
-4.9464657452694 4.760495927240416
-5.296364237696397 4.367879428744205
-5.615181558769938 3.9496304769492263
-5.9010467616778275 3.5082035230139903
-6.152282275740102 3.046189035829907
-6.367413751060836 2.566298300119751
-6.545178710599575 2.071347505540835
-6.684533958888616 1.5642412201642812
-6.784661703918823 1.0479553453146238
-6.844974356268309 0.5255196517975392
-6.865117977310816 3.889459293739685e-15
-6.844974356268309 -0.5255196517975376
-6.784661703918823 -1.047955345314622
-6.6845339588886175 -1.5642412201642764
-6.545178710599575 -2.0713475055408357
-6.367413751060837 -2.5662983001197492
-6.152282275740103 -3.0461890358299053
-5.901046761677828 -3.508203523013989
-5.615181558769939 -3.9496304769492228
-5.296364237696396 -4.367879428744207
-4.946465745269402 -4.760495927240415
-4.567539424973528 -5.12517594270759
-4.161808967129704 -5.4597793878063365
-3.731655359396182 -5.762342676471601
-3.2796029141861935 -6.031090247016502
-2.8083044549990026 -6.264444981834297
-2.320525748596697 -6.461037462551651
-1.8191292743851266 -6.619714006320152
-1.307057426246515 -6.739543436086008
-0.7873152454021457 -6.819822545107278
-0.26295278563561214 -6.86008022365064
0.26295278563560964 -6.86008022365064
0.7873152454021431 -6.819822545107278
1.3070574262465127 -6.739543436086008
1.8191292743851244 -6.6197140063201525
2.3205257485966944 -6.461037462551652
2.8083044549990004 -6.264444981834298
3.279602914186197 -6.0310902470165
3.7316553593961808 -5.762342676471603
4.161808967129701 -5.459779387806338
4.567539424973527 -5.1251759427075925
4.9464657452694 -4.760495927240416
5.296364237696393 -4.36787942874421
5.615181558769938 -3.949630476949224
5.901046761677826 -3.5082035230139943
6.152282275740102 -3.0461890358299075
6.367413751060836 -2.5662983001197524
6.545178710599575 -2.0713475055408357
6.684533958888617 -1.5642412201642788
6.784661703918822 -1.0479553453146275
6.844974356268309 -0.5255196517975401
6.667522962029869 0.0
6.647959124047298 0.5103939010135649
6.589382418480084 1.0177926076667694
6.492136596728498 1.5192185025907468
6.356792335942681 2.011729019250842
6.184143890062202 2.4924339100970947
5.975204428818125 2.958512207686124
5.7312000920501545 3.407228779239789
5.4535627942305025 3.8359503774919133
5.1439218214203954 4.242161093630302
4.804094269971602 4.623477121650067
4.436074383082508 4.977660747475134
4.042021847786053 5.302633480754236
3.6242491210474608 5.596488252268762
3.1852078593472553 5.857500605373254
2.7274745313861746 6.084138815792694
2.25373529834235 6.27507288038962
1.7667702504094098 6.429182322151381
1.2694370921217621 6.545562765594797
0.764654372208075 6.62353124400109
0.2553843563868267 6.662630207336172
-0.25538435638682594 6.662630207336172
-0.7646543722080726 6.623531244001091
-1.2694370921217613 6.545562765594797
-1.7667702504094092 6.429182322151381
-2.2537352983423506 6.275072880389619
-2.727474531386174 6.084138815792694
-3.185207859347253 5.8575006053732555
-3.6242491210474603 5.596488252268762
-4.042021847786053 5.302633480754236
-4.436074383082506 4.977660747475135
-4.804094269971601 4.623477121650067
-5.1439218214203954 4.242161093630301
-5.4535627942305025 3.835950377491914
-5.7312000920501545 3.407228779239789
-5.975204428818124 2.958512207686126
-6.184143890062201 2.4924339100970956
-6.356792335942681 2.0117290192508412
-6.492136596728498 1.5192185025907483
-6.589382418480084 1.0177926076667696
-6.647959124047298 0.5103939010135667
-6.667522962029869 3.7775110692341296e-15
-6.647959124047298 -0.5103939010135651
-6.589382418480084 -1.017792607666768
-6.492136596728499 -1.5192185025907436
-6.356792335942681 -2.0117290192508426
-6.184143890062202 -2.492433910097094
-5.975204428818125 -2.958512207686124
-5.7312000920501545 -3.4072287792397877
-5.453562794230504 -3.8359503774919106
-5.143921821420395 -4.242161093630303
-4.804094269971602 -4.623477121650066
-4.436074383082507 -4.977660747475134
-4.042021847786053 -5.302633480754236
-3.624249121047464 -5.5964882522687605
-3.1852078593472517 -5.8575006053732555
-2.7274745313861755 -6.084138815792693
-2.2537352983423506 -6.275072880389619
-1.7667702504094092 -6.429182322151381
-1.269437092121766 -6.545562765594796
-0.7646543722080773 -6.62353124400109
-0.25538435638682755 -6.662630207336172
0.2553843563868251 -6.662630207336172
0.7646543722080749 -6.62353124400109
1.2694370921217635 -6.545562765594797
1.766770250409407 -6.429182322151382
2.2537352983423484 -6.27507288038962
2.7274745313861732 -6.084138815792695
3.1852078593472553 -5.857500605373254
3.6242491210474626 -5.596488252268761
4.04202184778605 -5.3026334807542375
4.436074383082506 -4.977660747475136
4.804094269971601 -4.623477121650068
5.143921821420391 -4.2421610936303065
5.453562794230503 -3.835950377491912
5.731200092050152 -3.407228779239793
5.975204428818124 -2.9585122076861263
6.184143890062201 -2.4924339100970965
6.356792335942681 -2.011729019250842
6.492136596728498 -1.519218502590746
6.589382418480083 -1.0177926076667734
6.647959124047298 -0.5103939010135676
1.0 0.5 0.4 0.32000000000000006 0.25600000000000006 0.20480000000000007 0.16384000000000007 0.13107200000000005 0.10485760000000005 0.08388608000000004 0.06710886400000003 0.05368709120000003 