0.0 0.0
1.2913198070931518 0.0
1.2281181171569426 0.3990397655647626
1.0446996691113386 0.7590187386025159
0.7590187386025159 1.0446996691113386
0.3990397655647627 1.2281181171569426
7.90705334216103e-17 1.2913198070931518
-0.39903976556476256 1.2281181171569426
-0.7590187386025158 1.0446996691113386
-1.0446996691113384 0.7590187386025161
-1.2281181171569426 0.3990397655647628
-1.2913198070931518 1.581410668432206e-16
-1.2281181171569429 -0.399039765564762
-1.0446996691113388 -0.7590187386025158
-0.7590187386025161 -1.0446996691113384
-0.39903976556476284 -1.2281181171569426
-2.372116002648309e-16 -1.2913198070931518
0.3990397655647624 -1.2281181171569426
0.7590187386025157 -1.0446996691113388
1.0446996691113384 -0.7590187386025162
1.2281181171569426 -0.3990397655647629
2.0825005121964755 0.0
1.980575682312453 0.6435280490632433
1.684778305161481 1.22406308896061
1.22406308896061 1.684778305161481
0.6435280490632435 1.980575682312453
1.2751637932420686e-16 2.0825005121964755
-0.6435280490632432 1.9805756823124532
-1.2240630889606097 1.684778305161481
-1.6847783051614809 1.2240630889606101
-1.980575682312453 0.6435280490632436
-2.0825005121964755 2.550327586484137e-16
-1.9805756823124534 -0.6435280490632423
-1.6847783051614813 -1.2240630889606097
-1.2240630889606101 -1.6847783051614809
-0.6435280490632437 -1.980575682312453
-3.8254913797262055e-16 -2.0825005121964755
0.643528049063243 -1.9805756823124532
1.2240630889606094 -1.6847783051614813
1.6847783051614809 -1.2240630889606103
1.980575682312453 -0.6435280490632438
2.603935284365328 0.0
2.476489620206519 0.8046602551214477
2.106627897304112 1.5305547580739471
1.5305547580739471 2.106627897304112
0.8046602551214478 2.476489620206519
1.5944505055924259e-16 2.603935284365328
-0.8046602551214475 2.476489620206519
-1.530554758073947 2.106627897304112
-2.1066278973041115 1.5305547580739474
-2.476489620206519 0.8046602551214479
-2.603935284365328 3.1889010111848517e-16
-2.4764896202065194 -0.8046602551214463
-2.106627897304112 -1.530554758073947
-1.5305547580739474 -2.1066278973041115
-0.804660255121448 -2.476489620206519
-4.783351516777278e-16 -2.603935284365328
0.8046602551214472 -2.476489620206519
1.5305547580739465 -2.106627897304112
2.1066278973041115 -1.5305547580739478
2.476489620206519 -0.8046602551214482
3.0078035131970933 0.0
2.8605911309615513 0.9294624013185732
2.43336415791712 1.7679425468507406
1.7679425468507406 2.43336415791712
0.9294624013185734 2.8605911309615513
1.841748472450492e-16 3.0078035131970933
-0.929462401318573 2.8605911309615517
-1.7679425468507401 2.43336415791712
-2.4333641579171195 1.7679425468507408
-2.8605911309615513 0.9294624013185735
-3.0078035131970933 3.683496944900984e-16
-2.860591130961552 -0.9294624013185717
-2.4333641579171204 -1.7679425468507401
-1.7679425468507408 -2.4333641579171195
-0.9294624013185737 -2.8605911309615513
-5.525245417351476e-16 -3.0078035131970933
0.9294624013185727 -2.8605911309615517
1.76794254685074 -2.4333641579171204
2.4333641579171195 -1.7679425468507413
2.8605911309615513 -0.9294624013185738
3.340931250407041 0.0
3.177414436193732 1.0324045334141185
2.7028701586176394 1.9637501179123105
1.9637501179123105 2.7028701586176394
1.0324045334141188 3.177414436193732
2.0457303809911736e-16 3.340931250407041
-1.0324045334141185 3.1774144361937324
-1.96375011791231 2.7028701586176394
-2.702870158617639 1.963750117912311
-3.177414436193732 1.032404533414119
-3.340931250407041 4.091460761982347e-16
-3.1774144361937324 -1.032404533414117
-2.70287015861764 -1.96375011791231
-1.963750117912311 -2.702870158617639
-1.0324045334141192 -3.177414436193732
-6.13719114297352e-16 -3.340931250407041
1.032404533414118 -3.1774144361937324
1.9637501179123098 -2.70287015861764
2.702870158617639 -1.9637501179123111
3.177414436193732 -1.0324045334141194
3.625150971133919 0.0
3.447723453650618 1.1202332572552254
2.932808742822185 2.130810278166255
2.130810278166255 2.932808742822185
1.1202332572552256 3.447723453650618
2.2197647666125365e-16 3.625150971133919
-1.1202332572552252 3.4477234536506183
-2.1308102781662543 2.932808742822185
-2.9328087428221847 2.1308102781662552
-3.447723453650618 1.1202332572552258
-3.625150971133919 4.439529533225073e-16
-3.4477234536506187 -1.1202332572552236
-2.9328087428221856 -2.1308102781662543
-2.1308102781662552 -2.9328087428221847
-1.120233257255226 -3.447723453650618
-6.65929429983761e-16 -3.625150971133919
1.1202332572552247 -3.4477234536506183
2.130810278166254 -2.9328087428221856
2.9328087428221847 -2.1308102781662557
3.447723453650618 -1.1202332572552263
3.87350542260676 0.0
3.6839225730747716 1.1969790033890013
3.1337317146923818 2.276789362083177
2.276789362083177 3.1337317146923818
1.1969790033890015 3.6839225730747716
2.3718380086376423e-16 3.87350542260676
-1.196979003389001 3.683922573074772
-2.2767893620831767 3.1337317146923818
-3.1337317146923813 2.2767893620831776
-3.6839225730747716 1.1969790033890018
-3.87350542260676 4.743676017275285e-16
-3.6839225730747724 -1.1969790033889995
-3.133731714692382 -2.2767893620831767
-2.2767893620831776 -3.1337317146923813
-1.196979003389002 -3.6839225730747716
-7.115514025912926e-16 -3.87350542260676
1.1969790033890007 -3.683922573074772
2.2767893620831763 -3.133731714692382
3.1337317146923813 -2.276789362083178
3.6839225730747716 -1.1969790033890022
4.095023720470595 0.0
3.8945989937367824 1.2654319219939378
3.3129437822292354 2.4069945506804706
2.4069945506804706 3.3129437822292354
1.265431921993938 3.8945989937367824
2.5074788458533997e-16 4.095023720470595
-1.2654319219939376 3.894598993736783
-2.40699455068047 3.3129437822292354
-3.312943782229235 2.406994550680471
-3.8945989937367824 1.2654319219939383
-4.095023720470595 5.014957691706799e-16
-3.8945989937367833 -1.2654319219939358
-3.312943782229236 -2.40699455068047
-2.406994550680471 -3.312943782229235
-1.2654319219939385 -3.8945989937367824
-7.522436537560198e-16 -4.095023720470595
1.2654319219939372 -3.894598993736783
2.4069945506804697 -3.312943782229236
3.312943782229235 -2.4069945506804715
3.8945989937367824 -1.2654319219939387
4.296856635908899 0.0
4.08655350316723 1.3278017228886156
3.476230040843065 2.5256289618022993
2.5256289618022993 3.476230040843065
1.3278017228886159 4.08655350316723
2.6310658627804487e-16 4.296856635908899
-1.3278017228886154 4.086553503167231
-2.525628961802299 3.476230040843065
-3.4762300408430646 2.5256289618023
-4.08655350316723 1.327801722888616
-4.296856635908899 5.262131725560897e-16
-4.086553503167231 -1.3278017228886134
-3.476230040843066 -2.525628961802299
-2.5256289618023 -3.4762300408430646
-1.3278017228886163 -4.08655350316723
-7.893197588341345e-16 -4.296856635908899
1.327801722888615 -4.086553503167231
2.5256289618022985 -3.476230040843066
3.4762300408430646 -2.5256289618023007
4.08655350316723 -1.3278017228886165
4.485727613353412 0.0
4.26618047700487 1.3861660646631777
3.629029871339884 2.6366445369302487
2.6366445369302487 3.629029871339884
1.386166064663178 4.26618047700487
2.746715981770076e-16 4.485727613353412
-1.3861660646631773 4.266180477004871
-2.6366445369302483 3.629029871339884
-3.6290298713398834 2.636644536930249
-4.26618047700487 1.3861660646631782
-4.485727613353412 5.493431963540152e-16
-4.266180477004871 -1.3861660646631753
-3.6290298713398843 -2.6366445369302483
-2.636644536930249 -3.6290298713398834
-1.3861660646631784 -4.26618047700487
-8.240147945310228e-16 -4.485727613353412
1.3861660646631768 -4.266180477004871
2.636644536930248 -3.6290298713398843
3.6290298713398834 -2.63664453693025
4.26618047700487 -1.3861660646631786
4.669927816419263 0.0
4.441365280433538 1.4430870577778419
3.778050965987474 2.744914699761635
2.744914699761635 3.778050965987474
1.443087057777842 4.441365280433538
2.85950607631352e-16 4.669927816419263
-1.4430870577778416 4.441365280433538
-2.7449146997616345 3.778050965987474
-3.778050965987473 2.7449146997616354
-4.441365280433538 1.4430870577778423
-4.669927816419263 5.71901215262704e-16
-4.441365280433539 -1.4430870577778394
-3.7780509659874744 -2.7449146997616345
-2.7449146997616354 -3.778050965987473
-1.4430870577778425 -4.441365280433538
-8.578518228940558e-16 -4.669927816419263
1.443087057777841 -4.441365280433538
2.7449146997616336 -3.7780509659874744
3.778050965987473 -2.744914699761636
4.441365280433538 -1.443087057777843
4.865854882867128 0.0
4.6277029936973735 1.5036318509682618
3.9365592924018262 2.8600777399446176
2.8600777399446176 3.9365592924018262
1.503631850968262 4.6277029936973735
2.979476803709374e-16 4.865854882867128
-1.5036318509682616 4.627702993697374
-2.8600777399446167 3.9365592924018262
-3.936559292401826 2.860077739944618
-4.6277029936973735 1.5036318509682622
-4.865854882867128 5.958953607418748e-16
-4.627702993697374 -1.5036318509682594
-3.9365592924018267 -2.8600777399446167
-2.860077739944618 -3.936559292401826
-1.5036318509682625 -4.6277029936973735
-8.938430411128121e-16 -4.865854882867128
1.503631850968261 -4.627702993697374
2.8600777399446162 -3.9365592924018267
3.936559292401826 -2.8600777399446184
4.6277029936973735 -1.503631850968263
1.0 0.5 0.4 0.32000000000000006 0.25600000000000006 0.20480000000000007 0.16384000000000007 0.13107200000000005 0.10485760000000005 0.08388608000000004 0.06710886400000003 0.05368709120000003 0.042949672960000025 