0.0 0.0
1.1427635159847676 0.0
1.029594351276984 0.49582650724259836
0.7125013981527325 0.8934484938127489
0.25428880486813216 1.1141120487565894
-0.25428880486813205 1.1141120487565894
-0.7125013981527324 0.893448493812749
-1.029594351276984 0.49582650724259847
-1.1427635159847676 1.3994816820331207e-16
-1.029594351276984 -0.4958265072425982
-0.7125013981527326 -0.8934484938127487
-0.2542888048681323 -1.1141120487565894
0.2542888048681309 -1.1141120487565896
0.7125013981527322 -0.893448493812749
1.0295943512769843 -0.49582650724259764
1.8962457060001332 0.0
1.7084583469997636 0.8227501772049516
1.1822898595094975 1.48254459144572
0.4219543655098005 1.848702867134458
-0.4219543655098003 1.848702867134458
-1.1822898595094973 1.48254459144572
-1.7084583469997634 0.8227501772049518
-1.8962457060001332 2.322231234249976e-16
-1.7084583469997636 -0.8227501772049514
-1.1822898595094977 -1.4825445914457198
-0.42195436550980076 -1.848702867134458
0.4219543655097984 -1.8487028671344583
1.182289859509497 -1.48254459144572
1.708458346999764 -0.8227501772049505
2.424387020905952 0.0
2.184297229582954 1.0519021056987519
1.5115805832935374 1.8954620986311508
0.5394768641635592 2.363602576612551
-0.539476864163559 2.363602576612551
-1.5115805832935372 1.895462098631151
-2.184297229582954 1.0519021056987523
-2.424387020905952 2.969017805046861e-16
-2.184297229582954 -1.0519021056987516
-1.5115805832935376 -1.8954620986311506
-0.5394768641635596 -2.363602576612551
0.5394768641635566 -2.3636025766125512
1.511580583293537 -1.895462098631151
2.184297229582955 -1.0519021056987505
2.8665308004411134 0.0
2.5826550100808454 1.2437411019910372
1.7872527207889868 2.241144025249144
0.6378631109286982 2.7946608884789463
-0.6378631109286979 2.7946608884789463
-1.7872527207889866 2.241144025249144
-2.582655010080845 1.2437411019910374
-2.8665308004411134 3.5104877694175097e-16
-2.5826550100808454 -1.2437411019910367
-1.7872527207889872 -2.2411440252491435
-0.6378631109286986 -2.7946608884789463
0.637863110928695 -2.7946608884789472
1.7872527207889861 -2.241144025249144
2.582655010080846 -1.2437411019910354
3.2693211562867694 0.0
2.9455565809891184 1.4185052876658422
2.038388399945804 2.5560582062837782
0.7274923971000699 3.1873524491505254
-0.7274923971000694 3.1873524491505254
-2.0383883999458035 2.5560582062837787
-2.9455565809891184 1.4185052876658426
-3.2693211562867694 4.003763689431316e-16
-2.9455565809891184 -1.4185052876658417
-2.038388399945804 -2.556058206283778
-0.7274923971000703 -3.1873524491505254
0.7274923971000662 -3.1873524491505263
2.038388399945803 -2.5560582062837787
2.9455565809891193 -1.4185052876658402
3.677384176726529 0.0
3.3132086585475706 1.5955571967698496
2.2928115317056657 2.8750947224945773
0.8182949615213597 3.585184477706469
-0.8182949615213593 3.585184477706469
-2.292811531705665 2.8750947224945778
-3.31320865854757 1.5955571967698499
-3.677384176726529 4.503496761263268e-16
-3.3132086585475706 -1.5955571967698492
-2.292811531705666 -2.875094722494577
-0.8182949615213603 -3.585184477706469
0.8182949615213556 -3.58518447770647
2.2928115317056648 -2.8750947224945778
3.313208658547571 -1.5955571967698472
1.0 0.5 0.4 0.32000000000000006 0.25600000000000006 0.20480000000000007 0.16384000000000007 