0.0 0.0
1.0789189968423232 0.0
0.9720724271434417 0.4681254085549121
0.6726949915628437 0.8435328387641531
0.24008206284056363 1.0518682450047936
-0.24008206284056352 1.0518682450047936
-0.6726949915628436 0.8435328387641532
-0.9720724271434416 0.4681254085549122
-1.0789189968423232 1.3212946960222245e-16
-0.9720724271434417 -0.4681254085549119
-0.6726949915628438 -0.843532838764153
-0.24008206284056377 -1.0518682450047936
0.24008206284056244 -1.0518682450047938
0.6726949915628434 -0.8435328387641532
0.9720724271434419 -0.4681254085549114
1.7540844732035827 0.0
1.5803755020274433 0.7610687299616227
1.0936537806411828 1.37139846405891
0.39032051521553107 1.7101059132509229
-0.39032051521553085 1.7101059132509229
-1.0936537806411828 1.3713984640589103
-1.580375502027443 0.7610687299616229
-1.7540844732035827 2.148133935542839e-16
-1.5803755020274433 -0.7610687299616224
-1.093653780641183 -1.37139846405891
-0.3903205152155313 -1.7101059132509229
0.39032051521552913 -1.7101059132509233
1.0936537806411826 -1.3713984640589103
1.5803755020274437 -0.7610687299616216
2.3219521059368717 0.0
2.0920065602095814 1.0074572617757784
1.4477134584560494 1.8153752572043882
0.5166829512149039 2.263735918827223
-0.5166829512149036 2.263735918827223
-1.4477134584560492 1.8153752572043884
-2.092006560209581 1.0074572617757787
-2.3219521059368717 2.843571214309046e-16
-2.0920065602095814 -1.007457261775778
-1.4477134584560496 -1.815375257204388
-0.5166829512149043 -2.263735918827223
0.5166829512149013 -2.2637359188272232
1.447713458456049 -1.8153752572043884
2.092006560209582 -1.0074572617757769
2.6762345245568153 0.0
2.4112039898313227 1.1611746422702114
1.668604933443431 2.0923644057663777
0.5955182058905157 2.6091357375350914
-0.5955182058905154 2.6091357375350914
-1.6686049334434305 2.092364405766378
-2.4112039898313227 1.1611746422702118
-2.6762345245568153 3.2774420442661424e-16
-2.4112039898313227 -1.1611746422702112
-1.6686049334434312 -2.0923644057663777
-0.5955182058905161 -2.6091357375350914
0.5955182058905127 -2.609135737535092
1.6686049334434303 -2.092364405766378
2.4112039898313236 -1.1611746422702098
2.9748238933963096 0.0
2.68022371544234 1.2907277140830429
1.8547723598582915 2.325810974655353
0.6619605911141064 2.900238847497468
-0.6619605911141061 2.900238847497468
-1.8547723598582913 2.3258109746553535
-2.6802237154423394 1.2907277140830433
-2.9748238933963096 3.6431085590748576e-16
-2.68022371544234 -1.2907277140830427
-1.854772359858292 -2.3258109746553526
-0.6619605911141069 -2.900238847497468
0.6619605911141031 -2.9002388474974685
1.8547723598582908 -2.3258109746553535
2.6802237154423407 -1.290727714083041
3.230886879992056 0.0
2.910928494587222 1.4018292801568146
2.014425020634229 2.526009079070697
0.7189399660430351 3.1498818004063014
-0.7189399660430348 3.1498818004063014
-2.0144250206342287 2.526009079070697
-2.9109284945872216 1.4018292801568148
-3.230886879992056 3.95669527598945e-16
-2.910928494587222 -1.4018292801568142
-2.0144250206342296 -2.5260090790706964
-0.7189399660430356 -3.1498818004063014
0.7189399660430316 -3.149881800406302
2.0144250206342282 -2.526009079070697
2.9109284945872225 -1.4018292801568126
3.4534190724968457 0.0
3.1114230721401053 1.4983823799148208
2.15317157324623 2.6999917530335775
0.7684580373545473 3.3668346462382397
-0.7684580373545469 3.3668346462382397
-2.1531715732462295 2.6999917530335775
-3.111423072140105 1.4983823799148213
-3.4534190724968457 4.229218613247683e-16
-3.1114230721401053 -1.4983823799148206
-2.1531715732462304 -2.699991753033577
-0.7684580373545478 -3.3668346462382397
0.7684580373545434 -3.36683464623824
2.153171573246229 -2.6999917530335775
3.111423072140106 -1.4983823799148188
3.6473974274038143 0.0
3.286191530958211 1.5825464338497293
2.2741150993120587 2.8516501378172023
0.8116222820557554 3.555949558796155
-0.811622282055755 3.555949558796155
-2.2741150993120582 2.851650137817203
-3.2861915309582104 1.5825464338497297
-3.6473974274038143 4.466773584688372e-16
-3.286191530958211 -1.5825464338497288
-2.274115099312059 -2.851650137817202
-0.8116222820557559 -3.555949558796155
0.8116222820557514 -3.555949558796156
2.2741150993120582 -2.851650137817203
3.2861915309582113 -1.582546433849727
4.434948192502045 0.0
3.9957502522044472 1.9242519045554431
2.7651449697968484 3.467382120012783
0.9868688138434236 4.323754781950571
-0.9868688138434232 4.323754781950571
-2.765144969796848 3.4673821200127835
-3.995750252204447 1.9242519045554436
-4.434948192502045 5.431245108331969e-16
-3.9957502522044472 -1.9242519045554427
-2.7651449697968493 -3.4673821200127826
-0.9868688138434243 -4.323754781950571
0.9868688138434187 -4.323754781950572
2.7651449697968475 -3.4673821200127835
3.9957502522044486 -1.9242519045554405
2.0564911902359855 0.0
1.8528345395182144 0.8922780870819069
1.2822012847244657 1.6078295559446436
0.4576123403242442 2.004930662517083
-0.45761234032424397 2.004930662517083
-1.2822012847244655 1.6078295559446438
-1.8528345395182142 0.8922780870819071
-2.0564911902359855 2.5184753535972303e-16
-1.8528345395182144 -0.8922780870819067
-1.282201284724466 -1.6078295559446434
-0.4576123403242445 -2.004930662517083
0.4576123403242419 -2.0049306625170833
1.2822012847244653 -1.6078295559446438
1.8528345395182149 -0.8922780870819057
3.8146643941269596 0.0
3.4368938606042345 1.6551208508024196
2.378404347251784 2.9824247183782897
0.8488426837110294 3.719022793440538
-0.848842683711029 3.719022793440538
-2.3784043472517835 2.98242471837829
-3.436893860604234 1.65512085080242
-3.8146643941269596 4.671616540088958e-16
-3.4368938606042345 -1.655120850802419
-2.3784043472517844 -2.9824247183782893
-0.84884268371103 -3.719022793440538
0.8488426837110252 -3.719022793440539
2.378404347251783 -2.98242471837829
3.4368938606042354 -1.6551208508024173
3.9991610186840507 0.0
3.6031195755632544 1.7351709361198187
2.49343611114049 3.1266699878661077
0.8898970449192609 3.8988937024245764
-0.8898970449192605 3.8988937024245764
-2.4934361111404897 3.126669987866108
-3.603119575563254 1.735170936119819
-3.9991610186840507 4.897559740806291e-16
-3.6031195755632544 -1.7351709361198182
-2.4934361111404906 -3.1266699878661073
-0.8898970449192615 -3.8988937024245764
0.8898970449192565 -3.8988937024245773
2.4934361111404892 -3.126669987866108
3.6031195755632552 -1.7351709361198162
4.094654237141188 0.0
3.68915599248894 1.776603890804371
2.5529751589951832 3.2013295924180944
0.9111462850768374 3.991992706522516
-0.9111462850768369 3.991992706522516
-2.552975158995183 3.201329592418095
-3.6891559924889394 1.7766038908043715
-4.094654237141188 5.014505205130103e-16
-3.68915599248894 -1.7766038908043706
-2.5529751589951837 -3.201329592418094
-0.9111462850768379 -3.991992706522516
0.9111462850768328 -3.9919927065225167
2.5529751589951823 -3.201329592418095
3.6891559924889408 -1.7766038908043686
4.215980820054563 0.0
3.7984674665428724 1.8292455222531827
2.6286210461360406 3.296186534600039
0.9381439896204499 4.110277378694407
-0.9381439896204494 4.110277378694407
-2.62862104613604 3.2961865346000394
-3.798467466542872 1.8292455222531832
-4.215980820054563 5.163087416546453e-16
-3.7984674665428724 -1.8292455222531823
-2.628621046136041 -3.2961865346000385
-0.9381439896204504 -4.110277378694407
0.9381439896204452 -4.110277378694408
2.6286210461360398 -3.2961865346000394
3.7984674665428733 -1.8292455222531803
4.297754736592805 0.0
3.872143219550279 1.8647258949230823
2.6796062491556816 3.3601199569943496
0.9563403979018051 4.190001052415966
-0.9563403979018047 4.190001052415966
-2.679606249155681 3.36011995699435
-3.8721432195502783 1.8647258949230827
-4.297754736592805 5.263231581688754e-16
-3.872143219550279 -1.8647258949230818
-2.679606249155682 -3.360119956994349
-0.9563403979018057 -4.190001052415966
0.9563403979018004 -4.190001052415967
2.6796062491556807 -3.36011995699435
3.87214321955028 -1.8647258949230796
4.6801830567423455 0.0
4.216699230209234 2.0306553244140115
2.918046406710887 3.6591144574746233
1.0414387048728253 4.56284109613856
-1.0414387048728249 4.56284109613856
-2.9180464067108867 3.6591144574746237
-4.216699230209234 2.030655324414012
-4.6801830567423455 5.731571199863188e-16
-4.216699230209234 -2.030655324414011
-2.9180464067108876 -3.659114457474623
-1.041438704872826 -4.56284109613856
1.0414387048728202 -4.562841096138561
2.918046406710886 -3.6591144574746237
4.216699230209236 -2.030655324414009
3.929430362985031 0.0
3.540294425640015 1.704915938494009
2.4499597584352286 3.072152365947475
0.8743805142877288 3.8309113398488615
-0.8743805142877283 3.8309113398488615
-2.449959758435228 3.0721523659474754
-3.5402944256400146 1.7049159384940094
-3.929430362985031 4.81216431650204e-16
-3.540294425640015 -1.7049159384940085
-2.449959758435229 -3.0721523659474745
-0.8743805142877293 -3.8309113398488615
0.8743805142877245 -3.8309113398488623
2.4499597584352277 -3.0721523659474754
3.540294425640016 -1.7049159384940065
3.886163450835519 0.0
3.501312284783036 1.6861431288705078
2.4229832799520903 3.0383249318798082
0.8647527205868135 3.7887292195203837
-0.8647527205868132 3.7887292195203837
-2.42298327995209 3.0383249318798087
-3.501312284783036 1.6861431288705082
-3.886163450835519 4.759177631029151e-16
-3.501312284783036 -1.6861431288705073
-2.4229832799520907 -3.038324931879808
-0.8647527205868141 -3.7887292195203837
0.8647527205868093 -3.788729219520384
2.4229832799520894 -3.0383249318798087
3.5013122847830367 -1.6861431288705053
4.157356332554141 0.0
3.7456486284082575 1.803809310412649
2.5920692760403328 3.2503520646286552
0.9250988139091456 4.053122729492892
-0.9250988139091452 4.053122729492892
-2.5920692760403323 3.2503520646286557
-3.745648628408257 1.8038093104126494
-4.157356332554141 5.0912931255774075e-16
-3.7456486284082575 -1.8038093104126485
-2.592069276040333 -3.250352064628655
-0.9250988139091462 -4.053122729492892
0.925098813909141 -4.053122729492893
2.5920692760403314 -3.2503520646286557
3.7456486284082584 -1.8038093104126465
3.743040600721858 0.0
3.3723630525451633 1.6240444515100307
2.3337476424932664 2.9264269818003954
0.8329048903090321 3.64919475807356
-0.8329048903090317 3.64919475807356
-2.333747642493266 2.926426981800396
-3.372363052545163 1.6240444515100312
-3.743040600721858 4.5839026907526095e-16
-3.3723630525451633 -1.6240444515100303
-2.333747642493267 -2.926426981800395
-0.8329048903090327 -3.64919475807356
0.832904890309028 -3.649194758073561
2.3337476424932655 -2.926426981800396
3.372363052545164 -1.6240444515100285
4.587561849441862 0.0
4.133250405923962 1.9904684886688953
2.8602980285231916 3.586700281662907
1.0208285473201604 4.47254209588134
-1.0208285473201597 4.47254209588134
-2.860298028523191 3.5867002816629077
-4.133250405923962 1.9904684886688957
-4.587561849441862 5.618142934809488e-16
-4.133250405923962 -1.9904684886688946
-2.8602980285231925 -3.5867002816629068
-1.0208285473201608 -4.47254209588134
1.0208285473201553 -4.472542095881341
2.8602980285231907 -3.5867002816629077
4.133250405923963 -1.9904684886688924
0.17976595938945544 0.0
0.16196353291850993 0.07799752662595204
0.11208224240067673 0.1405466865267456
0.04000168917689452 0.17525885146892428
-0.0400016891768945 0.17525885146892428
-0.1120822424006767 0.14054668652674562
-0.1619635329185099 0.07799752662595205
-0.17976595938945544 2.201498067619497e-17
-0.16196353291850993 -0.07799752662595201
-0.11208224240067674 -0.14054668652674557
-0.04000168917689455 -0.17525885146892428
0.04000168917689432 -0.17525885146892434
0.11208224240067668 -0.14054668652674562
0.16196353291850996 -0.07799752662595193
1.0 0.5 0.4 0.32000000000000006 0.25600000000000006 0.20480000000000007 0.16384000000000007 0.13107200000000005 0.10485760000000005 0.08388608000000004 0.06710886400000003 0.05368709120000003 0.042949672960000025 0.03435973836800002 0.027487790694400018 0.021990232555520017 0.017592186044416015 0.014073748835532814 0.011258999068426251 0.009007199254741001 0.007205759403792801 0.0057646075230342415 0.0046116860184273935 