0.0 0.0
0.8140142047535062 0.0
0.575594964163379 0.575594964163379
4.9843994515592974e-17 0.8140142047535062
-0.575594964163379 0.575594964163379
-0.8140142047535062 9.968798903118595e-17
-0.5755949641633791 -0.575594964163379
-1.4953198354677893e-16 -0.8140142047535062
0.5755949641633789 -0.5755949641633791
1.4059790276817952 0.0
0.9941773046798661 0.9941773046798659
8.609138579594091e-17 1.4059790276817952
-0.9941773046798659 0.9941773046798661
-1.4059790276817952 1.7218277159188183e-16
-0.9941773046798662 -0.9941773046798659
-2.5827415738782274e-16 -1.4059790276817952
0.9941773046798658 -0.9941773046798662
1.8435642531781435 0.0
1.3035967849753785 1.3035967849753782
1.1288575308385471e-16 1.8435642531781435
-1.3035967849753782 1.3035967849753785
-1.8435642531781435 2.2577150616770943e-16
-1.3035967849753787 -1.3035967849753782
-3.386572592515641e-16 -1.8435642531781435
1.3035967849753782 -1.3035967849753787
2.2078139340897778 0.0
1.5611602043930313 1.561160204393031
1.3518961337479858e-16 2.2078139340897778
-1.561160204393031 1.5611602043930313
-2.2078139340897778 2.7037922674959716e-16
-1.5611602043930315 -1.561160204393031
-4.0556884012439574e-16 -2.2078139340897778
1.5611602043930308 -1.5611602043930315
2.524732421304614 0.0
1.785255415786024 1.7852554157860239
1.5459527392271212e-16 2.524732421304614
-1.7852554157860239 1.785255415786024
-2.524732421304614 3.0919054784542424e-16
-1.7852554157860245 -1.7852554157860239
-4.637858217681363e-16 -2.524732421304614
1.7852554157860236 -1.7852554157860245
3.0513462413792776 0.0
2.1576276190273713 2.157627619027371
1.8684107037977196e-16 3.0513462413792776
-2.157627619027371 2.1576276190273713
-3.0513462413792776 3.736821407595439e-16
-2.1576276190273713 -2.157627619027371
-5.605232111393158e-16 -3.0513462413792776
2.1576276190273704 -2.1576276190273713
2.7901381603488127 0.0
1.9729256136300042 1.972925613630004
1.708466883625029e-16 2.7901381603488127
-1.972925613630004 1.9729256136300042
-2.7901381603488127 3.416933767250058e-16
-1.9729256136300046 -1.972925613630004
-5.125400650875087e-16 -2.7901381603488127
1.9729256136300037 -1.9729256136300046
3.3309256361797264 0.0
2.3553201049707995 2.355320104970799
2.0396037092726815e-16 3.3309256361797264
-2.355320104970799 2.3553201049707995
-3.3309256361797264 4.079207418545363e-16
-2.3553201049708 -2.355320104970799
-6.118811127818044e-16 -3.3309256361797264
2.355320104970799 -2.3553201049708
3.605857858424876 0.0
2.549726543687032 2.5497265436870316
2.2079511422501772e-16 3.605857858424876
-2.5497265436870316 2.549726543687032
-3.605857858424876 4.4159022845003544e-16
-2.549726543687032 -2.5497265436870316
-6.623853426750531e-16 -3.605857858424876
2.549726543687031 -2.549726543687032
1.0 0.5 0.4 0.32000000000000006 0.25600000000000006 0.20480000000000007 0.16384000000000007 0.13107200000000005 0.10485760000000005 0.08388608000000004 