0.0 0.0
2.563220900486547 0.0
2.556382954216393 0.18710311617643025
2.535905598807877 0.3732079562736119
2.5018980898121 0.5573215704471065
2.454541872003682 0.7384616329043274
2.3940896112943824 0.9156616830376699
2.32086384665114 1.0879762819100138
2.2352552692111307 1.2544860565805183
2.1377206377755082 1.41430260535705
2.0287803418035724 1.5665732378035966
1.9090156249098478 1.7104855242126804
1.7790654836779087 1.8452716302693628
1.6396232583371317 1.9702124137795376
1.4914329334925813 2.0846412616046863
1.335285168645241 2.1879476463314003
1.1720130796814765 2.2795803836992907
1.0024877938393169 2.359050573407498
0.8276138018677274 2.4259342076093304
0.6483241321771118 2.4798744331775873
0.4655753727290519 2.5205834556703866
0.2803425672256373 2.54784407483904
0.09361401282944275 2.561510843485351
-0.09361401282944186 2.561510843485351
-0.28034256722563644 2.54784407483904
-0.4655753727290516 2.520583455670387
-0.6483241321771122 2.479874433177587
-0.8276138018677275 2.4259342076093304
-1.0024877938393166 2.359050573407498
-1.1720130796814763 2.2795803836992907
-1.3352851686452407 2.1879476463314007
-1.491432933492581 2.0846412616046863
-1.639623258337131 1.9702124137795383
-1.7790654836779087 1.8452716302693632
-1.9090156249098478 1.7104855242126806
-2.0287803418035724 1.5665732378035968
-2.137720637775508 1.4143026053570504
-2.235255269211131 1.2544860565805183
-2.32086384665114 1.0879762819100138
-2.394089611294382 0.9156616830376703
-2.4545418720036816 0.7384616329043279
-2.5018980898120997 0.5573215704471072
-2.535905598807877 0.3732079562736129
-2.556382954216393 0.1871031161764303
-2.563220900486547 3.139040271288446e-16
-2.5563829542163936 -0.18710311617642852
-2.535905598807877 -0.3732079562736123
-2.5018980898121006 -0.5573215704471054
-2.454541872003682 -0.7384616329043273
-2.3940896112943824 -0.9156616830376697
-2.3208638466511404 -1.0879762819100132
-2.2352552692111307 -1.2544860565805187
-2.1377206377755087 -1.414302605357049
-2.028780341803572 -1.5665732378035975
-1.909015624909848 -1.7104855242126802
-1.779065483677909 -1.8452716302693628
-1.6396232583371304 -1.9702124137795385
-1.4914329334925818 -2.0846412616046863
-1.3352851686452423 -2.1879476463313994
-1.172013079681477 -2.2795803836992907
-1.0024877938393166 -2.359050573407498
-0.8276138018677283 -2.4259342076093304
-0.6483241321771123 -2.479874433177587
-0.46557537272905336 -2.5205834556703866
-0.2803425672256376 -2.54784407483904
-0.09361401282944248 -2.561510843485351
0.09361401282944154 -2.561510843485351
0.2803425672256367 -2.54784407483904
0.46557537272905014 -2.520583455670387
0.6483241321771113 -2.4798744331775873
0.8276138018677273 -2.4259342076093304
1.0024877938393157 -2.3590505734074982
1.172013079681476 -2.2795803836992907
1.3352851686452416 -2.1879476463314003
1.4914329334925809 -2.0846412616046868
1.6396232583371317 -1.9702124137795376
1.7790654836779076 -1.8452716302693644
1.9090156249098473 -1.7104855242126809
2.028780341803573 -1.5665732378035964
2.1377206377755074 -1.4143026053570507
2.2352552692111307 -1.2544860565805185
2.3208638466511395 -1.0879762819100152
2.394089611294382 -0.9156616830376705
2.454541872003681 -0.7384616329043293
2.5018980898121006 -0.5573215704471053
2.535905598807877 -0.3732079562736121
2.556382954216393 -0.18710311617643174
3.879662388856142 0.0
3.8693125501214864 0.2831971768526423
3.8383182547852637 0.5648833742350329
3.786844870823484 0.8435556744061538
3.715167031010721 1.1177272400706406
3.6236671676354355 1.385935247299068
3.5128334720582446 1.6467486903265367
3.3832572899997895 1.8987760165875878
3.2356299664554538 2.1406725512512246
3.070739157070688 2.3711476716429427
2.889464625657344 2.588971693275114
2.692773550273089 2.7929824307457807
2.4817153629079947 2.9820913985006205
2.2574161503108114 3.155289618374336
2.0210726458289354 3.311653002925725
1.7739458443182066 3.450347285844008
1.5173542741897523 3.5706324731205585
1.2526669624904274 3.671866791237116
0.9812961305511719 3.7535101113051828
0.7046896591751877 3.815126830887343
0.4243233635673876 3.8563881981247436
0.14169311922173583 3.8770740657704956
-0.1416931192217345 3.8770740657704956
-0.42432336356738626 3.8563881981247436
-0.7046896591751871 3.8151268308873436
-0.9812961305511724 3.7535101113051823
-1.2526669624904276 3.671866791237116
-1.5173542741897519 3.570632473120559
-1.7739458443182061 3.4503472858440083
-2.021072645828935 3.3116530029257256
-2.257416150310811 3.1552896183743364
-2.4817153629079938 2.9820913985006214
-2.692773550273089 2.792982430745781
-2.889464625657344 2.5889716932751146
-3.0707391570706877 2.371147671642943
-3.2356299664554533 2.1406725512512255
-3.38325728999979 1.8987760165875875
-3.5128334720582446 1.6467486903265367
-3.623667167635435 1.3859352472990685
-3.7151670310107208 1.1177272400706413
-3.7868448708234834 0.8435556744061549
-3.8383182547852632 0.5648833742350343
-3.8693125501214864 0.2831971768526424
-3.879662388856142 4.751216126285049e-16
-3.869312550121487 -0.2831971768526397
-3.8383182547852632 -0.5648833742350333
-3.7868448708234843 -0.8435556744061521
-3.715167031010721 -1.1177272400706404
-3.6236671676354355 -1.3859352472990676
-3.512833472058245 -1.646748690326536
-3.3832572899997895 -1.8987760165875882
-3.2356299664554546 -2.1406725512512232
-3.0707391570706872 -2.371147671642944
-2.8894646256573444 -2.5889716932751137
-2.6927735502730896 -2.7929824307457807
-2.481715362907993 -2.982091398500622
-2.257416150310812 -3.155289618374336
-2.0210726458289376 -3.311653002925724
-1.773945844318207 -3.450347285844008
-1.5173542741897519 -3.570632473120559
-1.2526669624904287 -3.6718667912371155
-0.9812961305511726 -3.7535101113051823
-0.7046896591751899 -3.815126830887343
-0.42432336356738803 -3.8563881981247436
-0.14169311922173544 -3.8770740657704956
0.141693119221734 -3.8770740657704956
0.42432336356738665 -3.8563881981247436
0.704689659175185 -3.8151268308873436
0.981296130551171 -3.7535101113051828
1.2526669624904272 -3.671866791237116
1.5173542741897506 -3.5706324731205594
1.7739458443182057 -3.4503472858440083
2.0210726458289363 -3.3116530029257247
2.2574161503108106 -3.155289618374337
2.4817153629079947 -2.9820913985006205
2.6927735502730874 -2.792982430745783
2.8894646256573435 -2.588971693275115
3.0707391570706886 -2.3711476716429423
3.235629966455453 -2.140672551251226
3.3832572899997895 -1.898776016587588
3.5128334720582437 -1.646748690326539
3.623667167635435 -1.385935247299069
3.7151670310107203 -1.1177272400706435
3.7868448708234843 -0.8435556744061519
3.8383182547852632 -0.564883374235033
3.8693125501214864 -0.28319717685264456
4.822055415210215 0.0
4.8091915392038 0.35198745234560275
4.770668545528899 0.7020968993375111
4.706691971024622 1.0484603555931546
4.6176031583968795 1.3892298222113297
4.5038774350073565 1.722587146645916
4.366121576796373 2.0467537233363755
4.205070570870711 2.359999983337974
4.021583694029389 2.660654622320435
3.8166399281501544 2.947113517699674
3.5913327368975856 3.2178482873258427
3.34686423162133 3.471414444063388
3.0845387575719325 3.7064591027549136
2.8057559346545697 3.9217281984488452
2.5120031898512774 4.116073177378552
2.2048478211544325 4.28845712499364
1.8859286353538343 4.43796029834772
1.556947204293419 4.563785033324978
1.2196587862492398 4.665260000523357
0.8758629608671227 4.741843787087386
0.5273940276266147 4.793127785380016
0.17611121905961621 4.818838373081162
-0.17611121905961452 4.818838373081162
-0.5273940276266131 4.793127785380016
-0.875862960867122 4.741843787087386
-1.2196587862492405 4.665260000523356
-1.5569472042934192 4.563785033324978
-1.8859286353538338 4.43796029834772
-2.204847821154432 4.28845712499364
-2.512003189851277 4.116073177378552
-2.805755934654569 3.9217281984488457
-3.084538757571931 3.706459102754915
-3.34686423162133 3.471414444063389
-3.5913327368975856 3.217848287325843
-3.816639928150154 2.9471135176996746
-4.021583694029388 2.6606546223204357
-4.205070570870711 2.3599999833379735
-4.366121576796373 2.0467537233363755
-4.503877435007356 1.7225871466459164
-4.6176031583968795 1.3892298222113306
-4.706691971024621 1.048460355593156
-4.770668545528898 0.702096899337513
-4.8091915392038 0.3519874523456029
-4.822055415210215 5.905314729548351e-16
-4.8091915392038 -0.3519874523455996
-4.770668545528898 -0.7020968993375117
-4.706691971024622 -1.0484603555931526
-4.6176031583968795 -1.3892298222113295
-4.5038774350073565 -1.7225871466459155
-4.366121576796373 -2.0467537233363746
-4.205070570870711 -2.3599999833379743
-4.02158369402939 -2.660654622320433
-3.8166399281501535 -2.9471135176996754
-3.591332736897586 -3.2178482873258423
-3.3468642316213306 -3.471414444063388
-3.0845387575719303 -3.7064591027549154
-2.80575593465457 -3.9217281984488452
-2.51200318985128 -4.11607317737855
-2.204847821154433 -4.28845712499364
-1.8859286353538338 -4.43796029834772
-1.5569472042934205 -4.563785033324977
-1.2196587862492407 -4.665260000523356
-0.8758629608671253 -4.741843787087385
-0.5273940276266154 -4.793127785380016
-0.17611121905961571 -4.818838373081162
0.17611121905961394 -4.818838373081162
0.5273940276266136 -4.793127785380016
0.8758629608671193 -4.741843787087386
1.2196587862492387 -4.665260000523357
1.5569472042934187 -4.563785033324978
1.8859286353538323 -4.437960298347721
2.2048478211544316 -4.28845712499364
2.5120031898512787 -4.116073177378551
2.8057559346545684 -3.921728198448846
3.0845387575719325 -3.7064591027549136
3.346864231621328 -3.4714144440633907
3.5913327368975847 -3.2178482873258436
3.816639928150155 -2.9471135176996732
4.021583694029387 -2.6606546223204366
4.205070570870711 -2.359999983337974
4.366121576796372 -2.046753723336378
4.503877435007356 -1.722587146645917
4.617603158396879 -1.3892298222113333
4.706691971024622 -1.0484603555931524
4.770668545528898 -0.7020968993375114
4.8091915392038 -0.3519874523456056
5.585312977856973 0.0
5.570412947181767 0.4077016782983202
5.525792353266642 0.8132280917414527
5.451689266286254 1.2144155814533906
5.348499058272043 1.6091236385935672
5.2167722936313705 1.995246324897661
5.057211791648195 2.370723508769419
4.870668876638101 2.733551856974085
4.658138835764731 3.0817955232879934
4.420755608752135 3.4135964770757647
4.15978573782571 3.727184416687661
3.876621610161441 4.02088621478485
3.5727740288978587 4.293134845197678
3.249864152347618 4.542477743688286
2.9096148444164673 4.767584558009314
2.5538414823788718 4.967254245908741
2.184442271054792 5.140421483209963
1.8033881150656716 5.286162347777205
1.4127121032055145 5.403699249039882
1.0144986610325197 5.492405076774723
0.6108724295568418 5.551806547010158
0.2039869293615336 5.581586727201073
-0.20398692936153165 5.581586727201073
-0.6108724295568401 5.551806547010158
-1.0144986610325188 5.492405076774724
-1.4127121032055152 5.403699249039882
-1.8033881150656719 5.286162347777205
-2.1844422710547917 5.140421483209963
-2.5538414823788713 4.967254245908742
-2.9096148444164665 4.767584558009315
-3.2498641523476177 4.542477743688287
-3.572774028897858 4.293134845197679
-3.876621610161441 4.020886214784851
-4.15978573782571 3.7271844166876615
-4.420755608752134 3.4135964770757656
-4.658138835764731 3.0817955232879948
-4.870668876638102 2.7335518569740844
-5.057211791648195 2.370723508769419
-5.21677229363137 1.9952463248976617
-5.348499058272043 1.609123638593568
-5.4516892662862535 1.2144155814533921
-5.525792353266641 0.8132280917414548
-5.570412947181767 0.4077016782983204
-5.585312977856973 6.840035660568714e-16
-5.570412947181768 -0.4077016782983165
-5.525792353266641 -0.8132280917414535
-5.451689266286254 -1.2144155814533881
-5.348499058272043 -1.6091236385935668
-5.2167722936313705 -1.9952463248976604
-5.057211791648196 -2.370723508769418
-4.870668876638101 -2.7335518569740853
-4.658138835764733 -3.0817955232879917
-4.420755608752134 -3.4135964770757665
-4.159785737825711 -3.72718441668766
-3.876621610161442 -4.02088621478485
-3.5727740288978564 -4.29313484519768
-3.249864152347619 -4.542477743688286
-2.9096148444164704 -4.767584558009312
-2.5538414823788727 -4.967254245908741
-2.1844422710547917 -5.140421483209963
-1.8033881150656734 -5.286162347777204
-1.4127121032055154 -5.403699249039882
-1.0144986610325228 -5.492405076774722
-0.6108724295568426 -5.551806547010158
-0.203986929361533 -5.581586727201073
0.20398692936153096 -5.581586727201073
0.6108724295568405 -5.551806547010158
1.0144986610325157 -5.492405076774724
1.4127121032055132 -5.403699249039882
1.8033881150656714 -5.286162347777205
2.18444227105479 -5.1404214832099635
2.553841482378871 -4.967254245908742
2.9096148444164687 -4.767584558009314
3.2498641523476173 -4.542477743688288
3.5727740288978587 -4.293134845197678
3.876621610161439 -4.020886214784853
4.159785737825709 -3.7271844166876624
4.420755608752136 -3.4135964770757643
4.65813883576473 -3.081795523287995
4.870668876638101 -2.7335518569740853
5.057211791648194 -2.370723508769422
5.21677229363137 -1.9952463248976624
5.348499058272042 -1.6091236385935712
5.451689266286254 -1.214415581453388
5.525792353266641 -0.8132280917414529
5.570412947181767 -0.40770167829832343
6.2780009641946 0.0
6.26125303846218 0.4582646558228657
6.211098618695075 0.9140842714282202
6.127805300423201 1.3650268519460158
6.0118174895383 1.8086864235985576
5.863754031196225 2.2426958706116067
5.684404908010276 2.664739564801224
5.474727025152155 3.0725657204520407
5.235839104848846 3.4639984085683353
4.969015717515497 3.8369491663966926
4.6756804813707795 4.189428140278413
4.357398466817731 4.519554702379739
4.0158678461159925 4.825567484655046
3.6529108328980517 5.105833776507456
3.2704639598710896 5.358858236006308
2.8705677465771 5.583290868183351
2.455355812338259 5.777934227840003
2.0270434924746827 5.94174980843559
1.5879160185319727 6.073863582969072
1.140316325582173 6.173570667291264
0.6866325516514248 6.240339080966753
0.22928529597031969 6.273812585619699
-0.2292852959703175 6.273812585619699
-0.6866325516514227 6.240339080966753
-1.1403163255821724 6.173570667291265
-1.5879160185319734 6.073863582969072
-2.027043492474683 5.94174980843559
-2.4553558123382584 5.777934227840004
-2.8705677465770996 5.583290868183352
-3.2704639598710887 5.358858236006308
-3.6529108328980513 5.105833776507456
-4.015867846115992 4.825567484655047
-4.357398466817731 4.5195547023797396
-4.6756804813707795 4.189428140278414
-4.9690157175154965 3.8369491663966935
-5.2358391048488455 3.4639984085683366
-5.474727025152156 3.0725657204520407
-5.684404908010276 2.664739564801224
-5.863754031196224 2.242695870611607
-6.011817489538299 1.8086864235985585
-6.1278053004232005 1.3650268519460176
-6.2110986186950745 0.9140842714282227
-6.26125303846218 0.45826465582286585
-6.2780009641946 7.688333785844915e-16
-6.26125303846218 -0.4582646558228615
-6.2110986186950745 -0.9140842714282211
-6.127805300423202 -1.3650268519460134
-6.0118174895383 -1.8086864235985571
-5.863754031196225 -2.242695870611606
-5.6844049080102765 -2.6647395648012226
-5.474727025152155 -3.0725657204520416
-5.235839104848847 -3.4639984085683335
-4.9690157175154965 -3.836949166396695
-4.67568048137078 -4.189428140278412
-4.357398466817732 -4.519554702379739
-4.01586784611599 -4.825567484655048
-3.6529108328980526 -5.105833776507456
-3.2704639598710927 -5.358858236006306
-2.870567746577101 -5.583290868183351
-2.4553558123382584 -5.777934227840004
-2.027043492474685 -5.941749808435589
-1.5879160185319738 -6.073863582969072
-1.1403163255821767 -6.173570667291263
-0.6866325516514256 -6.240339080966753
-0.22928529597031902 -6.273812585619699
0.22928529597031672 -6.273812585619699
0.6866325516514233 -6.240339080966753
1.1403163255821689 -6.173570667291265
1.5879160185319714 -6.073863582969072
2.0270434924746823 -5.94174980843559
2.455355812338256 -5.777934227840005
2.8705677465770987 -5.583290868183352
3.270463959871091 -5.3588582360063075
3.6529108328980504 -5.105833776507457
4.0158678461159925 -4.825567484655046
4.357398466817728 -4.519554702379742
4.675680481370779 -4.189428140278414
4.969015717515498 -3.8369491663966917
5.235839104848845 -3.4639984085683375
5.474727025152155 -3.072565720452041
5.684404908010275 -2.6647395648012275
5.863754031196224 -2.242695870611608
6.0118174895382985 -1.808686423598562
6.127805300423202 -1.365026851946013
6.2110986186950745 -0.9140842714282206
6.26125303846218 -0.45826465582286935
1.0 0.5 0.4 0.32000000000000006 0.25600000000000006 0.20480000000000007 