0.0 0.0
1.6849405378236906 0.0
1.65934250501333 0.2925868538702214
1.5833261898559619 0.576283604241688
1.459201309621531 0.8424702689118452
1.2907393359857404 1.083058900771642
1.0830589007716422 1.2907393359857404
0.8424702689118455 1.4592013096215308
0.5762836042416881 1.5833261898559616
0.2925868538702215 1.65934250501333
1.0317285181997012e-16 1.6849405378236906
-0.2925868538702213 1.65934250501333
-0.5762836042416876 1.5833261898559619
-0.842470268911845 1.459201309621531
-1.0830589007716422 1.2907393359857404
-1.2907393359857402 1.0830589007716422
-1.4592013096215306 0.8424702689118458
-1.5833261898559616 0.5762836042416882
-1.65934250501333 0.29258685387022126
-1.6849405378236906 2.0634570363994025e-16
-1.6593425050133301 -0.2925868538702209
-1.5833261898559619 -0.5762836042416879
-1.4592013096215308 -0.8424702689118455
-1.2907393359857409 -1.0830589007716414
-1.0830589007716422 -1.2907393359857402
-0.8424702689118461 -1.4592013096215304
-0.5762836042416877 -1.5833261898559619
-0.2925868538702214 -1.65934250501333
-3.0951855545991036e-16 -1.6849405378236906
0.29258685387022076 -1.6593425050133301
0.5762836042416885 -1.5833261898559616
0.8424702689118442 -1.4592013096215315
1.083058900771642 -1.2907393359857406
1.29073933598574 -1.0830589007716425
1.459201309621531 -0.8424702689118447
1.5833261898559619 -0.5762836042416878
1.65934250501333 -0.2925868538702215
2.6359940710336303 0.0
2.595947398048132 0.4577355667758228
2.477024176985708 0.9015630699805351
2.282837829740286 1.317997035516815
2.0192886102098853 1.6943843280675968
1.694384328067597 2.0192886102098853
1.3179970355168154 2.2828378297402856
0.9015630699805355 2.477024176985708
0.457735566775823 2.595947398048132
1.614080850831368e-16 2.6359940710336303
-0.4577355667758227 2.595947398048132
-0.9015630699805346 2.477024176985708
-1.3179970355168145 2.282837829740286
-1.694384328067597 2.0192886102098853
-2.019288610209885 1.6943843280675974
-2.2828378297402856 1.317997035516816
-2.477024176985708 0.9015630699805356
-2.595947398048132 0.45773556677582267
-2.6359940710336303 3.228161701662736e-16
-2.5959473980481325 -0.457735566775822
-2.477024176985708 -0.901563069980535
-2.2828378297402856 -1.3179970355168154
-2.019288610209886 -1.6943843280675959
-1.6943843280675974 -2.019288610209885
-1.3179970355168162 -2.282837829740285
-0.9015630699805347 -2.477024176985708
-0.4577355667758228 -2.595947398048132
-4.842242552494103e-16 -2.6359940710336303
0.45773556677582183 -2.5959473980481325
0.9015630699805359 -2.477024176985708
1.3179970355168134 -2.282837829740287
1.6943843280675968 -2.0192886102098853
2.0192886102098844 -1.6943843280675976
2.2828378297402865 -1.3179970355168142
2.477024176985708 -0.9015630699805349
2.595947398048132 -0.45773556677582294
3.27377318550036 0.0
3.2240372146842278 0.568484747756999
3.076340504541465 1.119696374120564
2.8351707448716175 1.6368865927501797
2.507855756784466 2.1043408405636637
2.104340840563664 2.507855756784466
1.6368865927501803 2.835170744871617
1.1196963741205646 3.0763405045414647
0.5684847477569992 3.2240372146842278
2.0046079263787249e-16 3.27377318550036
-0.5684847477569989 3.2240372146842278
-1.1196963741205634 3.076340504541465
-1.6368865927501792 2.8351707448716175
-2.104340840563664 2.507855756784466
-2.5078557567844655 2.104340840563664
-2.8351707448716166 1.636886592750181
-3.0763405045414647 1.1196963741205646
-3.2240372146842278 0.5684847477569988
-3.27377318550036 4.0092158527574497e-16
-3.224037214684228 -0.568484747756998
-3.076340504541465 -1.1196963741205639
-2.835170744871617 -1.6368865927501803
-2.507855756784467 -2.1043408405636623
-2.104340840563664 -2.5078557567844655
-1.6368865927501814 -2.835170744871616
-1.1196963741205634 -3.076340504541465
-0.568484747756999 -3.2240372146842278
-6.013823779136174e-16 -3.27377318550036
0.5684847477569978 -3.224037214684228
1.119696374120565 -3.0763405045414647
1.6368865927501777 -2.8351707448716184
2.1043408405636637 -2.5078557567844664
2.507855756784465 -2.1043408405636645
2.8351707448716175 -1.6368865927501788
3.076340504541465 -1.1196963741205637
3.2240372146842278 -0.5684847477569991
3.7496814177830617 0.0
3.6927153315585675 0.6511253450295803
3.523547958588786 1.2824665759357594
3.2473193638985824 1.8748407088915306
2.8724226135592055 2.4102487556228076
2.410248755622808 2.8724226135592055
1.8748407088915313 3.2473193638985824
1.2824665759357599 3.523547958588786
0.6511253450295806 3.6927153315585675
2.296017673055168e-16 3.7496814177830617
-0.6511253450295802 3.6927153315585675
-1.2824665759357585 3.523547958588786
-1.87484070889153 3.2473193638985824
-2.410248755622808 2.8724226135592055
-2.872422613559205 2.4102487556228085
-3.247319363898582 1.8748407088915322
-3.523547958588786 1.28246657593576
-3.6927153315585675 0.6511253450295801
-3.7496814177830617 4.592035346110336e-16
-3.692715331558568 -0.6511253450295792
-3.523547958588786 -1.2824665759357592
-3.2473193638985824 -1.8748407088915313
-2.872422613559207 -2.4102487556228067
-2.4102487556228085 -2.872422613559205
-1.8748407088915324 -3.2473193638985816
-1.2824665759357587 -3.523547958588786
-0.6511253450295803 -3.6927153315585675
-6.888053019165503e-16 -3.7496814177830617
0.651125345029579 -3.692715331558568
1.2824665759357605 -3.523547958588786
1.8748407088915284 -3.2473193638985838
2.4102487556228076 -2.872422613559206
2.8724226135592046 -2.410248755622809
3.247319363898583 -1.8748407088915295
3.523547958588786 -1.282466575935759
3.6927153315585675 -0.6511253450295805
4.383325452575235 0.0
4.3167328896718375 0.7611564769607623
4.118978582288001 1.4991855995328336
3.7960711949850756 2.191662726287617
3.357822105327238 2.8175472901390033
2.8175472901390037 3.357822105327238
2.191662726287618 3.796071194985075
1.499185599532834 4.118978582288
0.7611564769607626 4.3167328896718375
2.6840127425586923e-16 4.383325452575235
-0.7611564769607622 4.3167328896718375
-1.4991855995328327 4.118978582288001
-2.1916627262876167 3.7960711949850756
-2.8175472901390037 3.357822105327238
-3.3578221053272377 2.817547290139004
-3.7960711949850747 2.191662726287619
-4.118978582288 1.4991855995328343
-4.3167328896718375 0.761156476960762
-4.383325452575235 5.368025485117385e-16
-4.3167328896718375 -0.7611564769607609
-4.118978582288001 -1.4991855995328334
-3.796071194985075 -2.191662726287618
-3.35782210532724 -2.817547290139002
-2.817547290139004 -3.3578221053272377
-2.1916627262876194 -3.7960711949850743
-1.499185599532833 -4.118978582288001
-0.7611564769607623 -4.3167328896718375
-8.052038227676077e-16 -4.383325452575235
0.7611564769607606 -4.3167328896718375
1.499185599532835 -4.118978582288
2.1916627262876145 -3.796071194985077
2.8175472901390033 -3.357822105327239
3.3578221053272372 -2.8175472901390046
3.796071194985076 -2.1916627262876163
4.118978582288001 -1.4991855995328331
4.3167328896718375 -0.7611564769607625
4.710846016771376 0.0
4.639277680563129 0.818029826081867
4.426747239618752 1.6112042298413016
4.079712323840746 2.3554230083856877
3.6087174135368847 3.0280734507218274
3.0280734507218283 3.6087174135368847
2.3554230083856886 4.079712323840745
1.6112042298413023 4.426747239618751
0.8180298260818675 4.639277680563129
2.8845612478575624e-16 4.710846016771376
-0.8180298260818669 4.639277680563129
-1.6112042298413007 4.426747239618752
-2.3554230083856873 4.079712323840746
-3.0280734507218283 3.6087174135368847
-3.6087174135368842 3.0280734507218288
-4.079712323840745 2.35542300838569
-4.426747239618751 1.6112042298413025
-4.639277680563129 0.8180298260818668
-4.710846016771376 5.769122495715125e-16
-4.63927768056313 -0.8180298260818656
-4.426747239618752 -1.6112042298413014
-4.079712323840745 -2.3554230083856886
-3.6087174135368865 -3.028073450721826
-3.0280734507218288 -3.6087174135368842
-2.3554230083856904 -4.079712323840744
-1.611204229841301 -4.426747239618752
-0.818029826081867 -4.639277680563129
-8.653683743572687e-16 -4.710846016771376
0.8180298260818654 -4.63927768056313
1.611204229841303 -4.426747239618751
2.355423008385685 -4.079712323840748
3.0280734507218274 -3.608717413536885
3.608717413536884 -3.028073450721829
4.079712323840747 -2.3554230083856864
4.426747239618752 -1.6112042298413012
4.639277680563129 -0.8180298260818673
4.081941950861664 0.0
4.019928080554344 0.7088217811093224
3.8357707297011405 1.396106371080766
3.535065426219612 2.0409709754308314
3.126948948591818 2.6238217094735776
2.623821709473578 3.126948948591818
2.0409709754308323 3.5350654262196115
1.3961063710807664 3.83577072970114
0.7088217811093227 4.019928080554344
2.4994685722140196e-16 4.081941950861664
-0.7088217811093223 4.019928080554344
-1.396106371080765 3.8357707297011405
-2.040970975430831 3.535065426219612
-2.623821709473578 3.126948948591818
-3.1269489485918176 2.6238217094735785
-3.5350654262196106 2.040970975430833
-3.83577072970114 1.3961063710807666
-4.019928080554344 0.7088217811093221
-4.081941950861664 4.998937144428039e-16
-4.019928080554345 -0.7088217811093211
-3.8357707297011405 -1.3961063710807657
-3.5350654262196115 -2.0409709754308323
-3.1269489485918194 -2.6238217094735763
-2.6238217094735785 -3.1269489485918176
-2.0409709754308336 -3.53506542621961
-1.3961063710807653 -3.8357707297011405
-0.7088217811093224 -4.019928080554344
-7.498405716642058e-16 -4.081941950861664
0.7088217811093209 -4.019928080554345
1.396106371080767 -3.83577072970114
2.040970975430829 -3.5350654262196133
2.6238217094735776 -3.1269489485918185
3.126948948591817 -2.623821709473579
3.5350654262196124 -2.0409709754308305
3.8357707297011405 -1.3961063710807655
4.019928080554344 -0.7088217811093226
4.984381959614896 0.0
4.908657997802932 0.8655288440830499
4.683786946628524 1.7047590322173642
4.316601399191362 2.4921909798074475
3.818258102545473 3.203898965585567
3.203898965585568 3.818258102545473
2.4921909798074484 4.316601399191361
1.7047590322173647 4.683786946628523
0.8655288440830502 4.908657997802932
3.052053706285097e-16 4.984381959614896
-0.8655288440830496 4.908657997802932
-1.7047590322173631 4.683786946628524
-2.492190979807447 4.316601399191362
-3.203898965585568 3.818258102545473
-3.8182581025454727 3.2038989655855685
-4.316601399191361 2.4921909798074497
-4.683786946628523 1.704759032217365
-4.908657997802932 0.8655288440830495
-4.984381959614896 6.104107412570194e-16
-4.9086579978029325 -0.8655288440830483
-4.683786946628524 -1.704759032217364
-4.316601399191361 -2.4921909798074484
-3.818258102545475 -3.203898965585566
-3.2038989655855685 -3.8182581025454727
-2.49219097980745 -4.31660139919136
-1.7047590322173634 -4.683786946628524
-0.8655288440830499 -4.908657997802932
-9.15616111885529e-16 -4.984381959614896
0.865528844083048 -4.9086579978029325
1.7047590322173656 -4.683786946628523
2.492190979807445 -4.316601399191364
3.203898965585567 -3.818258102545474
3.8182581025454723 -3.203898965585569
4.316601399191363 -2.492190979807446
4.683786946628524 -1.7047590322173636
4.908657997802932 -0.8655288440830501
5.214984916171765 0.0
5.1357575772876745 0.9055726272537565
4.900482843236428 1.7836298884702677
4.516309417757411 2.6074924580858823
3.9949102159826704 3.3521276888174065
3.352127688817407 3.9949102159826704
2.607492458085883 4.51630941775741
1.7836298884702682 4.900482843236427
0.905572627253757 5.1357575772876745
3.1932572925957405e-16 5.214984916171765
-0.9055726272537563 5.1357575772876745
-1.7836298884702664 4.900482843236428
-2.6074924580858814 4.516309417757411
-3.352127688817407 3.9949102159826704
-3.9949102159826695 3.3521276888174074
-4.516309417757409 2.6074924580858845
-4.900482843236427 1.7836298884702686
-5.1357575772876745 0.9055726272537562
-5.214984916171765 6.386514585191481e-16
-5.1357575772876745 -0.9055726272537549
-4.900482843236428 -1.7836298884702673
-4.51630941775741 -2.607492458085883
-3.994910215982672 -3.3521276888174047
-3.3521276888174074 -3.9949102159826695
-2.607492458085885 -4.516309417757409
-1.7836298884702668 -4.900482843236428
-0.9055726272537565 -5.1357575772876745
-9.57977187778722e-16 -5.214984916171765
0.9055726272537546 -5.1357575772876745
1.783629888470269 -4.900482843236427
2.607492458085879 -4.516309417757412
3.3521276888174065 -3.994910215982671
3.994910215982669 -3.3521276888174083
4.516309417757411 -2.607492458085881
4.900482843236428 -1.783629888470267
5.1357575772876745 -0.9055726272537568
5.434532035395023 0.0
5.351969282450233 0.9436965844188995
5.106789651085326 1.8587194256537438
4.706442800332442 2.717266017697511
4.163093066666426 3.49324985679649
3.4932498567964902 4.163093066666426
2.717266017697512 4.706442800332441
1.8587194256537445 5.106789651085325
0.9436965844188999 5.351969282450233
3.3276911310051326e-16 5.434532035395023
-0.9436965844188993 5.351969282450233
-1.8587194256537427 5.106789651085326
-2.71726601769751 4.706442800332442
-3.4932498567964902 4.163093066666426
-4.163093066666426 3.4932498567964907
-4.706442800332441 2.717266017697513
-5.106789651085325 1.8587194256537447
-5.351969282450233 0.9436965844188991
-5.434532035395023 6.655382262010265e-16
-5.351969282450234 -0.9436965844188978
-5.106789651085326 -1.8587194256537436
-4.706442800332441 -2.717266017697512
-4.163093066666428 -3.493249856796488
-3.4932498567964907 -4.163093066666426
-2.7172660176975136 -4.70644280033244
-1.858719425653743 -5.106789651085326
-0.9436965844188995 -5.351969282450233
-9.983073393015397e-16 -5.434532035395023
0.9436965844188975 -5.351969282450234
1.8587194256537454 -5.106789651085325
2.717266017697508 -4.706442800332444
3.49324985679649 -4.163093066666427
4.163093066666425 -3.4932498567964916
4.706442800332443 -2.7172660176975096
5.106789651085326 -1.8587194256537432
5.351969282450233 -0.9436965844188997
5.66344131174049 0.0
5.5774009125316635 0.9834462631073456
5.321894008896604 1.9370110091579957
4.904684048809529 2.8317206558702446
4.338447745789258 3.640389903373668
3.6403899033736686 4.338447745789258
2.8317206558702455 4.9046840488095285
1.9370110091579962 5.321894008896604
0.9834462631073461 5.5774009125316635
3.4678576372909394e-16 5.66344131174049
-0.9834462631073454 5.5774009125316635
-1.9370110091579944 5.321894008896604
-2.8317206558702437 4.904684048809529
-3.6403899033736686 4.338447745789258
-4.338447745789257 3.640389903373669
-4.904684048809528 2.831720655870247
-5.321894008896604 1.9370110091579966
-5.5774009125316635 0.9834462631073453
-5.66344131174049 6.935715274581879e-16
-5.577400912531664 -0.9834462631073438
-5.321894008896604 -1.9370110091579953
-4.9046840488095285 -2.8317206558702455
-4.33844774578926 -3.640389903373666
-3.640389903373669 -4.338447745789257
-2.8317206558702477 -4.904684048809528
-1.9370110091579946 -5.321894008896604
-0.9834462631073456 -5.5774009125316635
-1.0403572911872817e-15 -5.66344131174049
0.9834462631073435 -5.577400912531664
1.9370110091579973 -5.321894008896604
2.8317206558702415 -4.904684048809531
3.640389903373668 -4.338447745789258
4.3384477457892565 -3.64038990337367
4.904684048809529 -2.8317206558702432
5.321894008896604 -1.937011009157995
5.5774009125316635 -0.9834462631073458
1.0 0.5 0.4 0.32000000000000006 0.25600000000000006 0.20480000000000007 0.16384000000000007 0.13107200000000005 0.10485760000000005 0.08388608000000004 0.06710886400000003 0.05368709120000003 