0.0 0.0
1.520378909727857 0.0
1.476199461787405 0.3638504887503149
1.3462286668945886 0.706555309637176
1.1380199552239612 1.0081977041519785
0.8636736602899461 1.2512473127510142
0.5391337915459001 1.4215789756318884
0.1832614265088033 1.5092936356783677
-0.18326142650880312 1.5092936356783677
-0.5391337915458999 1.4215789756318884
-0.8636736602899457 1.2512473127510144
-1.1380199552239614 1.0081977041519785
-1.3462286668945882 0.7065553096371769
-1.476199461787405 0.3638504887503148
-1.520378909727857 -4.889911521648075e-16
-1.4761994617874052 -0.36385048875031445
-1.346228666894589 -0.7065553096371754
-1.1380199552239616 -1.0081977041519783
-0.8636736602899461 -1.2512473127510142
-0.5391337915459007 -1.4215789756318882
-0.18326142650880417 -1.5092936356783677
0.18326142650880362 -1.5092936356783677
0.5391337915459001 -1.4215789756318884
0.8636736602899444 -1.251247312751015
1.1380199552239607 -1.008197704151979
1.3462286668945889 -0.7065553096371759
1.476199461787405 -0.36385048875031495
2.436148382778777 0.0
2.365358338294763 0.5830084685277624
2.1571022649167904 1.13213460401425
1.8234832486495602 1.6154651914572769
1.383890014062741 2.0049108139498566
0.8638701220941238 2.2778383074899615
0.2936452386695277 2.4183861182041144
-0.29364523866952735 2.4183861182041144
-0.8638701220941236 2.2778383074899615
-1.3838900140627404 2.004910813949857
-1.8234832486495605 1.6154651914572769
-2.1571022649167895 1.1321346040142513
-2.365358338294763 0.5830084685277623
-2.436148382778777 -7.8352507846393195e-16
-2.3653583382947634 -0.5830084685277618
-2.1571022649167912 -1.1321346040142488
-1.8234832486495607 -1.6154651914572762
-1.383890014062741 -2.0049108139498566
-0.8638701220941247 -2.2778383074899615
-0.2936452386695291 -2.4183861182041144
0.29364523866952813 -2.4183861182041144
0.8638701220941238 -2.2778383074899615
1.3838900140627384 -2.0049108139498584
1.8234832486495594 -1.6154651914572775
2.157102264916791 -1.1321346040142497
2.365358338294763 -0.5830084685277626
3.0622128821666683 0.0
2.973230541156374 0.732835510085633
2.7114548483473593 1.4230812840737848
2.292099255489757 2.030622746521568
1.7395351853448915 2.52015179595488
1.0858756531809086 2.863218783386353
0.3691089750514548 3.03988590250423
-0.3691089750514544 3.03988590250423
-1.0858756531809084 2.863218783386353
-1.7395351853448908 2.5201517959548805
-2.2920992554897572 2.030622746521568
-2.7114548483473584 1.4230812840737865
-2.973230541156374 0.7328355100856329
-3.0622128821666683 -9.848827787887585e-16
-2.973230541156374 -0.7328355100856321
-2.71145484834736 -1.4230812840737834
-2.2920992554897572 -2.0306227465215674
-1.7395351853448915 -2.52015179595488
-1.0858756531809097 -2.863218783386353
-0.36910897505145657 -3.03988590250423
0.3691089750514554 -3.03988590250423
1.0858756531809086 -2.863218783386353
1.7395351853448882 -2.5201517959548823
2.2920992554897555 -2.030622746521569
2.7114548483473597 -1.4230812840737845
2.973230541156374 -0.7328355100856332
3.5613969017769573 0.0
3.45790918038683 0.8522980653404025
3.1534603464210798 1.6550636651006372
2.6657438594833116 2.361642980556868
2.0231040290170506 2.9309721902060906
1.262888746068254 3.329963949810968
0.4292789596117871 3.535430308579301
-0.42927895961178664 3.535430308579301
-1.2628887460682536 3.329963949810968
-2.0231040290170497 2.930972190206091
-2.665743859483312 2.361642980556868
-3.153460346421079 1.655063665100639
-3.45790918038683 0.8522980653404024
-3.5613969017769573 -1.145432604447145e-15
-3.4579091803868303 -0.8522980653404014
-3.1534603464210806 -1.6550636651006354
-2.6657438594833125 -2.3616429805568675
-2.0231040290170506 -2.9309721902060906
-1.2628887460682552 -3.3299639498109674
-0.42927895961178913 -3.535430308579301
0.4292789596117878 -3.535430308579301
1.262888746068254 -3.329963949810968
2.0231040290170466 -2.9309721902060932
2.6657438594833107 -2.3616429805568693
3.15346034642108 -1.6550636651006367
3.45790918038683 -0.8522980653404028
4.001033885173601 0.0
3.8847711120536736 0.9575100820673482
3.542739562469638 1.8593731585724789
2.994816866849219 2.6531762256478144
2.272846300643914 3.2927863343916854
1.4187861689053418 3.7410316701720476
0.482271342107883 3.9718618433788477
-0.48227134210788253 3.9718618433788477
-1.4187861689053414 3.7410316701720476
-2.2728463006439132 3.292786334391686
-2.9948168668492197 2.6531762256478144
-3.5427395624696367 1.859373158572481
-3.8847711120536736 0.957510082067348
-4.001033885173601 -1.2868306425742757e-15
-3.884771112053674 -0.957510082067347
-3.542739562469639 -1.859373158572477
-2.99481686684922 -2.6531762256478135
-2.272846300643914 -3.2927863343916854
-1.4187861689053431 -3.741031670172047
-0.4822713421078853 -3.9718618433788477
0.4822713421078838 -3.9718618433788477
1.4187861689053418 -3.7410316701720476
2.2728463006439097 -3.292786334391688
2.994816866849218 -2.6531762256478157
3.5427395624696385 -1.8593731585724784
3.8847711120536736 -0.9575100820673484
4.433241512071266 0.0
4.3044195708190935 1.060944137408512
3.92544041003945 2.0602300579258714
3.318328921023647 2.9397828961081403
2.5183682167528105 3.648486238044649
1.572049105620311 4.145152821533882
0.5343682146351589 4.400918190053021
-0.5343682146351584 4.400918190053021
-1.5720491056203103 4.145152821533882
-2.5183682167528096 3.6484862380446494
-3.3183289210236473 2.9397828961081403
-3.9254404100394487 2.0602300579258737
-4.3044195708190935 1.0609441374085118
-4.433241512071266 -1.4258392174097007e-15
-4.304419570819094 -1.0609441374085107
-3.925440410039451 -2.060230057925869
-3.3183289210236477 -2.9397828961081394
-2.5183682167528105 -3.648486238044649
-1.5720491056203123 -4.145152821533882
-0.5343682146351614 -4.400918190053021
0.5343682146351597 -4.400918190053021
1.572049105620311 -4.145152821533882
2.5183682167528056 -3.648486238044652
3.3183289210236455 -2.9397828961081416
3.9254404100394504 -2.060230057925871
4.3044195708190935 -1.0609441374085122
1.0 0.5 0.4 0.32000000000000006 0.25600000000000006 0.20480000000000007 0.16384000000000007 