0.0 0.0
2.884045392342962 0.0
2.8766971752244457 0.20574544259925648
2.854689968698971 0.41044245358410186
2.8181359164464888 0.6130479439073099
2.7672212895383383 0.8125294824315269
2.702205537242568 1.007870556961693
2.6234199649299335 1.1980757541581821
2.5312660458176706 1.3821758319350133
2.426213375154007 1.5592326584953486
2.3087972772684187 1.7283439928360922
2.1796160776815534 1.88864808236123
2.0393280541755257 2.039328054175525
1.88864808236123 2.1796160776815534
1.7283439928360924 2.3087972772684187
1.5592326584953489 2.4262133751540067
1.382175831935014 2.53126604581767
1.1980757541581823 2.6234199649299335
1.0078705569616933 2.702205537242568
0.8125294824315272 2.7672212895383383
0.6130479439073104 2.8181359164464888
0.41044245358410175 2.854689968698971
0.20574544259925653 2.8766971752244457
8.16983567645074e-16 2.884045392342962
-0.2057454425992562 2.8766971752244457
-0.4104424535841015 2.8546899686989713
-0.6130479439073101 2.8181359164464888
-0.8125294824315269 2.7672212895383383
-1.0078705569616928 2.702205537242568
-1.198075754158182 2.6234199649299335
-1.3821758319350135 2.53126604581767
-1.5592326584953475 2.4262133751540076
-1.7283439928360924 2.3087972772684187
-1.8886480823612295 2.1796160776815534
-2.039328054175525 2.0393280541755257
-2.179616077681553 1.8886480823612302
-2.308797277268418 1.7283439928360926
-2.4262133751540067 1.5592326584953493
-2.5312660458176706 1.3821758319350128
-2.623419964929933 1.198075754158183
-2.702205537242568 1.007870556961694
-2.7672212895383383 0.8125294824315269
-2.8181359164464883 0.6130479439073112
-2.854689968698971 0.4104424535841019
-2.8766971752244457 0.20574544259925673
-2.884045392342962 1.633967135290148e-15
-2.8766971752244457 -0.205745442599256
-2.8546899686989713 -0.4104424535841012
-2.8181359164464888 -0.6130479439073104
-2.767221289538339 -0.8125294824315261
-2.7022055372425684 -1.0078705569616921
-2.6234199649299335 -1.1980757541581823
-2.531266045817671 -1.3821758319350121
-2.426213375154007 -1.5592326584953486
-2.3087972772684187 -1.7283439928360922
-2.179616077681554 -1.8886480823612295
-2.039328054175525 -2.039328054175526
-1.8886480823612302 -2.179616077681553
-1.728343992836093 -2.308797277268418
-1.5592326584953482 -2.426213375154007
-1.3821758319350141 -2.5312660458176697
-1.1980757541581843 -2.623419964929932
-1.007870556961694 -2.702205537242568
-0.8125294824315271 -2.7672212895383383
-0.6130479439073089 -2.8181359164464888
-0.4104424535841021 -2.854689968698971
-0.20574544259925817 -2.8766971752244457
-5.297905437492722e-16 -2.884045392342962
0.20574544259925456 -2.876697175224446
0.41044245358410103 -2.8546899686989713
0.6130479439073103 -2.8181359164464888
0.8125294824315259 -2.767221289538339
1.007870556961693 -2.702205537242568
1.1980757541581812 -2.623419964929934
1.3821758319350133 -2.5312660458176706
1.5592326584953495 -2.4262133751540063
1.7283439928360922 -2.308797277268419
1.8886480823612284 -2.1796160776815547
2.039328054175525 -2.039328054175526
2.179616077681552 -1.888648082361231
2.308797277268418 -1.728343992836093
2.426213375154007 -1.5592326584953482
2.5312660458176697 -1.3821758319350144
2.623419964929932 -1.1980757541581846
2.702205537242569 -1.0078705569616917
2.7672212895383383 -0.8125294824315272
2.8181359164464883 -0.6130479439073115
2.854689968698971 -0.4104424535841023
2.8766971752244457 -0.2057454425992583
4.512213773469853 0.0
4.500717169921016 0.3218976450196653
4.466285943330933 0.6421549734258518
4.409095547337966 0.9591400272825487
4.329437411090881 1.271237523414777
4.227717454192716 1.5768570845213938
4.104454018227523 1.8744413433732696
3.960275225410474 2.162473878799711
3.795915777821029 2.4394869430231476
3.6122132135295466 2.704068940965372
3.410103638695263 2.954871623412492
3.1906169573838734 3.1906169573838725
2.954871623412492 3.410103638695263
2.7040689409653726 3.6122132135295466
2.439486943023148 3.7959157778210284
2.1624738787997115 3.9602752254104736
1.8744413433732698 4.104454018227522
1.5768570845213943 4.227717454192716
1.2712375234147777 4.329437411090881
0.9591400272825494 4.409095547337966
0.6421549734258516 4.466285943330933
0.32189764501966533 4.500717169921016
1.278206132404821e-15 4.512213773469853
-0.32189764501966484 4.500717169921016
-0.6421549734258511 4.466285943330934
-0.9591400272825489 4.409095547337966
-1.271237523414777 4.329437411090881
-1.5768570845213936 4.227717454192716
-1.8744413433732694 4.104454018227523
-2.162473878799711 3.9602752254104736
-2.4394869430231463 3.7959157778210297
-2.7040689409653726 3.6122132135295466
-2.9548716234124917 3.410103638695263
-3.1906169573838725 3.1906169573838734
-3.4101036386952623 2.9548716234124925
-3.612213213529546 2.704068940965373
-3.7959157778210284 2.4394869430231485
-3.960275225410474 2.16247387879971
-4.104454018227522 1.8744413433732712
-4.227717454192715 1.5768570845213952
-4.329437411090881 1.271237523414777
-4.409095547337966 0.9591400272825507
-4.466285943330933 0.6421549734258519
-4.500717169921016 0.32189764501966567
-4.512213773469853 2.556412264809642e-15
-4.500717169921016 -0.3218976450196645
-4.466285943330934 -0.6421549734258508
-4.409095547337966 -0.9591400272825495
-4.329437411090882 -1.271237523414776
-4.227717454192716 -1.5768570845213925
-4.104454018227522 -1.87444134337327
-3.960275225410475 -2.1624738787997093
-3.795915777821029 -2.4394869430231476
-3.6122132135295466 -2.704068940965372
-3.4101036386952632 -2.9548716234124917
-3.190616957383872 -3.190616957383874
-2.9548716234124925 -3.4101036386952623
-2.704068940965374 -3.612213213529546
-2.439486943023147 -3.795915777821029
-2.1624738787997124 -3.960275225410473
-1.8744413433732732 -4.104454018227521
-1.5768570845213954 -4.227717454192715
-1.2712375234147775 -4.329437411090881
-0.959140027282547 -4.409095547337967
-0.6421549734258521 -4.466285943330933
-0.3218976450196679 -4.500717169921016
-8.288802232122683e-16 -4.512213773469853
0.3218976450196623 -4.500717169921017
0.6421549734258505 -4.466285943330934
0.9591400272825492 -4.409095547337966
1.2712375234147757 -4.329437411090882
1.5768570845213938 -4.227717454192716
1.874441343373268 -4.104454018227524
2.1624738787997106 -3.960275225410474
2.439486943023149 -3.7959157778210275
2.704068940965372 -3.612213213529547
2.9548716234124894 -3.4101036386952646
3.190616957383872 -3.190616957383874
3.4101036386952606 -2.9548716234124943
3.6122132135295457 -2.704068940965374
3.795915777821029 -2.439486943023147
3.960275225410473 -2.1624738787997124
4.104454018227521 -1.8744413433732734
4.2277174541927165 -1.5768570845213918
4.329437411090881 -1.2712375234147777
4.409095547337966 -0.9591400272825511
4.466285943330933 -0.6421549734258525
4.500717169921016 -0.32189764501966817
1.0 0.5 0.4 