0.0 0.0
2.5455063273750675 0.0
2.537659380887559 0.19971812461535543
2.514166920459504 0.39820492057944146
2.4751737849214765 0.594236650791582
2.4209203799206023 0.7866047144478543
2.3517411957398 0.9741230984669448
2.2680627450539568 1.1556356896551851
2.170400933337459 1.3300234025288389
2.0593578781353883 1.4962110788482408
1.9356181968086268 1.653174116325871
1.7999447856401742 1.799944785640174
1.6531741163258715 1.9356181968086263
1.4962110788482408 2.0593578781353883
1.330023402528839 2.170400933337459
1.1556356896551854 2.2680627450539563
0.9741230984669449 2.3517411957398
0.7866047144478544 2.4209203799206023
0.5942366507915823 2.4751737849214765
0.3982049205794416 2.514166920459504
0.19971812461535557 2.537659380887559
1.5586730880146055e-16 2.5455063273750675
-0.19971812461535526 2.537659380887559
-0.3982049205794408 2.514166920459504
-0.5942366507915819 2.4751737849214765
-0.7866047144478541 2.4209203799206027
-0.9741230984669446 2.3517411957398
-1.1556356896551851 2.2680627450539568
-1.3300234025288389 2.1704009333374596
-1.4962110788482406 2.0593578781353883
-1.6531741163258709 1.935618196808627
-1.799944785640174 1.7999447856401742
-1.9356181968086268 1.6531741163258715
-2.059357878135388 1.496211078848241
-2.170400933337459 1.330023402528839
-2.2680627450539563 1.1556356896551856
-2.3517411957398 0.974123098466945
-2.4209203799206023 0.7866047144478545
-2.4751737849214765 0.5942366507915824
-2.5141669204595036 0.39820492057944173
-2.537659380887559 0.19971812461535576
-2.5455063273750675 3.117346176029211e-16
-2.5376593808875594 -0.199718124615354
-2.514166920459504 -0.3982049205794411
-2.4751737849214765 -0.5942366507915818
-2.4209203799206027 -0.786604714447853
-2.3517411957398 -0.9741230984669444
-2.2680627450539568 -1.1556356896551851
-2.1704009333374588 -1.3300234025288398
-2.0593578781353883 -1.4962110788482406
-1.935618196808628 -1.65317411632587
-1.7999447856401745 -1.799944785640174
-1.6531741163258724 -1.935618196808626
-1.496211078848241 -2.059357878135388
-1.3300234025288382 -2.1704009333374596
-1.1556356896551856 -2.2680627450539563
-0.974123098466944 -2.3517411957398
-0.7866047144478546 -2.4209203799206023
-0.5942366507915836 -2.475173784921476
-0.3982049205794419 -2.5141669204595036
-0.199718124615357 -2.537659380887559
-4.676019264043817e-16 -2.5455063273750675
0.1997181246153561 -2.537659380887559
0.39820492057944096 -2.514166920459504
0.5942366507915827 -2.4751737849214765
0.7866047144478538 -2.4209203799206027
0.9741230984669432 -2.3517411957398004
1.155635689655185 -2.2680627450539568
1.3300234025288378 -2.17040093333746
1.4962110788482403 -2.0593578781353883
1.6531741163258717 -1.9356181968086263
1.7999447856401736 -1.7999447856401745
1.935618196808627 -1.6531741163258706
2.059357878135388 -1.4962110788482414
2.1704009333374583 -1.3300234025288407
2.2680627450539563 -1.1556356896551858
2.351741195739799 -0.9741230984669463
2.4209203799206023 -0.7866047144478548
2.4751737849214765 -0.5942366507915816
2.5141669204595036 -0.39820492057944207
2.537659380887559 -0.19971812461535493
3.882761085367133 0.0
3.870791828746948 0.304637923685171
3.8349578533336395 0.6073976532684336
3.775480087501635 0.9064125743390804
3.6927252314556545 1.19983916047616
3.5872034964020028 1.4858683392018959
3.4595654589268237 1.7627366455150895
3.3105980499751055 2.0287370942392666
3.1412197031597264 2.282229704153917
2.9524746923128187 2.52165160902407
2.7455266931903393 2.745526693190339
2.5216516090240706 2.9524746923128182
2.282229704153917 3.1412197031597264
2.028737094239267 3.3105980499751055
1.7627366455150897 3.459565458926823
1.485868339201896 3.5872034964020028
1.1998391604761602 3.6927252314556545
0.9064125743390807 3.775480087501635
0.6073976532684339 3.8349578533336395
0.30463792368517123 3.870791828746948
2.377505467524381e-16 3.882761085367133
-0.30463792368517073 3.870791828746948
-0.6073976532684325 3.8349578533336395
-0.9064125743390803 3.7754800875016357
-1.1998391604761598 3.692725231455655
-1.4858683392018956 3.5872034964020028
-1.7627366455150895 3.4595654589268237
-2.0287370942392666 3.310598049975106
-2.2822297041539166 3.1412197031597264
-2.5216516090240697 2.952474692312819
-2.745526693190339 2.7455266931903393
-2.9524746923128187 2.5216516090240706
-3.141219703159726 2.2822297041539175
-3.3105980499751055 2.028737094239267
-3.459565458926823 1.76273664551509
-3.5872034964020028 1.485868339201896
-3.6927252314556545 1.1998391604761605
-3.775480087501635 0.906412574339081
-3.834957853333639 0.6073976532684341
-3.870791828746948 0.3046379236851715
-3.882761085367133 4.755010935048762e-16
-3.8707918287469485 -0.3046379236851688
-3.8349578533336395 -0.6073976532684331
-3.7754800875016357 -0.9064125743390801
-3.6927252314556553 -1.199839160476158
-3.587203496402003 -1.4858683392018954
-3.4595654589268237 -1.7627366455150895
-3.310598049975105 -2.028737094239268
-3.141219703159727 -2.2822297041539166
-2.9524746923128204 -2.5216516090240684
-2.7455266931903397 -2.745526693190339
-2.521651609024072 -2.9524746923128173
-2.2822297041539175 -3.141219703159726
-2.0287370942392657 -3.3105980499751064
-1.7627366455150901 -3.459565458926823
-1.4858683392018948 -3.587203496402003
-1.1998391604761607 -3.6927252314556545
-0.9064125743390828 -3.7754800875016348
-0.6073976532684342 -3.834957853333639
-0.30463792368517345 -3.870791828746948
-7.132516402573143e-16 -3.882761085367133
0.304637923685172 -3.870791828746948
0.6073976532684329 -3.8349578533336395
0.9064125743390815 -3.775480087501635
1.1998391604761593 -3.692725231455655
1.4858683392018934 -3.5872034964020036
1.7627366455150892 -3.4595654589268237
2.028737094239265 -3.310598049975107
2.282229704153916 -3.141219703159727
2.521651609024071 -2.9524746923128182
2.7455266931903384 -2.7455266931903397
2.952474692312819 -2.5216516090240693
3.141219703159726 -2.282229704153918
3.310598049975104 -2.028737094239269
3.459565458926823 -1.7627366455150904
3.5872034964020023 -1.485868339201898
3.6927252314556545 -1.1998391604761607
3.7754800875016357 -0.9064125743390797
3.834957853333639 -0.6073976532684344
3.870791828746948 -0.30463792368517023
4.864907800621797 0.0
4.849910913453377 0.3816962668361252
4.805012712744484 0.761039249260317
4.730490010832653 1.135690171641588
4.626802264956484 1.5033391864593835
4.494588744548978 1.861719615281649
4.334664589928905 2.208621923591109
4.148015786689674 2.5419073433003123
3.9357930867702824 2.8595210589681037
3.6993049136869405 3.159504876420112
3.4400092956670054 3.440009295667005
3.159504876420113 3.6993049136869396
2.8595210589681037 3.9357930867702824
2.5419073433003128 4.148015786689674
2.2086219235911093 4.334664589928904
1.8617196152816493 4.494588744548978
1.503339186459384 4.626802264956484
1.1356901716415881 4.730490010832653
0.7610392492603172 4.805012712744484
0.38169626683612545 4.849910913453377
2.9788968830892366e-16 4.864907800621797
-0.38169626683612484 4.849910913453377
-0.7610392492603156 4.805012712744484
-1.1356901716415875 4.730490010832653
-1.5033391864593832 4.626802264956484
-1.8617196152816489 4.494588744548978
-2.2086219235911084 4.334664589928905
-2.5419073433003123 4.148015786689674
-2.859521058968103 3.9357930867702824
-3.1595048764201117 3.699304913686941
-3.440009295667005 3.4400092956670054
-3.6993049136869405 3.159504876420113
-3.935793086770282 2.859521058968104
-4.148015786689674 2.5419073433003128
-4.334664589928904 2.2086219235911093
-4.494588744548978 1.8617196152816498
-4.626802264956484 1.5033391864593841
-4.730490010832653 1.1356901716415886
-4.8050127127444835 0.7610392492603175
-4.849910913453377 0.3816962668361258
-4.864907800621797 5.957793766178473e-16
-4.849910913453378 -0.3816962668361224
-4.805012712744484 -0.7610392492603163
-4.730490010832653 -1.1356901716415873
-4.626802264956485 -1.503339186459381
-4.494588744548978 -1.8617196152816486
-4.334664589928905 -2.2086219235911084
-4.148015786689673 -2.5419073433003136
-3.935793086770283 -2.859521058968103
-3.6993049136869423 -3.15950487642011
-3.440009295667006 -3.440009295667005
-3.1595048764201143 -3.6993049136869387
-2.859521058968104 -3.935793086770282
-2.541907343300311 -4.148015786689675
-2.2086219235911098 -4.334664589928904
-1.8617196152816478 -4.494588744548978
-1.5033391864593844 -4.626802264956484
-1.1356901716415908 -4.730490010832652
-0.7610392492603177 -4.8050127127444835
-0.38169626683612823 -4.849910913453377
-8.93669064926771e-16 -4.864907800621797
0.38169626683612645 -4.849910913453377
0.761039249260316 -4.805012712744484
1.1356901716415893 -4.730490010832653
1.5033391864593828 -4.626802264956484
1.8617196152816462 -4.494588744548979
2.2086219235911084 -4.334664589928905
2.54190734330031 -4.148015786689676
2.8595210589681024 -3.935793086770283
3.1595048764201135 -3.6993049136869396
3.440009295667004 -3.440009295667006
3.699304913686941 -3.1595048764201112
3.935793086770282 -2.8595210589681046
4.1480157866896725 -2.5419073433003154
4.334664589928904 -2.2086219235911098
4.4945887445489765 -1.8617196152816522
4.626802264956484 -1.5033391864593846
4.730490010832653 -1.1356901716415868
4.8050127127444835 -0.7610392492603181
4.849910913453377 -0.38169626683612423
5.713789366337422 0.0
5.696175660601801 0.4482987468622103
5.643443137747952 0.8938335828755544
5.555916911314609 1.3338576376206426
5.434136609593161 1.7656580164771254
5.278853048639779 2.186572526521156
5.091023603244763 2.5940060898300343
4.8718063043986035 2.9854467430005536
4.622552699645837 3.3584811242386916
4.3447995203449965 3.7108093525375954
4.040259207208778 4.040259207208777
3.7108093525375963 4.344799520344996
3.3584811242386916 4.622552699645837
2.985446743000554 4.8718063043986035
2.594006089830035 5.091023603244762
2.1865725265211564 5.278853048639779
1.7656580164771256 5.434136609593161
1.333857637620643 5.555916911314609
0.8938335828755546 5.643443137747952
0.4482987468622106 5.696175660601801
3.4986869292436535e-16 5.713789366337422
-0.4482987468622099 5.696175660601801
-0.8938335828755527 5.643443137747952
-1.3338576376206424 5.55591691131461
-1.765658016477125 5.434136609593162
-2.1865725265211555 5.278853048639779
-2.594006089830034 5.091023603244763
-2.9854467430005536 4.871806304398604
-3.358481124238691 4.622552699645837
-3.710809352537595 4.3447995203449965
-4.040259207208777 4.040259207208778
-4.3447995203449965 3.7108093525375963
-4.622552699645836 3.3584811242386925
-4.8718063043986035 2.985446743000554
-5.091023603244762 2.594006089830035
-5.278853048639779 2.186572526521157
-5.434136609593161 1.765658016477126
-5.555916911314609 1.3338576376206435
-5.643443137747951 0.8938335828755549
-5.696175660601801 0.448298746862211
-5.713789366337422 6.997373858487307e-16
-5.696175660601802 -0.44829874686220705
-5.643443137747952 -0.8938335828755535
-5.55591691131461 -1.333857637620642
-5.434136609593162 -1.7656580164771225
-5.278853048639779 -2.1865725265211555
-5.091023603244763 -2.594006089830034
-4.871806304398603 -2.9854467430005553
-4.622552699645837 -3.358481124238691
-4.344799520344999 -3.710809352537593
-4.040259207208778 -4.040259207208777
-3.710809352537598 -4.344799520344995
-3.3584811242386925 -4.622552699645836
-2.9854467430005522 -4.871806304398605
-2.5940060898300352 -5.091023603244762
-2.1865725265211546 -5.278853048639779
-1.7656580164771263 -5.434136609593161
-1.3338576376206461 -5.555916911314609
-0.8938335828755553 -5.643443137747951
-0.4482987468622139 -5.696175660601801
-1.049606078773096e-15 -5.713789366337422
0.44829874686221177 -5.696175660601801
0.8938335828755533 -5.643443137747952
1.3338576376206441 -5.555916911314609
1.7656580164771245 -5.434136609593162
2.1865725265211524 -5.27885304863978
2.594006089830034 -5.091023603244763
2.985446743000551 -4.871806304398605
3.3584811242386907 -4.622552699645837
3.7108093525375967 -4.344799520344996
4.040259207208776 -4.040259207208778
4.3447995203449965 -3.710809352537594
4.622552699645836 -3.358481124238693
4.871806304398602 -2.9854467430005576
5.091023603244762 -2.5940060898300357
5.278853048639777 -2.1865725265211595
5.434136609593161 -1.7656580164771267
5.55591691131461 -1.3338576376206415
5.643443137747951 -0.8938335828755556
5.696175660601801 -0.44829874686220916
1.0 0.5 0.4 0.32000000000000006 0.25600000000000006 