0.0 0.0
1.5464304296199278 0.0
1.501493971858123 0.3700850255389863
1.3692961421604473 0.7186620545979806
1.1575197978693694 1.0254730572740214
0.8784726103393969 1.2726872933041962
0.5483717878145142 1.4459375698776167
0.18640159023219902 1.5351552106589685
-0.18640159023219882 1.5351552106589685
-0.5483717878145141 1.4459375698776167
-0.8784726103393966 1.2726872933041962
-1.1575197978693696 1.0254730572740214
-1.3692961421604468 0.7186620545979814
-1.501493971858123 0.37008502553898626
-1.5464304296199278 -4.973699600041956e-16
-1.5014939718581233 -0.37008502553898587
-1.3692961421604475 -0.7186620545979798
-1.1575197978693699 -1.0254730572740212
-0.8784726103393969 -1.2726872933041962
-0.5483717878145148 -1.4459375698776167
-0.1864015902321999 -1.5351552106589685
0.18640159023219932 -1.5351552106589685
0.5483717878145142 -1.4459375698776167
0.8784726103393953 -1.272687293304197
1.157519797869369 -1.025473057274022
1.3692961421604475 -0.7186620545979804
1.501493971858123 -0.3700850255389864
2.486110174447384 0.0
2.4138683310993425 0.5949651078899317
2.201341234402189 1.155353006319475
1.8608801867113982 1.6485959875590364
1.4122715465932032 2.0460285624042607
0.8815868175852131 2.3245533942137744
0.29966746717686965 2.4679836321593793
-0.2996674671768693 2.4679836321593793
-0.8815868175852127 2.3245533942137744
-1.4122715465932025 2.0460285624042607
-1.8608801867113984 1.6485959875590364
-2.201341234402188 1.1553530063194763
-2.4138683310993425 0.5949651078899316
-2.486110174447384 -7.995940162240745e-16
-2.4138683310993425 -0.5949651078899311
-2.20134123440219 -1.155353006319474
-1.8608801867113987 -1.648595987559036
-1.4122715465932032 -2.0460285624042607
-0.8815868175852138 -2.324553394213774
-0.29966746717687104 -2.4679836321593793
0.29966746717687015 -2.4679836321593793
0.8815868175852131 -2.3245533942137744
1.4122715465932003 -2.0460285624042625
1.8608801867113973 -1.6485959875590372
2.2013412344021894 -1.1553530063194748
2.4138683310993425 -0.594965107889932
3.1399451690721754 0.0
3.04870406907709 0.7514380639630155
2.7802833701756446 1.4592052790147283
2.3502827077184483 2.082168787245484
1.783692157218702 2.5841242139371294
1.1134399019985939 2.935899734224085
0.37847856686369896 3.1170514335192627
-0.3784785668636985 3.1170514335192627
-1.1134399019985937 2.935899734224085
-1.7836921572187012 2.5841242139371294
-2.3502827077184487 2.082168787245484
-2.7802833701756438 1.45920527901473
-3.04870406907709 0.7514380639630153
-3.1399451690721754 -1.0098833890255402e-15
-3.0487040690770906 -0.7514380639630145
-2.7802833701756455 -1.459205279014727
-2.350282707718449 -2.0821687872454833
-1.783692157218702 -2.5841242139371294
-1.113439901998595 -2.9358997342240847
-0.37847856686370074 -3.1170514335192627
0.3784785668636996 -3.1170514335192627
1.1134399019985939 -2.935899734224085
1.7836921572186983 -2.584124213937131
2.3502827077184474 -2.082168787245485
2.780283370175645 -1.459205279014728
3.04870406907709 -0.7514380639630156
3.6776768432442615 0.0
3.570810238085289 0.8801256767759688
3.2564211212559067 1.7091016483443864
2.7527806454682953 2.438750844442751
2.0891585645165884 3.026668705960741
1.30412218157758 3.4386875837814066
0.4432949577365392 3.650862438353496
-0.44329495773653876 3.650862438353496
-1.3041221815775796 3.4386875837814066
-2.0891585645165875 3.0266687059607413
-2.7527806454682957 2.438750844442751
-3.2564211212559058 1.7091016483443884
-3.570810238085289 0.8801256767759685
-3.6776768432442615 -1.1828310859624741e-15
-3.5708102380852895 -0.8801256767759676
-3.2564211212559075 -1.7091016483443848
-2.752780645468296 -2.43875084444275
-2.0891585645165884 -3.026668705960741
-1.3041221815775814 -3.438687583781406
-0.4432949577365413 -3.650862438353496
0.44329495773653993 -3.650862438353496
1.30412218157758 -3.4386875837814066
2.0891585645165844 -3.026668705960743
2.7527806454682944 -2.4387508444427524
3.256421121255907 -1.709101648344386
3.570810238085289 -0.880125676775969
4.18672735351774 0.0
4.0650686656918795 1.0019494377979865
3.7071629629393996 1.9456692162091762
3.1338104237699773 2.776313771994133
2.3783322137084575 3.4456090628407465
1.484633980272052 3.9146580792344077
0.5046542163271825 4.156201397266121
-0.504654216327182 4.156201397266121
-1.4846339802720516 3.9146580792344077
-2.3783322137084566 3.445609062840747
-3.1338104237699778 2.776313771994133
-3.7071629629393983 1.9456692162091784
-4.0650686656918795 1.0019494377979863
-4.18672735351774 -1.34655421704252e-15
-4.0650686656918795 -1.0019494377979852
-3.7071629629394005 -1.9456692162091744
-3.133810423769978 -2.776313771994132
-2.3783322137084575 -3.4456090628407465
-1.4846339802720534 -3.9146580792344072
-0.5046542163271849 -4.156201397266121
0.5046542163271833 -4.156201397266121
1.484633980272052 -3.9146580792344077
2.378332213708453 -3.445609062840749
3.133810423769976 -2.7763137719941344
3.7071629629394 -1.9456692162091758
4.0650686656918795 -1.0019494377979867
1.0 0.5 0.4 0.32000000000000006 0.25600000000000006 0.20480000000000007 