0.0 0.0
1.7485970432273374 0.0
1.7270689119947733 0.273540843028198
1.6630146123357976 0.5403462026710317
1.5580113736920471 0.7938464454978728
1.4146447242847007 1.027799554211253
1.2364448268287969 1.2364448268287969
1.027799554211253 1.4146447242847007
0.7938464454978729 1.5580113736920471
0.5403462026710318 1.6630146123357976
0.2735408430281981 1.7270689119947733
1.0707068859934424e-16 1.7485970432273374
-0.2735408430281975 1.7270689119947733
-0.5403462026710317 1.6630146123357978
-0.7938464454978726 1.5580113736920471
-1.0277995542112528 1.4146447242847007
-1.2364448268287969 1.2364448268287969
-1.4146447242847004 1.0277995542112532
-1.5580113736920471 0.793846445497873
-1.6630146123357976 0.540346202671032
-1.727068911994773 0.2735408430281982
-1.7485970432273374 2.1414137719868848e-16
-1.7270689119947733 -0.27354084302819776
-1.6630146123357978 -0.540346202671031
-1.5580113736920471 -0.7938464454978726
-1.414644724284701 -1.0277995542112528
-1.236444826828797 -1.2364448268287969
-1.0277995542112532 -1.4146447242847004
-0.7938464454978731 -1.5580113736920471
-0.5403462026710321 -1.6630146123357976
-0.27354084302819826 -1.727068911994773
-3.212120657980327e-16 -1.7485970432273374
0.27354084302819764 -1.7270689119947733
0.5403462026710315 -1.6630146123357978
0.7938464454978725 -1.5580113736920471
1.0277995542112528 -1.414644724284701
1.2364448268287966 -1.236444826828797
1.4146447242847004 -1.0277995542112535
1.5580113736920471 -0.7938464454978732
1.6630146123357976 -0.5403462026710322
1.727068911994773 -0.27354084302819837
2.7177143077704535 0.0
2.6842547348534627 0.42514418386825226
2.584699901833662 0.8398199069570162
2.421501179103548 1.2338164767340245
2.1986770608422432 1.59743239005172
1.9217142163521916 1.9217142163521914
1.59743239005172 2.1986770608422432
1.2338164767340247 2.4215011791035477
0.8398199069570165 2.584699901833662
0.4251441838682524 2.6842547348534627
1.6641200640040253e-16 2.7177143077704535
-0.4251441838682515 2.6842547348534627
-0.8398199069570161 2.5846999018336625
-1.2338164767340245 2.421501179103548
-1.5974323900517198 2.1986770608422432
-1.9217142163521914 1.9217142163521916
-2.198677060842243 1.5974323900517202
-2.4215011791035477 1.233816476734025
-2.584699901833662 0.8398199069570166
-2.6842547348534627 0.42514418386825253
-2.7177143077704535 3.3282401280080506e-16
-2.6842547348534627 -0.42514418386825187
-2.584699901833663 -0.8398199069570149
-2.421501179103548 -1.2338164767340245
-2.1986770608422437 -1.5974323900517198
-1.921714216352192 -1.9217142163521914
-1.5974323900517202 -2.198677060842243
-1.233816476734025 -2.4215011791035477
-0.8398199069570167 -2.584699901833662
-0.4251441838682527 -2.6842547348534627
-4.992360192012076e-16 -2.7177143077704535
0.4251441838682517 -2.6842547348534627
0.8398199069570158 -2.5846999018336625
1.2338164767340243 -2.421501179103548
1.5974323900517193 -2.1986770608422437
1.9217142163521912 -1.921714216352192
2.198677060842243 -1.5974323900517207
2.4215011791035477 -1.2338164767340252
2.584699901833662 -0.8398199069570169
2.6842547348534627 -0.42514418386825287
3.367403634898418 0.0
3.3259453082668538 0.5267779861998629
3.202591169966127 1.040584950103582
3.0003786082701156 1.5287692590322992
2.7242867675527913 1.979310195109358
2.3811139452289005 2.3811139452289005
1.979310195109358 2.7242867675527913
1.5287692590322992 3.000378608270115
1.0405849501035822 3.202591169966127
0.5267779861998632 3.3259453082668538
2.061940041457755e-16 3.367403634898418
-0.526777986199862 3.3259453082668538
-1.0405849501035818 3.202591169966127
-1.528769259032299 3.0003786082701156
-1.9793101951093575 2.7242867675527913
-2.3811139452289005 2.3811139452289005
-2.724286767552791 1.9793101951093581
-3.000378608270115 1.5287692590322994
-3.202591169966127 1.0405849501035822
-3.3259453082668533 0.5267779861998634
-3.367403634898418 4.12388008291551e-16
-3.3259453082668538 -0.5267779861998625
-3.2025911699661274 -1.0405849501035802
-3.0003786082701156 -1.528769259032299
-2.7242867675527918 -1.9793101951093575
-2.381113945228901 -2.3811139452289005
-1.9793101951093581 -2.724286767552791
-1.5287692590322997 -3.000378608270115
-1.0405849501035824 -3.202591169966127
-0.5267779861998635 -3.3259453082668533
-6.185820124373265e-16 -3.367403634898418
0.5267779861998623 -3.3259453082668538
1.0405849501035813 -3.202591169966127
1.5287692590322988 -3.0003786082701156
1.979310195109357 -2.7242867675527918
2.3811139452289 -2.381113945228901
2.724286767552791 -1.9793101951093586
3.000378608270115 -1.5287692590322999
3.202591169966127 -1.0405849501035827
3.3259453082668533 -0.5267779861998637
3.8485390985388555 0.0
3.8011571959513497 0.6020441550663382
3.6601781878820545 1.1892639849649467
3.4290734453921403 1.7472001886128397
3.1135335342343744 2.2621145249921084
2.7213280942383875 2.721328094238387
2.2621145249921084 3.1135335342343744
1.7472001886128399 3.42907344539214
1.189263984964947 3.6601781878820545
0.6020441550663385 3.8011571959513497
2.3565505442095245e-16 3.8485390985388555
-0.6020441550663371 3.8011571959513497
-1.1892639849649465 3.660178187882055
-1.7472001886128394 3.4290734453921403
-2.262114524992108 3.1135335342343744
-2.721328094238387 2.7213280942383875
-3.113533534234374 2.262114524992109
-3.42907344539214 1.74720018861284
-3.6601781878820545 1.1892639849649471
-3.8011571959513493 0.6020441550663387
-3.8485390985388555 4.713101088419049e-16
-3.8011571959513497 -0.6020441550663377
-3.6601781878820554 -1.1892639849649447
-3.4290734453921403 -1.7472001886128394
-3.113533534234375 -2.262114524992108
-2.721328094238388 -2.721328094238387
-2.262114524992109 -3.113533534234374
-1.7472001886128403 -3.42907344539214
-1.1892639849649473 -3.6601781878820545
-0.6020441550663388 -3.8011571959513493
-7.069651632628574e-16 -3.8485390985388555
0.6020441550663375 -3.8011571959513497
1.189263984964946 -3.660178187882055
1.7472001886128392 -3.4290734453921403
2.2621145249921075 -3.113533534234375
2.7213280942383866 -2.721328094238388
3.113533534234374 -2.2621145249921093
3.42907344539214 -1.7472001886128405
3.6601781878820545 -1.1892639849649476
3.8011571959513493 -0.602044155066339
4.7626670729531355 0.0
4.704030738092184 0.745045275722146
4.529565554676445 1.4717450640925063
4.243567434538361 2.1622056045430784
3.8530786005690745 2.7994254670608134
3.367714183819048 3.3677141838190474
2.7994254670608134 3.8530786005690745
2.1622056045430784 4.2435674345383605
1.4717450640925065 4.529565554676445
0.7450452757221462 4.704030738092184
2.9162924931482757e-16 4.7626670729531355
-0.7450452757221446 4.704030738092184
-1.471745064092506 4.529565554676445
-2.162205604543078 4.243567434538361
-2.799425467060813 3.8530786005690745
-3.3677141838190474 3.367714183819048
-3.8530786005690736 2.799425467060814
-4.2435674345383605 2.162205604543079
-4.529565554676445 1.4717450640925067
-4.704030738092184 0.7450452757221465
-4.7626670729531355 5.832584986296551e-16
-4.704030738092184 -0.7450452757221453
-4.529565554676446 -1.4717450640925038
-4.243567434538361 -2.162205604543078
-3.853078600569075 -2.799425467060813
-3.3677141838190483 -3.3677141838190474
-2.799425467060814 -3.8530786005690736
-2.1622056045430793 -4.2435674345383605
-1.471745064092507 -4.529565554676445
-0.7450452757221467 -4.704030738092184
-8.748877479444826e-16 -4.7626670729531355
0.7450452757221451 -4.704030738092184
1.4717450640925054 -4.529565554676445
2.162205604543078 -4.243567434538361
2.799425467060812 -3.853078600569075
3.3677141838190465 -3.3677141838190483
3.8530786005690736 -2.7994254670608143
4.2435674345383605 -2.1622056045430793
4.529565554676445 -1.4717450640925074
4.704030738092184 -0.7450452757221471
4.200683963642216 0.0
4.148966573414387 0.6571317486554468
3.9950878565184835 1.2980827327637585
3.7428368176586675 1.90707061190183
3.398424714584867 2.4691000833703862
2.970332116312996 2.9703321163129957
2.4691000833703862 3.398424714584867
1.9070706119018301 3.742836817658667
1.2980827327637587 3.9950878565184835
0.657131748655447 4.148966573414387
2.5721770851520283e-16 4.200683963642216
-0.6571317486554455 4.148966573414387
-1.2980827327637583 3.995087856518484
-1.9070706119018297 3.7428368176586675
-2.469100083370386 3.398424714584867
-2.9703321163129957 2.970332116312996
-3.3984247145848663 2.4691000833703867
-3.742836817658667 1.9070706119018304
-3.9950878565184835 1.298082732763759
-4.148966573414386 0.6571317486554472
-4.200683963642216 5.144354170304057e-16
-4.148966573414387 -0.6571317486554462
-3.995087856518485 -1.2980827327637565
-3.7428368176586675 -1.9070706119018297
-3.3984247145848676 -2.469100083370386
-2.9703321163129965 -2.9703321163129957
-2.4691000833703867 -3.3984247145848663
-1.9070706119018306 -3.742836817658667
-1.2980827327637592 -3.9950878565184835
-0.6571317486554474 -4.148966573414386
-7.716531255456085e-16 -4.200683963642216
0.6571317486554459 -4.148966573414387
1.2980827327637579 -3.995087856518484
1.9070706119018295 -3.7428368176586675
2.4691000833703853 -3.3984247145848676
2.970332116312995 -2.9703321163129965
3.3984247145848663 -2.469100083370387
3.742836817658667 -1.9070706119018308
3.9950878565184835 -1.2980827327637594
4.148966573414386 -0.6571317486554477
4.471451059726534 0.0
4.4164000772336705 0.6994890544818938
4.25260266764779 1.381754366971367
3.9840920668053332 2.0299963011661752
3.617479896834634 2.628252989254807
3.1617933660764064 3.161793366076406
2.628252989254807 3.617479896834634
2.0299963011661752 3.984092066805333
1.3817543669713672 4.25260266764779
0.699489054481894 4.4164000772336705
2.73797411391907e-16 4.471451059726534
-0.6994890544818925 4.4164000772336705
-1.3817543669713668 4.252602667647791
-2.029996301166175 3.9840920668053332
-2.6282529892548068 3.617479896834634
-3.161793366076406 3.1617933660764064
-3.6174798968346336 2.6282529892548077
-3.984092066805333 2.0299963011661757
-4.25260266764779 1.3817543669713674
-4.4164000772336705 0.6994890544818942
-4.471451059726534 5.47594822783814e-16
-4.4164000772336705 -0.6994890544818931
-4.252602667647791 -1.3817543669713648
-3.9840920668053332 -2.029996301166175
-3.617479896834635 -2.6282529892548068
-3.161793366076407 -3.161793366076406
-2.6282529892548077 -3.6174798968346336
-2.0299963011661757 -3.984092066805333
-1.3817543669713677 -4.25260266764779
-0.6994890544818945 -4.4164000772336705
-8.21392234175721e-16 -4.471451059726534
0.6994890544818929 -4.4164000772336705
1.381754366971366 -4.252602667647791
2.0299963011661744 -3.9840920668053332
2.6282529892548063 -3.617479896834635
3.1617933660764055 -3.161793366076407
3.6174798968346336 -2.628252989254808
3.984092066805333 -2.029996301166176
4.25260266764779 -1.3817543669713679
4.4164000772336705 -0.6994890544818948
5.332592871861116 0.0
5.266939804677966 0.834201313186942
5.071597199532601 1.647861821487791
4.751375039668639 2.4209465028037727
4.314158257418349 3.1344194465599298
3.7707125810000415 3.7707125810000406
3.1344194465599298 4.314158257418349
2.420946502803773 4.7513750396686385
1.6478618214877914 5.071597199532601
0.8342013131869424 5.266939804677966
3.2652713958403535e-16 5.332592871861116
-0.8342013131869406 5.266939804677966
-1.6478618214877907 5.071597199532602
-2.420946502803772 4.751375039668639
-3.1344194465599293 4.314158257418349
-3.7707125810000406 3.7707125810000415
-4.314158257418349 3.13441944655993
-4.7513750396686385 2.420946502803773
-5.071597199532601 1.6478618214877916
-5.266939804677965 0.8342013131869427
-5.332592871861116 6.530542791680707e-16
-5.266939804677966 -0.8342013131869414
-5.071597199532602 -1.6478618214877883
-4.751375039668639 -2.420946502803772
-4.31415825741835 -3.1344194465599293
-3.770712581000042 -3.7707125810000406
-3.13441944655993 -4.314158257418349
-2.4209465028037735 -4.7513750396686385
-1.6478618214877918 -5.071597199532601
-0.8342013131869429 -5.266939804677965
-9.79581418752106e-16 -5.332592871861116
0.834201313186941 -5.266939804677966
1.64786182148779 -5.071597199532602
2.420946502803772 -4.751375039668639
3.1344194465599284 -4.31415825741835
3.77071258100004 -3.770712581000042
4.314158257418349 -3.134419446559931
4.7513750396686385 -2.420946502803774
5.071597199532601 -1.6478618214877923
5.266939804677965 -0.8342013131869432
5.692276567388208 0.0
5.622195197052246 0.890468239680416
5.413676721968764 1.7590101960052467
5.071855559027461 2.5842394834842843
4.605148479699351 3.345836218280811
4.025047361189486 4.025047361189485
3.345836218280811 4.605148479699351
2.584239483484285 5.071855559027461
1.759010196005247 5.413676721968764
0.8904682396804163 5.622195197052246
3.485514139056726e-16 5.692276567388208
-0.8904682396804144 5.622195197052246
-1.7590101960052464 5.4136767219687645
-2.584239483484284 5.071855559027461
-3.34583621828081 4.605148479699351
-4.025047361189485 4.025047361189486
-4.60514847969935 3.3458362182808115
-5.071855559027461 2.584239483484285
-5.413676721968764 1.7590101960052473
-5.622195197052245 0.8904682396804167
-5.692276567388208 6.971028278113452e-16
-5.622195197052246 -0.8904682396804152
-5.413676721968765 -1.759010196005244
-5.071855559027461 -2.584239483484284
-4.605148479699352 -3.34583621828081
-4.025047361189486 -4.025047361189485
-3.3458362182808115 -4.60514847969935
-2.5842394834842852 -5.071855559027461
-1.7590101960052478 -5.413676721968764
-0.890468239680417 -5.622195197052245
-1.0456542417170177e-15 -5.692276567388208
0.8904682396804149 -5.622195197052246
1.7590101960052458 -5.4136767219687645
2.584239483484284 -5.071855559027461
3.3458362182808097 -4.605148479699352
4.025047361189484 -4.025047361189486
4.60514847969935 -3.345836218280812
5.071855559027461 -2.5842394834842857
5.413676721968764 -1.759010196005248
5.622195197052245 -0.8904682396804173
5.003431379296073 0.0
4.941830836298579 0.7827091111856856
4.758546017115178 1.5461453263913698
4.4580900022816055 2.271510312299154
4.047861016039406 2.940943175607619
3.537960257501814 3.5379602575018136
2.940943175607619 4.047861016039406
2.2715103122991542 4.458090002281605
1.54614532639137 4.758546017115178
0.7827091111856859 4.941830836298579
3.063718111704181e-16 5.003431379296073
-0.7827091111856842 4.941830836298579
-1.5461453263913696 4.7585460171151786
-2.2715103122991533 4.4580900022816055
-2.9409431756076185 4.047861016039406
-3.5379602575018136 3.537960257501814
-4.0478610160394055 2.9409431756076194
-4.458090002281605 2.2715103122991542
-4.758546017115178 1.5461453263913703
-4.941830836298579 0.7827091111856862
-5.003431379296073 6.127436223408362e-16
-4.941830836298579 -0.7827091111856849
-4.758546017115179 -1.5461453263913674
-4.4580900022816055 -2.2715103122991533
-4.047861016039407 -2.9409431756076185
-3.5379602575018145 -3.5379602575018136
-2.9409431756076194 -4.0478610160394055
-2.2715103122991547 -4.458090002281605
-1.5461453263913707 -4.758546017115178
-0.7827091111856864 -4.941830836298579
-9.191154335112543e-16 -5.003431379296073
0.7827091111856846 -4.941830836298579
1.546145326391369 -4.7585460171151786
2.2715103122991533 -4.4580900022816055
2.9409431756076176 -4.047861016039407
3.5379602575018128 -3.5379602575018145
4.0478610160394055 -2.94094317560762
4.458090002281605 -2.2715103122991547
4.758546017115178 -1.546145326391371
4.941830836298579 -0.7827091111856868
5.1537004491124065 0.0
5.090249844508249 0.8062163727344969
4.901460395161614 1.5925810226935324
4.591980723871676 2.339731042400468
4.169431247249736 3.029269118721368
3.6442165357715384 3.644216535771538
3.029269118721368 4.169431247249736
2.3397310424004685 4.591980723871675
1.5925810226935326 4.901460395161614
0.8062163727344972 5.090249844508249
3.1557313793848927e-16 5.1537004491124065
-0.8062163727344954 5.090249844508249
-1.5925810226935322 4.901460395161614
-2.3397310424004676 4.591980723871676
-3.0292691187213676 4.169431247249736
-3.644216535771538 3.6442165357715384
-4.169431247249736 3.0292691187213685
-4.591980723871675 2.3397310424004685
-4.901460395161614 1.592581022693533
-5.090249844508248 0.8062163727344974
-5.1537004491124065 6.311462758769785e-16
-5.090249844508249 -0.8062163727344962
-4.901460395161615 -1.5925810226935297
-4.591980723871676 -2.3397310424004676
-4.169431247249737 -3.0292691187213676
-3.644216535771539 -3.644216535771538
-3.0292691187213685 -4.169431247249736
-2.339731042400469 -4.591980723871675
-1.5925810226935333 -4.901460395161614
-0.8062163727344978 -5.090249844508248
-9.467194138154678e-16 -5.1537004491124065
0.8062163727344959 -5.090249844508249
1.5925810226935315 -4.901460395161614
2.3397310424004676 -4.591980723871676
3.0292691187213667 -4.169431247249737
3.6442165357715375 -3.644216535771539
4.169431247249736 -3.029269118721369
4.591980723871675 -2.339731042400469
4.901460395161614 -1.5925810226935335
5.090249844508248 -0.8062163727344981
5.514028052842603 0.0
5.446141217507149 0.8625840286632585
5.244152310690235 1.7039283757885648
4.913034969640441 2.5033163512878933
4.4609424022098665 3.2410643701878636
3.8990066278178594 3.8990066278178586
3.2410643701878636 4.4609424022098665
2.5033163512878933 4.913034969640441
1.703928375788565 5.244152310690235
0.8625840286632588 5.446141217507149
3.3763684026612033e-16 5.514028052842603
-0.8625840286632569 5.446141217507149
-1.7039283757885644 5.244152310690235
-2.503316351287893 4.913034969640441
-3.241064370187863 4.4609424022098665
-3.8990066278178586 3.8990066278178594
-4.460942402209866 3.2410643701878645
-4.913034969640441 2.5033163512878938
-5.244152310690235 1.7039283757885653
-5.446141217507148 0.8625840286632591
-5.514028052842603 6.752736805322407e-16
-5.446141217507149 -0.8625840286632577
-5.244152310690236 -1.703928375788562
-4.913034969640441 -2.503316351287893
-4.460942402209867 -3.241064370187863
-3.89900662781786 -3.8990066278178586
-3.2410643701878645 -4.460942402209866
-2.503316351287894 -4.913034969640441
-1.7039283757885657 -5.244152310690235
-0.8625840286632593 -5.446141217507148
-1.0129105207983608e-15 -5.514028052842603
0.8625840286632573 -5.446141217507149
1.703928375788564 -5.244152310690235
2.5033163512878924 -4.913034969640441
3.2410643701878623 -4.460942402209867
3.899006627817858 -3.89900662781786
4.460942402209866 -3.241064370187865
4.913034969640441 -2.503316351287894
5.244152310690235 -1.703928375788566
5.446141217507148 -0.8625840286632597
6.037533011047507 0.0
5.9632009609698775 0.944478246745951
5.742035112503831 1.8657003045134266
5.37948130284597 2.740982628879468
4.88446681003718 3.548772864122694
4.269180533749327 4.269180533749326
3.548772864122694 4.88446681003718
2.7409826288794683 5.379481302845969
1.8657003045134268 5.742035112503831
0.9444782467459514 5.9632009609698775
3.696922738362905e-16 6.037533011047507
-0.9444782467459494 5.9632009609698775
-1.8657003045134262 5.742035112503831
-2.740982628879468 5.37948130284597
-3.548772864122693 4.88446681003718
-4.269180533749326 4.269180533749327
-4.884466810037179 3.5487728641226943
-5.379481302845969 2.7409826288794688
-5.742035112503831 1.8657003045134273
-5.963200960969877 0.9444782467459517
-6.037533011047507 7.39384547672581e-16
-5.9632009609698775 -0.9444782467459502
-5.742035112503832 -1.8657003045134235
-5.37948130284597 -2.740982628879468
-4.884466810037181 -3.548772864122693
-4.269180533749328 -4.269180533749326
-3.5487728641226943 -4.884466810037179
-2.740982628879469 -5.379481302845969
-1.8657003045134275 -5.742035112503831
-0.944478246745952 -5.963200960969877
-1.1090768215088715e-15 -6.037533011047507
0.9444782467459498 -5.9632009609698775
1.8657003045134255 -5.742035112503831
2.7409826288794674 -5.37948130284597
3.5487728641226925 -4.884466810037181
4.269180533749326 -4.269180533749328
4.884466810037179 -3.548772864122695
5.379481302845969 -2.740982628879469
5.742035112503831 -1.865700304513428
5.963200960969877 -0.9444782467459524
5.879007407436106 0.0
5.806627070597091 0.9196793787498219
5.591268304189585 1.816713198953957
5.2382339557773125 2.669013510874415
4.75621690267201 3.45559385220915
4.1570860044440145 4.1570860044440145
3.45559385220915 4.75621690267201
2.6690135108744153 5.238233955777312
1.8167131989539576 5.591268304189585
0.9196793787498222 5.806627070597091
3.5998538018401034e-16 5.879007407436106
-0.9196793787498202 5.806627070597091
-1.8167131989539569 5.591268304189586
-2.6690135108744144 5.2382339557773125
-3.4555938522091494 4.75621690267201
-4.1570860044440145 4.1570860044440145
-4.756216902672009 3.4555938522091507
-5.238233955777312 2.6690135108744153
-5.591268304189585 1.8167131989539578
-5.80662707059709 0.9196793787498224
-5.879007407436106 7.199707603680207e-16
-5.806627070597091 -0.919679378749821
-5.591268304189587 -1.8167131989539542
-5.2382339557773125 -2.6690135108744144
-4.756216902672011 -3.4555938522091494
-4.157086004444015 -4.1570860044440145
-3.4555938522091507 -4.756216902672009
-2.6690135108744157 -5.238233955777312
-1.8167131989539582 -5.591268304189585
-0.9196793787498228 -5.80662707059709
-1.0799561405520309e-15 -5.879007407436106
0.9196793787498206 -5.806627070597091
1.8167131989539562 -5.591268304189586
2.669013510874414 -5.2382339557773125
3.4555938522091485 -4.756216902672011
4.157086004444014 -4.157086004444015
4.756216902672009 -3.455593852209151
5.238233955777312 -2.669013510874416
5.591268304189585 -1.8167131989539584
5.80662707059709 -0.9196793787498231
1.0 0.5 0.4 0.32000000000000006 0.25600000000000006 0.20480000000000007 0.16384000000000007 0.13107200000000005 0.10485760000000005 0.08388608000000004 0.06710886400000003 0.05368709120000003 0.042949672960000025 0.03435973836800002 0.027487790694400018 