0.0 0.0
2.7864756480485666 0.0
2.7799797301680234 0.19015582300471973
2.760522263494192 0.3794250517830655
2.7281939677186404 0.5669252258202153
2.683145572279627 0.75178213275118
2.6255871135918802 0.9331338843424013
2.5557869557598765 1.1101349350125609
2.474070539340502 1.2819600241564004
2.380818863988947 1.4478080238906188
2.27646671206244 1.6069056742818804
2.1615006214641883 1.7585111886415756
2.036456617179085 1.901917712077785
1.9019177120777853 2.0364566171790845
1.7585111886415756 2.1615006214641883
1.6069056742818808 2.2764667120624393
1.4478080238906188 2.380818863988947
1.2819600241564006 2.474070539340502
1.1101349350125607 2.5557869557598765
0.9331338843424016 2.6255871135918802
0.7517821327511806 2.683145572279627
0.5669252258202152 2.7281939677186404
0.3794250517830655 2.760522263494192
0.19015582300472042 2.7799797301680234
1.706224241642362e-16 2.7864756480485666
-0.19015582300471945 2.7799797301680234
-0.37942505178306574 2.760522263494192
-0.5669252258202155 2.7281939677186404
-0.7517821327511796 2.683145572279627
-0.9331338843424013 2.6255871135918802
-1.1101349350125609 2.5557869557598765
-1.2819600241564002 2.474070539340502
-1.4478080238906181 2.3808188639889476
-1.6069056742818804 2.27646671206244
-1.7585111886415759 2.1615006214641883
-1.9019177120777857 2.0364566171790845
-2.036456617179085 1.9019177120777853
-2.161500621464188 1.7585111886415763
-2.2764667120624393 1.6069056742818808
-2.3808188639889467 1.4478080238906197
-2.474070539340502 1.2819600241564006
-2.5557869557598765 1.1101349350125607
-2.6255871135918802 0.9331338843424017
-2.683145572279627 0.75178213275118
-2.72819396771864 0.566925225820216
-2.7605222634941917 0.3794250517830669
-2.779979730168024 0.19015582300471937
-2.7864756480485666 3.412448483284724e-16
-2.7799797301680234 -0.19015582300471992
-2.760522263494192 -0.37942505178306496
-2.7281939677186404 -0.5669252258202142
-2.683145572279627 -0.7517821327511806
-2.6255871135918802 -0.9331338843424012
-2.555786955759876 -1.110134935012561
-2.474070539340502 -1.2819600241564002
-2.3808188639889476 -1.447808023890618
-2.2764667120624393 -1.606905674281881
-2.1615006214641883 -1.7585111886415756
-2.0364566171790854 -1.9019177120777848
-1.9019177120777853 -2.0364566171790845
-1.7585111886415765 -2.1615006214641874
-1.6069056742818808 -2.2764667120624393
-1.4478080238906188 -2.380818863988947
-1.281960024156402 -2.474070539340501
-1.1101349350125598 -2.555786955759877
-0.933133884342402 -2.6255871135918802
-0.7517821327511802 -2.683145572279627
-0.566925225820215 -2.7281939677186404
-0.37942505178306707 -2.7605222634941917
-0.19015582300471828 -2.779979730168024
-5.118672724927085e-16 -2.7864756480485666
0.19015582300471973 -2.7799797301680234
0.379425051783066 -2.760522263494192
0.566925225820214 -2.728193967718641
0.7517821327511792 -2.683145572279627
0.933133884342401 -2.6255871135918802
1.110134935012561 -2.555786955759876
1.2819600241563989 -2.4740705393405027
1.447808023890618 -2.3808188639889476
1.6069056742818801 -2.2764667120624402
1.7585111886415756 -2.1615006214641883
1.9019177120777857 -2.0364566171790845
2.0364566171790837 -1.9019177120777864
2.1615006214641874 -1.7585111886415765
2.2764667120624407 -1.6069056742818788
2.380818863988947 -1.4478080238906188
2.474070539340502 -1.2819600241563998
2.555786955759876 -1.110134935012562
2.6255871135918802 -0.9331338843424021
2.683145572279626 -0.7517821327511827
2.7281939677186404 -0.5669252258202152
2.760522263494192 -0.37942505178306474
2.7799797301680234 -0.19015582300472092
4.261502603258197 0.0
4.251568057094884 0.29081522220616735
4.221810738045133 0.5802745296006003
4.172369388466896 0.8670283292723326
4.103474526754968 1.1497396426363151
4.015447372557823 1.4270903390447531
3.9086983491033274 1.697787281520661
3.783725169616195 1.9605683559593856
3.6411105167491797 2.214208355687177
3.48151932584757 2.457524693940282
3.3056956847136614 2.689382917630338
3.114459364325941 2.908701996688359
2.9087019966883596 3.1144593643259406
2.689382917630338 3.3056956847136614
2.4575246939402824 3.4815193258475694
2.214208355687177 3.6411105167491797
1.9605683559593858 3.783725169616195
1.6977872815206605 3.9086983491033274
1.4270903390447536 4.015447372557823
1.1497396426363158 4.103474526754968
0.8670283292723325 4.172369388466896
0.5802745296006003 4.221810738045133
0.2908152222061684 4.251568057094884
2.609417761319132e-16 4.261502603258197
-0.29081522220616696 4.251568057094884
-0.5802745296006007 4.221810738045133
-0.867028329272333 4.172369388466896
-1.1497396426363145 4.103474526754969
-1.4270903390447531 4.015447372557823
-1.697787281520661 3.9086983491033274
-1.9605683559593854 3.783725169616195
-2.2142083556871763 3.64111051674918
-2.457524693940282 3.48151932584757
-2.6893829176303385 3.3056956847136614
-2.90870199668836 3.11445936432594
-3.114459364325941 2.9087019966883596
-3.305695684713661 2.689382917630339
-3.4815193258475694 2.4575246939402824
-3.641110516749179 2.2142083556871786
-3.783725169616195 1.960568355959386
-3.9086983491033274 1.6977872815206607
-4.015447372557823 1.4270903390447538
-4.103474526754968 1.1497396426363151
-4.172369388466896 0.8670283292723336
-4.221810738045133 0.5802745296006024
-4.251568057094885 0.29081522220616685
-4.261502603258197 5.218835522638264e-16
-4.251568057094884 -0.2908152222061677
-4.221810738045133 -0.5802745296005994
-4.172369388466896 -0.8670283292723309
-4.103474526754968 -1.1497396426363158
-4.015447372557823 -1.4270903390447527
-3.908698349103327 -1.6977872815206614
-3.7837251696161958 -1.9605683559593852
-3.6411105167491806 -2.214208355687176
-3.481519325847569 -2.457524693940283
-3.3056956847136614 -2.689382917630338
-3.1144593643259415 -2.9087019966883587
-2.9087019966883596 -3.1144593643259406
-2.6893829176303394 -3.3056956847136605
-2.4575246939402824 -3.4815193258475694
-2.214208355687177 -3.6411105167491797
-1.960568355959388 -3.783725169616194
-1.6977872815206592 -3.908698349103328
-1.427090339044754 -4.015447372557823
-1.1497396426363153 -4.103474526754968
-0.8670283292723321 -4.172369388466896
-0.5802745296006027 -4.221810738045133
-0.2908152222061652 -4.251568057094885
-7.828253283957396e-16 -4.261502603258197
0.29081522220616735 -4.251568057094884
0.5802745296006011 -4.221810738045133
0.8670283292723306 -4.172369388466897
1.1497396426363138 -4.103474526754969
1.4270903390447525 -4.015447372557823
1.6977872815206612 -3.908698349103327
1.9605683559593834 -3.7837251696161966
2.214208355687176 -3.6411105167491806
2.4575246939402815 -3.4815193258475703
2.689382917630338 -3.3056956847136614
2.90870199668836 -3.1144593643259406
3.114459364325939 -2.908701996688361
3.3056956847136605 -2.6893829176303394
3.481519325847571 -2.4575246939402793
3.6411105167491797 -2.214208355687177
3.7837251696161958 -1.9605683559593847
3.9086983491033265 -1.6977872815206627
4.015447372557823 -1.4270903390447542
4.103474526754967 -1.1497396426363191
4.172369388466896 -0.8670283292723324
4.221810738045133 -0.5802745296005991
4.251568057094884 -0.2908152222061692
5.418358423126618 0.0
5.405726979033923 0.36976185526895344
5.367891540379115 0.7377997100795742
5.305028513442754 1.1023976020594972
5.217430994675182 1.461855607531027
5.105507404145565 1.814497767340038
4.969779581298999 2.1586799009512068
4.810880351900126 2.4927972723766536
4.629550577507295 2.815292072195891
4.42663570123398 3.124660680782461
4.2030818059027135 3.41946067887273
3.959931202970238 3.6983175727903426
3.6983175727903435 3.959931202970237
3.41946067887273 4.2030818059027135
3.124660680782462 4.42663570123398
2.815292072195891 4.629550577507295
2.4927972723766536 4.810880351900126
2.1586799009512063 4.969779581298999
1.8144977673400384 5.105507404145564
1.4618556075310278 5.217430994675182
1.1023976020594972 5.305028513442754
0.7377997100795742 5.367891540379115
0.36976185526895483 5.405726979033923
3.317787649757556e-16 5.418358423126618
-0.36976185526895294 5.405726979033923
-0.7377997100795747 5.367891540379115
-1.1023976020594977 5.305028513442754
-1.461855607531026 5.2174309946751825
-1.814497767340038 5.105507404145565
-2.1586799009512068 4.969779581298999
-2.492797272376653 4.810880351900126
-2.81529207219589 4.629550577507296
-3.124660680782461 4.42663570123398
-3.4194606788727304 4.2030818059027135
-3.698317572790344 3.9599312029702367
-3.959931202970238 3.6983175727903435
-4.203081805902713 3.4194606788727313
-4.42663570123398 3.124660680782462
-4.6295505775072945 2.8152920721958927
-4.810880351900126 2.492797272376654
-4.969779581298999 2.1586799009512063
-5.105507404145564 1.8144977673400389
-5.217430994675182 1.461855607531027
-5.305028513442753 1.1023976020594988
-5.367891540379114 0.7377997100795769
-5.405726979033924 0.3697618552689528
-5.418358423126618 6.635575299515112e-16
-5.405726979033923 -0.36976185526895383
-5.367891540379115 -0.7377997100795731
-5.305028513442754 -1.102397602059495
-5.217430994675182 -1.4618556075310278
-5.105507404145565 -1.8144977673400375
-4.969779581298999 -2.158679900951207
-4.810880351900127 -2.4927972723766527
-4.629550577507297 -2.815292072195889
-4.426635701233979 -3.1246606807824624
-4.2030818059027135 -3.41946067887273
-3.9599312029702385 -3.698317572790342
-3.6983175727903435 -3.959931202970237
-3.4194606788727318 -4.203081805902713
-3.124660680782462 -4.42663570123398
-2.815292072195891 -4.629550577507295
-2.4927972723766563 -4.810880351900125
-2.1586799009512045 -4.969779581299
-1.814497767340039 -5.105507404145564
-1.4618556075310274 -5.217430994675182
-1.1023976020594968 -5.305028513442754
-0.7377997100795772 -5.367891540379114
-0.36976185526895067 -5.405726979033924
-9.953362949272668e-16 -5.418358423126618
0.36976185526895344 -5.405726979033923
0.7377997100795752 -5.367891540379115
1.1023976020594948 -5.305028513442755
1.4618556075310254 -5.2174309946751825
1.8144977673400373 -5.105507404145565
2.158679900951207 -4.969779581298999
2.4927972723766505 -4.810880351900129
2.815292072195889 -4.629550577507297
3.1246606807824606 -4.426635701233981
3.41946067887273 -4.2030818059027135
3.698317572790344 -3.959931202970237
3.9599312029702354 -3.6983175727903452
4.203081805902713 -3.4194606788727318
4.426635701233982 -3.1246606807824584
4.629550577507295 -2.815292072195891
4.810880351900127 -2.4927972723766523
4.969779581298998 -2.158679900951209
5.105507404145564 -1.8144977673400393
5.217430994675181 -1.461855607531032
5.305028513442754 -1.102397602059497
5.367891540379115 -0.7377997100795727
5.405726979033923 -0.3697618552689558
1.0 0.5 0.4 0.32000000000000006 