0.0 0.0
2.2679781687659397 0.0
2.259807751427661 0.19233798529246793
2.2353553674569704 0.3832901709934889
2.194797196840703 0.5714807422294278
2.138425462127537 0.7555537816221528
2.0666463229578356 0.9341830387048152
1.9799769496741324 1.1060814855868548
1.8790417970969602 1.2700105900194423
1.7645681053135611 1.4247892390487142
1.6373806598963934 1.5693022489616708
1.4983958493041807 1.7025084002103803
1.3486150622820703 1.8234479394226841
1.1891174728327745 1.931249494447235
1.021052264743155 2.0251363526098136
0.8456303516887026 2.1044320569459463
0.6641156525727585 2.1685652800888344
0.47781598496185257 2.2170739406961237
0.28807364223016807 2.2496085327565662
0.09625572230502394 2.265934643788837
-0.09625572230502315 2.265934643788837
-0.2880736422301683 2.249608532756566
-0.4778159849618523 2.217073940696124
-0.6641156525727577 2.168565280088835
-0.8456303516887024 2.1044320569459463
-1.0210522647431552 2.0251363526098136
-1.1891174728327742 1.9312494944472351
-1.34861506228207 1.8234479394226843
-1.4983958493041802 1.7025084002103807
-1.637380659896393 1.5693022489616708
-1.7645681053135613 1.424789239048714
-1.87904179709696 1.2700105900194425
-1.979976949674132 1.1060814855868555
-2.0666463229578356 0.9341830387048156
-2.138425462127537 0.7555537816221528
-2.194797196840703 0.5714807422294274
-2.2353553674569704 0.383290170993489
-2.259807751427661 0.19233798529246862
-2.2679781687659397 2.7774722049152837e-16
-2.259807751427661 -0.19233798529246707
-2.2353553674569704 -0.38329017099348844
-2.194797196840703 -0.5714807422294278
-2.138425462127537 -0.7555537816221523
-2.0666463229578356 -0.9341830387048151
-1.9799769496741326 -1.1060814855868542
-1.8790417970969606 -1.2700105900194412
-1.7645681053135611 -1.4247892390487147
-1.6373806598963936 -1.5693022489616704
-1.4983958493041807 -1.7025084002103803
-1.3486150622820698 -1.8234479394226846
-1.1891174728327756 -1.9312494944472345
-1.021052264743156 -2.025136352609813
-0.8456303516887029 -2.1044320569459463
-0.6641156525727582 -2.1685652800888344
-0.47781598496185185 -2.217073940696124
-0.2880736422301693 -2.249608532756566
-0.0962557223050242 -2.265934643788837
0.09625572230502338 -2.265934643788837
0.28807364223016646 -2.2496085327565662
0.477815984961853 -2.2170739406961237
0.6641156525727574 -2.168565280088835
0.8456303516887022 -2.1044320569459467
1.021052264743155 -2.0251363526098136
1.1891174728327734 -1.931249494447236
1.3486150622820707 -1.823447939422684
1.49839584930418 -1.7025084002103807
1.6373806598963927 -1.569302248961671
1.7645681053135611 -1.4247892390487142
1.8790417970969593 -1.2700105900194436
1.9799769496741328 -1.106081485586854
2.0666463229578356 -0.9341830387048159
2.138425462127537 -0.755553781622153
2.194797196840703 -0.5714807422294277
2.2353553674569704 -0.3832901709934903
2.2598077514276604 -0.1923379852924689
3.407935625786171 0.0
3.3956584986479443 0.2890131312978192
3.3589155742156245 0.575943916361917
3.297971586101709 0.8587250123109028
3.2132656371370865 1.1353189748685506
3.105408035625079 1.403732938196496
2.9751758980561327 1.6620329735382702
2.8235075499656945 1.9083580232203032
2.6514957652772266 2.1409333096151113
2.4603798928410523 2.358083122454769
2.251536926897483 2.5582428923617906
2.026471585801768 2.739970463607345
1.7868054704938616 2.901956484876331
1.534265380826495 3.0430338431736033
1.2706708739326635 3.162186072899851
0.9979211542747918 3.258554679509529
0.7179813898330596 3.331445324983733
0.43286855302507393 3.380332830551536
0.14463688837338426 3.4048649606150674
-0.14463688837338307 3.404864960615068
-0.4328685530250743 3.3803328305515357
-0.7179813898330591 3.3314453249837332
-0.9979211542747906 3.2585546795095293
-1.2706708739326633 3.162186072899851
-1.5342653808264954 3.0430338431736033
-1.7868054704938614 2.9019564848763313
-2.0264715858017674 2.7399704636073454
-2.251536926897482 2.5582428923617915
-2.460379892841052 2.358083122454769
-2.651495765277227 2.140933309615111
-2.823507549965694 1.9083580232203037
-2.9751758980561323 1.6620329735382713
-3.1054080356250786 1.4037329381964967
-3.2132656371370865 1.1353189748685506
-3.297971586101709 0.8587250123109023
-3.3589155742156245 0.5759439163619171
-3.3956584986479443 0.2890131312978202
-3.407935625786171 4.1735174558192666e-16
-3.3956584986479443 -0.2890131312978179
-3.3589155742156245 -0.5759439163619163
-3.297971586101709 -0.8587250123109028
-3.2132656371370865 -1.1353189748685497
-3.105408035625079 -1.4037329381964958
-2.975175898056133 -1.6620329735382693
-2.823507549965695 -1.9083580232203017
-2.6514957652772266 -2.1409333096151117
-2.4603798928410527 -2.358083122454769
-2.251536926897483 -2.5582428923617906
-2.026471585801767 -2.7399704636073454
-1.7868054704938632 -2.90195648487633
-1.534265380826496 -3.0430338431736033
-1.270670873932664 -3.1621860728998508
-0.9979211542747913 -3.258554679509529
-0.7179813898330585 -3.3314453249837332
-0.4328685530250758 -3.3803328305515357
-0.14463688837338465 -3.4048649606150674
0.14463688837338343 -3.404864960615068
0.4328685530250716 -3.380332830551536
0.7179813898330603 -3.331445324983733
0.9979211542747902 -3.2585546795095293
1.2706708739326629 -3.1621860728998517
1.534265380826495 -3.0430338431736033
1.7868054704938598 -2.901956484876332
2.026471585801769 -2.7399704636073445
2.2515369268974816 -2.5582428923617915
2.4603798928410514 -2.3580831224547696
2.6514957652772266 -2.1409333096151113
2.8235075499656928 -1.9083580232203055
2.9751758980561336 -1.662032973538269
3.1054080356250786 -1.4037329381964971
3.213265637137086 -1.1353189748685508
3.297971586101709 -0.8587250123109026
3.358915574215624 -0.575943916361919
3.395658498647944 -0.28901313129782064
4.185418686789698 0.0
4.170340668016215 0.35494830105027203
4.125215249166539 0.7073391914578553
4.05036755991753 1.0546336867823447
3.9463368795853566 1.3943295222266923
3.81387275160567 1.7239791815124093
3.653929583055973 2.041207531290438
3.4676597681307557 2.3437289340313563
3.2564053851149155 2.629363716096155
3.021688526678966 2.8960538723347504
2.765200333166462 3.141877894060253
2.4887888078890748 3.3650646135630855
2.1944455022203826 3.56400596541492
1.8842911664225905 3.7372685726169315
1.5605604695922917 3.8836040741139266
1.2255858988184198 4.00195811926435
0.8817809535593255 4.091477964460815
0.5316227563238715 4.151518617167339
0.17763420494699844 4.181647483105343
-0.177634204946997 4.181647483105343
-0.5316227563238719 4.151518617167339
-0.881780953559325 4.091477964460815
-1.2255858988184185 4.00195811926435
-1.5605604695922912 3.8836040741139266
-1.884291166422591 3.7372685726169315
-2.194445502220382 3.5640059654149203
-2.4887888078890743 3.365064613563086
-2.765200333166461 3.141877894060254
-3.0216885266789655 2.8960538723347504
-3.256405385114916 2.6293637160961545
-3.467659768130755 2.3437289340313567
-3.653929583055972 2.041207531290439
-3.8138727516056696 1.72397918151241
-3.9463368795853566 1.3943295222266923
-4.05036755991753 1.054633686782344
-4.125215249166539 0.7073391914578555
-4.170340668016215 0.3549483010502733
-4.185418686789698 5.125659597868523e-16
-4.170340668016215 -0.3549483010502705
-4.125215249166539 -0.7073391914578545
-4.05036755991753 -1.0546336867823447
-3.9463368795853566 -1.3943295222266914
-3.81387275160567 -1.723979181512409
-3.6539295830559735 -2.041207531290437
-3.4676597681307566 -2.3437289340313545
-3.2564053851149155 -2.6293637160961554
-3.021688526678967 -2.89605387233475
-2.765200333166462 -3.141877894060253
-2.488788807889074 -3.3650646135630864
-2.1944455022203844 -3.564005965414919
-1.8842911664225919 -3.737268572616931
-1.560560469592292 -3.883604074113926
-1.2255858988184194 -4.00195811926435
-0.8817809535593242 -4.091477964460815
-0.5316227563238738 -4.151518617167339
-0.17763420494699894 -4.181647483105343
0.17763420494699741 -4.181647483105343
0.5316227563238686 -4.151518617167339
0.8817809535593264 -4.091477964460815
1.225585898818418 -4.00195811926435
1.5605604695922908 -3.883604074113927
1.8842911664225905 -3.7372685726169315
2.1944455022203804 -3.5640059654149217
2.4887888078890756 -3.365064613563085
2.7652003331664607 -3.141877894060254
3.021688526678965 -2.896053872334751
3.2564053851149155 -2.629363716096155
3.4676597681307535 -2.343728934031359
3.653929583055974 -2.0412075312904365
3.8138727516056696 -1.7239791815124104
3.946336879585356 -1.3943295222266927
4.05036755991753 -1.0546336867823445
4.125215249166539 -0.7073391914578578
4.170340668016214 -0.3549483010502738
4.767242442113915 0.0
4.750068396595646 0.40429040250235465
4.698669999432339 0.8056678833903866
4.613417577253348 1.2012405087167541
4.494925375714028 1.5881581686514548
4.344047133841712 1.9636331125884614
4.161869932826456 2.3249600349527197
3.949706363576157 2.6695355669888072
3.7090850694689794 2.9948770340924744
3.4417397324427905 3.2986403435380574
3.1495965817770673 3.5786368737202796
2.834760515566802 3.8328492432230727
2.49949993488349 4.059445846098907
2.1462303998934344 4.256794048631612
1.777497225691391 4.423471952499717
1.3959571432469866 4.558278639586434
1.0043591575972037 4.660242824622219
0.6055247412020948 4.728629853317384
0.20232750517105969 4.762946995563093
-0.20232750517105802 4.762946995563094
-0.6055247412020953 4.728629853317383
-1.004359157597203 4.66024282462222
-1.395957143246985 4.558278639586435
-1.7774972256913906 4.423471952499717
-2.146230399893435 4.256794048631612
-2.4994999348834894 4.059445846098908
-2.8347605155668014 3.832849243223073
-3.1495965817770664 3.5786368737202805
-3.44173973244279 3.2986403435380574
-3.70908506946898 2.994877034092474
-3.9497063635761567 2.6695355669888077
-4.1618699328264555 2.324960034952721
-4.344047133841712 1.9636331125884623
-4.494925375714028 1.5881581686514548
-4.613417577253348 1.2012405087167533
-4.698669999432339 0.805667883390387
-4.750068396595646 0.4042904025023561
-4.767242442113915 5.838188197494217e-16
-4.750068396595646 -0.4042904025023529
-4.698669999432339 -0.8056678833903858
-4.613417577253348 -1.2012405087167541
-4.494925375714028 -1.5881581686514539
-4.344047133841712 -1.9636331125884612
-4.161869932826456 -2.3249600349527184
-3.949706363576158 -2.669535566988805
-3.7090850694689794 -2.9948770340924753
-3.441739732442791 -3.298640343538057
-3.1495965817770673 -3.5786368737202796
-2.8347605155668005 -3.8328492432230736
-2.499499934883492 -4.059445846098906
-2.1462303998934362 -4.256794048631612
-1.7774972256913917 -4.423471952499716
-1.395957143246986 -4.558278639586434
-1.004359157597202 -4.66024282462222
-0.6055247412020974 -4.728629853317383
-0.20232750517106024 -4.762946995563093
0.20232750517105852 -4.762946995563094
0.6055247412020914 -4.728629853317384
1.0043591575972046 -4.660242824622219
1.3959571432469844 -4.558278639586435
1.77749722569139 -4.423471952499717
2.1462303998934344 -4.256794048631612
2.499499934883487 -4.059445846098909
2.8347605155668028 -3.832849243223072
3.1495965817770655 -3.5786368737202805
3.441739732442789 -3.298640343538058
3.7090850694689794 -2.9948770340924744
3.949706363576155 -2.6695355669888103
4.161869932826457 -2.324960034952718
4.344047133841712 -1.9636331125884627
4.494925375714028 -1.5881581686514554
4.613417577253348 -1.201240508716754
4.698669999432338 -0.8056678833903896
4.750068396595645 -0.4042904025023567
5.22180955816877 0.0
5.202997929406723 0.44284038701555273
5.146698581336878 0.8824900988949944
5.053317152052176 1.3157814493896838
4.923526456890443 1.7395925643904584
4.7582616407844665 2.1508698751021282
4.558713440521324 2.5466501190766184
4.3263196054565505 2.9240816905868083
4.062754538497076 3.2804451865111437
3.769917231989927 3.613172999695439
3.4499175854388358 3.9198678186212605
3.1050612036299796 4.198319900090352
2.737832784696656 4.4465229904750165
2.3508782178123004 4.662688780821468
1.9469855194983572 4.845259791656836
1.5290647459013587 4.992920594664444
1.1001270257717033 5.104607290374983
0.6632628652120088 5.179515173586567
0.221619880509831 5.217104531284143
-0.2216198805098292 5.217104531284143
-0.6632628652120095 5.179515173586567
-1.1001270257717024 5.104607290374984
-1.5290647459013569 4.992920594664445
-1.9469855194983567 4.845259791656836
-2.350878217812301 4.662688780821468
-2.7378327846966553 4.4465229904750165
-3.105061203629979 4.198319900090353
-3.449917585438835 3.919867818621262
-3.7699172319899263 3.613172999695439
-4.062754538497077 3.2804451865111433
-4.32631960545655 2.924081690586809
-4.558713440521323 2.5466501190766198
-4.758261640784466 2.150869875102129
-4.923526456890443 1.7395925643904584
-5.053317152052176 1.3157814493896829
-5.146698581336878 0.8824900988949947
-5.202997929406723 0.44284038701555434
-5.22180955816877 6.394872361168439e-16
-5.202997929406723 -0.4428403870155508
-5.146698581336878 -0.8824900988949934
-5.053317152052176 -1.3157814493896838
-4.923526456890443 -1.7395925643904573
-4.7582616407844665 -2.150869875102128
-4.558713440521325 -2.5466501190766166
-4.326319605456551 -2.924081690586806
-4.062754538497076 -3.280445186511144
-3.7699172319899277 -3.6131729996954385
-3.4499175854388358 -3.9198678186212605
-3.1050612036299787 -4.198319900090354
-2.7378327846966584 -4.446522990475015
-2.350878217812302 -4.662688780821467
-1.9469855194983579 -4.845259791656835
-1.529064745901358 -4.992920594664444
-1.1001270257717015 -5.104607290374984
-0.6632628652120118 -5.179515173586567
-0.2216198805098316 -5.217104531284143
0.22161988050982973 -5.217104531284143
0.6632628652120053 -5.179515173586567
1.1001270257717042 -5.104607290374983
1.5290647459013564 -4.992920594664445
1.946985519498356 -4.845259791656836
2.3508782178123004 -4.662688780821468
2.737832784696653 -4.446522990475018
3.105061203629981 -4.198319900090352
3.449917585438834 -3.919867818621262
3.769917231989926 -3.61317299969544
4.062754538497076 -3.2804451865111437
4.326319605456548 -2.924081690586812
4.558713440521326 -2.5466501190766166
4.758261640784466 -2.1508698751021296
4.923526456890443 -1.739592564390459
5.053317152052176 -1.3157814493896836
5.146698581336877 -0.8824900988949976
5.202997929406722 -0.442840387015555
5.587521602916747 0.0
5.567392492323359 0.47385493506223375
5.507150191246277 0.9442957344589833
5.407228746845211 1.4079328614504691
5.268348095416766 1.8614257999124977
5.091508875236924 2.301507122831683
4.8779852169393445 2.7250060341919524
4.629315563374945 3.1288712146324995
4.347291585095908 3.5101928062737016
4.033945271328299 3.86622337830982
3.6915342894431267 4.194397722310912
3.322525718411205 4.492351334608352
2.9295782734426288 4.757937452597948
2.515523149882768 4.989242522213689
2.0833436243849226 5.184599985128654
1.6361535603336752 5.342602286345932
1.1771749723878515 5.4621110156646395
0.7097148117910699 5.5422651099515
0.23714113971225884 5.582487057120447
-0.2371411397122569 5.5824870571204475
-0.7097148117910704 5.542265109951499
-1.1771749723878506 5.4621110156646395
-1.6361535603336732 5.342602286345932
-2.083343624384922 5.184599985128654
-2.515523149882769 4.989242522213689
-2.929578273442628 4.757937452597948
-3.322525718411204 4.492351334608353
-3.6915342894431253 4.194397722310914
-4.033945271328299 3.86622337830982
-4.347291585095909 3.510192806273701
-4.629315563374945 3.1288712146325
-4.877985216939344 2.725006034191954
-5.091508875236923 2.301507122831684
-5.268348095416766 1.8614257999124977
-5.407228746845211 1.4079328614504683
-5.507150191246277 0.9442957344589836
-5.567392492323359 0.47385493506223547
-5.587521602916747 6.842740446178683e-16
-5.567392492323359 -0.47385493506223164
-5.507150191246277 -0.9442957344589823
-5.407228746845211 -1.4079328614504691
-5.268348095416766 -1.8614257999124966
-5.091508875236924 -2.3015071228316826
-4.877985216939345 -2.7250060341919506
-4.629315563374947 -3.128871214632497
-4.347291585095908 -3.5101928062737024
-4.0339452713282995 -3.8662233783098197
-3.6915342894431267 -4.194397722310912
-3.3225257184112036 -4.492351334608354
-2.929578273442631 -4.757937452597946
-2.51552314988277 -4.989242522213688
-2.083343624384923 -5.184599985128653
-1.6361535603336745 -5.342602286345932
-1.1771749723878497 -5.4621110156646395
-0.709714811791073 -5.542265109951499
-0.2371411397122595 -5.582487057120447
0.23714113971225748 -5.5824870571204475
0.709714811791066 -5.5422651099515
1.1771749723878526 -5.4621110156646395
1.6361535603336728 -5.342602286345932
2.0833436243849213 -5.184599985128654
2.515523149882768 -4.989242522213689
2.9295782734426257 -4.757937452597949
3.3225257184112063 -4.492351334608352
3.691534289443125 -4.194397722310914
4.033945271328298 -3.866223378309821
4.347291585095908 -3.5101928062737016
4.629315563374942 -3.128871214632503
4.877985216939346 -2.7250060341919506
5.091508875236923 -2.3015071228316843
5.268348095416765 -1.8614257999124983
5.407228746845211 -1.407932861450469
5.507150191246277 -0.9442957344589867
5.567392492323359 -0.47385493506223614
5.88872386193846 0.0
5.867509666755929 0.4993986710926818
5.804019929970749 0.9951991633164469
5.69871209659132 1.4838292227635808
5.552344911970265 1.9617682586588352
5.365972955026775 2.425572709296637
5.1409390399813315 2.871900852982086
4.878864541348477 3.2975368852123434
4.581637711896284 3.6994140886217632
4.251400077741893 4.0746369287507855
3.8905310086067644 4.420501916438069
3.501630574403312 4.734517086521849
3.0875008116716045 5.014419952506032
2.651125534841886 5.25819380782724
2.1956488377832306 5.464082256271822
1.7243524405351704 5.630601866850808
1.2406320444396095 5.756552861954193
0.7479728660348424 5.841027761776093
0.24992452599053827 5.8834179227275545
-0.24992452599053624 5.883417922727555
-0.747972866034843 5.841027761776092
-1.2406320444396088 5.756552861954193
-1.7243524405351685 5.630601866850809
-2.1956488377832297 5.464082256271822
-2.6511255348418867 5.25819380782724
-3.0875008116716036 5.0144199525060325
-3.5016305744033116 4.7345170865218495
-3.890531008606763 4.42050191643807
-4.251400077741892 4.0746369287507855
-4.581637711896285 3.699414088621763
-4.878864541348476 3.2975368852123443
-5.140939039981331 2.871900852982088
-5.365972955026774 2.4255727092966377
-5.552344911970265 1.9617682586588352
-5.69871209659132 1.4838292227635796
-5.804019929970749 0.9951991633164471
-5.867509666755929 0.49939867109268365
-5.88872386193846 7.211606828585575e-16
-5.867509666755929 -0.49939867109267966
-5.804019929970749 -0.9951991633164456
-5.69871209659132 -1.4838292227635808
-5.552344911970265 -1.9617682586588339
-5.365972955026775 -2.4255727092966364
-5.140939039981332 -2.8719008529820846
-4.878864541348478 -3.297536885212341
-4.581637711896284 -3.699414088621764
-4.251400077741894 -4.0746369287507855
-3.8905310086067644 -4.420501916438069
-3.5016305744033107 -4.73451708652185
-3.087500811671607 -5.014419952506031
-2.6511255348418876 -5.25819380782724
-2.195648837783231 -5.464082256271821
-1.7243524405351698 -5.630601866850808
-1.2406320444396077 -5.756552861954193
-0.7479728660348457 -5.841027761776092
-0.24992452599053896 -5.8834179227275545
0.24992452599053686 -5.883417922727555
0.7479728660348383 -5.841027761776093
1.2406320444396106 -5.756552861954193
1.7243524405351678 -5.630601866850809
2.1956488377832293 -5.464082256271822
2.651125534841886 -5.25819380782724
3.087500811671601 -5.014419952506034
3.5016305744033134 -4.734517086521848
3.8905310086067626 -4.42050191643807
4.251400077741892 -4.074636928750786
4.581637711896284 -3.6994140886217632
4.878864541348475 -3.2975368852123474
5.140939039981333 -2.871900852982084
5.365972955026774 -2.425572709296638
5.552344911970264 -1.9617682586588356
5.69871209659132 -1.4838292227635803
5.804019929970748 -0.9951991633164504
5.867509666755929 -0.4993986710926844
6.1411164700335785 0.0
6.118993027588603 0.5208030595529732
6.052782100163451 1.0378537211276928
5.942960739007441 1.5474266228593243
5.790320209544252 2.0458502803140557
5.595960290286414 2.5295335396185727
5.361281348905931 2.994991451806012
5.087974252553102 3.4388703819531177
4.778008185119968 3.857972172196719
4.43361645922524 4.2492771845344155
4.057280425145708 4.609966057385579
3.651711592630636 4.937440019156152
3.2198320944118812 5.2293396124475295
2.7647536321706077 5.483561694001182
2.289755056655362 5.69827458789403
1.7982587434872994 5.871931282805442
1.2938059348654067 6.003280578269246
0.7800312248353127 6.0913760996017645
0.26063637195590905 6.13558311655309
-0.26063637195590694 6.135583116553091
-0.7800312248353134 6.091376099601764
-1.2938059348654058 6.003280578269246
-1.7982587434872972 5.871931282805442
-2.2897550566553617 5.69827458789403
-2.7647536321706085 5.483561694001182
-3.2198320944118803 5.22933961244753
-3.651711592630635 4.937440019156153
-4.057280425145707 4.609966057385581
-4.43361645922524 4.2492771845344155
-4.778008185119969 3.8579721721967184
-5.087974252553102 3.438870381953118
-5.36128134890593 2.9949914518060137
-5.595960290286413 2.529533539618574
-5.790320209544252 2.0458502803140557
-5.942960739007441 1.5474266228593234
-6.052782100163451 1.0378537211276933
-6.118993027588603 0.5208030595529751
-6.1411164700335785 7.520698628217715e-16
-6.118993027588603 -0.520803059552971
-6.052782100163451 -1.0378537211276917
-5.942960739007441 -1.5474266228593243
-5.790320209544252 -2.045850280314054
-5.595960290286414 -2.5295335396185727
-5.361281348905932 -2.99499145180601
-5.087974252553104 -3.4388703819531146
-4.778008185119968 -3.8579721721967197
-4.433616459225241 -4.249277184534415
-4.057280425145708 -4.609966057385579
-3.6517115926306345 -4.937440019156154
-3.219832094411884 -5.229339612447528
-2.76475363217061 -5.483561694001181
-2.289755056655363 -5.69827458789403
-1.7982587434872987 -5.871931282805442
-1.2938059348654045 -6.003280578269246
-0.7800312248353162 -6.091376099601764
-0.2606363719559098 -6.13558311655309
0.2606363719559076 -6.135583116553091
0.7800312248353085 -6.0913760996017645
1.2938059348654078 -6.003280578269246
1.7982587434872965 -5.871931282805442
2.289755056655361 -5.698274587894031
2.7647536321706077 -5.483561694001182
3.2198320944118777 -5.229339612447532
3.651711592630637 -4.937440019156151
4.057280425145706 -4.609966057385581
4.433616459225239 -4.249277184534416
4.778008185119968 -3.857972172196719
5.087974252553099 -3.4388703819531217
5.3612813489059326 -2.9949914518060097
5.595960290286413 -2.5295335396185745
5.790320209544251 -2.045850280314056
5.942960739007441 -1.547426622859324
6.0527821001634505 -1.0378537211276966
6.118993027588603 -0.5208030595529759
6.355191511750748 0.0
6.3322968615152275 0.538957891372931
6.263777867288243 1.0740325787883285
6.1501282099933094 1.6013688368621566
5.992166738015511 2.1171671957711107
5.791031567380128 2.6177113165197596
5.54817188160059 3.0993947672481683
5.265337490278055 3.5587470076560863
4.944566221683138 3.9924583943253436
4.58816924015652 4.397404026776514
4.198714394116919 4.77066626244848
3.779007714654389 5.10955573837994
3.332073198012011 5.411630748131174
2.861131017623677 5.67471483433489
2.3695743226906987 5.896912470121435
1.8609447904640641 6.076622716433317
1.3389071083786845 6.2125507568278096
0.8072225698964497 6.303717226659087
0.2697219743006514 6.3494652694229385
-0.2697219743006492 6.349465269422939
-0.8072225698964505 6.303717226659087
-1.3389071083786837 6.2125507568278096
-1.860944790464062 6.0766227164333175
-2.369574322690698 5.896912470121435
-2.861131017623678 5.67471483433489
-3.3320731980120106 5.4116307481311745
-3.779007714654388 5.10955573837994
-4.198714394116918 4.770666262448482
-4.588169240156519 4.397404026776514
-4.944566221683138 3.992458394325343
-5.265337490278054 3.5587470076560868
-5.548171881600589 3.0993947672481705
-5.791031567380127 2.617711316519761
-5.992166738015511 2.1171671957711107
-6.1501282099933094 1.6013688368621555
-6.263777867288243 1.074032578788329
-6.3322968615152275 0.5389578913729329
-6.355191511750748 7.782864942833983e-16
-6.3322968615152275 -0.5389578913729286
-6.263777867288243 -1.0740325787883274
-6.1501282099933094 -1.6013688368621566
-5.992166738015511 -2.1171671957711093
-5.791031567380128 -2.6177113165197596
-5.548171881600591 -3.0993947672481665
-5.265337490278057 -3.5587470076560836
-4.944566221683138 -3.9924583943253444
-4.58816924015652 -4.397404026776514
-4.198714394116919 -4.77066626244848
-3.7790077146543872 -5.109555738379941
-3.332073198012014 -5.411630748131172
-2.8611310176236793 -5.674714834334889
-2.3695743226906996 -5.896912470121434
-1.8609447904640632 -6.076622716433317
-1.3389071083786825 -6.2125507568278096
-0.8072225698964532 -6.303717226659087
-0.2697219743006522 -6.3494652694229385
0.26972197430064987 -6.349465269422939
0.8072225698964454 -6.303717226659087
1.3389071083786859 -6.2125507568278096
1.8609447904640612 -6.0766227164333175
2.3695743226906973 -5.8969124701214355
2.861131017623677 -5.67471483433489
3.3320731980120075 -5.411630748131176
3.7790077146543903 -5.109555738379939
4.198714394116917 -4.770666262448482
4.588169240156518 -4.397404026776515
4.944566221683138 -3.9924583943253436
5.2653374902780525 -3.5587470076560903
5.548171881600592 -3.099394767248166
5.791031567380127 -2.6177113165197614
5.99216673801551 -2.1171671957711116
6.1501282099933094 -1.6013688368621561
6.263777867288242 -1.0740325787883325
6.332296861515227 -0.5389578913729337
6.537850017187642 0.0
6.51429733759348 0.5544484147898217
6.44380899640718 1.1049020160459266
6.3268928637422235 1.6473947729576495
6.164391323013589 2.1780180127802486
5.957475201545942 2.6929485829115984
5.7076353347359285 3.1884763967942966
5.416671824548981 3.661031165174324
5.08668106974341 4.107208120116935
4.720040661269311 4.523792546437648
4.319392251671285 4.907782943798811
3.887622521921323 5.256412652588317
3.427842382816253 5.567169787765508
2.943364560794166 5.837815337050446
2.4376797296645143 6.0663992930587085
1.9144313602233283 6.251274703149264
1.3773894689626398 6.391109535756
0.8304234550152674 6.484896277705678
0.2774742210454034 6.531959193373432
-0.27747422104540115 6.5319591933734324
-0.8304234550152682 6.484896277705678
-1.377389468962639 6.391109535756001
-1.914431360223326 6.251274703149265
-2.437679729664514 6.0663992930587085
-2.943364560794167 5.837815337050446
-3.427842382816252 5.567169787765508
-3.887622521921322 5.256412652588317
-4.3193922516712835 4.9077829437988125
-4.72004066126931 4.523792546437648
-5.086681069743411 4.107208120116934
-5.41667182454898 3.6610311651743244
-5.707635334735927 3.188476396794299
-5.957475201545941 2.6929485829115998
-6.164391323013589 2.1780180127802486
-6.3268928637422235 1.6473947729576484
-6.44380899640718 1.1049020160459269
-6.51429733759348 0.5544484147898237
-6.537850017187642 8.006557096854314e-16
-6.51429733759348 -0.5544484147898192
-6.44380899640718 -1.1049020160459253
-6.3268928637422235 -1.6473947729576495
-6.164391323013589 -2.1780180127802473
-5.957475201545942 -2.6929485829115984
-5.7076353347359285 -3.188476396794295
-5.416671824548982 -3.661031165174321
-5.08668106974341 -4.107208120116936
-4.720040661269312 -4.523792546437647
-4.319392251671285 -4.907782943798811
-3.8876225219213216 -5.256412652588318
-3.427842382816256 -5.567169787765506
-2.9433645607941683 -5.837815337050445
-2.437679729664515 -6.066399293058708
-1.9144313602233276 -6.251274703149264
-1.3773894689626378 -6.391109535756001
-0.830423455015271 -6.484896277705678
-0.2774742210454042 -6.531959193373432
0.27747422104540187 -6.5319591933734324
0.8304234550152628 -6.484896277705678
1.3773894689626411 -6.391109535756
1.9144313602233254 -6.251274703149265
2.437679729664513 -6.0663992930587085
2.943364560794166 -5.837815337050446
3.4278423828162494 -5.56716978776551
3.8876225219213243 -5.256412652588316
4.319392251671283 -4.9077829437988125
4.7200406612693095 -4.523792546437649
5.08668106974341 -4.107208120116935
5.416671824548978 -3.6610311651743284
5.707635334735929 -3.1884763967942944
5.957475201545941 -2.6929485829116007
6.1643913230135885 -2.1780180127802495
6.3268928637422235 -1.647394772957649
6.443808996407179 -1.1049020160459306
6.514297337593479 -0.5544484147898244
6.71796346955514 0.0
6.693761929185179 0.5697231026283229
6.621331680728239 1.135341337247034
6.501194585784188 1.6927794115145935
6.334216234875032 2.23802097133224
6.121599710845373 2.767137538767306
5.864876920622939 3.276316816826743
5.565897557794074 3.7618901571443173
5.2268157755190545 4.220358992676154
4.850074665809214 4.648420044956455
4.438388656993014 5.042989124294547
3.994723956197739 5.401223351432267
3.5222771777591704 5.720541640554172
3.024452311542053 5.998643296069976
2.504836197115111 6.233524589179002
1.9671726804897658 6.4234931947821075
1.4153356396238344 6.567180384722802
0.8533010730420703 6.663550889504978
0.2851184526756922 6.7119103574333545
-0.28511845267568986 6.711910357433355
-0.8533010730420709 6.663550889504977
-1.4153356396238335 6.567180384722802
-1.9671726804897636 6.423493194782108
-2.50483619711511 6.233524589179002
-3.024452311542054 5.998643296069976
-3.52227717775917 5.720541640554173
-3.9947239561977383 5.401223351432268
-4.438388656993013 5.042989124294548
-4.850074665809213 4.648420044956455
-5.226815775519055 4.220358992676153
-5.565897557794073 3.761890157144318
-5.864876920622938 3.2763168168267454
-6.121599710845372 2.767137538767307
-6.334216234875032 2.23802097133224
-6.501194585784188 1.6927794115145924
-6.621331680728239 1.1353413372470342
-6.693761929185179 0.5697231026283249
-6.71796346955514 8.227132459779549e-16
-6.693761929185179 -0.5697231026283204
-6.621331680728239 -1.1353413372470327
-6.501194585784188 -1.6927794115145935
-6.334216234875032 -2.2380209713322388
-6.121599710845373 -2.7671375387673054
-5.864876920622939 -3.2763168168267414
-5.5658975577940755 -3.761890157144314
-5.2268157755190545 -4.220358992676154
-4.850074665809215 -4.648420044956454
-4.438388656993014 -5.042989124294547
-3.9947239561977375 -5.401223351432269
-3.5222771777591735 -5.720541640554171
-3.0244523115420554 -5.998643296069975
-2.504836197115112 -6.233524589179001
-1.9671726804897651 -6.4234931947821075
-1.4153356396238321 -6.567180384722802
-0.8533010730420739 -6.663550889504977
-0.285118452675693 -6.7119103574333545
0.2851184526756906 -6.711910357433355
0.8533010730420656 -6.663550889504978
1.4153356396238357 -6.567180384722802
1.967172680489763 -6.423493194782108
2.5048361971151096 -6.2335245891790025
3.024452311542053 -5.998643296069976
3.522277177759167 -5.720541640554176
3.9947239561977406 -5.401223351432266
4.438388656993012 -5.042989124294548
4.850074665809212 -4.648420044956456
5.2268157755190545 -4.220358992676154
5.565897557794071 -3.7618901571443217
5.86487692062294 -3.276316816826741
6.121599710845372 -2.7671375387673076
6.334216234875032 -2.238020971332241
6.501194585784188 -1.692779411514593
6.621331680728239 -1.135341337247038
6.693761929185178 -0.5697231026283258
6.950034772608292 0.0
6.924997192710131 0.5894041240279815
6.850064849352551 1.174561577836177
6.725777631786512 1.7512562885610468
6.553031032262613 2.315333157596889
6.333069693988904 2.862727998176509
6.0674784434480475 3.389496817930007
5.758170871686202 3.891844235440179
5.407375546845676 4.366150826052601
5.017619957280404 4.808999199913199
4.5917123009444305 5.21719862434046
4.13272125226131 5.587808013127518
3.6439538522545556 5.918157117135669
3.128931681241299 6.2058657635006
2.5913654857653956 6.448861004832424
2.03512844258355 6.645392054849123
1.4642282523380294 6.794042902831826
0.8827782639816987 6.893742516014495
0.294967838004566 6.943772556399532
-0.29496783800456355 6.943772556399533
-0.8827782639816995 6.893742516014494
-1.4642282523380283 6.794042902831827
-2.035128442583548 6.645392054849124
-2.591365485765395 6.448861004832424
-3.1289316812413 6.2058657635006
-3.6439538522545547 5.91815711713567
-4.132721252261309 5.5878080131275185
-4.59171230094443 5.217198624340462
-5.017619957280403 4.808999199913199
-5.407375546845677 4.3661508260526
-5.758170871686201 3.8918442354401797
-6.067478443448046 3.3894968179300093
-6.333069693988903 2.8627279981765104
-6.553031032262613 2.315333157596889
-6.725777631786512 1.7512562885610454
-6.850064849352551 1.1745615778361775
-6.924997192710131 0.5894041240279836
-6.950034772608292 8.511337838237547e-16
-6.924997192710131 -0.5894041240279789
-6.850064849352551 -1.1745615778361758
-6.725777631786512 -1.7512562885610468
-6.553031032262613 -2.3153331575968874
-6.333069693988904 -2.8627279981765086
-6.067478443448048 -3.3894968179300053
-5.758170871686204 -3.891844235440176
-5.407375546845676 -4.366150826052602
-5.017619957280405 -4.808999199913198
-4.5917123009444305 -5.21719862434046
-4.132721252261308 -5.587808013127519
-3.6439538522545587 -5.918157117135667
-3.1289316812413017 -6.205865763500599
-2.5913654857653965 -6.448861004832423
-2.035128442583549 -6.645392054849123
-1.464228252338027 -6.794042902831827
-0.8827782639817026 -6.893742516014494
-0.2949678380045668 -6.943772556399532
0.2949678380045643 -6.943772556399533
0.8827782639816939 -6.893742516014495
1.4642282523380308 -6.794042902831826
2.035128442583547 -6.645392054849124
2.5913654857653943 -6.448861004832425
3.128931681241299 -6.2058657635006
3.6439538522545516 -5.918157117135672
4.132721252261311 -5.587808013127517
4.591712300944429 -5.217198624340462
5.017619957280403 -4.8089991999132
5.407375546845676 -4.366150826052601
5.7581708716861995 -3.8918442354401837
6.067478443448049 -3.389496817930005
6.333069693988903 -2.862727998176511
6.553031032262613 -2.3153331575968896
6.725777631786512 -1.7512562885610463
6.85006484935255 -1.1745615778361813
6.924997192710131 -0.5894041240279845
7.239808479454923 0.0
7.213726986457773 0.6139786511258052
7.135670425221023 1.2235335720009608
7.006201195057046 1.8242729054526423
6.826252124735954 2.411868310817421
6.597119751432934 2.982086149734925
6.32045497914819 3.5308179896092438
5.998251183905793 4.05411020495992
5.632829851433746 4.548192463384139
5.226823850806122 5.0095048908880875
4.783158464561048 5.434723720860648
4.305030311972989 5.820785241888
3.7958843173376224 6.164907871864566
3.2593888892133513 6.46461219935581
2.6994094894535743 6.717738847814449
2.119980782465459 6.922464033937955
1.5252775653604334 7.077312708069042
0.9195846884453289 7.181169181962246
0.30726618277774503 7.2332851673433
-0.3072661827777425 7.2332851673433005
-0.9195846884453298 7.181169181962245
-1.5252775653604322 7.077312708069043
-2.119980782465457 6.922464033937956
-2.6994094894535734 6.717738847814449
-3.2593888892133522 6.46461219935581
-3.7958843173376215 6.164907871864567
-4.305030311972988 5.820785241888001
-4.783158464561046 5.434723720860649
-5.226823850806121 5.0095048908880875
-5.632829851433747 4.548192463384138
-5.998251183905792 4.054110204959921
-6.320454979148188 3.530817989609246
-6.597119751432933 2.9820861497349265
-6.826252124735954 2.411868310817421
-7.006201195057046 1.8242729054526412
-7.135670425221023 1.2235335720009612
-7.213726986457773 0.6139786511258074
-7.239808479454923 8.866208280804337e-16
-7.213726986457773 -0.6139786511258025
-7.135670425221023 -1.2235335720009592
-7.006201195057046 -1.8242729054526423
-6.826252124735954 -2.4118683108174195
-6.597119751432934 -2.9820861497349247
-6.320454979148191 -3.5308179896092415
-5.998251183905794 -4.054110204959916
-5.632829851433746 -4.54819246338414
-5.226823850806123 -5.009504890888087
-4.783158464561048 -5.434723720860648
-4.305030311972987 -5.820785241888002
-3.7958843173376255 -6.164907871864564
-3.2593888892133536 -6.464612199355809
-2.699409489453575 -6.717738847814448
-2.1199807824654586 -6.922464033937955
-1.525277565360431 -7.077312708069043
-0.919584688445333 -7.181169181962245
-0.30726618277774587 -7.2332851673433
0.30726618277774326 -7.2332851673433005
0.9195846884453239 -7.181169181962246
1.5252775653604347 -7.077312708069042
2.119980782465456 -6.922464033937956
2.699409489453573 -6.7177388478144495
3.2593888892133513 -6.46461219935581
3.7958843173376184 -6.164907871864569
4.305030311972991 -5.820785241887999
4.783158464561045 -5.434723720860649
5.22682385080612 -5.009504890888088
5.632829851433746 -4.548192463384139
5.998251183905789 -4.054110204959924
6.320454979148192 -3.530817989609241
6.597119751432933 -2.9820861497349274
6.826252124735953 -2.4118683108174217
7.006201195057046 -1.824272905452642
7.135670425221022 -1.2235335720009652
7.213726986457772 -0.6139786511258083
7.374405470625874 0.0
7.347839090425889 0.6253932733936797
7.268331361204042 1.2462805739217042
7.136455137971293 1.8581883943561694
6.953160591937968 2.45670792482901
6.7197683645084245 3.0375268184081254
6.437960052029461 3.5964602616558445
6.109766089850114 4.129481126305636
5.737551122988429 4.6327489848135555
5.323996968809933 5.102637780726696
4.872083294472053 5.535761954503026
4.385066148353971 5.92900083654547
3.8664545001534405 6.279521131697864
3.319984958679705 6.584797333201481
2.749594849501402 6.8426299190291
2.1593938464256226 7.051161199491611
1.5536343612039505 7.2088887019348
0.936680904808353 7.314675996089248
0.31297864102962153 7.367760882076458
-0.312978641029619 7.367760882076459
-0.9366809048083539 7.314675996089247
-1.5536343612039494 7.208888701934801
-2.15939384642562 7.051161199491612
-2.7495948495014018 6.8426299190291
-3.3199849586797057 6.584797333201481
-3.8664545001534396 6.279521131697865
-4.385066148353971 5.9290008365454705
-4.872083294472051 5.535761954503028
-5.323996968809932 5.102637780726696
-5.737551122988429 4.6327489848135555
-6.109766089850113 4.129481126305637
-6.43796005202946 3.596460261655847
-6.719768364508424 3.0375268184081268
-6.953160591937968 2.45670792482901
-7.136455137971293 1.8581883943561681
-7.268331361204042 1.2462805739217044
-7.347839090425889 0.6253932733936819
-7.374405470625874 9.031042055216706e-16
-7.347839090425889 -0.6253932733936769
-7.268331361204042 -1.2462805739217027
-7.136455137971293 -1.8581883943561694
-6.953160591937968 -2.4567079248290082
-6.7197683645084245 -3.037526818408125
-6.437960052029462 -3.5964602616558428
-6.109766089850115 -4.129481126305634
-5.737551122988429 -4.632748984813556
-5.323996968809934 -5.102637780726695
-4.872083294472053 -5.535761954503026
-4.38506614835397 -5.9290008365454705
-3.8664545001534436 -6.279521131697862
-3.319984958679707 -6.58479733320148
-2.749594849501403 -6.842629919029099
-2.1593938464256217 -7.051161199491611
-1.553634361203948 -7.208888701934801
-0.9366809048083571 -7.314675996089247
-0.3129786410296224 -7.367760882076458
0.31297864102961975 -7.367760882076459
0.9366809048083479 -7.314675996089248
1.5536343612039518 -7.2088887019348
2.159393846425619 -7.051161199491612
2.749594849501401 -6.8426299190291004
3.319984958679705 -6.584797333201481
3.866454500153436 -6.279521131697867
4.385066148353973 -5.929000836545469
4.87208329447205 -5.535761954503028
5.323996968809931 -5.102637780726697
5.737551122988429 -4.6327489848135555
6.10976608985011 -4.129481126305642
6.437960052029463 -3.5964602616558423
6.719768364508424 -3.0375268184081277
6.9531605919379675 -2.456707924829011
7.136455137971293 -1.858188394356169
7.268331361204041 -1.2462805739217087
7.347839090425888 -0.6253932733936829
6.8470178584793695 0.0
6.822351398194672 0.5806676793886641
6.748529739752161 1.1571516348413637
6.626084769892535 1.725298286248963
6.455898707429451 2.28101412396902
6.239197746842762 2.820295202656562
5.977543223519184 3.3392559897820484
5.672820364295066 3.8341573609822808
5.327224704353823 4.301433540537124
4.943246268344639 4.737717792865276
4.523651629697806 5.13986667993128
4.0714639773997625 5.504982709788607
3.5899413338471717 5.830435213075521
3.082553080720898 6.113879297048111
2.5529549620114893 6.353272740586251
2.0049627442999607 6.5468907084435575
1.4425247240721355 6.693338178724875
0.8696932801519917 6.79155999405099
0.2905956762193802 6.84084846399173
-0.2905956762193778 6.840848463991731
-0.8696932801519923 6.791559994050989
-1.4425247240721346 6.693338178724875
-2.0049627442999585 6.546890708443558
-2.5529549620114884 6.353272740586251
-3.0825530807208987 6.113879297048111
-3.5899413338471713 5.830435213075522
-4.071463977399762 5.5049827097886075
-4.523651629697804 5.1398666799312815
-4.943246268344638 4.737717792865276
-5.3272247043538234 4.301433540537123
-5.672820364295065 3.8341573609822817
-5.9775432235191825 3.3392559897820506
-6.239197746842761 2.820295202656563
-6.455898707429451 2.28101412396902
-6.626084769892535 1.7252982862489619
-6.748529739752161 1.1571516348413642
-6.822351398194672 0.5806676793886661
-6.8470178584793695 8.385178504091525e-16
-6.822351398194672 -0.5806676793886615
-6.748529739752161 -1.1571516348413624
-6.626084769892535 -1.725298286248963
-6.455898707429451 -2.281014123969018
-6.239197746842762 -2.8202952026565615
-5.977543223519185 -3.3392559897820466
-5.672820364295068 -3.8341573609822777
-5.327224704353823 -4.301433540537125
-4.94324626834464 -4.737717792865275
-4.523651629697806 -5.13986667993128
-4.071463977399761 -5.504982709788608
-3.589941333847175 -5.8304352130755195
-3.0825530807209 -6.113879297048111
-2.55295496201149 -6.35327274058625
-2.00496274429996 -6.5468907084435575
-1.4425247240721333 -6.693338178724875
-0.8696932801519954 -6.791559994050989
-0.29059567621938104 -6.84084846399173
0.29059567621937854 -6.840848463991731
0.8696932801519869 -6.79155999405099
1.4425247240721368 -6.693338178724875
2.0049627442999576 -6.546890708443558
2.552954962011488 -6.3532727405862515
3.082553080720898 -6.113879297048111
3.589941333847168 -5.830435213075524
4.071463977399764 -5.504982709788606
4.523651629697803 -5.1398666799312815
4.943246268344637 -4.7377177928652765
5.327224704353823 -4.301433540537124
5.672820364295063 -3.8341573609822857
5.977543223519186 -3.339255989782046
6.239197746842761 -2.8202952026565637
6.4558987074294505 -2.2810141239690207
6.626084769892535 -1.7252982862489625
6.74852973975216 -1.157151634841368
6.822351398194671 -0.580667679388667
7.139472619516943 0.0
7.113752587604815 0.6054695757657197
7.036777805287731 1.206576729363744
6.909102877636158 1.7989904699780608
6.7316477054294905 2.3784424430324145
6.505690857249853 2.940757683782837
6.232860357366169 3.481884698034298
5.915121955781998 3.9979246532492176
5.55476496496171 4.485159469725246
5.15438576528173 4.940078609444712
4.716869098050417 5.35940436958149
4.245367280880846 5.740115498424966
3.7432774951701613 6.079468963567848
3.2142173093297712 6.375019715517514
2.661998614122041 6.624638304333638
2.090600157900004 6.826526222363802
1.5041388796343063 6.979228862532348
0.9068402462735786 7.08164599881769
0.3030078081582569 7.133039713406006
-0.30300780815825445 7.133039713406007
-0.9068402462735794 7.08164599881769
-1.5041388796343051 6.979228862532349
-2.0906001579000018 6.826526222363803
-2.66199861412204 6.624638304333638
-3.214217309329772 6.375019715517514
-3.743277495170161 6.079468963567849
-4.245367280880846 5.7401154984249665
-4.716869098050415 5.359404369581491
-5.154385765281729 4.940078609444712
-5.554764964961711 4.485159469725245
-5.915121955781997 3.9979246532492185
-6.232860357366167 3.4818846980343
-6.505690857249852 2.940757683782838
-6.7316477054294905 2.3784424430324145
-6.909102877636158 1.7989904699780597
-7.036777805287731 1.2065767293637444
-7.113752587604815 0.6054695757657218
-7.139472619516943 8.743332291091594e-16
-7.113752587604815 -0.605469575765717
-7.036777805287731 -1.2065767293637426
-6.909102877636158 -1.7989904699780608
-6.7316477054294905 -2.378442443032413
-6.505690857249853 -2.9407576837828366
-6.23286035736617 -3.4818846980342957
-5.915121955781999 -3.9979246532492145
-5.55476496496171 -4.485159469725247
-5.15438576528173 -4.940078609444712
-4.716869098050417 -5.35940436958149
-4.245367280880845 -5.740115498424967
-3.7432774951701644 -6.079468963567846
-3.2142173093297735 -6.375019715517514
-2.6619986141220418 -6.624638304333637
-2.0906001579000035 -6.826526222363802
-1.5041388796343038 -6.979228862532349
-0.9068402462735825 -7.08164599881769
-0.3030078081582578 -7.133039713406006
0.3030078081582552 -7.133039713406007
0.9068402462735736 -7.08164599881769
1.5041388796343076 -6.979228862532348
2.090600157900001 -6.826526222363803
2.661998614122039 -6.624638304333638
3.2142173093297712 -6.375019715517514
3.7432774951701573 -6.079468963567851
4.245367280880847 -5.740115498424965
4.716869098050415 -5.359404369581491
5.154385765281728 -4.940078609444713
5.55476496496171 -4.485159469725246
5.915121955781995 -3.9979246532492225
6.232860357366171 -3.4818846980342952
6.505690857249852 -2.940757683782839
6.73164770542949 -2.3784424430324154
6.909102877636158 -1.7989904699780603
7.03677780528773 -1.2065767293637484
7.113752587604814 -0.6054695757657227
7.043426683124794 0.0
7.018052657798963 0.5973243113378676
6.9421134022553845 1.1903448873248907
6.816156060570396 1.7747890011220482
6.641088158277143 2.3464457194969253
6.41817106362332 2.9011962426941476
6.1490108993840416 3.435043580482001
5.835546970710442 3.944141350558639
5.480037792391624 4.424821491824713
5.085044816203849 4.8736206928476395
4.653413975591793 5.287305345099839
4.188255180652863 5.662894841182272
3.692919911163683 5.997683050169053
3.170977069091506 6.289257815342776
2.6261872645737525 6.535518333838945
2.062475720635804 6.7346902929787476
1.4839039918691523 6.885338654232567
0.8946407008375005 6.986377992705472
0.2989315030556734 7.03708031764845
-0.29893150305567096 7.037080317648451
-0.8946407008375012 6.986377992705471
-1.4839039918691515 6.885338654232568
-2.0624757206358013 6.734690292978748
-2.626187264573752 6.535518333838945
-3.1709770690915065 6.289257815342776
-3.6929199111636826 5.997683050169053
-4.188255180652862 5.662894841182273
-4.653413975591791 5.287305345099841
-5.085044816203848 4.8736206928476395
-5.480037792391625 4.424821491824712
-5.835546970710442 3.94414135055864
-6.14901089938404 3.435043580482003
-6.418171063623319 2.901196242694149
-6.641088158277143 2.3464457194969253
-6.816156060570396 1.7747890011220468
-6.9421134022553845 1.1903448873248912
-7.018052657798963 0.5973243113378697
-7.043426683124794 8.625709942517838e-16
-7.018052657798963 -0.5973243113378649
-6.9421134022553845 -1.1903448873248894
-6.816156060570396 -1.7747890011220482
-6.641088158277143 -2.346445719496924
-6.41817106362332 -2.901196242694147
-6.149010899384042 -3.4350435804819988
-5.8355469707104435 -3.944141350558636
-5.480037792391624 -4.424821491824714
-5.08504481620385 -4.873620692847639
-4.653413975591793 -5.287305345099839
-4.188255180652861 -5.662894841182274
-3.692919911163686 -5.9976830501690515
-3.1709770690915082 -6.289257815342775
-2.6261872645737534 -6.535518333838944
-2.062475720635803 -6.7346902929787476
-1.48390399186915 -6.885338654232568
-0.8946407008375044 -6.986377992705471
-0.29893150305567423 -7.03708031764845
0.2989315030556717 -7.037080317648451
0.8946407008374956 -6.986377992705472
1.4839039918691537 -6.885338654232567
2.062475720635801 -6.734690292978748
2.626187264573751 -6.5355183338389455
3.170977069091506 -6.289257815342776
3.6929199111636795 -5.997683050169056
4.188255180652865 -5.662894841182271
4.65341397559179 -5.287305345099841
5.0850448162038475 -4.87362069284764
5.480037792391624 -4.424821491824713
5.835546970710439 -3.9441413505586436
6.149010899384042 -3.4350435804819983
6.418171063623319 -2.9011962426941498
6.641088158277142 -2.346445719496926
6.816156060570396 -1.7747890011220477
6.942113402255384 -1.190344887324895
7.018052657798962 -0.5973243113378706
7.490693118385746 0.0
7.463707810602344 0.635255154867038
7.382946317013082 1.2659332817864208
7.248990526029918 1.8874903304017383
7.062805592196475 2.4954479679347705
6.82573298222744 3.0854258456757746
6.539480809710147 3.653173159496315
6.206111528107037 4.194599276990415
5.828027070731197 4.705803210574779
5.40795154476181 5.183101724193722
4.948911603989489 5.623055871119346
4.454214641706378 6.022495771641528
3.9274249608616794 6.378543452123863
3.3723380931772375 6.688633580869659
2.7929534522545056 6.9505319513956065
2.1934455177078998 7.162351579940676
1.5781337579435204 7.322566301227366
0.951451508290305 7.4300217645174955
0.31791402871740043 7.48394375073572
-0.3179140287173978 7.483943750735721
-0.9514515082903058 7.430021764517495
-1.5781337579435195 7.322566301227367
-2.193445517707897 7.162351579940677
-2.7929534522545048 6.9505319513956065
-3.3723380931772384 6.688633580869659
-3.9274249608616785 6.378543452123863
-4.454214641706377 6.022495771641529
-4.948911603989488 5.623055871119348
-5.407951544761809 5.183101724193722
-5.828027070731198 4.7058032105747785
-6.206111528107036 4.194599276990416
-6.539480809710145 3.6531731594963177
-6.825732982227439 3.085425845675776
-7.062805592196475 2.4954479679347705
-7.248990526029918 1.887490330401737
-7.382946317013082 1.2659332817864213
-7.463707810602344 0.6352551548670403
-7.490693118385746 9.17345335082621e-16
-7.463707810602344 -0.6352551548670352
-7.382946317013082 -1.2659332817864193
-7.248990526029918 -1.8874903304017383
-7.062805592196475 -2.4954479679347688
-6.82573298222744 -3.085425845675774
-6.539480809710148 -3.6531731594963133
-6.206111528107038 -4.194599276990412
-5.828027070731197 -4.70580321057478
-5.4079515447618105 -5.183101724193721
-4.948911603989489 -5.623055871119346
-4.454214641706376 -6.0224957716415295
-3.9274249608616825 -6.3785434521238615
-3.37233809317724 -6.688633580869658
-2.7929534522545065 -6.950531951395606
-2.193445517707899 -7.162351579940676
-1.578133757943518 -7.322566301227367
-0.9514515082903091 -7.430021764517495
-0.3179140287174013 -7.48394375073572
0.3179140287173986 -7.483943750735721
0.9514515082902998 -7.4300217645174955
1.578133757943522 -7.322566301227366
2.193445517707896 -7.162351579940677
2.792953452254504 -6.9505319513956065
3.3723380931772375 -6.688633580869659
3.927424960861675 -6.378543452123866
4.45421464170638 -6.022495771641527
4.948911603989487 -5.623055871119348
5.407951544761809 -5.1831017241937225
5.828027070731197 -4.705803210574779
6.206111528107034 -4.19459927699042
6.539480809710149 -3.653173159496313
6.825732982227439 -3.085425845675777
7.062805592196474 -2.4954479679347714
7.248990526029918 -1.8874903304017379
7.382946317013081 -1.2659332817864253
7.463707810602343 -0.6352551548670412
7.587965788532449 0.0
7.560630054840344 0.6435044535850304
7.478819808351677 1.28237244283611
7.343124493767077 1.9120009092510593
7.1545217989375764 2.527853365301455
6.914370610601243 3.1254925799292277
6.624401223573091 3.7006125488981136
6.286702873931294 4.249069519652848
5.903708686023356 4.766911847151281
5.47817814174945 5.250408465557457
5.013177198432077 5.696075770656459
4.512056198523311 6.100702719302607
3.9784257303106556 6.461373965058901
3.4161306135456977 6.775490863334904
2.829222197429691 7.040790194680564
2.221929170549727 7.2553604713342175
1.5986270930805628 7.417655709535706
0.9638068707732965 7.526506568374804
0.32204239787652855 7.58112877491926
-0.32204239787652594 7.581128774919261
-0.9638068707732973 7.526506568374803
-1.598627093080562 7.4176557095357065
-2.2219291705497244 7.255360471334218
-2.82922219742969 7.040790194680564
-3.4161306135456986 6.775490863334904
-3.9784257303106547 6.461373965058902
-4.512056198523311 6.100702719302608
-5.013177198432076 5.696075770656461
-5.478178141749449 5.250408465557457
-5.903708686023357 4.76691184715128
-6.286702873931293 4.249069519652848
-6.62440122357309 3.7006125488981163
-6.914370610601242 3.125492579929229
-7.1545217989375764 2.527853365301455
-7.343124493767077 1.912000909251058
-7.478819808351677 1.2823724428361105
-7.560630054840344 0.6435044535850327
-7.587965788532449 9.292578014965885e-16
-7.560630054840344 -0.6435044535850276
-7.478819808351677 -1.2823724428361087
-7.343124493767077 -1.9120009092510593
-7.1545217989375764 -2.5278533653014534
-6.914370610601243 -3.1254925799292272
-6.624401223573092 -3.7006125488981114
-6.286702873931295 -4.249069519652845
-5.903708686023356 -4.766911847151282
-5.478178141749451 -5.250408465557456
-5.013177198432077 -5.696075770656459
-4.51205619852331 -6.100702719302609
-3.9784257303106587 -6.4613739650588995
-3.4161306135457 -6.775490863334903
-2.829222197429692 -7.0407901946805636
-2.221929170549726 -7.2553604713342175
-1.5986270930805604 -7.4176557095357065
-0.9638068707733006 -7.526506568374803
-0.32204239787652944 -7.58112877491926
0.3220423978765267 -7.581128774919261
0.9638068707732912 -7.526506568374804
1.5986270930805644 -7.417655709535706
2.2219291705497235 -7.255360471334218
2.829222197429689 -7.040790194680565
3.4161306135456977 -6.775490863334904
3.978425730310651 -6.461373965058905
4.512056198523313 -6.100702719302606
5.013177198432075 -5.696075770656461
5.478178141749448 -5.250408465557458
5.903708686023356 -4.766911847151281
6.28670287393129 -4.249069519652853
6.624401223573093 -3.700612548898111
6.914370610601242 -3.12549257992923
7.154521798937576 -2.5278533653014557
7.343124493767077 -1.9120009092510588
7.478819808351676 -1.2823724428361147
7.560630054840343 -0.6435044535850337
0.4762542294383005 0.0
0.4745385181200788 0.04038918021288634
0.46940374590477696 0.0804873554568229
0.46088690894386924 0.12000561746032957
0.44904937124282185 0.15865923624011222
0.43397642253202734 0.19616971158711685
0.4157766637523429 0.23226677966691778
0.3945812245828227 0.26669036027683757
0.3705428186483753 0.2991924307297673
0.34383464321459734 0.32953881286331044
0.31464913129750555 0.3575108602988089
0.28319656517924713 0.38290703379351204
0.24970356131943788 0.4055443533354386
0.21441143757837824 0.42525971651855593
0.17757447451633968 0.44191107369935323
0.13945808329630124 0.45537845146777783
0.10033689339043834 0.46556481705840397
0.06049277386848264 0.47239677747373127
0.020212802524616023 0.47582510828241315
-0.020212802524615856 0.4758251082824132
-0.06049277386848269 0.47239677747373127
-0.10033689339043828 0.465564817058404
-0.13945808329630108 0.4553784514677779
-0.17757447451633962 0.44191107369935323
-0.2144114375783783 0.42525971651855593
-0.24970356131943783 0.40554435333543865
-0.2831965651792471 0.3829070337935121
-0.3146491312975055 0.357510860298809
-0.3438346432145973 0.32953881286331044
-0.37054281864837535 0.29919243072976726
-0.39458122458282263 0.2666903602768376
-0.4157766637523428 0.23226677966691792
-0.4339764225320273 0.1961697115871169
-0.44904937124282185 0.15865923624011222
-0.46088690894386924 0.12000561746032949
-0.46940374590477696 0.08048735545682292
-0.4745385181200788 0.04038918021288648
-0.4762542294383005 5.832432176620038e-17
-0.4745385181200788 -0.04038918021288616
-0.46940374590477696 -0.08048735545682281
-0.46088690894386924 -0.12000561746032957
-0.44904937124282185 -0.1586592362401121
-0.43397642253202734 -0.19616971158711682
-0.41577666375234296 -0.23226677966691764
-0.3945812245828228 -0.26669036027683735
-0.3705428186483753 -0.29919243072976737
-0.3438346432145974 -0.3295388128633104
-0.31464913129750555 -0.3575108602988089
-0.283196565179247 -0.38290703379351215
-0.24970356131943808 -0.4055443533354385
-0.2144114375783784 -0.4252597165185559
-0.17757447451633973 -0.4419110736993532
-0.1394580832963012 -0.45537845146777783
-0.10033689339043819 -0.465564817058404
-0.0604927738684829 -0.47239677747373127
-0.020212802524616078 -0.47582510828241315
0.020212802524615905 -0.4758251082824132
0.06049277386848231 -0.47239677747373127
0.10033689339043844 -0.46556481705840397
0.13945808329630102 -0.4553784514677779
0.1775744745163396 -0.4419110736993533
0.21441143757837824 -0.42525971651855593
0.2497035613194376 -0.4055443533354388
0.28319656517924724 -0.382907033793512
0.31464913129750544 -0.357510860298809
0.3438346432145972 -0.3295388128633105
0.3705428186483753 -0.2991924307297673
0.39458122458282247 -0.2666903602768379
0.415776663752343 -0.2322667796669176
0.4339764225320273 -0.19616971158711696
0.4490493712428218 -0.15865923624011227
0.46088690894386924 -0.12000561746032955
0.4694037459047769 -0.08048735545682319
0.47453851812007874 -0.040389180212886545
6.632285792101317 0.0
6.608392906546034 0.562457127984937
6.536886398668113 1.1208617394740672
6.418281474495383 1.6711905164457994
6.253432685224333 2.2094783274512975
6.043527770159164 2.7318467964774302
5.79007909902288 3.2345322467348185
5.49491277529878 3.713912818035347
5.160155479113017 4.166534562377816
4.788219144455557 4.589136329722435
4.381783581140505 4.9786732646515865
3.9437771667149986 5.33233874462289
3.477355747431864 5.647584601748926
2.985879900305062 5.922139482405259
2.472890720075281 6.15402521238535
1.9420843055411992 6.341571049691043
1.3972851290829338 6.483425722266947
0.8424184812509093 6.578567163946563
0.2814821889575005 6.626309878462423
-0.28148218895749816 6.626309878462424
-0.8424184812509101 6.578567163946562
-1.397285129082933 6.483425722266948
-1.942084305541197 6.341571049691044
-2.4728907200752808 6.15402521238535
-2.9858799003050622 5.922139482405259
-3.4773557474318637 5.647584601748927
-3.9437771667149977 5.3323387446228905
-4.381783581140504 4.978673264651588
-4.788219144455556 4.589136329722435
-5.160155479113018 4.166534562377816
-5.49491277529878 3.713912818035348
-5.790079099022878 3.2345322467348208
-6.043527770159163 2.731846796477431
-6.253432685224333 2.2094783274512975
-6.418281474495383 1.6711905164457983
-6.536886398668113 1.1208617394740676
-6.608392906546034 0.562457127984939
-6.632285792101317 8.122207566327347e-16
-6.608392906546034 -0.5624571279849345
-6.536886398668113 -1.1208617394740659
-6.418281474495383 -1.6711905164457994
-6.253432685224333 -2.209478327451296
-6.043527770159164 -2.73184679647743
-5.790079099022881 -3.2345322467348168
-5.494912775298782 -3.7139128180353445
-5.160155479113017 -4.166534562377817
-4.7882191444555575 -4.589136329722434
-4.381783581140505 -4.9786732646515865
-3.943777166714997 -5.332338744622891
-3.4773557474318673 -5.647584601748925
-2.985879900305064 -5.9221394824052584
-2.472890720075282 -6.15402521238535
-1.9420843055411985 -6.341571049691043
-1.3972851290829316 -6.483425722266948
-0.8424184812509131 -6.578567163946562
-0.28148218895750127 -6.626309878462423
0.2814821889574989 -6.626309878462424
0.8424184812509048 -6.578567163946563
1.397285129082935 -6.483425722266947
1.9420843055411963 -6.341571049691044
2.47289072007528 -6.154025212385351
2.985879900305062 -5.922139482405259
3.4773557474318606 -5.647584601748929
3.943777166715 -5.332338744622889
4.381783581140503 -4.978673264651588
4.788219144455556 -4.589136329722435
5.160155479113017 -4.166534562377816
5.494912775298777 -3.7139128180353516
5.790079099022881 -3.2345322467348163
6.043527770159163 -2.731846796477432
6.2534326852243325 -2.2094783274512984
6.418281474495383 -1.671190516445799
6.536886398668112 -1.1208617394740712
6.608392906546033 -0.5624571279849399
7.089081999869916 0.0
7.063543500742416 0.6011961526816597
6.987112008831341 1.1980606733068702
6.860338214787335 1.7862931393274077
6.684135526701501 2.361655322346279
6.459773488979169 2.920001724650438
6.188868635243376 3.4573094476168067
5.873372841173059 3.969707176789033
5.515559261194062 4.453503074786865
5.1180059503494135 4.905211381079071
4.6835772893536625 5.321577526967943
4.215403346664193 5.699601584831344
3.716857326266263 6.036559882669968
3.1915312636609965 6.330024628226504
2.643210145167283 6.57788140128449
2.075844637008619 6.778344388114417
1.4935226206724381 6.9299692483025765
0.900439739630319 7.0316635212568395
0.3008691696306376 7.082694497410248
-0.30086916963063515 7.082694497410249
-0.9004397396303198 7.031663521256839
-1.4935226206724372 6.929969248302577
-2.0758446370086165 6.778344388114418
-2.6432101451672825 6.57788140128449
-3.1915312636609974 6.330024628226504
-3.716857326266262 6.036559882669969
-4.215403346664192 5.699601584831345
-4.683577289353661 5.321577526967944
-5.118005950349413 4.905211381079071
-5.5155592611940625 4.453503074786864
-5.873372841173058 3.9697071767890337
-6.1888686352433755 3.457309447616809
-6.4597734889791685 2.9200017246504393
-6.684135526701501 2.361655322346279
-6.860338214787335 1.7862931393274064
-6.987112008831341 1.1980606733068706
-7.063543500742416 0.6011961526816619
-7.089081999869916 8.68162158003381e-16
-7.063543500742416 -0.601196152681657
-6.987112008831341 -1.1980606733068688
-6.860338214787335 -1.7862931393274077
-6.684135526701501 -2.361655322346277
-6.459773488979169 -2.920001724650438
-6.188868635243377 -3.4573094476168045
-5.873372841173061 -3.9697071767890297
-5.515559261194062 -4.453503074786866
-5.118005950349414 -4.90521138107907
-4.6835772893536625 -5.321577526967943
-4.215403346664192 -5.6996015848313455
-3.716857326266266 -6.036559882669966
-3.191531263660999 -6.330024628226503
-2.643210145167284 -6.577881401284489
-2.0758446370086183 -6.778344388114417
-1.493522620672436 -6.929969248302577
-0.9004397396303229 -7.031663521256839
-0.3008691696306384 -7.082694497410248
0.30086916963063587 -7.082694497410249
0.9004397396303141 -7.0316635212568395
1.4935226206724397 -6.9299692483025765
2.075844637008616 -6.778344388114418
2.6432101451672816 -6.577881401284491
3.1915312636609965 -6.330024628226504
3.716857326266259 -6.0365598826699705
4.2154033466641945 -5.699601584831343
4.68357728935366 -5.321577526967944
5.118005950349412 -4.905211381079072
5.515559261194062 -4.453503074786865
5.873372841173056 -3.9697071767890373
6.188868635243378 -3.4573094476168045
6.4597734889791685 -2.92000172465044
6.6841355267015 -2.3616553223462797
6.860338214787335 -1.7862931393274073
6.98711200883134 -1.1980606733068744
7.063543500742415 -0.6011961526816628
6.794266404944448 0.0
6.769789982375508 0.5761940436042082
6.696537067854175 1.148236595920792
6.575035450308159 1.712006077251986
6.406160551676085 2.263440515566051
6.191129119472356 2.7985668130988426
5.931490460093431 3.3135293726142474
5.629115276029745 3.804617877070616
5.286182187411386 4.268294022540074
4.905162035000144 4.7012170117694
4.488800077725196 5.1002676247007885
4.040096213029624 5.462570692523845
3.562283362540582 5.785515813332751
3.058804178794901 6.066776160131805
2.5332862408486667 6.304325245677256
1.9895159174869987 6.496451523364322
1.4314110863501848 6.641770718959706
0.8629929055355071 6.739235804329163
0.28835684106101245 6.788144541299196
-0.28835684106101006 6.7881445412991965
-0.8629929055355079 6.739235804329162
-1.4314110863501839 6.641770718959707
-1.9895159174869965 6.496451523364323
-2.5332862408486663 6.304325245677256
-3.0588041787949014 6.066776160131805
-3.562283362540581 5.7855158133327516
-4.040096213029623 5.462570692523846
-4.4888000777251955 5.10026762470079
-4.905162035000143 4.7012170117694
-5.286182187411387 4.268294022540074
-5.6291152760297445 3.804617877070617
-5.93149046009343 3.3135293726142496
-6.191129119472355 2.798566813098844
-6.406160551676085 2.263440515566051
-6.575035450308159 1.7120060772519847
-6.696537067854175 1.1482365959207925
-6.769789982375508 0.5761940436042103
-6.794266404944448 8.320576605369613e-16
-6.769789982375508 -0.5761940436042057
-6.696537067854175 -1.1482365959207907
-6.575035450308159 -1.712006077251986
-6.406160551676085 -2.2634405155660495
-6.191129119472356 -2.798566813098842
-5.931490460093432 -3.3135293726142456
-5.629115276029747 -3.804617877070613
-5.286182187411386 -4.268294022540075
-4.905162035000145 -4.701217011769399
-4.488800077725196 -5.1002676247007885
-4.0400962130296225 -5.462570692523847
-3.5622833625405845 -5.785515813332749
-3.058804178794903 -6.066776160131804
-2.5332862408486676 -6.304325245677255
-1.9895159174869979 -6.496451523364322
-1.4314110863501825 -6.641770718959707
-0.8629929055355109 -6.739235804329162
-0.2883568410610132 -6.788144541299196
0.2883568410610108 -6.7881445412991965
0.8629929055355023 -6.739235804329163
1.431411086350186 -6.641770718959706
1.9895159174869956 -6.496451523364323
2.5332862408486654 -6.304325245677256
3.058804178794901 -6.066776160131805
3.562283362540578 -5.785515813332753
4.040096213029626 -5.462570692523844
4.488800077725195 -5.10026762470079
4.905162035000142 -4.701217011769401
5.286182187411386 -4.268294022540074
5.629115276029743 -3.8046178770706205
5.931490460093433 -3.313529372614245
6.191129119472355 -2.7985668130988444
6.406160551676085 -2.2634405155660517
6.575035450308159 -1.7120060772519856
6.696537067854174 -1.1482365959207963
6.769789982375507 -0.5761940436042111
1.0 0.5 0.4 0.32000000000000006 0.25600000000000006 0.20480000000000007 0.16384000000000007 0.13107200000000005 0.10485760000000005 0.08388608000000004 0.06710886400000003 0.05368709120000003 0.042949672960000025 0.03435973836800002 0.027487790694400018 0.021990232555520017 0.017592186044416015 0.014073748835532814 0.011258999068426251 0.009007199254741001 0.007205759403792801 0.0057646075230342415 0.0046116860184273935 0.003689348814741915 