0.0 0.0
1.386801187180148 0.0
1.3395470826256453 0.358930559013008
1.2010050580964267 0.6934005935900739
0.9806165236126373 0.9806165236126372
0.6934005935900741 1.2010050580964264
0.358930559013008 1.3395470826256453
8.491708174669588e-17 1.386801187180148
-0.35893055901300785 1.3395470826256453
-0.6934005935900737 1.2010050580964267
-0.9806165236126372 0.9806165236126373
-1.2010050580964267 0.6934005935900739
-1.3395470826256453 0.3589305590130084
-1.386801187180148 1.6983416349339176e-16
-1.3395470826256453 -0.35893055901300813
-1.2010050580964269 -0.6934005935900737
-0.9806165236126377 -0.9806165236126367
-0.6934005935900747 -1.2010050580964262
-0.35893055901300785 -1.3395470826256453
-2.547512452400876e-16 -1.386801187180148
0.3589305590130074 -1.3395470826256455
0.6934005935900741 -1.2010050580964264
0.980616523612637 -0.9806165236126375
1.2010050580964262 -0.6934005935900747
1.339547082625645 -0.3589305590130092
2.2106059444016046 0.0
2.135281373445646 0.5721469196279794
1.9144409056086802 1.105302972200802
1.5631344538176668 1.5631344538176666
1.1053029722008025 1.91444090560868
0.5721469196279794 2.135281373445646
1.3536057469937686e-16 2.2106059444016046
-0.5721469196279791 2.135281373445646
-1.1053029722008019 1.9144409056086802
-1.5631344538176666 1.5631344538176668
-1.9144409056086802 1.105302972200802
-2.135281373445646 0.5721469196279799
-2.2106059444016046 2.707211493987537e-16
-2.135281373445646 -0.5721469196279795
-1.9144409056086804 -1.1053029722008016
-1.5631344538176675 -1.563134453817666
-1.1053029722008032 -1.9144409056086793
-0.5721469196279791 -2.135281373445646
-4.060817240981305e-16 -2.2106059444016046
0.5721469196279784 -2.1352813734456464
1.1053029722008025 -1.91444090560868
1.5631344538176664 -1.563134453817667
1.9144409056086793 -1.1053029722008032
2.1352813734456455 -0.5721469196279813
2.7477770504940158 0.0
2.654148817956571 0.7111770323634821
2.3796447296636942 1.3738885252470077
1.942971785593089 1.9429717855930888
1.373888525247008 2.379644729663694
0.7111770323634821 2.654148817956571
1.6825281848290258e-16 2.7477770504940158
-0.7111770323634817 2.654148817956571
-1.3738885252470072 2.3796447296636942
-1.9429717855930888 1.942971785593089
-2.3796447296636942 1.3738885252470077
-2.6541488179565706 0.7111770323634828
-2.7477770504940158 3.3650563696580515e-16
-2.654148817956571 -0.7111770323634822
-2.3796447296636942 -1.3738885252470072
-1.94297178559309 -1.942971785593088
-1.373888525247009 -2.3796447296636933
-0.7111770323634817 -2.654148817956571
-5.047584554487077e-16 -2.7477770504940158
0.7111770323634808 -2.6541488179565715
1.373888525247008 -2.379644729663694
1.9429717855930886 -1.9429717855930895
2.3796447296636933 -1.373888525247009
2.6541488179565706 -0.7111770323634844
3.1224448647663037 0.0
3.01605013604145 0.8081481982840842
2.7041165748038853 1.5612224323831516
2.2079019377573657 2.2079019377573657
1.5612224323831523 2.704116574803885
0.8081481982840842 3.01605013604145
1.911946054575072e-16 3.1224448647663037
-0.8081481982840839 3.01605013604145
-1.5612224323831512 2.7041165748038853
-2.2079019377573657 2.2079019377573657
-2.7041165748038853 1.5612224323831516
-3.0160501360414496 0.8081481982840851
-3.1224448647663037 3.823892109150144e-16
-3.01605013604145 -0.8081481982840844
-2.704116574803886 -1.561222432383151
-2.207901937757367 -2.2079019377573643
-1.5612224323831532 -2.704116574803884
-0.8081481982840839 -3.01605013604145
-5.735838163725216e-16 -3.1224448647663037
0.8081481982840828 -3.0160501360414504
1.5612224323831523 -2.704116574803885
2.207901937757365 -2.207901937757366
2.704116574803884 -1.5612224323831532
3.0160501360414496 -0.8081481982840868
3.4641670174675765 0.0
3.346128388750706 0.8965923995366054
3.0000566400790927 1.732083508733788
2.449535989214101 2.4495359892141004
1.7320835087337887 3.0000566400790922
0.8965923995366054 3.346128388750706
2.1211905248267504e-16 3.4641670174675765
-0.8965923995366051 3.346128388750706
-1.7320835087337876 3.0000566400790927
-2.4495359892141004 2.449535989214101
-3.0000566400790927 1.732083508733788
-3.3461283887507056 0.8965923995366064
-3.4641670174675765 4.242381049653501e-16
-3.346128388750706 -0.8965923995366056
-3.000056640079093 -1.7320835087337874
-2.4495359892141018 -2.449535989214099
-1.7320835087337898 -3.0000566400790913
-0.8965923995366051 -3.346128388750706
-6.363571574480251e-16 -3.4641670174675765
0.8965923995366039 -3.3461283887507065
1.7320835087337887 -3.0000566400790922
2.4495359892141 -2.4495359892141013
3.0000566400790913 -1.7320835087337898
3.346128388750705 -0.8965923995366083
3.7430388968118242 0.0
3.615497939235084 0.968769753054429
3.24156677199232 1.871519448405912
2.646728186180655 2.6467281861806544
1.8715194484059126 3.2415667719923196
0.968769753054429 3.615497939235084
2.2919503020323203e-16 3.7430388968118242
-0.9687697530544286 3.615497939235084
-1.8715194484059112 3.24156677199232
-2.6467281861806544 2.646728186180655
-3.24156677199232 1.871519448405912
-3.6154979392350834 0.96876975305443
-3.7430388968118242 4.583900604064641e-16
-3.615497939235084 -0.9687697530544293
-3.2415667719923205 -1.871519448405911
-2.646728186180656 -2.6467281861806535
-1.8715194484059137 -3.2415667719923187
-0.9687697530544286 -3.615497939235084
-6.875850906096961e-16 -3.7430388968118242
0.9687697530544274 -3.6154979392350843
1.8715194484059126 -3.2415667719923196
2.646728186180654 -2.6467281861806553
3.2415667719923187 -1.8715194484059137
3.615497939235083 -0.9687697530544321
4.056720556336774 0.0
3.918491155403448 1.0499565406388507
3.513223057842188 2.0283602781683867
2.868534614764597 2.8685346147645965
2.0283602781683876 3.5132230578421875
1.0499565406388507 3.918491155403448
2.4840249221765504e-16 4.056720556336774
-1.0499565406388502 3.918491155403448
-2.0283602781683863 3.513223057842188
-2.8685346147645965 2.868534614764597
-3.513223057842188 2.0283602781683867
-3.9184911554034474 1.0499565406388518
-4.056720556336774 4.968049844353101e-16
-3.918491155403448 -1.049956540638851
-3.5132230578421884 -2.028360278168386
-2.8685346147645983 -2.868534614764595
-2.028360278168389 -3.5132230578421866
-1.0499565406388502 -3.918491155403448
-7.45207476652965e-16 -4.056720556336774
1.049956540638849 -3.9184911554034483
2.0283602781683876 -3.5132230578421875
2.868534614764596 -2.8685346147645974
3.5132230578421866 -2.028360278168389
3.9184911554034465 -1.049956540638854
4.262187649961523 0.0
4.1169571275881465 1.1031353376107982
3.691162780562976 2.131093824980761
3.013821789977348 3.0138217899773476
2.131093824980762 3.691162780562975
1.1031353376107982 4.1169571275881465
2.6098372314453794e-16 4.262187649961523
-1.1031353376107977 4.1169571275881465
-2.1310938249807605 3.691162780562976
-3.0138217899773476 3.013821789977348
-3.691162780562976 2.131093824980761
-4.116957127588146 1.1031353376107995
-4.262187649961523 5.219674462890759e-16
-4.1169571275881465 -1.1031353376107984
-3.6911627805629763 -2.13109382498076
-3.0138217899773494 -3.013821789977346
-2.131093824980763 -3.691162780562974
-1.1031353376107977 -4.1169571275881465
-7.829511694336137e-16 -4.262187649961523
1.1031353376107964 -4.1169571275881465
2.131093824980762 -3.691162780562975
3.013821789977347 -3.0138217899773485
3.691162780562974 -2.131093824980763
4.116957127588146 -1.1031353376108017
4.593773154371822 0.0
4.437244129921142 1.1889559812321095
3.9783242509089716 2.2968865771859104
3.2482881486890323 3.248288148689032
2.2968865771859113 3.978324250908971
1.1889559812321095 4.437244129921142
2.812874794755246e-16 4.593773154371822
-1.1889559812321089 4.437244129921142
-2.29688657718591 3.9783242509089716
-3.248288148689032 3.2482881486890323
-3.9783242509089716 2.2968865771859104
-4.437244129921141 1.1889559812321107
-4.593773154371822 5.625749589510492e-16
-4.437244129921142 -1.1889559812321098
-3.978324250908972 -2.2968865771859095
-3.2482881486890336 -3.24828814868903
-2.296886577185913 -3.97832425090897
-1.1889559812321089 -4.437244129921142
-8.438624384265737e-16 -4.593773154371822
1.1889559812321073 -4.437244129921142
2.2968865771859113 -3.978324250908971
3.248288148689031 -3.2482881486890327
3.97832425090897 -2.296886577185913
4.43724412992114 -1.1889559812321133
4.432169598231564 0.0
4.281147081425111 1.1471299031467164
3.8383714659496038 2.2160847991157815
3.1340171782783948 3.1340171782783943
2.2160847991157824 3.838371465949603
1.1471299031467164 4.281147081425111
2.713921155876248e-16 4.432169598231564
-1.147129903146716 4.281147081425111
-2.216084799115781 3.8383714659496038
-3.1340171782783943 3.1340171782783948
-3.8383714659496038 2.2160847991157815
-4.281147081425111 1.1471299031467175
-4.432169598231564 5.427842311752496e-16
-4.281147081425111 -1.1471299031467166
-3.838371465949604 -2.2160847991157806
-3.1340171782783965 -3.134017178278393
-2.2160847991157837 -3.838371465949602
-1.147129903146716 -4.281147081425111
-8.141763467628742e-16 -4.432169598231564
1.1471299031467144 -4.281147081425112
2.2160847991157824 -3.838371465949603
3.134017178278394 -3.134017178278395
3.838371465949602 -2.2160847991157837
4.28114708142511 -1.1471299031467201
4.917764182055311 0.0
4.750195431046561 1.2728110296389346
4.258908711481101 2.458882091027655
3.477384401407626 3.4773844014076256
2.458882091027656 4.258908711481101
1.2728110296389346 4.750195431046561
3.0112620822577695e-16 4.917764182055311
-1.272811029638934 4.750195431046561
-2.4588820910276548 4.258908711481101
-3.4773844014076256 3.477384401407626
-4.258908711481101 2.458882091027655
-4.75019543104656 1.2728110296389359
-4.917764182055311 6.022524164515539e-16
-4.750195431046561 -1.272811029638935
-4.2589087114811015 -2.4588820910276543
-3.477384401407628 -3.477384401407624
-2.458882091027658 -4.258908711481099
-1.272811029638934 -4.750195431046561
-9.033786246773308e-16 -4.917764182055311
1.2728110296389323 -4.750195431046561
2.458882091027656 -4.258908711481101
3.477384401407625 -3.4773844014076265
4.258908711481099 -2.458882091027658
4.75019543104656 -1.2728110296389388
4.783213864918243 0.0
4.620229804788481 1.2379868450392773
4.142384718753147 2.391606932459121
3.3822429597492043 3.382242959749204
2.391606932459122 4.142384718753147
1.2379868450392773 4.620229804788481
2.928873774654683e-16 4.783213864918243
-1.2379868450392766 4.620229804788481
-2.3916069324591205 4.142384718753147
-3.382242959749204 3.3822429597492043
-4.142384718753147 2.391606932459121
-4.620229804788481 1.2379868450392786
-4.783213864918243 5.857747549309366e-16
-4.620229804788481 -1.2379868450392775
-4.1423847187531475 -2.39160693245912
-3.382242959749206 -3.382242959749202
-2.3916069324591236 -4.142384718753145
-1.2379868450392766 -4.620229804788481
-8.786621323964049e-16 -4.783213864918243
1.237986845039275 -4.620229804788482
2.391606932459122 -4.142384718753147
3.3822429597492034 -3.3822429597492047
4.142384718753145 -2.3916069324591236
4.62022980478848 -1.2379868450392812
3.9070325216942 0.0
3.773903616855732 1.0112144264493865
3.383589417199153 1.9535162608470997
2.7626891904063458 2.7626891904063453
1.9535162608471004 3.3835894171991527
1.0112144264493865 3.773903616855732
2.392367435928707e-16 3.9070325216942
-1.011214426449386 3.773903616855732
-1.953516260847099 3.383589417199153
-2.7626891904063453 2.7626891904063458
-3.383589417199153 1.9535162608470997
-3.7739036168557316 1.0112144264493876
-3.9070325216942 4.784734871857414e-16
-3.773903616855732 -1.0112144264493867
-3.3835894171991536 -1.9535162608470988
-2.762689190406347 -2.762689190406344
-1.9535162608471017 -3.383589417199152
-1.011214426449386 -3.773903616855732
-7.17710230778612e-16 -3.9070325216942
1.0112144264493848 -3.7739036168557325
1.9535162608471004 -3.3835894171991527
2.762689190406345 -2.762689190406346
3.383589417199152 -1.9535162608471017
3.773903616855731 -1.0112144264493896
5.278296716474975 0.0
5.098443117259966 1.3661237159258235
4.571139045179317 2.639148358237487
3.7323194013341423 3.732319401334142
2.6391483582374877 4.571139045179316
1.3661237159258235 5.098443117259966
3.232024589390531e-16 5.278296716474975
-1.366123715925823 5.098443117259966
-2.639148358237486 4.571139045179317
-3.732319401334142 3.7323194013341423
-4.571139045179317 2.639148358237487
-5.098443117259965 1.366123715925825
-5.278296716474975 6.464049178781062e-16
-5.098443117259966 -1.366123715925824
-4.571139045179318 -2.639148358237486
-3.732319401334144 -3.73231940133414
-2.6391483582374895 -4.571139045179315
-1.366123715925823 -5.098443117259966
-9.696073768171593e-16 -5.278296716474975
1.3661237159258213 -5.098443117259967
2.6391483582374877 -4.571139045179316
3.7323194013341414 -3.7323194013341427
4.571139045179315 -2.6391483582374895
5.098443117259965 -1.366123715925828
5.118376349519833 0.0
4.94397190466837 1.324733279258049
4.432643944813635 2.559188174759916
3.6192386254103206 3.61923862541032
2.559188174759917 4.432643944813634
1.324733279258049 4.94397190466837
3.134101606635489e-16 5.118376349519833
-1.3247332792580486 4.94397190466837
-2.5591881747599152 4.432643944813635
-3.61923862541032 3.6192386254103206
-4.432643944813635 2.559188174759916
-4.943971904668369 1.3247332792580506
-5.118376349519833 6.268203213270978e-16
-4.94397190466837 -1.3247332792580495
-4.432643944813635 -2.5591881747599152
-3.6192386254103224 -3.6192386254103184
-2.5591881747599188 -4.432643944813633
-1.3247332792580486 -4.94397190466837
-9.402304819906467e-16 -5.118376349519833
1.3247332792580468 -4.943971904668371
2.559188174759917 -4.432643944813634
3.6192386254103197 -3.6192386254103215
4.432643944813633 -2.5591881747599188
4.943971904668369 -1.3247332792580535
5.031808059678654 0.0
4.860353357773097 1.3023277571451968
4.357673606649 2.5159040298393265
3.5580256006279005 3.5580256006278996
2.5159040298393274 4.357673606648999
1.3023277571451968 4.860353357773097
3.0810938171046586e-16 5.031808059678654
-1.3023277571451963 4.860353357773097
-2.5159040298393256 4.357673606649
-3.5580256006278996 3.5580256006279005
-4.357673606649 2.5159040298393265
-4.860353357773096 1.3023277571451983
-5.031808059678654 6.162187634209317e-16
-4.860353357773097 -1.3023277571451972
-4.357673606649 -2.5159040298393256
-3.5580256006279023 -3.5580256006278983
-2.515904029839329 -4.357673606648998
-1.3023277571451963 -4.860353357773097
-9.243281451313975e-16 -5.031808059678654
1.3023277571451946 -4.860353357773098
2.5159040298393274 -4.357673606648999
3.558025600627899 -3.558025600627901
4.357673606648998 -2.515904029839329
4.860353357773096 -1.302327757145201
-2.976578181168318 -0.0
-2.87515373915902 -0.770395122522982
-2.5777923212422427 -1.4882890905841588
-2.1047586166360377 -2.1047586166360372
-1.4882890905841593 -2.5777923212422427
-0.770395122522982 -2.87515373915902
-1.8226284709898156e-16 -2.976578181168318
0.7703951225229817 -2.87515373915902
1.4882890905841584 -2.5777923212422427
2.1047586166360372 -2.1047586166360377
2.5777923212422427 -1.4882890905841588
2.8751537391590194 -0.7703951225229829
2.976578181168318 -3.645256941979631e-16
2.87515373915902 0.7703951225229823
2.577792321242243 1.4882890905841581
2.1047586166360386 2.1047586166360364
1.4882890905841604 2.577792321242242
0.7703951225229817 2.87515373915902
5.467885412969446e-16 2.976578181168318
-0.7703951225229807 2.87515373915902
-1.4882890905841593 2.5777923212422427
-2.104758616636037 2.104758616636038
-2.577792321242242 1.4882890905841604
-2.875153739159019 0.7703951225229846
4.700645907278836 0.0
4.540475282080637 1.2166166850869806
4.070878769898823 2.3503229536394175
3.3238585969936563 3.323858596993656
2.3503229536394183 4.0708787698988225
1.2166166850869806 4.540475282080637
2.878315482137066e-16 4.700645907278836
-1.21661668508698 4.540475282080637
-2.350322953639417 4.070878769898823
-3.323858596993656 3.3238585969936563
-4.070878769898823 2.3503229536394175
-4.540475282080636 1.2166166850869817
-4.700645907278836 5.756630964274132e-16
-4.540475282080637 -1.2166166850869808
-4.070878769898823 -2.3503229536394166
-3.3238585969936576 -3.323858596993654
-2.35032295363942 -4.070878769898822
-1.21661668508698 -4.540475282080637
-8.634946446411198e-16 -4.700645907278836
1.2166166850869784 -4.540475282080637
2.3503229536394183 -4.0708787698988225
3.323858596993655 -3.3238585969936567
4.070878769898822 -2.35032295363942
4.540475282080636 -1.2166166850869844
5.407514864966592 0.0
5.223258264113275 1.3995678337283397
4.683045244403047 2.7037574324832954
3.823690430384935 3.8236904303849344
2.7037574324832963 4.683045244403046
1.3995678337283397 5.223258264113275
3.311147885361534e-16 5.407514864966592
-1.399567833728339 5.223258264113275
-2.7037574324832945 4.683045244403047
-3.8236904303849344 3.823690430384935
-4.683045244403047 2.7037574324832954
-5.223258264113274 1.399567833728341
-5.407514864966592 6.622295770723068e-16
-5.223258264113275 -1.39956783372834
-4.683045244403048 -2.7037574324832945
-3.823690430384937 -3.8236904303849326
-2.703757432483298 -4.683045244403045
-1.399567833728339 -5.223258264113275
-9.933443656084601e-16 -5.407514864966592
1.3995678337283373 -5.223258264113276
2.7037574324832963 -4.683045244403046
3.823690430384934 -3.8236904303849357
4.683045244403045 -2.703757432483298
5.223258264113274 -1.3995678337283441
5.192007089654119 0.0
5.0150937381728555 1.343790317109797
4.496410036269377 2.596003544827059
3.671303421063059 3.671303421063058
2.59600354482706 4.496410036269376
1.343790317109797 5.0150937381728555
3.179187431747641e-16 5.192007089654119
-1.3437903171097962 5.0150937381728555
-2.596003544827058 4.496410036269377
-3.671303421063058 3.671303421063059
-4.496410036269377 2.596003544827059
-5.0150937381728555 1.3437903171097982
-5.192007089654119 6.358374863495282e-16
-5.0150937381728555 -1.3437903171097971
-4.496410036269378 -2.596003544827058
-3.6713034210630604 -3.6713034210630564
-2.5960035448270617 -4.496410036269375
-1.3437903171097962 -5.0150937381728555
-9.537562295242923e-16 -5.192007089654119
1.3437903171097947 -5.015093738172856
2.59600354482706 -4.496410036269376
3.6713034210630577 -3.6713034210630595
4.496410036269375 -2.5960035448270617
5.015093738172855 -1.3437903171098011
1.0 0.5 0.4 0.32000000000000006 0.25600000000000006 0.20480000000000007 0.16384000000000007 0.13107200000000005 0.10485760000000005 0.08388608000000004 0.06710886400000003 0.05368709120000003 0.042949672960000025 0.03435973836800002 0.027487790694400018 0.021990232555520017 0.017592186044416015 0.014073748835532814 0.011258999068426251 0.009007199254741001 0.007205759403792801 