0.0 0.0
2.4866297063721765 0.0
2.480832798588961 0.1696936123071205
2.463469103099363 0.33859603465988286
2.434619577467165 0.5059197659967244
2.3944187314983507 0.6708846658423526
2.3430540000942988 0.8327215916827677
2.280764869343747 0.9906759850627145
2.207841759928094 1.144011389685519
2.124624673046125 1.2920128851123058
2.031501605171464 1.433990420051104
1.9289067390339134 1.5692820296945131
1.8173184192591383 1.6972569221052078
1.697256922105208 1.817318419259138
1.5692820296945131 1.9289067390339134
1.4339904200511044 2.0315016051714636
1.2920128851123058 2.124624673046125
1.1440113896855193 2.207841759928094
0.9906759850627143 2.280764869343747
0.8327215916827679 2.3430540000942988
0.670884665842353 2.3944187314983507
0.5059197659967244 2.434619577467165
0.33859603465988286 2.463469103099363
0.1696936123071211 2.480832798588961
1.5226215552867043e-16 2.4866297063721765
-0.16969361230712024 2.480832798588961
-0.3385960346598831 2.463469103099363
-0.5059197659967246 2.434619577467165
-0.6708846658423522 2.394418731498351
-0.8327215916827677 2.3430540000942988
-0.9906759850627145 2.280764869343747
-1.144011389685519 2.207841759928094
-1.2920128851123052 2.124624673046125
-1.433990420051104 2.031501605171464
-1.5692820296945134 1.9289067390339134
-1.6972569221052083 1.8173184192591378
-1.8173184192591383 1.697256922105208
-1.9289067390339132 1.5692820296945136
-2.0315016051714636 1.4339904200511044
-2.124624673046124 1.2920128851123067
-2.207841759928094 1.1440113896855195
-2.280764869343747 0.9906759850627144
-2.3430540000942988 0.832721591682768
-2.3944187314983507 0.6708846658423526
-2.434619577467165 0.5059197659967251
-2.4634691030993627 0.3385960346598841
-2.4808327985889616 0.16969361230712018
-2.4866297063721765 3.0452431105734087e-16
-2.480832798588961 -0.16969361230712066
-2.463469103099363 -0.33859603465988236
-2.434619577467165 -0.5059197659967234
-2.3944187314983507 -0.670884665842353
-2.3430540000942988 -0.8327215916827675
-2.2807648693437463 -0.9906759850627148
-2.2078417599280944 -1.1440113896855189
-2.1246246730461253 -1.292012885112305
-2.0315016051714636 -1.4339904200511047
-1.9289067390339134 -1.5692820296945131
-1.8173184192591385 -1.6972569221052074
-1.697256922105208 -1.817318419259138
-1.5692820296945138 -1.928906739033913
-1.4339904200511044 -2.0315016051714636
-1.2920128851123058 -2.124624673046125
-1.1440113896855206 -2.2078417599280935
-0.9906759850627135 -2.280764869343747
-0.8327215916827683 -2.3430540000942988
-0.6708846658423527 -2.3944187314983507
-0.5059197659967242 -2.434619577467165
-0.33859603465988425 -2.4634691030993627
-0.1696936123071192 -2.4808327985889616
-4.567864665860113e-16 -2.4866297063721765
0.1696936123071205 -2.480832798588961
0.33859603465988336 -2.463469103099363
0.5059197659967233 -2.4346195774671653
0.6708846658423518 -2.394418731498351
0.8327215916827674 -2.3430540000942988
0.9906759850627146 -2.2807648693437463
1.1440113896855177 -2.207841759928095
1.292012885112305 -2.1246246730461253
1.4339904200511038 -2.0315016051714645
1.5692820296945131 -1.9289067390339134
1.6972569221052083 -1.817318419259138
1.8173184192591372 -1.697256922105209
1.928906739033913 -1.5692820296945138
2.031501605171465 -1.4339904200511027
2.124624673046125 -1.2920128851123058
2.2078417599280944 -1.1440113896855186
2.280764869343746 -0.9906759850627156
2.3430540000942988 -0.8327215916827684
2.3944187314983503 -0.670884665842355
2.434619577467165 -0.5059197659967243
2.463469103099363 -0.3385960346598822
2.480832798588961 -0.16969361230712154
3.716824996205532 0.0
3.7081602192610035 0.25364510779519955
3.682206287617359 0.5061076050104768
3.639084210484747 0.7562103949423482
3.5789950428927253 1.0027873829319716
3.502218948278906 1.2446889132367358
3.4091138922376767 1.4807871292560362
3.3001139735193563 1.7099812321193877
3.1757274000614353 1.9312026131189057
3.0365341194885707 2.143419836056396
2.8831831151290435 2.345643446275038
2.7163893801549053 2.536930583953748
2.5369305839537484 2.716389380154905
2.345643446275038 2.8831831151290435
2.1434198360563963 3.03653411948857
1.9312026131189057 3.1757274000614353
1.709981232119388 3.3001139735193563
1.480787129256036 3.4091138922376767
1.2446889132367362 3.5022189482789057
1.0027873829319722 3.5789950428927253
0.7562103949423481 3.639084210484747
0.5061076050104768 3.682206287617359
0.2536451077952005 3.7081602192610035
2.275898917296989e-16 3.716824996205532
-0.2536451077951992 3.7081602192610035
-0.5061076050104771 3.682206287617359
-0.7562103949423485 3.639084210484747
-1.002787382931971 3.5789950428927257
-1.2446889132367358 3.502218948278906
-1.4807871292560362 3.4091138922376767
-1.7099812321193875 3.3001139735193563
-1.9312026131189048 3.1757274000614357
-2.143419836056396 3.0365341194885707
-2.3456434462750386 2.8831831151290435
-2.536930583953749 2.7163893801549044
-2.7163893801549053 2.5369305839537484
-2.883183115129043 2.345643446275039
-3.03653411948857 2.1434198360563963
-3.175727400061435 1.931202613118907
-3.3001139735193563 1.7099812321193881
-3.4091138922376767 1.4807871292560362
-3.5022189482789057 1.2446889132367362
-3.5789950428927253 1.0027873829319716
-3.6390842104847465 0.7562103949423492
-3.6822062876173587 0.5061076050104787
-3.708160219261004 0.2536451077951991
-3.716824996205532 4.551797834593978e-16
-3.7081602192610035 -0.25364510779519983
-3.682206287617359 -0.506107605010476
-3.639084210484747 -0.7562103949423467
-3.5789950428927253 -1.0027873829319722
-3.502218948278906 -1.2446889132367356
-3.4091138922376762 -1.4807871292560366
-3.3001139735193568 -1.7099812321193872
-3.175727400061436 -1.9312026131189046
-3.0365341194885698 -2.1434198360563967
-2.8831831151290435 -2.345643446275038
-2.7163893801549057 -2.5369305839537475
-2.5369305839537484 -2.716389380154905
-2.3456434462750395 -2.8831831151290426
-2.1434198360563963 -3.03653411948857
-1.9312026131189057 -3.1757274000614353
-1.7099812321193897 -3.3001139735193554
-1.4807871292560348 -3.409113892237677
-1.2446889132367365 -3.5022189482789057
-1.0027873829319718 -3.5789950428927253
-0.7562103949423479 -3.639084210484747
-0.5061076050104788 -3.6822062876173587
-0.25364510779519767 -3.708160219261004
-6.827696751890967e-16 -3.716824996205532
0.25364510779519955 -3.7081602192610035
0.5061076050104775 -3.682206287617359
0.7562103949423465 -3.6390842104847474
1.0027873829319705 -3.5789950428927257
1.2446889132367354 -3.502218948278906
1.4807871292560364 -3.4091138922376762
1.7099812321193855 -3.3001139735193576
1.9312026131189046 -3.175727400061436
2.1434198360563954 -3.036534119488571
2.345643446275038 -2.8831831151290435
2.536930583953749 -2.716389380154905
2.7163893801549035 -2.5369305839537493
2.8831831151290426 -2.3456434462750395
3.0365341194885715 -2.143419836056394
3.1757274000614353 -1.9312026131189057
3.3001139735193568 -1.7099812321193868
3.409113892237676 -1.480787129256038
3.5022189482789057 -1.2446889132367367
3.5789950428927244 -1.0027873829319751
3.639084210484747 -0.7562103949423481
3.682206287617359 -0.5061076050104758
3.7081602192610035 -0.25364510779520116
4.7014273017313695 0.0
4.690467189557133 0.3208367453287018
4.657637954136775 0.6401776016463688
4.6030926605204225 0.9565336544670663
4.5270856240460535 1.2684299058366044
4.429971224603999 1.574412151453887
4.3122022543542995 1.8730537608426518
4.174327806600647 2.1629623289613114
4.016990715663921 2.442786168238015
3.840924559691848 2.7112206107620764
3.6469502403790384 2.9670140912480307
3.4359721555443445 3.2089739824107415
3.208973982410742 3.435972155544344
2.9670140912480307 3.6469502403790384
2.711220610762077 3.8409245596918478
2.442786168238015 4.016990715663921
2.162962328961312 4.174327806600647
1.8730537608426514 4.3122022543542995
1.5744121514538876 4.429971224603998
1.268429905836605 4.5270856240460535
0.9565336544670662 4.6030926605204225
0.6401776016463688 4.657637954136775
0.320836745328703 4.690467189557133
2.8787939482446496e-16 4.7014273017313695
-0.3208367453287014 4.690467189557133
-0.6401776016463693 4.657637954136775
-0.9565336544670667 4.6030926605204225
-1.2684299058366035 4.527085624046054
-1.574412151453887 4.429971224603999
-1.8730537608426518 4.3122022543542995
-2.162962328961311 4.174327806600647
-2.442786168238014 4.016990715663922
-2.7112206107620764 3.840924559691848
-2.9670140912480316 3.6469502403790384
-3.2089739824107424 3.4359721555443437
-3.4359721555443445 3.208973982410742
-3.646950240379038 2.967014091248032
-3.8409245596918478 2.711220610762077
-4.01699071566392 2.4427861682380168
-4.174327806600647 2.162962328961312
-4.3122022543542995 1.8730537608426516
-4.429971224603998 1.5744121514538878
-4.5270856240460535 1.2684299058366044
-4.6030926605204225 0.9565336544670675
-4.657637954136775 0.6401776016463712
-4.6904671895571335 0.3208367453287012
-4.7014273017313695 5.757587896489299e-16
-4.690467189557133 -0.32083674532870216
-4.657637954136775 -0.6401776016463679
-4.6030926605204225 -0.9565336544670644
-4.5270856240460535 -1.268429905836605
-4.429971224603999 -1.5744121514538867
-4.3122022543542995 -1.8730537608426523
-4.1743278066006475 -2.162962328961311
-4.016990715663923 -2.4427861682380136
-3.8409245596918473 -2.7112206107620778
-3.6469502403790384 -2.9670140912480307
-3.4359721555443454 -3.208973982410741
-3.208973982410742 -3.435972155544344
-2.9670140912480325 -3.6469502403790375
-2.711220610762077 -3.8409245596918478
-2.442786168238015 -4.016990715663921
-2.162962328961314 -4.174327806600646
-1.87305376084265 -4.3122022543543
-1.574412151453888 -4.429971224603998
-1.2684299058366046 -4.5270856240460535
-0.9565336544670657 -4.6030926605204225
-0.6401776016463715 -4.657637954136775
-0.3208367453286994 -4.6904671895571335
-8.636381844733948e-16 -4.7014273017313695
0.3208367453287018 -4.690467189557133
0.6401776016463697 -4.657637954136775
0.9565336544670641 -4.603092660520423
1.268429905836603 -4.527085624046054
1.5744121514538865 -4.429971224603999
1.873053760842652 -4.3122022543542995
2.1629623289613087 -4.174327806600648
2.4427861682380136 -4.016990715663923
2.711220610762076 -3.840924559691849
2.9670140912480307 -3.6469502403790384
3.2089739824107424 -3.435972155544344
3.4359721555443428 -3.2089739824107437
3.6469502403790375 -2.9670140912480325
3.84092455969185 -2.7112206107620738
4.016990715663921 -2.442786168238015
4.1743278066006475 -2.1629623289613105
4.312202254354299 -1.8730537608426538
4.429971224603998 -1.5744121514538882
4.527085624046053 -1.2684299058366089
4.6030926605204225 -0.9565336544670661
4.657637954136775 -0.6401776016463675
4.690467189557133 -0.3208367453287038
5.7069512516234 0.0
5.693647031037524 0.38945612636531046
5.653796399697749 0.7770964284891888
5.587585159643187 1.161113548341035
5.495322018239332 1.5397170208385316
5.377437148841821 1.911141621822368
5.234480185129673 2.273655598346134
5.067117658459351 2.6255687429079653
4.876129890187903 2.9652402739781474
4.662407353454578 3.291086486080026
4.426946521383991 3.601588133756005
4.170845221068435 3.895297514991183
3.8952975149911837 4.170845221068434
3.601588133756005 4.426946521383991
3.2910864860800264 4.662407353454577
2.9652402739781474 4.876129890187903
2.6255687429079657 5.067117658459351
2.2736555983461333 5.234480185129673
1.9111416218223687 5.377437148841821
1.5397170208385325 5.495322018239332
1.1611135483410349 5.587585159643187
0.7770964284891888 5.653796399697749
0.38945612636531185 5.693647031037524
3.4944997915952885e-16 5.7069512516234
-0.3894561263653099 5.693647031037524
-0.7770964284891893 5.653796399697749
-1.1611135483410355 5.587585159643187
-1.5397170208385307 5.4953220182393325
-1.911141621822368 5.377437148841821
-2.273655598346134 5.234480185129673
-2.625568742907965 5.067117658459351
-2.965240273978146 4.8761298901879035
-3.291086486080026 4.662407353454578
-3.601588133756006 4.426946521383991
-3.895297514991184 4.170845221068434
-4.170845221068435 3.8952975149911837
-4.42694652138399 3.6015881337560063
-4.662407353454577 3.2910864860800264
-4.876129890187902 2.965240273978149
-5.067117658459351 2.6255687429079657
-5.234480185129673 2.2736555983461337
-5.377437148841821 1.9111416218223691
-5.495322018239332 1.5397170208385316
-5.5875851596431865 1.1611135483410364
-5.6537963996977485 0.7770964284891916
-5.693647031037525 0.38945612636530974
-5.7069512516234 6.988999583190577e-16
-5.693647031037524 -0.38945612636531085
-5.653796399697749 -0.7770964284891877
-5.587585159643187 -1.1611135483410326
-5.495322018239332 -1.5397170208385325
-5.377437148841821 -1.9111416218223678
-5.234480185129672 -2.2736555983461346
-5.067117658459352 -2.625568742907965
-4.8761298901879035 -2.9652402739781456
-4.662407353454576 -3.2910864860800273
-4.426946521383991 -3.601588133756005
-4.1708452210684355 -3.8952975149911824
-3.8952975149911837 -4.170845221068434
-3.601588133756007 -4.42694652138399
-3.2910864860800264 -4.662407353454577
-2.9652402739781474 -4.876129890187903
-2.6255687429079684 -5.06711765845935
-2.273655598346132 -5.234480185129673
-1.9111416218223694 -5.377437148841821
-1.5397170208385318 -5.495322018239332
-1.1611135483410344 -5.587585159643187
-0.7770964284891919 -5.6537963996977485
-0.3894561263653075 -5.693647031037525
-1.0483499374785865e-15 -5.7069512516234
0.38945612636531046 -5.693647031037524
0.7770964284891898 -5.653796399697749
1.1611135483410324 -5.587585159643187
1.53971702083853 -5.4953220182393325
1.9111416218223676 -5.377437148841821
2.2736555983461346 -5.234480185129672
2.625568742907962 -5.0671176584593525
2.9652402739781456 -4.8761298901879035
3.291086486080025 -4.662407353454578
3.601588133756005 -4.426946521383991
3.895297514991184 -4.170845221068434
4.170845221068432 -3.8952975149911855
4.42694652138399 -3.601588133756007
4.662407353454579 -3.291086486080023
4.876129890187903 -2.9652402739781474
5.067117658459352 -2.625568742907964
5.234480185129671 -2.273655598346137
5.377437148841821 -1.9111416218223698
5.495322018239331 -1.539717020838537
5.587585159643187 -1.1611135483410346
5.653796399697749 -0.7770964284891871
5.693647031037524 -0.3894561263653129
6.796333103577911 0.0
6.780489282455492 0.463798173018361
6.733031690296115 0.925433904856098
6.65418159630175 1.3827548366315945
6.544306636009292 1.8336287270529184
6.403919097203988 2.2759533939110055
6.233673531397291 2.7076665154235284
6.0343637020055665 3.1267552457310503
5.806918883458628 3.5312655997135884
5.552399528493372 3.9193115633712443
5.271992323833596 4.289083887292086
4.967004657308699 4.638858522208094
4.6388585222080945 4.967004657308698
4.289083887292086 5.271992323833596
3.9193115633712448 5.552399528493371
3.5312655997135884 5.806918883458628
3.1267552457310503 6.0343637020055665
2.7076665154235275 6.233673531397291
2.2759533939110064 6.403919097203987
1.8336287270529195 6.544306636009292
1.3827548366315943 6.65418159630175
0.925433904856098 6.733031690296115
0.46379817301836274 6.780489282455492
4.161553790617943e-16 6.796333103577911
-0.46379817301836035 6.780489282455492
-0.9254339048560986 6.733031690296115
-1.3827548366315952 6.65418159630175
-1.8336287270529172 6.544306636009293
-2.2759533939110055 6.403919097203988
-2.7076665154235284 6.233673531397291
-3.12675524573105 6.0343637020055665
-3.531265599713587 5.8069188834586285
-3.9193115633712443 5.552399528493372
-4.289083887292087 5.271992323833596
-4.638858522208095 4.9670046573086974
-4.967004657308699 4.6388585222080945
-5.271992323833596 4.289083887292088
-5.552399528493371 3.9193115633712448
-5.806918883458626 3.5312655997135907
-6.0343637020055665 3.126755245731051
-6.233673531397291 2.707666515423528
-6.403919097203987 2.275953393911007
-6.544306636009292 1.8336287270529184
-6.654181596301749 1.3827548366315963
-6.733031690296114 0.9254339048561014
-6.780489282455493 0.4637981730183602
-6.796333103577911 8.323107581235886e-16
-6.780489282455492 -0.4637981730183615
-6.733031690296115 -0.9254339048560967
-6.65418159630175 -1.3827548366315918
-6.544306636009292 -1.8336287270529195
-6.403919097203988 -2.2759533939110055
-6.23367353139729 -2.7076665154235293
-6.034363702005567 -3.1267552457310495
-5.806918883458629 -3.5312655997135862
-5.55239952849337 -3.9193115633712456
-5.271992323833596 -4.289083887292086
-4.9670046573087 -4.638858522208093
-4.6388585222080945 -4.967004657308698
-4.2890838872920884 -5.2719923238335955
-3.9193115633712448 -5.552399528493371
-3.5312655997135884 -5.806918883458628
-3.126755245731054 -6.034363702005565
-2.7076665154235258 -6.233673531397292
-2.2759533939110073 -6.403919097203987
-1.8336287270529186 -6.544306636009292
-1.3827548366315938 -6.65418159630175
-0.9254339048561018 -6.733031690296114
-0.4637981730183575 -6.780489282455493
-1.2484661371853828e-15 -6.796333103577911
0.463798173018361 -6.780489282455492
0.9254339048560993 -6.733031690296115
1.3827548366315914 -6.6541815963017505
1.8336287270529164 -6.544306636009293
2.275953393911005 -6.403919097203988
2.707666515423529 -6.23367353139729
3.1267552457310464 -6.034363702005568
3.5312655997135862 -5.806918883458629
3.9193115633712434 -5.552399528493373
4.289083887292086 -5.271992323833596
4.638858522208095 -4.967004657308698
4.967004657308696 -4.638858522208096
5.2719923238335955 -4.2890838872920884
5.552399528493375 -3.9193115633712403
5.806918883458628 -3.5312655997135884
6.034363702005567 -3.1267552457310486
6.233673531397289 -2.7076665154235315
6.403919097203987 -2.2759533939110077
6.54430663600929 -1.8336287270529248
6.65418159630175 -1.3827548366315943
6.733031690296115 -0.9254339048560961
6.780489282455492 -0.46379817301836396
5.239731468862968 0.0
5.227516445429453 0.3575719208180213
5.1909283272068425 0.7134766762792245
5.130137704892057 1.0660548741212799
5.045428012428428 1.4136626320290808
4.937194205505822 1.7546792421729425
4.805940920094882 2.087514727696654
4.652280119601195 2.4106172559235466
4.476928241609395 2.722480373716785
4.280702857520425 3.021650031259302
4.064518860656258 3.306731361505259
3.829384200604899 3.576395183694114
3.5763951836941144 3.829384200604898
3.306731361505259 4.064518860656258
3.0216500312593024 4.280702857520425
2.722480373716785 4.476928241609395
2.410617255923547 4.652280119601195
2.0875147276966532 4.805940920094882
1.754679242172943 4.937194205505821
1.4136626320290817 5.045428012428428
1.0660548741212799 5.130137704892057
0.7134766762792245 5.1909283272068425
0.3575719208180226 5.227516445429453
3.2084101858673465e-16 5.239731468862968
-0.35757192081802075 5.227516445429453
-0.713476676279225 5.1909283272068425
-1.0660548741212803 5.130137704892057
-1.41366263202908 5.045428012428429
-1.7546792421729425 4.937194205505822
-2.087514727696654 4.805940920094882
-2.410617255923546 4.652280119601195
-2.722480373716784 4.476928241609396
-3.021650031259302 4.280702857520425
-3.30673136150526 4.064518860656258
-3.576395183694115 3.8293842006048977
-3.829384200604899 3.5763951836941144
-4.064518860656258 3.3067313615052605
-4.280702857520425 3.0216500312593024
-4.476928241609394 2.722480373716787
-4.652280119601195 2.410617255923547
-4.805940920094882 2.0875147276966537
-4.937194205505821 1.7546792421729431
-5.045428012428428 1.4136626320290808
-5.130137704892056 1.0660548741212812
-5.190928327206842 0.7134766762792271
-5.227516445429454 0.35757192081802064
-5.239731468862968 6.416820371734693e-16
-5.227516445429453 -0.35757192081802164
-5.1909283272068425 -0.7134766762792235
-5.130137704892057 -1.0660548741212779
-5.045428012428428 -1.4136626320290817
-4.937194205505822 -1.754679242172942
-4.805940920094882 -2.0875147276966546
-4.652280119601195 -2.410617255923546
-4.4769282416093965 -2.7224803737167833
-4.280702857520424 -3.0216500312593033
-4.064518860656258 -3.306731361505259
-3.8293842006048995 -3.576395183694113
-3.5763951836941144 -3.829384200604898
-3.306731361505261 -4.064518860656257
-3.0216500312593024 -4.280702857520425
-2.722480373716785 -4.476928241609395
-2.4106172559235497 -4.652280119601193
-2.087514727696652 -4.805940920094883
-1.7546792421729436 -4.937194205505821
-1.413662632029081 -5.045428012428428
-1.0660548741212794 -5.130137704892057
-0.7134766762792274 -5.190928327206842
-0.3575719208180186 -5.227516445429454
-9.62523055760204e-16 -5.239731468862968
0.3575719208180213 -5.227516445429453
0.7134766762792255 -5.1909283272068425
1.0660548741212774 -5.130137704892057
1.4136626320290793 -5.045428012428429
1.7546792421729418 -4.937194205505822
2.087514727696654 -4.805940920094882
2.4106172559235435 -4.652280119601197
2.7224803737167833 -4.4769282416093965
3.0216500312593015 -4.280702857520426
3.306731361505259 -4.064518860656258
3.576395183694115 -3.829384200604898
3.829384200604897 -3.576395183694116
4.064518860656257 -3.306731361505261
4.280702857520427 -3.021650031259299
4.476928241609395 -2.722480373716785
4.652280119601195 -2.4106172559235453
4.805940920094881 -2.0875147276966564
4.937194205505821 -1.7546792421729438
5.045428012428427 -1.4136626320290857
5.130137704892057 -1.0660548741212796
5.1909283272068425 -0.7134766762792231
5.227516445429453 -0.3575719208180235
6.400093989222249 0.0
6.385173892931129 0.43675785958525076
6.340483168434078 0.871479352413423
6.266230184518784 1.3021376062092849
6.162761142872843 1.7267246933936418
6.030558463931677 2.1432609929686066
5.870238537611766 2.549804420424523
5.682548849416325 2.944459482634454
5.4683644953128345 3.325386115518132
5.228684101631674 3.690808263270111
4.96462516900919 4.039022159151796
4.677418862083869 4.368404269238461
4.368404269238461 4.677418862083868
4.039022159151796 4.96462516900919
3.690808263270112 5.228684101631673
3.325386115518132 5.4683644953128345
2.9444594826344543 5.682548849416325
2.5498044204245223 5.870238537611766
2.143260992968607 6.030558463931676
1.7267246933936429 6.162761142872843
1.3021376062092846 6.266230184518784
0.871479352413423 6.340483168434078
0.4367578595852524 6.385173892931129
3.9189273090716213e-16 6.400093989222249
-0.43675785958525015 6.385173892931129
-0.8714793524134236 6.340483168434078
-1.3021376062092853 6.266230184518784
-1.7267246933936407 6.162761142872844
-2.1432609929686066 6.030558463931677
-2.549804420424523 5.870238537611766
-2.944459482634454 5.682548849416325
-3.32538611551813 5.468364495312835
-3.690808263270111 5.228684101631674
-4.039022159151796 4.96462516900919
-4.368404269238462 4.677418862083867
-4.677418862083869 4.368404269238461
-4.964625169009189 4.039022159151797
-5.228684101631673 3.690808263270112
-5.468364495312834 3.3253861155181337
-5.682548849416325 2.944459482634455
-5.870238537611766 2.5498044204245227
-6.030558463931676 2.1432609929686075
-6.162761142872843 1.7267246933936418
-6.2662301845187836 1.3021376062092864
-6.340483168434077 0.8714793524134262
-6.38517389293113 0.43675785958525
-6.400093989222249 7.837854618143243e-16
-6.385173892931129 -0.4367578595852512
-6.340483168434078 -0.8714793524134218
-6.266230184518784 -1.3021376062092822
-6.162761142872843 -1.7267246933936429
-6.030558463931677 -2.143260992968606
-5.870238537611765 -2.5498044204245236
-5.682548849416326 -2.9444594826344535
-5.468364495312836 -3.3253861155181297
-5.228684101631673 -3.6908082632701125
-4.96462516900919 -4.039022159151796
-4.6774188620838695 -4.36840426923846
-4.368404269238461 -4.677418862083868
-4.039022159151798 -4.964625169009189
-3.690808263270112 -5.228684101631673
-3.325386115518132 -5.4683644953128345
-2.9444594826344574 -5.682548849416324
-2.5498044204245205 -5.870238537611767
-2.143260992968608 -6.030558463931676
-1.726724693393642 -6.162761142872843
-1.3021376062092842 -6.266230184518784
-0.8714793524134266 -6.340483168434077
-0.4367578595852475 -6.38517389293113
-1.1756781927214862e-15 -6.400093989222249
0.43675785958525076 -6.385173892931129
0.8714793524134242 -6.340483168434078
1.3021376062092818 -6.266230184518785
1.72672469339364 -6.162761142872844
2.1432609929686057 -6.030558463931677
2.5498044204245236 -5.870238537611765
2.9444594826344503 -5.682548849416327
3.3253861155181297 -5.468364495312836
3.6908082632701107 -5.228684101631675
4.039022159151796 -4.96462516900919
4.368404269238462 -4.677418862083868
4.677418862083866 -4.3684042692384635
4.964625169009189 -4.039022159151798
5.228684101631677 -3.6908082632701076
5.4683644953128345 -3.325386115518132
5.682548849416326 -2.9444594826344526
5.8702385376117645 -2.549804420424526
6.030558463931676 -2.1432609929686084
6.162761142872842 -1.7267246933936478
6.266230184518784 -1.3021376062092844
6.340483168434078 -0.8714793524134212
6.385173892931129 -0.43675785958525354
6.1025978582903555 0.0
6.088371294145359 0.41645600564380625
6.045757932519667 0.8309703011453289
5.974956456576311 1.2416102295112974
5.8762969754794385 1.6464611978365096
5.75023948527301 2.043635604019765
5.597371724166887 2.4312816376362165
5.418406432229999 2.807591913932401
5.214178028267122 3.17081190068828
4.985638719373225 3.51924809865638
4.73385406130444 3.8512759374370327
4.459997990365247 4.165347349975509
4.165347349975509 4.459997990365246
3.8512759374370327 4.73385406130444
3.519248098656381 4.985638719373224
3.17081190068828 5.214178028267122
2.807591913932401 5.418406432229999
2.431281637636216 5.597371724166887
2.043635604019766 5.750239485273009
1.6464611978365105 5.8762969754794385
1.2416102295112974 5.974956456576311
0.8309703011453289 6.045757932519667
0.41645600564380775 6.088371294145359
3.736763466819388e-16 6.1025978582903555
-0.41645600564380564 6.088371294145359
-0.8309703011453293 6.045757932519667
-1.241610229511298 5.974956456576311
-1.6464611978365085 5.876296975479439
-2.043635604019765 5.75023948527301
-2.4312816376362165 5.597371724166887
-2.8075919139324004 5.418406432229999
-3.1708119006882787 5.214178028267122
-3.51924809865638 4.985638719373225
-3.851275937437033 4.73385406130444
-4.16534734997551 4.459997990365245
-4.459997990365247 4.165347349975509
-4.733854061304439 3.851275937437034
-4.985638719373224 3.519248098656381
-5.214178028267121 3.170811900688282
-5.418406432229999 2.8075919139324013
-5.597371724166887 2.431281637636216
-5.750239485273009 2.043635604019766
-5.8762969754794385 1.6464611978365096
-5.97495645657631 1.241610229511299
-6.045757932519666 0.8309703011453319
-6.08837129414536 0.41645600564380547
-6.1025978582903555 7.473526933638776e-16
-6.088371294145359 -0.41645600564380664
-6.045757932519667 -0.8309703011453277
-5.974956456576311 -1.241610229511295
-5.8762969754794385 -1.6464611978365105
-5.75023948527301 -2.0436356040197645
-5.597371724166886 -2.4312816376362174
-5.41840643223 -2.8075919139324
-5.214178028267123 -3.170811900688278
-4.985638719373223 -3.5192480986563814
-4.73385406130444 -3.8512759374370327
-4.459997990365248 -4.165347349975508
-4.165347349975509 -4.459997990365246
-3.851275937437035 -4.733854061304438
-3.519248098656381 -4.985638719373224
-3.17081190068828 -5.214178028267122
-2.807591913932404 -5.4184064322299985
-2.4312816376362143 -5.597371724166888
-2.0436356040197663 -5.750239485273009
-1.6464611978365098 -5.8762969754794385
-1.2416102295112967 -5.974956456576311
-0.8309703011453322 -6.045757932519666
-0.4164560056438031 -6.08837129414536
-1.1210290400458164e-15 -6.1025978582903555
0.41645600564380625 -6.088371294145359
0.83097030114533 -6.045757932519667
1.2416102295112945 -5.974956456576311
1.6464611978365078 -5.876296975479439
2.0436356040197645 -5.75023948527301
2.431281637636217 -5.597371724166886
2.8075919139323973 -5.418406432230001
3.170811900688278 -5.214178028267123
3.5192480986563797 -4.985638719373226
3.8512759374370327 -4.73385406130444
4.16534734997551 -4.459997990365246
4.4599979903652445 -4.165347349975511
4.733854061304438 -3.851275937437035
4.985638719373227 -3.519248098656377
5.214178028267122 -3.17081190068828
5.41840643223 -2.8075919139323995
5.597371724166886 -2.431281637636219
5.750239485273009 -2.0436356040197667
5.876296975479437 -1.6464611978365153
5.974956456576311 -1.2416102295112972
6.045757932519667 -0.8309703011453271
6.088371294145359 -0.41645600564380886
7.414166480459667 0.0
7.396882347133948 0.5059606137140163
7.345110533765038 1.0095622054859053
7.259092424445712 1.5084567522228018
7.139229075309203 2.000318177248657
6.986079344620376 2.482853195547459
6.800357287120516 2.9538120061166038
6.582928824774501 3.4109987815777205
6.334807709442884 3.852281906137542
6.05715079630274 4.275603914164732
5.7512526500548145 4.6789910830444175
5.418539509065287 5.060562635584131
5.060562635584132 5.418539509065286
4.6789910830444175 5.7512526500548145
4.275603914164733 6.057150796302739
3.852281906137542 6.334807709442884
3.410998781577721 6.582928824774501
2.953812006116603 6.800357287120516
2.4828531955474595 6.986079344620375
2.000318177248658 7.139229075309203
1.5084567522228016 7.259092424445712
1.0095622054859053 7.345110533765038
0.5059606137140182 7.396882347133948
4.539867624320264e-16 7.414166480459667
-0.5059606137140157 7.396882347133948
-1.0095622054859057 7.345110533765038
-1.5084567522228025 7.259092424445712
-2.000318177248656 7.139229075309204
-2.482853195547459 6.986079344620376
-2.9538120061166038 6.800357287120516
-3.41099878157772 6.582928824774501
-3.8522819061375406 6.3348077094428845
-4.275603914164732 6.05715079630274
-4.6789910830444175 5.7512526500548145
-5.060562635584133 5.418539509065285
-5.418539509065287 5.060562635584132
-5.751252650054814 4.678991083044418
-6.057150796302739 4.275603914164733
-6.334807709442882 3.8522819061375446
-6.582928824774501 3.4109987815777214
-6.800357287120516 2.9538120061166033
-6.986079344620375 2.48285319554746
-7.139229075309203 2.000318177248657
-7.259092424445711 1.5084567522228038
-7.3451105337650375 1.0095622054859088
-7.396882347133949 0.5059606137140155
-7.414166480459667 9.079735248640528e-16
-7.396882347133948 -0.5059606137140169
-7.345110533765038 -1.0095622054859037
-7.259092424445712 -1.5084567522227987
-7.139229075309203 -2.000318177248658
-6.986079344620376 -2.4828531955474586
-6.800357287120515 -2.9538120061166047
-6.582928824774502 -3.4109987815777196
-6.334807709442885 -3.8522819061375397
-6.0571507963027384 -4.275603914164733
-5.7512526500548145 -4.6789910830444175
-5.418539509065288 -5.06056263558413
-5.060562635584132 -5.418539509065286
-4.678991083044419 -5.751252650054813
-4.275603914164733 -6.057150796302739
-3.852281906137542 -6.334807709442884
-3.4109987815777245 -6.5829288247745
-2.9538120061166007 -6.800357287120517
-2.4828531955474604 -6.986079344620375
-2.0003181772486576 -7.139229075309203
-1.5084567522228012 -7.259092424445712
-1.0095622054859092 -7.3451105337650375
-0.5059606137140126 -7.396882347133949
-1.3619602872960792e-15 -7.414166480459667
0.5059606137140163 -7.396882347133948
1.0095622054859066 -7.345110533765038
1.5084567522227985 -7.259092424445713
2.000318177248655 -7.139229075309204
2.482853195547458 -6.986079344620376
2.953812006116604 -6.800357287120515
3.4109987815777165 -6.582928824774504
3.8522819061375397 -6.334807709442885
4.275603914164731 -6.057150796302741
4.6789910830444175 -5.7512526500548145
5.060562635584133 -5.418539509065286
5.418539509065283 -5.060562635584135
5.751252650054813 -4.678991083044419
6.057150796302743 -4.275603914164727
6.334807709442884 -3.852281906137542
6.582928824774502 -3.4109987815777187
6.800357287120514 -2.953812006116607
6.986079344620375 -2.482853195547461
7.139229075309201 -2.000318177248664
7.259092424445712 -1.5084567522228016
7.345110533765038 -1.009562205485903
7.396882347133948 -0.5059606137140196
7.150003608139455 0.0
7.133335299440404 0.4879335017855416
7.083408088692814 0.9735920323464222
7.000454759600536 1.4547112274239995
6.884862078876621 1.9290478872370984
6.7371689929583765 2.3943904353148926
6.558064115190275 2.8485692298873175
6.3483825151906705 3.2894666797565524
6.109101825371758 3.7150271174847003
5.841337682765966 4.123266383864323
5.546338527411115 4.512281078984588
5.225479781546666 4.880257436760303
4.880257436760303 5.225479781546665
4.512281078984588 5.546338527411115
4.1232663838643235 5.841337682765965
3.7150271174847003 6.109101825371758
3.289466679756553 6.3483825151906705
2.8485692298873166 6.558064115190275
2.394390435314893 6.737168992958376
1.9290478872370995 6.884862078876621
1.4547112274239995 7.000454759600536
0.9735920323464222 7.083408088692814
0.48793350178554346 7.133335299440404
4.378114516300005e-16 7.150003608139455
-0.48793350178554096 7.133335299440404
-0.9735920323464228 7.083408088692814
-1.4547112274240002 7.000454759600536
-1.9290478872370973 6.884862078876622
-2.3943904353148926 6.7371689929583765
-2.8485692298873175 6.558064115190275
-3.289466679756552 6.3483825151906705
-3.715027117484699 6.109101825371759
-4.123266383864323 5.841337682765966
-4.512281078984589 5.546338527411115
-4.880257436760304 5.225479781546664
-5.225479781546666 4.880257436760303
-5.546338527411114 4.51228107898459
-5.841337682765965 4.1232663838643235
-6.109101825371757 3.715027117484703
-6.3483825151906705 3.2894666797565533
-6.558064115190275 2.848569229887317
-6.737168992958376 2.3943904353148935
-6.884862078876621 1.9290478872370984
-7.000454759600535 1.4547112274240013
-7.0834080886928135 0.9735920323464258
-7.133335299440405 0.48793350178554074
-7.150003608139455 8.75622903260001e-16
-7.133335299440404 -0.4879335017855421
-7.083408088692814 -0.9735920323464209
-7.000454759600536 -1.4547112274239966
-6.884862078876621 -1.9290478872370995
-6.7371689929583765 -2.394390435314892
-6.558064115190274 -2.8485692298873184
-6.348382515190671 -3.2894666797565515
-6.109101825371759 -3.715027117484698
-5.841337682765964 -4.123266383864324
-5.546338527411115 -4.512281078984588
-5.2254797815466665 -4.880257436760302
-4.880257436760303 -5.225479781546665
-4.512281078984591 -5.546338527411113
-4.1232663838643235 -5.841337682765965
-3.7150271174847003 -6.109101825371758
-3.2894666797565564 -6.34838251519067
-2.848569229887315 -6.558064115190276
-2.394390435314894 -6.737168992958376
-1.9290478872370989 -6.884862078876621
-1.4547112274239988 -7.000454759600536
-0.9735920323464262 -7.0834080886928135
-0.48793350178553796 -7.133335299440405
-1.3134343548900014e-15 -7.150003608139455
0.4879335017855416 -7.133335299440404
0.9735920323464237 -7.083408088692814
1.4547112274239962 -7.000454759600537
1.9290478872370964 -6.884862078876622
2.3943904353148917 -6.7371689929583765
2.848569229887318 -6.558064115190274
3.2894666797565484 -6.348382515190673
3.715027117484698 -6.109101825371759
4.123266383864322 -5.841337682765967
4.512281078984588 -5.546338527411115
4.880257436760304 -5.225479781546665
5.225479781546662 -4.8802574367603055
5.546338527411113 -4.512281078984591
5.8413376827659675 -4.123266383864319
6.109101825371758 -3.7150271174847003
6.348382515190671 -3.289466679756551
6.558064115190273 -2.8485692298873206
6.737168992958376 -2.3943904353148944
6.88486207887662 -1.929047887237105
7.000454759600536 -1.4547112274239993
7.083408088692814 -0.9735920323464202
7.133335299440404 -0.48793350178554473
4.254896645116513 0.0
4.244977498966345 0.2903644156799928
4.215266308154062 0.5793750184163771
4.165901599966477 0.8656843073664329
4.097113535460844 1.14795737645929
4.009222836347761 1.424878138344248
3.9026392896385023 1.6951554605975352
3.7778598370288083 1.957529185577681
3.6354662579273027 2.210776005862152
3.4761224569313263 2.4537151678712577
3.3005713683972355 2.6852139770863985
3.1096314925374817 2.9041930791947816
2.904193079194782 3.1096314925374813
2.6852139770863985 3.3005713683972355
2.453715167871258 3.476122456931326
2.210776005862152 3.6354662579273027
1.9575291855776813 3.7778598370288083
1.6951554605975345 3.9026392896385023
1.4248781383442484 4.00922283634776
1.1479573764592907 4.097113535460844
0.8656843073664328 4.165901599966477
0.5793750184163771 4.215266308154062
0.2903644156799939 4.244977498966345
2.605372778572374e-16 4.254896645116513
-0.2903644156799924 4.244977498966345
-0.5793750184163774 4.215266308154062
-0.8656843073664332 4.165901599966477
-1.1479573764592894 4.097113535460845
-1.424878138344248 4.009222836347761
-1.6951554605975352 3.9026392896385023
-1.9575291855776809 3.7778598370288083
-2.210776005862151 3.635466257927303
-2.4537151678712577 3.4761224569313263
-2.685213977086399 3.3005713683972355
-2.9041930791947825 3.109631492537481
-3.1096314925374817 2.904193079194782
-3.300571368397235 2.6852139770863994
-3.476122456931326 2.453715167871258
-3.635466257927302 2.2107760058621535
-3.7778598370288083 1.9575291855776815
-3.9026392896385023 1.6951554605975347
-4.00922283634776 1.4248781383442486
-4.097113535460844 1.14795737645929
-4.165901599966477 0.865684307366434
-4.215266308154062 0.5793750184163792
-4.244977498966346 0.29036441567999227
-4.254896645116513 5.210745557144748e-16
-4.244977498966345 -0.2903644156799931
-4.215266308154062 -0.5793750184163762
-4.165901599966477 -0.8656843073664311
-4.097113535460844 -1.1479573764592907
-4.009222836347761 -1.4248781383442477
-3.902639289638502 -1.6951554605975356
-3.777859837028809 -1.9575291855776806
-3.6354662579273036 -2.2107760058621504
-3.4761224569313254 -2.453715167871259
-3.3005713683972355 -2.6852139770863985
-3.109631492537482 -2.904193079194781
-2.904193079194782 -3.1096314925374813
-2.6852139770864 -3.3005713683972346
-2.453715167871258 -3.476122456931326
-2.210776005862152 -3.6354662579273027
-1.9575291855776835 -3.7778598370288075
-1.6951554605975334 -3.9026392896385027
-1.4248781383442488 -4.00922283634776
-1.1479573764592903 -4.097113535460844
-0.8656843073664324 -4.165901599966477
-0.5793750184163794 -4.215266308154062
-0.2903644156799906 -4.244977498966346
-7.816118335717123e-16 -4.254896645116513
0.2903644156799928 -4.244977498966345
0.5793750184163778 -4.215266308154062
0.8656843073664309 -4.165901599966478
1.147957376459289 -4.097113535460845
1.4248781383442475 -4.009222836347761
1.6951554605975354 -3.902639289638502
1.9575291855776786 -3.7778598370288097
2.2107760058621504 -3.6354662579273036
2.453715167871257 -3.4761224569313267
2.6852139770863985 -3.3005713683972355
2.9041930791947825 -3.1096314925374813
3.10963149253748 -2.9041930791947834
3.3005713683972346 -2.6852139770864
3.4761224569313276 -2.4537151678712554
3.6354662579273027 -2.210776005862152
3.777859837028809 -1.9575291855776802
3.9026392896385014 -1.695155460597537
4.00922283634776 -1.424878138344249
4.097113535460843 -1.147957376459294
4.165901599966477 -0.8656843073664326
4.215266308154062 -0.5793750184163758
4.244977498966345 -0.29036441567999466
7.689319694471269 0.0
7.6713941154957235 0.5247377330832139
7.617700955893059 1.0470288966259274
7.52849055795912 1.5644383281242205
7.404178861750283 2.074553625962465
7.245345465778906 2.5749963971432646
7.052730924657506 3.063433346453522
6.827233296291308 3.537587155363816
6.569903954717729 3.995247099938635
6.2819426881152785 4.4342793582518825
5.964692104837223 4.852636959249705
5.619631373551681 5.2483693266744655
5.2483693266744655 5.61963137355168
4.852636959249705 5.964692104837223
4.434279358251883 6.281942688115278
3.995247099938635 6.569903954717729
3.5375871553638163 6.827233296291308
3.0634333464535213 7.052730924657506
2.5749963971432654 7.245345465778905
2.074553625962466 7.404178861750283
1.5644383281242202 7.52849055795912
1.0470288966259274 7.617700955893059
0.5247377330832158 7.6713941154957235
4.708350375727472e-16 7.689319694471269
-0.5247377330832131 7.6713941154957235
-1.047028896625928 7.617700955893059
-1.5644383281242211 7.52849055795912
-2.0745536259624635 7.4041788617502835
-2.5749963971432646 7.245345465778906
-3.063433346453522 7.052730924657506
-3.5375871553638154 6.827233296291308
-3.9952470999386334 6.56990395471773
-4.4342793582518825 6.2819426881152785
-4.852636959249706 5.964692104837223
-5.248369326674466 5.619631373551679
-5.619631373551681 5.2483693266744655
-5.964692104837222 4.852636959249707
-6.281942688115278 4.434279358251883
-6.569903954717727 3.995247099938638
-6.827233296291308 3.5375871553638167
-7.052730924657506 3.0634333464535217
-7.245345465778905 2.574996397143266
-7.404178861750283 2.074553625962465
-7.5284905579591195 1.5644383281242225
-7.617700955893058 1.0470288966259311
-7.671394115495724 0.5247377330832129
-7.689319694471269 9.416700751454943e-16
-7.6713941154957235 -0.5247377330832144
-7.617700955893059 -1.0470288966259258
-7.52849055795912 -1.5644383281242173
-7.404178861750283 -2.074553625962466
-7.245345465778906 -2.574996397143264
-7.052730924657505 -3.063433346453523
-6.8272332962913085 -3.537587155363815
-6.569903954717731 -3.9952470999386325
-6.281942688115277 -4.434279358251884
-5.964692104837223 -4.852636959249705
-5.619631373551682 -5.248369326674465
-5.2483693266744655 -5.61963137355168
-4.852636959249708 -5.964692104837221
-4.434279358251883 -6.281942688115278
-3.995247099938635 -6.569903954717729
-3.53758715536382 -6.827233296291306
-3.063433346453519 -7.0527309246575065
-2.5749963971432663 -7.245345465778905
-2.0745536259624653 -7.404178861750283
-1.5644383281242196 -7.52849055795912
-1.0470288966259316 -7.617700955893058
-0.5247377330832099 -7.671394115495724
-1.4125051127182414e-15 -7.689319694471269
0.5247377330832139 -7.6713941154957235
1.047028896625929 -7.617700955893059
1.564438328124217 -7.528490557959121
2.0745536259624626 -7.4041788617502835
2.5749963971432637 -7.245345465778906
3.0634333464535226 -7.052730924657505
3.5375871553638114 -6.82723329629131
3.9952470999386325 -6.569903954717731
4.434279358251882 -6.281942688115279
4.852636959249705 -5.964692104837223
5.248369326674466 -5.61963137355168
5.619631373551678 -5.248369326674468
5.964692104837221 -4.852636959249708
6.28194268811528 -4.434279358251879
6.569903954717729 -3.995247099938635
6.8272332962913085 -3.537587155363814
7.052730924657504 -3.0634333464535253
7.245345465778905 -2.574996397143267
7.404178861750282 -2.074553625962472
7.52849055795912 -1.56443832812422
7.617700955893059 -1.0470288966259254
7.6713941154957235 -0.5247377330832171
1.0 0.5 0.4 0.32000000000000006 0.25600000000000006 0.20480000000000007 0.16384000000000007 0.13107200000000005 0.10485760000000005 0.08388608000000004 0.06710886400000003 0.05368709120000003 0.042949672960000025 