0.0 0.0
2.2330381939156103 0.0
2.2245408094150982 0.19462210237460414
2.1991133261404716 0.3877630130340991
2.1569492625929847 0.5779528130266958
2.0983695127555912 0.7637440431347094
2.0238199038959745 0.9437227199132061
1.9338678035518402 1.116519096957805
1.8291978015213703 1.280818089501892
1.710606499721492 1.4353692830057618
1.578996449566289 1.5789964495662887
1.435369283005762 1.710606499721492
1.2808180895018921 1.8291978015213701
1.1165190969578054 1.93386780355184
0.9437227199132061 2.0238199038959745
0.7637440431347097 2.0983695127555912
0.5779528130266963 2.1569492625929843
0.3877630130340993 2.1991133261404716
0.1946221023746041 2.2245408094150982
1.3673415382762694e-16 2.2330381939156103
-0.1946221023746038 2.2245408094150982
-0.38776301303409905 2.1991133261404716
-0.5779528130266961 2.1569492625929847
-0.7637440431347089 2.0983695127555912
-0.9437227199132059 2.0238199038959745
-1.1165190969578047 1.9338678035518402
-1.2808180895018921 1.8291978015213701
-1.435369283005762 1.710606499721492
-1.5789964495662887 1.578996449566289
-1.7106064997214918 1.4353692830057623
-1.8291978015213706 1.2808180895018917
-1.9338678035518397 1.1165190969578058
-2.0238199038959745 0.9437227199132063
-2.0983695127555912 0.7637440431347098
-2.1569492625929847 0.5779528130266954
-2.1991133261404716 0.387763013034099
-2.2245408094150982 0.1946221023746042
-2.2330381939156103 2.734683076552539e-16
-2.2245408094150982 -0.19462210237460364
-2.1991133261404716 -0.38776301303409844
-2.1569492625929847 -0.5779528130266949
-2.0983695127555912 -0.7637440431347093
-2.023819903895975 -0.9437227199132049
-1.93386780355184 -1.1165190969578054
-1.8291978015213708 -1.2808180895018915
-1.710606499721493 -1.4353692830057612
-1.5789964495662892 -1.5789964495662887
-1.4353692830057623 -1.7106064997214918
-1.2808180895018912 -1.829197801521371
-1.116519096957806 -1.9338678035518395
-0.9437227199132072 -2.0238199038959737
-0.7637440431347091 -2.0983695127555912
-0.5779528130266955 -2.1569492625929847
-0.3877630130340991 -2.1991133261404716
-0.19462210237460434 -2.2245408094150982
-4.102024614828808e-16 -2.2330381939156103
0.19462210237460353 -2.2245408094150982
0.3877630130340983 -2.1991133261404716
0.5779528130266948 -2.1569492625929847
0.7637440431347101 -2.0983695127555912
0.9437227199132048 -2.023819903895975
1.1165190969578036 -1.9338678035518408
1.280818089501892 -1.8291978015213703
1.4353692830057618 -1.7106064997214925
1.5789964495662883 -1.5789964495662892
1.7106064997214916 -1.4353692830057627
1.8291978015213697 -1.2808180895018928
1.9338678035518404 -1.1165190969578045
2.0238199038959737 -0.9437227199132074
2.0983695127555912 -0.7637440431347092
2.1569492625929847 -0.5779528130266957
2.1991133261404716 -0.38776301303409927
2.2245408094150982 -0.19462210237460448
3.3737775203909113 0.0
3.3609392783545418 0.2940440856550223
3.322522259019272 0.5858503182695366
3.258818839099075 0.8731978762159258
3.170313840084719 1.1538998710730186
3.0576808384594827 1.425819991167454
2.9217770393754012 1.6868887601954554
2.7636367528044605 1.9351192871870875
2.584463521815182 2.1686223879462534
2.385620962883149 2.3856209628831486
2.168622387946254 2.584463521815182
1.935119287187088 2.7636367528044605
1.686888760195456 2.921777039375401
1.425819991167454 3.0576808384594827
1.153899871073019 3.170313840084719
0.8731978762159266 3.2588188390990744
0.5858503182695369 3.322522259019272
0.2940440856550222 3.3609392783545418
2.0658429206910119e-16 3.3737775203909113
-0.2940440856550218 3.3609392783545418
-0.5858503182695365 3.322522259019272
-0.8731978762159263 3.258818839099075
-1.153899871073018 3.170313840084719
-1.4258199911674536 3.057680838459483
-1.686888760195455 2.9217770393754012
-1.935119287187088 2.7636367528044605
-2.168622387946254 2.584463521815182
-2.3856209628831486 2.385620962883149
-2.5844635218151817 2.168622387946254
-2.763636752804461 1.935119287187087
-2.921777039375401 1.6868887601954567
-3.0576808384594827 1.4258199911674543
-3.170313840084719 1.1538998710730193
-3.258818839099075 0.8731978762159253
-3.322522259019272 0.5858503182695365
-3.3609392783545418 0.29404408565502244
-3.3737775203909113 4.1316858413820237e-16
-3.3609392783545418 -0.29404408565502155
-3.3225222590192725 -0.5858503182695356
-3.2588188390990753 -0.8731978762159245
-3.170313840084719 -1.1538998710730184
-3.057680838459484 -1.4258199911674523
-2.921777039375401 -1.686888760195456
-2.7636367528044614 -1.9351192871870868
-2.5844635218151835 -2.168622387946252
-2.3856209628831495 -2.3856209628831486
-2.168622387946254 -2.5844635218151817
-1.9351192871870864 -2.763636752804462
-1.6868887601954572 -2.9217770393754003
-1.4258199911674558 -3.0576808384594822
-1.1538998710730182 -3.170313840084719
-0.8731978762159255 -3.258818839099075
-0.5858503182695366 -3.322522259019272
-0.2940440856550226 -3.3609392783545418
-6.197528762073035e-16 -3.3737775203909113
0.2940440856550214 -3.3609392783545418
0.5858503182695354 -3.3225222590192725
0.8731978762159244 -3.2588188390990753
1.1538998710730195 -3.170313840084719
1.425819991167452 -3.057680838459484
1.6868887601954534 -2.9217770393754026
1.9351192871870875 -2.7636367528044605
2.1686223879462534 -2.5844635218151826
2.385620962883148 -2.3856209628831495
2.5844635218151812 -2.1686223879462543
2.76363675280446 -1.935119287187089
2.9217770393754017 -1.6868887601954545
3.0576808384594822 -1.425819991167456
3.170313840084719 -1.1538998710730184
3.258818839099075 -0.8731978762159257
3.322522259019272 -0.5858503182695368
3.3609392783545418 -0.2940440856550228
4.151760043331148 0.0
4.135961342915645 0.36184973028657563
4.088685479318815 0.7209455656348296
4.010292250408577 1.0745545699097678
3.901378275992063 1.4199855650739037
3.7627724571786385 1.7546096126771007
3.595529667941956 2.0758800216655735
3.400922726892063 2.3813517302385443
3.180432710357233 2.668699914244911
2.9357376804988093 2.935737680498809
2.6686999142449115 3.180432710357233
2.3813517302385447 3.4009227268920625
2.0758800216655744 3.5955296679419555
1.7546096126771007 3.7627724571786385
1.4199855650739042 3.9013782759920628
1.0745545699097687 4.010292250408576
0.7209455656348299 4.088685479318815
0.3618497302865755 4.135961342915645
2.5422198239466834e-16 4.151760043331148
-0.361849730286575 4.135961342915645
-0.7209455656348295 4.088685479318815
-1.0745545699097683 4.010292250408577
-1.4199855650739028 3.901378275992063
-1.7546096126771002 3.762772457178639
-2.075880021665573 3.595529667941956
-2.3813517302385447 3.4009227268920625
-2.6686999142449115 3.180432710357233
-2.935737680498809 2.9357376804988093
-3.1804327103572327 2.668699914244912
-3.4009227268920634 2.381351730238544
-3.595529667941955 2.0758800216655753
-3.7627724571786385 1.754609612677101
-3.9013782759920628 1.4199855650739044
-4.010292250408577 1.0745545699097672
-4.088685479318815 0.7209455656348293
-4.135961342915645 0.36184973028657574
-4.151760043331148 5.084439647893367e-16
-4.135961342915645 -0.36184973028657474
-4.088685479318816 -0.7209455656348283
-4.010292250408577 -1.0745545699097663
-3.901378275992063 -1.4199855650739035
-3.76277245717864 -1.7546096126770985
-3.5955296679419555 -2.0758800216655744
-3.400922726892064 -2.3813517302385434
-3.1804327103572345 -2.6686999142449097
-2.93573768049881 -2.935737680498809
-2.668699914244912 -3.1804327103572327
-2.381351730238543 -3.4009227268920643
-2.0758800216655757 -3.5955296679419546
-1.7546096126771027 -3.7627724571786376
-1.419985565073903 -3.901378275992063
-1.0745545699097674 -4.010292250408577
-0.7209455656348296 -4.088685479318815
-0.36184973028657597 -4.135961342915645
-7.62665947184005e-16 -4.151760043331148
0.36184973028657447 -4.135961342915645
0.720945565634828 -4.088685479318816
1.074554569909766 -4.010292250408577
1.4199855650739048 -3.9013782759920628
1.7546096126770983 -3.76277245717864
2.0758800216655713 -3.5955296679419573
2.3813517302385443 -3.400922726892063
2.668699914244911 -3.1804327103572336
2.9357376804988085 -2.93573768049881
3.1804327103572323 -2.6686999142449124
3.400922726892062 -2.381351730238546
3.5955296679419564 -2.0758800216655726
3.7627724571786376 -1.754609612677103
3.901378275992063 -1.4199855650739033
4.010292250408577 -1.0745545699097676
4.088685479318815 -0.7209455656348298
4.135961342915645 -0.3618497302865763
4.734699023486397 0.0
4.716682064257314 0.41265621007856873
4.662768306508734 0.8221718572298073
4.573368066491143 1.2254302801065866
4.449161734012414 1.6193624386167211
4.291094594260544 2.0009702711712083
4.100369633612594 2.367349511743198
3.878438384181975 2.715711793086105
3.6269898767826056 3.0434058678920124
3.347937786384556 3.3479377863845556
3.0434058678920133 3.6269898767826056
2.715711793086106 3.8784383841819747
2.367349511743199 4.100369633612594
2.0009702711712083 4.291094594260544
1.6193624386167216 4.449161734012413
1.2254302801065877 4.573368066491142
0.8221718572298078 4.662768306508734
0.4126562100785686 4.716682064257314
2.8991670020193576e-16 4.734699023486397
-0.412656210078568 4.716682064257314
-0.8221718572298072 4.662768306508734
-1.225430280106587 4.573368066491143
-1.61936243861672 4.449161734012414
-2.0009702711712074 4.291094594260544
-2.3673495117431975 4.100369633612594
-2.715711793086106 3.8784383841819747
-3.0434058678920133 3.6269898767826056
-3.3479377863845556 3.347937786384556
-3.626989876782605 3.0434058678920137
-3.8784383841819756 2.7157117930861046
-4.100369633612593 2.3673495117432
-4.291094594260544 2.0009702711712083
-4.449161734012413 1.619362438616722
-4.573368066491143 1.225430280106586
-4.662768306508734 0.8221718572298071
-4.716682064257314 0.41265621007856884
-4.734699023486397 5.798334004038715e-16
-4.716682064257314 -0.4126562100785677
-4.662768306508735 -0.8221718572298059
-4.573368066491144 -1.2254302801065848
-4.449161734012414 -1.619362438616721
-4.291094594260545 -2.0009702711712056
-4.100369633612594 -2.367349511743199
-3.878438384181976 -2.715711793086104
-3.6269898767826074 -3.043405867892011
-3.3479377863845565 -3.3479377863845556
-3.0434058678920137 -3.626989876782605
-2.7157117930861037 -3.8784383841819765
-2.3673495117432006 -4.100369633612593
-2.0009702711712105 -4.291094594260542
-1.6193624386167202 -4.449161734012414
-1.2254302801065862 -4.573368066491143
-0.8221718572298073 -4.662768306508734
-0.4126562100785691 -4.716682064257314
-8.697501006058072e-16 -4.734699023486397
0.4126562100785674 -4.716682064257314
0.8221718572298057 -4.662768306508735
1.2254302801065846 -4.573368066491144
1.6193624386167225 -4.449161734012413
2.000970271171205 -4.291094594260545
2.3673495117431953 -4.100369633612596
2.715711793086105 -3.878438384181975
3.0434058678920124 -3.6269898767826065
3.347937786384555 -3.3479377863845565
3.6269898767826048 -3.043405867892014
3.8784383841819743 -2.715711793086107
4.100369633612595 -2.3673495117431966
4.291094594260542 -2.0009702711712105
4.449161734012414 -1.6193624386167207
4.573368066491143 -1.2254302801065864
4.662768306508734 -0.8221718572298077
4.716682064257314 -0.41265621007856945
5.1911377303741775 0.0
5.171383884062773 0.4524374645961539
5.112272683826687 0.9014316068975207
5.014254001592036 1.3435653103711114
4.878073818715923 1.7754736705658627
4.704768548617879 2.1938696040672947
4.495657149047932 2.5955688651870883
4.2523310840217245 2.977514279995478
3.9766422118184024 3.336799013260824
3.6706886912209247 3.6706886912209242
3.3367990132608245 3.9766422118184024
2.9775142799954786 4.252331084021724
2.595568865187089 4.495657149047931
2.1938696040672947 4.704768548617879
1.7754736705658634 4.878073818715923
1.3435653103711125 5.014254001592035
0.9014316068975211 5.112272683826687
0.45243746459615375 5.171383884062773
3.178655102717896e-16 5.1911377303741775
-0.4524374645961531 5.171383884062773
-0.9014316068975206 5.112272683826687
-1.343565310371112 5.014254001592036
-1.7754736705658616 4.878073818715923
-2.193869604067294 4.704768548617879
-2.5955688651870874 4.495657149047932
-2.9775142799954786 4.252331084021724
-3.3367990132608245 3.9766422118184024
-3.6706886912209242 3.6706886912209247
-3.9766422118184015 3.3367990132608254
-4.252331084021725 2.9775142799954777
-4.495657149047931 2.5955688651870905
-4.704768548617879 2.1938696040672947
-4.878073818715923 1.7754736705658636
-5.014254001592036 1.3435653103711105
-5.112272683826687 0.9014316068975203
-5.171383884062773 0.452437464596154
-5.1911377303741775 6.357310205435792e-16
-5.171383884062773 -0.45243746459615275
-5.112272683826688 -0.9014316068975191
-5.014254001592037 -1.3435653103711094
-4.878073818715923 -1.7754736705658625
-4.70476854861788 -2.1938696040672916
-4.495657149047931 -2.595568865187089
-4.252331084021725 -2.977514279995477
-3.976642211818404 -3.3367990132608223
-3.670688691220925 -3.6706886912209242
-3.3367990132608254 -3.9766422118184015
-2.9775142799954764 -4.252331084021726
-2.595568865187091 -4.49565714904793
-2.1938696040672974 -4.704768548617877
-1.7754736705658618 -4.878073818715923
-1.3435653103711107 -5.014254001592036
-0.9014316068975207 -5.112272683826687
-0.4524374645961543 -5.171383884062773
-9.535965308153688e-16 -5.1911377303741775
0.45243746459615247 -5.171383884062773
0.9014316068975188 -5.112272683826688
1.3435653103711092 -5.014254001592037
1.7754736705658642 -4.878073818715923
2.1938696040672916 -4.70476854861788
2.595568865187085 -4.495657149047934
2.977514279995478 -4.2523310840217245
3.336799013260824 -3.976642211818403
3.6706886912209233 -3.670688691220925
3.976642211818401 -3.336799013260826
4.252331084021724 -2.9775142799954804
4.495657149047933 -2.595568865187087
4.704768548617877 -2.1938696040672974
4.878073818715923 -1.7754736705658622
5.014254001592036 -1.3435653103711112
5.112272683826687 -0.9014316068975209
5.171383884062773 -0.4524374645961547
5.558812102950668 0.0
5.537659144647682 0.48448239762733714
5.474361256523914 0.9652775916702603
5.369400173728297 1.438726440390027
5.223574713478141 1.9012257121716494
5.037994695577766 2.349255508292173
4.814072496019677 2.7794060514753336
4.553512297950429 3.1884036363555084
4.25829712180788 3.5731355443522643
3.93067373333827 3.9306737333382697
3.573135544352265 4.25829712180788
3.188403636355509 4.553512297950428
2.7794060514753345 4.814072496019676
2.349255508292173 5.037994695577766
1.90122571217165 5.22357471347814
1.4387264403900284 5.369400173728297
0.9652775916702607 5.474361256523914
0.48448239762733697 5.537659144647682
3.4037907244700515e-16 5.558812102950668
-0.4844823976273363 5.537659144647682
-0.9652775916702601 5.474361256523914
-1.4387264403900277 5.369400173728297
-1.9012257121716483 5.223574713478141
-2.3492555082921727 5.037994695577767
-2.7794060514753327 4.814072496019677
-3.188403636355509 4.553512297950428
-3.573135544352265 4.25829712180788
-3.9306737333382697 3.93067373333827
-4.258297121807879 3.5731355443522657
-4.55351229795043 3.1884036363555075
-4.814072496019676 2.779406051475336
-5.037994695577766 2.3492555082921736
-5.22357471347814 1.9012257121716503
-5.369400173728297 1.4387264403900262
-5.474361256523914 0.96527759167026
-5.537659144647682 0.4844823976273373
-5.558812102950668 6.807581448940103e-16
-5.537659144647682 -0.4844823976273359
-5.474361256523915 -0.9652775916702585
-5.369400173728298 -1.438726440390025
-5.223574713478141 -1.9012257121716492
-5.037994695577768 -2.3492555082921704
-4.814072496019676 -2.7794060514753345
-4.55351229795043 -3.188403636355507
-4.258297121807882 -3.5731355443522625
-3.930673733338271 -3.9306737333382697
-3.5731355443522657 -4.258297121807879
-3.1884036363555066 -4.553512297950431
-2.7794060514753367 -4.8140724960196755
-2.349255508292176 -5.0379946955777655
-1.9012257121716485 -5.223574713478141
-1.4387264403900264 -5.369400173728297
-0.9652775916702603 -5.474361256523914
-0.4844823976273376 -5.537659144647682
-1.0211372173410153e-15 -5.558812102950668
0.4844823976273356 -5.537659144647682
0.9652775916702582 -5.474361256523915
1.4387264403900246 -5.369400173728298
1.901225712171651 -5.22357471347814
2.34925550829217 -5.037994695577768
2.7794060514753305 -4.814072496019679
3.1884036363555084 -4.553512297950429
3.5731355443522643 -4.25829712180788
3.9306737333382693 -3.930673733338271
4.258297121807878 -3.5731355443522665
4.553512297950428 -3.1884036363555106
4.814072496019678 -2.7794060514753323
5.0379946955777655 -2.349255508292176
5.223574713478141 -1.9012257121716487
5.369400173728297 -1.4387264403900268
5.474361256523914 -0.9652775916702605
5.537659144647682 -0.48448239762733797
6.09860774114084 0.0
6.075400697465781 0.5315286874057477
6.0059561860557675 1.0590121205545413
5.890802721574374 1.5784358320169132
5.730816691417865 2.0858466937120226
5.527215685877937 2.577383002599315
5.2815492315444 3.0493038705704194
4.995686998472189 3.4980176948664656
4.671804570863323 3.920109492343745
4.3123668895574605 4.3123668895574605
3.9201094923437454 4.671804570863323
3.498017694866466 4.9956869984721886
3.0493038705704207 5.281549231544399
2.577383002599315 5.527215685877937
2.0858466937120235 5.730816691417864
1.5784358320169145 5.8908027215743735
1.0590121205545417 6.0059561860557675
0.5315286874057475 6.075400697465781
3.7343202247217e-16 6.09860774114084
-0.5315286874057468 6.075400697465781
-1.059012120554541 6.0059561860557675
-1.5784358320169138 5.890802721574374
-2.0858466937120212 5.730816691417865
-2.5773830025993143 5.5272156858779375
-3.0493038705704185 5.2815492315444
-3.498017694866466 4.9956869984721886
-3.9201094923437454 4.671804570863323
-4.3123668895574605 4.3123668895574605
-4.671804570863323 3.9201094923437463
-4.99568699847219 3.4980176948664647
-5.281549231544398 3.049303870570422
-5.527215685877937 2.5773830025993156
-5.730816691417864 2.085846693712024
-5.890802721574374 1.578435832016912
-6.0059561860557675 1.0590121205545409
-6.075400697465781 0.5315286874057479
-6.09860774114084 7.4686404494434e-16
-6.075400697465781 -0.5315286874057463
-6.005956186055768 -1.0590121205545393
-5.890802721574374 -1.5784358320169107
-5.730816691417865 -2.0858466937120226
-5.527215685877939 -2.5773830025993116
-5.281549231544399 -3.0493038705704207
-4.99568699847219 -3.4980176948664643
-4.671804570863325 -3.9201094923437427
-4.312366889557461 -4.3123668895574605
-3.9201094923437463 -4.671804570863323
-3.4980176948664634 -4.995686998472191
-3.0493038705704225 -5.281549231544397
-2.5773830025993183 -5.527215685877936
-2.0858466937120217 -5.730816691417865
-1.5784358320169125 -5.890802721574374
-1.0590121205545413 -6.0059561860557675
-0.5315286874057482 -6.075400697465781
-1.12029606741651e-15 -6.09860774114084
0.531528687405746 -6.075400697465781
1.059012120554539 -6.005956186055768
1.5784358320169105 -5.890802721574374
2.0858466937120244 -5.730816691417864
2.5773830025993116 -5.527215685877939
3.049303870570416 -5.2815492315444015
3.4980176948664656 -4.995686998472189
3.920109492343745 -4.671804570863324
4.31236688955746 -4.312366889557461
4.671804570863322 -3.9201094923437467
4.995686998472188 -3.4980176948664683
5.2815492315444 -3.0493038705704176
5.527215685877936 -2.5773830025993187
5.730816691417865 -2.085846693712022
5.890802721574374 -1.5784358320169127
6.0059561860557675 -1.0590121205545415
6.075400697465781 -0.5315286874057487
5.841572573458558 0.0
5.819343626197569 0.5091265964541296
5.752825960125464 1.0143784320901992
5.642525814845517 1.5119102353596188
5.4892826410643565 1.9979354888215914
5.294262711865214 2.4687552468272003
5.0589502466655505 2.9207862867292786
4.785136115411085 3.350588379370369
4.474904208974157 3.7548904713038724
4.130615579485898 4.130615579485898
3.754890471303873 4.474904208974157
3.3505883793703695 4.785136115411084
2.9207862867292795 5.05895024666555
2.4687552468272003 5.294262711865214
1.997935488821592 5.489282641064356
1.51191023535962 5.642525814845516
1.0143784320901996 5.752825960125464
0.5091265964541294 5.819343626197569
3.576931577036495e-16 5.841572573458558
-0.5091265964541287 5.819343626197569
-1.014378432090199 5.752825960125464
-1.5119102353596194 5.642525814845517
-1.99793548882159 5.4892826410643565
-2.4687552468271994 5.294262711865215
-2.9207862867292778 5.0589502466655505
-3.3505883793703695 4.785136115411084
-3.754890471303873 4.474904208974157
-4.130615579485898 4.130615579485898
-4.474904208974156 3.7548904713038738
-4.785136115411086 3.350588379370368
-5.05895024666555 2.920786286729281
-5.294262711865214 2.4687552468272003
-5.489282641064356 1.9979354888215926
-5.642525814845517 1.5119102353596177
-5.752825960125464 1.0143784320901987
-5.819343626197569 0.5091265964541297
-5.841572573458558 7.15386315407299e-16
-5.819343626197569 -0.5091265964541283
-5.752825960125465 -1.0143784320901974
-5.642525814845517 -1.5119102353596165
-5.4892826410643565 -1.9979354888215912
-5.294262711865216 -2.4687552468271967
-5.05895024666555 -2.9207862867292795
-4.785136115411086 -3.3505883793703677
-4.474904208974158 -3.75489047130387
-4.130615579485899 -4.130615579485898
-3.7548904713038738 -4.474904208974156
-3.350588379370367 -4.7851361154110865
-2.9207862867292818 -5.058950246665549
-2.468755246827203 -5.294262711865213
-1.9979354888215906 -5.4892826410643565
-1.511910235359618 -5.642525814845517
-1.0143784320901992 -5.752825960125464
-0.50912659645413 -5.819343626197569
-1.0730794731109485e-15 -5.841572573458558
0.5091265964541279 -5.819343626197569
1.014378432090197 -5.752825960125465
1.511910235359616 -5.642525814845517
1.9979354888215932 -5.489282641064356
2.4687552468271967 -5.294262711865216
2.920786286729275 -5.058950246665552
3.350588379370369 -4.785136115411085
3.7548904713038724 -4.4749042089741575
4.130615579485897 -4.130615579485899
4.474904208974155 -3.754890471303874
4.785136115411083 -3.3505883793703717
5.058950246665551 -2.9207862867292773
5.294262711865213 -2.4687552468272034
5.4892826410643565 -1.9979354888215908
5.642525814845517 -1.5119102353596183
5.752825960125464 -1.0143784320901994
5.819343626197569 -0.5091265964541305
6.425198378709715 0.0
6.4007485590582975 0.5599929369974943
6.327585177994797 1.1157239896114572
6.206265053026364 1.662963708971913
6.037711503559102 2.197547270382151
5.823207323879873 2.71540617014946
5.564385020317202 3.212599189354857
5.263214386882379 3.685342388908837
4.921987513947644 4.130037907612645
4.543301344054451 4.54330134405445
4.130037907612646 4.921987513947644
3.685342388908838 5.263214386882378
3.2125991893548584 5.564385020317201
2.71540617014946 5.823207323879873
2.197547270382152 6.037711503559101
1.6629637089719143 6.206265053026363
1.115723989611458 6.327585177994797
0.5599929369974941 6.4007485590582975
3.9342993141868077e-16 6.425198378709715
-0.5599929369974933 6.4007485590582975
-1.1157239896114572 6.327585177994797
-1.6629637089719136 6.206265053026364
-2.1975472703821497 6.037711503559102
-2.715406170149459 5.823207323879874
-3.212599189354856 5.564385020317202
-3.685342388908838 5.263214386882378
-4.130037907612646 4.921987513947644
-4.54330134405445 4.543301344054451
-4.921987513947643 4.130037907612647
-5.26321438688238 3.6853423889088366
-5.564385020317201 3.2125991893548598
-5.823207323879873 2.7154061701494605
-6.037711503559101 2.197547270382152
-6.206265053026364 1.6629637089719118
-6.327585177994797 1.115723989611457
-6.4007485590582975 0.5599929369974944
-6.425198378709715 7.868598628373615e-16
-6.4007485590582975 -0.5599929369974929
-6.327585177994798 -1.1157239896114555
-6.206265053026365 -1.6629637089719105
-6.037711503559102 -2.1975472703821506
-5.823207323879875 -2.7154061701494565
-5.564385020317201 -3.2125991893548584
-5.26321438688238 -3.6853423889088357
-4.921987513947646 -4.1300379076126434
-4.543301344054451 -4.54330134405445
-4.130037907612647 -4.921987513947643
-3.685342388908835 -5.263214386882381
-3.21259918935486 -5.5643850203172
-2.715406170149463 -5.823207323879871
-2.19754727038215 -6.037711503559102
-1.6629637089719123 -6.206265053026364
-1.1157239896114572 -6.327585177994797
-0.5599929369974948 -6.4007485590582975
-1.1802897942560424e-15 -6.425198378709715
0.5599929369974925 -6.4007485590582975
1.115723989611455 -6.327585177994798
1.66296370897191 -6.206265053026365
2.197547270382153 -6.037711503559101
2.715406170149456 -5.823207323879875
3.212599189354853 -5.5643850203172045
3.685342388908837 -5.263214386882379
4.130037907612645 -4.921987513947645
4.543301344054449 -4.543301344054451
4.921987513947642 -4.130037907612647
5.263214386882377 -3.68534238890884
5.564385020317203 -3.2125991893548553
5.823207323879871 -2.7154061701494636
6.037711503559102 -2.19754727038215
6.206265053026364 -1.6629637089719125
6.327585177994797 -1.1157239896114577
6.4007485590582975 -0.5599929369974952
6.6205802984117845 0.0
6.595386991568486 0.5770215933285914
6.519998807315803 1.1496517039167882
6.39498949525653 1.7135322708594998
6.2213104517381215 2.264371822561897
6.000283479152028 2.7979781374295096
5.733590726219365 3.310290149205892
5.423261885823437 3.7974088541389763
5.071658747821333 4.255626984753905
4.68145722439703 4.681457224397029
4.255626984753906 5.071658747821333
3.797408854138977 5.423261885823436
3.310290149205893 5.733590726219365
2.7979781374295096 6.000283479152028
2.264371822561898 6.221310451738121
1.7135322708595013 6.394989495256529
1.1496517039167888 6.519998807315803
0.5770215933285913 6.595386991568486
4.05393623547401e-16 6.6205802984117845
-0.5770215933285904 6.595386991568486
-1.149651703916788 6.519998807315803
-1.7135322708595007 6.39498949525653
-2.2643718225618956 6.2213104517381215
-2.7979781374295087 6.000283479152029
-3.310290149205891 5.733590726219365
-3.797408854138977 5.423261885823436
-4.255626984753906 5.071658747821333
-4.681457224397029 4.68145722439703
-5.071658747821332 4.255626984753907
-5.423261885823438 3.7974088541389754
-5.733590726219364 3.3102901492058945
-6.000283479152028 2.79797813742951
-6.221310451738121 2.2643718225618983
-6.39498949525653 1.7135322708594987
-6.519998807315803 1.1496517039167877
-6.595386991568486 0.5770215933285916
-6.6205802984117845 8.10787247094802e-16
-6.595386991568486 -0.5770215933285899
-6.519998807315804 -1.1496517039167862
-6.39498949525653 -1.7135322708594973
-6.2213104517381215 -2.2643718225618965
-6.0002834791520305 -2.797978137429506
-5.733590726219365 -3.310290149205893
-5.423261885823438 -3.797408854138975
-5.071658747821335 -4.255626984753904
-4.681457224397031 -4.681457224397029
-4.255626984753907 -5.071658747821332
-3.797408854138974 -5.423261885823439
-3.3102901492058954 -5.733590726219363
-2.7979781374295127 -6.000283479152026
-2.264371822561896 -6.2213104517381215
-1.713532270859499 -6.39498949525653
-1.1496517039167882 -6.519998807315803
-0.5770215933285919 -6.595386991568486
-1.216180870642203e-15 -6.6205802984117845
0.5770215933285896 -6.595386991568486
1.1496517039167857 -6.519998807315804
1.7135322708594969 -6.39498949525653
2.2643718225618987 -6.221310451738121
2.7979781374295056 -6.0002834791520305
3.310290149205888 -5.733590726219368
3.7974088541389763 -5.423261885823437
4.255626984753905 -5.071658747821333
4.681457224397028 -4.681457224397031
5.071658747821331 -4.255626984753908
5.423261885823435 -3.7974088541389794
5.733590726219366 -3.31029014920589
6.000283479152026 -2.797978137429513
6.2213104517381215 -2.2643718225618965
6.39498949525653 -1.7135322708594996
6.519998807315803 -1.1496517039167886
6.595386991568486 -0.5770215933285925
6.796787143113453 0.0
6.770923316027764 0.5923790317557865
6.693528674111824 1.1802497013916726
6.565192237322778 1.7591379581457138
6.386890723436248 2.3246381128417255
6.1599811146343075 2.872446367844142
5.8861903300517096 3.398393571556726
5.567602082878521 3.8984769481836214
5.2066410220445745 4.368890561270098
4.806054279177064 4.806054279177063
4.368890561270099 5.2066410220445745
3.8984769481836223 5.56760208287852
3.3983935715567273 5.886190330051709
2.872446367844142 6.1599811146343075
2.3246381128417264 6.386890723436247
1.7591379581457154 6.565192237322777
1.1802497013916733 6.693528674111824
0.5923790317557864 6.770923316027764
4.1618318096498866e-16 6.796787143113453
-0.5923790317557855 6.770923316027764
-1.1802497013916724 6.693528674111824
-1.7591379581457145 6.565192237322778
-2.324638112841724 6.386890723436248
-2.8724463678441414 6.159981114634308
-3.398393571556725 5.8861903300517096
-3.8984769481836223 5.56760208287852
-4.368890561270099 5.2066410220445745
-4.806054279177063 4.806054279177064
-5.206641022044574 4.3688905612701
-5.567602082878522 3.8984769481836206
-5.886190330051708 3.3983935715567286
-6.1599811146343075 2.8724463678441423
-6.386890723436247 2.324638112841727
-6.565192237322778 1.7591379581457127
-6.693528674111824 1.1802497013916724
-6.770923316027764 0.5923790317557868
-6.796787143113453 8.323663619299773e-16
-6.770923316027764 -0.5923790317557851
-6.693528674111825 -1.1802497013916706
-6.565192237322779 -1.7591379581457112
-6.386890723436248 -2.324638112841725
-6.15998111463431 -2.8724463678441383
-5.886190330051709 -3.3983935715567273
-5.567602082878523 -3.89847694818362
-5.206641022044577 -4.368890561270096
-4.806054279177065 -4.806054279177063
-4.3688905612701 -5.206641022044574
-3.8984769481836192 -5.5676020828785235
-3.3983935715567295 -5.886190330051707
-2.8724463678441454 -6.159981114634306
-2.324638112841724 -6.386890723436248
-1.7591379581457132 -6.565192237322778
-1.1802497013916726 -6.693528674111824
-0.5923790317557871 -6.770923316027764
-1.248549542894966e-15 -6.796787143113453
0.5923790317557847 -6.770923316027764
1.1802497013916702 -6.693528674111825
1.7591379581457107 -6.565192237322779
2.3246381128417273 -6.386890723436247
2.872446367844138 -6.15998111463431
3.398393571556722 -5.886190330051712
3.8984769481836214 -5.567602082878521
4.368890561270098 -5.206641022044575
4.806054279177062 -4.806054279177065
5.206641022044573 -4.3688905612701
5.56760208287852 -3.8984769481836246
5.88619033005171 -3.398393571556724
6.159981114634306 -2.872446367844146
6.386890723436248 -2.3246381128417246
6.565192237322778 -1.7591379581457134
6.693528674111824 -1.180249701391673
6.770923316027764 -0.5923790317557877
6.95793215543351 0.0
6.931455122924934 0.6064237449946217
6.852225531603865 1.2082322391211657
6.720846366500392 1.800845356357425
6.53831750238986 2.379752953051648
6.306028094142092 2.940549192839028
6.025746004414035 3.4789660777167546
5.699604349147471 3.9909059300859053
5.3300852632686935 4.472472578552216
4.9200010101429665 4.920001010142966
4.472472578552217 5.3300852632686935
3.990905930085906 5.69960434914747
3.478966077716756 6.025746004414034
2.940549192839028 6.306028094142092
2.379752953051649 6.538317502389859
1.8008453563574265 6.720846366500391
1.2082322391211662 6.852225531603865
0.6064237449946215 6.931455122924934
4.260504671418046e-16 6.95793215543351
-0.6064237449946206 6.931455122924934
-1.2082322391211655 6.852225531603865
-1.8008453563574258 6.720846366500392
-2.379752953051647 6.53831750238986
-2.9405491928390273 6.306028094142093
-3.4789660777167537 6.025746004414035
-3.990905930085906 5.69960434914747
-4.472472578552217 5.3300852632686935
-4.920001010142966 4.9200010101429665
-5.330085263268693 4.4724725785522175
-5.699604349147472 3.9909059300859044
-6.025746004414034 3.4789660777167573
-6.306028094142092 2.9405491928390286
-6.538317502389859 2.3797529530516495
-6.720846366500392 1.8008453563574238
-6.852225531603865 1.2082322391211653
-6.931455122924934 0.6064237449946219
-6.95793215543351 8.521009342836092e-16
-6.931455122924934 -0.6064237449946202
-6.852225531603865 -1.2082322391211635
-6.720846366500392 -1.8008453563574223
-6.53831750238986 -2.3797529530516477
-6.3060280941420945 -2.940549192839024
-6.025746004414034 -3.478966077716756
-5.699604349147473 -3.990905930085904
-5.330085263268696 -4.472472578552214
-4.920001010142967 -4.920001010142966
-4.4724725785522175 -5.330085263268693
-3.990905930085903 -5.6996043491474735
-3.478966077716758 -6.025746004414033
-2.9405491928390317 -6.306028094142091
-2.379752953051647 -6.53831750238986
-1.8008453563574243 -6.720846366500392
-1.2082322391211657 -6.852225531603865
-0.6064237449946223 -6.931455122924934
-1.2781514014254137e-15 -6.95793215543351
0.6064237449946198 -6.931455122924934
1.208232239121163 -6.852225531603865
1.8008453563574218 -6.720846366500392
2.37975295305165 -6.538317502389859
2.9405491928390237 -6.3060280941420945
3.4789660777167506 -6.025746004414038
3.9909059300859053 -5.699604349147471
4.472472578552216 -5.330085263268694
4.920001010142965 -4.920001010142967
5.330085263268692 -4.472472578552218
5.699604349147469 -3.9909059300859084
6.025746004414036 -3.478966077716753
6.306028094142091 -2.940549192839032
6.53831750238986 -2.3797529530516472
6.720846366500392 -1.8008453563574247
6.852225531603865 -1.208232239121166
6.931455122924934 -0.6064237449946227
7.109265668569803 0.0
7.082212766354906 0.6196133297346278
7.00125994863106 1.2345110278972173
6.867023315221792 1.84001335171937
6.680524487961642 2.4315120629045
6.443182835537128 3.0045054991038014
6.156804671234011 3.554632834284901
5.8235695058025 4.077707267251104
5.446013460064424 4.56974788572656
5.027009963502422 5.0270099635024215
4.569747885726561 5.446013460064424
4.077707267251105 5.823569505802499
3.5546328342849023 6.15680467123401
3.0045054991038014 6.443182835537128
2.431512062904501 6.680524487961641
1.8400133517193715 6.867023315221791
1.234511027897218 7.00125994863106
0.6196133297346276 7.082212766354906
4.3531697226510887e-16 7.109265668569803
-0.6196133297346267 7.082212766354906
-1.2345110278972171 7.00125994863106
-1.8400133517193709 6.867023315221792
-2.431512062904498 6.680524487961642
-3.004505499103801 6.443182835537129
-3.5546328342848996 6.156804671234011
-4.077707267251105 5.823569505802499
-4.569747885726561 5.446013460064424
-5.0270099635024215 5.027009963502422
-5.446013460064423 4.569747885726562
-5.823569505802501 4.077707267251103
-6.15680467123401 3.5546328342849036
-6.443182835537128 3.004505499103802
-6.680524487961641 2.4315120629045013
-6.867023315221792 1.8400133517193689
-7.00125994863106 1.234511027897217
-7.082212766354906 0.619613329734628
-7.109265668569803 8.706339445302177e-16
-7.082212766354906 -0.6196133297346262
-7.001259948631061 -1.2345110278972151
-6.867023315221793 -1.8400133517193673
-6.680524487961642 -2.4315120629044995
-6.44318283553713 -3.0045054991037974
-6.15680467123401 -3.5546328342849023
-5.823569505802501 -4.077707267251102
-5.446013460064425 -4.569747885726557
-5.027009963502423 -5.0270099635024215
-4.569747885726562 -5.446013460064423
-4.077707267251102 -5.823569505802502
-3.5546328342849045 -6.156804671234009
-3.004505499103805 -6.443182835537126
-2.4315120629044986 -6.680524487961642
-1.8400133517193693 -6.867023315221792
-1.2345110278972173 -7.00125994863106
-0.6196133297346283 -7.082212766354906
-1.3059509167953264e-15 -7.109265668569803
0.6196133297346258 -7.082212766354906
1.234511027897215 -7.001259948631061
1.8400133517193669 -6.867023315221793
2.4315120629045017 -6.680524487961641
3.0045054991037974 -6.44318283553713
3.5546328342848965 -6.156804671234013
4.077707267251104 -5.8235695058025
4.56974788572656 -5.4460134600644245
5.027009963502421 -5.027009963502423
5.446013460064422 -4.569747885726562
5.8235695058024985 -4.077707267251108
6.156804671234012 -3.554632834284899
6.443182835537126 -3.0045054991038054
6.680524487961642 -2.431512062904499
6.867023315221792 -1.8400133517193697
7.00125994863106 -1.2345110278972178
7.082212766354906 -0.6196133297346289
6.276094515524553 0.0
6.252212081088242 0.5469976790550463
6.180746537525978 1.0898323754862547
6.062241780776344 1.6243727894812323
5.897599703593333 2.146550745725151
5.688073331597914 2.652392154671324
5.435257286996452 3.138047257762276
5.141075652542868 3.599819926416918
4.8077673281070785 4.034195791800826
4.437868991295112 4.437868991295111
4.034195791800827 4.8077673281070785
3.599819926416919 5.141075652542867
3.1380472577622776 5.4352572869964515
2.652392154671324 5.688073331597914
2.146550745725152 5.897599703593333
1.6243727894812339 6.062241780776343
1.0898323754862551 6.180746537525978
0.5469976790550461 6.252212081088242
3.8429995297917015e-16 6.276094515524553
-0.5469976790550454 6.252212081088242
-1.0898323754862544 6.180746537525978
-1.6243727894812332 6.062241780776344
-2.1465507457251496 5.897599703593333
-2.652392154671323 5.688073331597915
-3.1380472577622753 5.435257286996452
-3.599819926416919 5.141075652542867
-4.034195791800827 4.8077673281070785
-4.437868991295111 4.437868991295112
-4.807767328107078 4.034195791800828
-5.1410756525428685 3.5998199264169175
-5.4352572869964515 3.138047257762279
-5.688073331597914 2.6523921546713245
-5.897599703593333 2.1465507457251523
-6.062241780776344 1.6243727894812314
-6.180746537525978 1.0898323754862542
-6.252212081088242 0.5469976790550465
-6.276094515524553 7.685999059583403e-16
-6.252212081088242 -0.5469976790550449
-6.1807465375259785 -1.0898323754862527
-6.062241780776345 -1.6243727894812299
-5.897599703593333 -2.146550745725151
-5.6880733315979155 -2.6523921546713205
-5.4352572869964515 -3.1380472577622776
-5.1410756525428685 -3.5998199264169166
-4.80776732810708 -4.034195791800824
-4.437868991295113 -4.437868991295111
-4.034195791800828 -4.807767328107078
-3.599819926416916 -5.141075652542869
-3.1380472577622793 -5.435257286996451
-2.652392154671327 -5.688073331597912
-2.14655074572515 -5.897599703593333
-1.6243727894812316 -6.062241780776344
-1.0898323754862547 -6.180746537525978
-0.5469976790550468 -6.252212081088242
-1.1528998589375103e-15 -6.276094515524553
0.5469976790550445 -6.252212081088242
1.0898323754862524 -6.1807465375259785
1.6243727894812297 -6.062241780776345
2.1465507457251527 -5.897599703593333
2.65239215467132 -5.6880733315979155
3.1380472577622727 -5.435257286996455
3.599819926416918 -5.141075652542868
4.034195791800826 -4.807767328107079
4.43786899129511 -4.437868991295113
4.807767328107077 -4.034195791800828
5.141075652542866 -3.599819926416921
5.435257286996453 -3.1380472577622744
5.688073331597912 -2.6523921546713276
5.897599703593333 -2.1465507457251505
6.062241780776344 -1.624372789481232
6.180746537525978 -1.0898323754862551
6.252212081088242 -0.5469976790550473
7.248070734999571 0.0
7.220489637600513 0.6317109883964522
7.13795625420847 1.2586142747336837
7.001098713706075 1.8759387464681145
6.810958584613393 2.4789861916191382
6.5689829481225654 3.0631670549991523
6.277013384936176 3.624035367499785
5.937271959726114 4.157322582601361
5.552344309879708 4.658970062589332
5.125159967237961 5.12515996723796
4.658970062589333 5.552344309879708
4.157322582601362 5.937271959726113
3.6240353674997863 6.2770133849361756
3.0631670549991523 6.5689829481225654
2.478986191619139 6.810958584613392
1.875938746468116 7.0010987137060745
1.2586142747336844 7.13795625420847
0.631710988396452 7.220489637600513
4.438163312805414e-16 7.248070734999571
-0.6317109883964511 7.220489637600513
-1.2586142747336835 7.13795625420847
-1.8759387464681154 7.001098713706075
-2.4789861916191365 6.810958584613393
-3.0631670549991514 6.568982948122566
-3.6240353674997836 6.277013384936176
-4.157322582601362 5.937271959726113
-4.658970062589333 5.552344309879708
-5.12515996723796 5.125159967237961
-5.552344309879707 4.658970062589334
-5.9372719597261145 4.15732258260136
-6.2770133849361756 3.6240353674997876
-6.5689829481225654 3.0631670549991528
-6.810958584613392 2.4789861916191396
-7.001098713706075 1.8759387464681134
-7.13795625420847 1.2586142747336835
-7.220489637600513 0.6317109883964525
-7.248070734999571 8.876326625610828e-16
-7.220489637600513 -0.6317109883964506
-7.137956254208471 -1.2586142747336815
-7.001098713706076 -1.8759387464681117
-6.810958584613393 -2.478986191619138
-6.568982948122568 -3.0631670549991483
-6.2770133849361756 -3.6240353674997863
-5.937271959726115 -4.157322582601359
-5.55234430987971 -4.658970062589329
-5.125159967237962 -5.12515996723796
-4.658970062589334 -5.552344309879707
-4.157322582601358 -5.937271959726116
-3.6240353674997885 -6.277013384936175
-3.063167054999156 -6.568982948122565
-2.478986191619137 -6.810958584613393
-1.8759387464681136 -7.001098713706075
-1.2586142747336837 -7.13795625420847
-0.6317109883964528 -7.220489637600513
-1.3314489938416242e-15 -7.248070734999571
0.6317109883964502 -7.220489637600513
1.2586142747336813 -7.137956254208471
1.8759387464681114 -7.001098713706076
2.47898619161914 -6.810958584613392
3.063167054999148 -6.568982948122568
3.6240353674997805 -6.277013384936179
4.157322582601361 -5.937271959726114
4.658970062589332 -5.552344309879708
5.125159967237959 -5.125159967237962
5.5523443098797065 -4.658970062589334
5.937271959726112 -4.157322582601364
6.277013384936177 -3.624035367499783
6.568982948122565 -3.0631670549991563
6.810958584613393 -2.4789861916191374
7.001098713706075 -1.875938746468114
7.13795625420847 -1.2586142747336841
7.220489637600513 -0.6317109883964533
7.383151069709668 0.0
7.355055950855171 0.643484015298713
7.270984415110458 1.2820707286947313
7.13157629762633 1.9109001097099108
6.937892578353761 2.525186387057165
6.691407307345844 3.1202544712496856
6.393996386346826 3.6915755348548336
6.047923292047131 4.234801479605485
5.65582184965903 4.745798028053293
5.2206761879164185 5.220676187916418
4.745798028053294 5.65582184965903
4.234801479605486 6.04792329204713
3.691575534854835 6.393996386346825
3.1202544712496856 6.691407307345844
2.5251863870571656 6.93789257835376
1.9109001097099125 7.131576297626329
1.2820707286947317 7.270984415110458
0.6434840152987128 7.355055950855171
4.520876162570651e-16 7.383151069709668
-0.6434840152987119 7.355055950855171
-1.282070728694731 7.270984415110458
-1.9109001097099116 7.13157629762633
-2.5251863870571634 6.937892578353761
-3.1202544712496847 6.691407307345845
-3.6915755348548323 6.393996386346826
-4.234801479605486 6.04792329204713
-4.745798028053294 5.65582184965903
-5.220676187916418 5.2206761879164185
-5.655821849659029 4.7457980280532945
-6.047923292047132 4.234801479605484
-6.393996386346824 3.6915755348548367
-6.691407307345844 3.120254471249686
-6.93789257835376 2.525186387057166
-7.13157629762633 1.9109001097099096
-7.270984415110458 1.2820707286947308
-7.355055950855171 0.6434840152987132
-7.383151069709668 9.041752325141302e-16
-7.355055950855171 -0.6434840152987114
-7.270984415110459 -1.2820707286947288
-7.131576297626331 -1.9109001097099079
-6.937892578353761 -2.5251863870571647
-6.691407307345846 -3.1202544712496816
-6.393996386346825 -3.691575534854835
-6.047923292047133 -4.234801479605483
-5.655821849659032 -4.74579802805329
-5.220676187916419 -5.220676187916418
-4.7457980280532945 -5.655821849659029
-4.2348014796054825 -6.047923292047134
-3.691575534854837 -6.393996386346823
-3.120254471249689 -6.691407307345842
-2.525186387057164 -6.937892578353761
-1.91090010970991 -7.13157629762633
-1.2820707286947313 -7.270984415110458
-0.6434840152987137 -7.355055950855171
-1.3562628487711953e-15 -7.383151069709668
0.643484015298711 -7.355055950855171
1.2820707286947286 -7.270984415110459
1.9109001097099076 -7.131576297626331
2.525186387057167 -6.93789257835376
3.120254471249681 -6.691407307345846
3.691575534854829 -6.393996386346828
4.234801479605485 -6.047923292047131
4.745798028053293 -5.655821849659031
5.220676187916418 -5.220676187916419
5.655821849659028 -4.745798028053295
6.0479232920471295 -4.234801479605488
6.393996386346827 -3.6915755348548314
6.691407307345842 -3.1202544712496896
6.937892578353761 -2.5251863870571643
7.13157629762633 -1.9109001097099103
7.270984415110458 -1.2820707286947315
7.355055950855171 -0.6434840152987141
1.0 0.5 0.4 0.32000000000000006 0.25600000000000006 0.20480000000000007 0.16384000000000007 0.13107200000000005 0.10485760000000005 0.08388608000000004 0.06710886400000003 0.05368709120000003 0.042949672960000025 0.03435973836800002 0.027487790694400018 0.021990232555520017 0.017592186044416015 