0.0 0.0
1.2574285273803985 0.0
1.181596308345052 0.4300658851564284
0.963246136019034 0.8082594774665114
0.6287142636901993 1.0889650481546815
0.2183501723260181 1.2383253626229398
-0.21835017232601797 1.2383253626229398
-0.6287142636901989 1.0889650481546818
-0.9632461360190337 0.8082594774665117
-1.1815963083450518 0.43006588515642863
-1.2574285273803985 1.539905821212975e-16
-1.181596308345052 -0.43006588515642835
-0.9632461360190343 -0.808259477466511
-0.6287142636901998 -1.0889650481546813
-0.218350172326018 -1.2383253626229398
0.21835017232601756 -1.23832536262294
0.6287142636901983 -1.0889650481546822
0.9632461360190336 -0.8082594774665118
1.181596308345052 -0.4300658851564283
2.0469294046362716 0.0
1.9234844568063973 0.7000910883512234
1.568038895878454 1.31574085920324
1.023464702318136 1.7726928641683677
0.3554455609279434 2.0158319475544633
-0.35544556092794316 2.0158319475544633
-1.0234647023181354 1.772692864168368
-1.5680388958784537 1.3157408592032405
-1.9234844568063971 0.7000910883512237
-2.0469294046362716 2.506765543468407e-16
-1.9234844568063973 -0.7000910883512232
-1.5680388958784546 -1.3157408592032391
-1.0234647023181367 -1.7726928641683672
-0.3554455609279432 -2.0158319475544633
0.3554455609279425 -2.0158319475544637
1.0234647023181345 -1.7726928641683686
1.5680388958784535 -1.3157408592032407
1.9234844568063973 -0.7000910883512231
2.5778191402575077 0.0
2.4223576238206546 0.8816660718185249
1.974724027760005 1.656990203370333
1.288909570128754 2.2324568618247627
0.4476335960606495 2.538656275188858
-0.44763359606064923 2.538656275188858
-1.2889095701287532 2.2324568618247627
-1.9747240277600049 1.6569902033703336
-2.4223576238206546 0.8816660718185253
-2.5778191402575077 3.156917958897139e-16
-2.4223576238206546 -0.8816660718185247
-1.974724027760006 -1.656990203370332
-1.288909570128755 -2.2324568618247618
-0.4476335960606493 -2.538656275188858
0.44763359606064834 -2.5386562751888584
1.288909570128752 -2.2324568618247635
1.9747240277600047 -1.6569902033703339
2.4223576238206546 -0.8816660718185246
3.0009959023841066 0.0
2.820013704479093 1.0264010486531567
2.2988962348441677 1.9290029827725788
1.5004979511920538 2.5989386881176415
0.5211174696349256 2.9554040314257355
-0.5211174696349252 2.9554040314257355
-1.5004979511920526 2.598938688117642
-2.2988962348441677 1.9290029827725794
-2.820013704479093 1.0264010486531572
-3.0009959023841066 3.675160026109019e-16
-2.820013704479093 -1.0264010486531565
-2.298896234844169 -1.9290029827725779
-1.5004979511920546 -2.598938688117641
-0.5211174696349252 -2.9554040314257355
0.5211174696349242 -2.955404031425736
1.5004979511920513 -2.598938688117643
2.2988962348441673 -1.9290029827725799
2.820013704479093 -1.0264010486531563
3.362254092704799 0.0
3.1594853601219195 1.1499586266842117
2.5756360640705522 2.1612152714085013
1.6811270463524 2.911797458260555
0.5838492960513668 3.3111738980927132
-0.5838492960513665 3.3111738980927132
-1.6811270463523988 2.9117974582605552
-2.5756360640705522 2.1612152714085022
-3.159485360121919 1.1499586266842121
-3.362254092704799 4.1175737125510205e-16
-3.1594853601219195 -1.1499586266842114
-2.5756360640705536 -2.1612152714085004
-1.681127046352401 -2.911797458260554
-0.5838492960513666 -3.3111738980927132
0.5838492960513654 -3.3111738980927137
1.6811270463523973 -2.911797458260556
2.575636064070552 -2.1612152714085027
3.1594853601219195 -1.1499586266842112
3.6857944108488807 0.0
3.463513809608638 1.2606159326674828
2.8234823269097724 2.3691829791455583
1.8428972054244408 3.1919915929218288
0.6400314826988656 3.629798911813041
-0.6400314826988651 3.629798911813041
-1.8428972054244395 3.191991592921829
-2.823482326909772 2.369182979145559
-3.4635138096086378 1.2606159326674835
-3.6857944108488807 4.513796327561287e-16
-3.463513809608638 -1.2606159326674826
-2.8234823269097737 -2.369182979145557
-1.842897205424442 -3.191991592921828
-0.6400314826988652 -3.629798911813041
0.6400314826988639 -3.6297989118130416
1.842897205424438 -3.1919915929218305
2.8234823269097715 -2.3691829791455596
3.463513809608638 -1.2606159326674824
3.991277445444405 0.0
3.7505739629933386 1.3650972839434043
3.0574959080287964 2.5655436887530056
1.995638722722203 3.4565476613067134
0.6930780549645422 3.9306409726964104
-0.6930780549645418 3.9306409726964104
-1.9956387227222017 3.456547661306714
-3.057495908028796 2.5655436887530065
-3.750573962993338 1.365097283943405
-3.991277445444405 4.887905148072515e-16
-3.7505739629933386 -1.3650972839434041
-3.057495908028798 -2.5655436887530043
-1.9956387227222043 -3.4565476613067125
-0.6930780549645419 -3.9306409726964104
0.6930780549645404 -3.930640972696411
1.9956387227221999 -3.456547661306715
3.0574959080287956 -2.565543688753007
3.7505739629933386 -1.365097283943404
4.307856047735292 0.0
4.048060539464802 1.4733735428727734
3.3000091871241035 2.7690364917974706
2.1539280238676466 3.7307127731851923
0.7480513523406987 4.242410034670244
-0.7480513523406982 4.242410034670244
-2.1539280238676453 3.730712773185193
-3.300009187124103 2.7690364917974715
-4.048060539464802 1.4733735428727741
-4.307856047735292 5.275602120046593e-16
-4.048060539464802 -1.4733735428727732
-3.300009187124105 -2.7690364917974692
-2.153928023867648 -3.7307127731851915
-0.7480513523406983 -4.242410034670244
0.7480513523406968 -4.242410034670245
2.1539280238676435 -3.730712773185194
3.3000091871241026 -2.769036491797472
4.048060539464802 -1.473373542872773
1.0 0.5 0.4 0.32000000000000006 0.25600000000000006 0.20480000000000007 0.16384000000000007 0.13107200000000005 0.10485760000000005 