0.0 0.0
1.219475342741034 0.0
1.1459319808041162 0.41708513150640747
0.9341723098273803 0.7838636406321825
0.6097376713705172 1.0560966261024707
0.21175967097673595 1.20094877213859
-0.21175967097673581 1.20094877213859
-0.6097376713705168 1.056096626102471
-0.9341723098273802 0.7838636406321827
-1.1459319808041162 0.41708513150640764
-1.219475342741034 1.4934265751269289e-16
-1.1459319808041162 -0.4170851315064074
-0.9341723098273808 -0.7838636406321821
-0.6097376713705176 -1.0560966261024705
-0.21175967097673584 -1.20094877213859
0.2117596709767354 -1.20094877213859
0.6097376713705163 -1.0560966261024711
0.9341723098273801 -0.783863640632183
1.1459319808041162 -0.4170851315064073
1.9727243315132603 0.0
1.8537544971678248 0.6747114586061993
1.5111945119613337 1.2680427576238846
0.9863621657566304 1.708429385754158
0.34255998520649117 1.9427542162300842
-0.34255998520649095 1.9427542162300842
-0.9863621657566297 1.7084293857541581
-1.5111945119613335 1.268042757623885
-1.8537544971678246 0.6747114586061996
-1.9727243315132603 2.4158905381878164e-16
-1.8537544971678248 -0.6747114586061992
-1.5111945119613344 -1.268042757623884
-0.986362165756631 -1.7084293857541575
-0.342559985206491 -1.9427542162300842
0.3425599852064903 -1.9427542162300844
0.9863621657566288 -1.7084293857541588
1.5111945119613333 -1.2680427576238853
1.8537544971678248 -0.6747114586061991
2.8255504543996945 0.0
2.655148911657663 0.9663951713876919
2.1644972243451894 1.8162288226322945
1.4127752271998475 2.4469984731847996
0.4906516873124741 2.7826239940199864
-0.4906516873124738 2.7826239940199864
-1.4127752271998466 2.4469984731847996
-2.164497224345189 1.8162288226322951
-2.655148911657663 0.9663951713876924
-2.8255504543996945 3.460301319809935e-16
-2.655148911657663 -0.9663951713876917
-2.1644972243451903 -1.8162288226322936
-1.4127752271998486 -2.4469984731847987
-0.4906516873124739 -2.7826239940199864
0.4906516873124729 -2.782623994019987
1.4127752271998455 -2.4469984731848005
2.1644972243451885 -1.8162288226322953
2.655148911657663 -0.9663951713876916
2.4344517819123936 0.0
2.2876363751221818 0.8326315473691065
1.8648982595750834 1.5648354417926036
1.217225890956197 2.1082970874244267
0.42273811554709867 2.3974669891617104
-0.4227381155470984 2.3974669891617104
-1.2172258909561964 2.108297087424427
-1.864898259575083 1.5648354417926043
-2.2876363751221818 0.8326315473691068
-2.4344517819123936 2.9813435823975834e-16
-2.2876363751221818 -0.8326315473691064
-1.864898259575084 -1.564835441792603
-1.217225890956198 -2.1082970874244262
-0.42273811554709845 -2.3974669891617104
0.42273811554709756 -2.3974669891617104
1.2172258909561953 -2.108297087424428
1.8648982595750827 -1.5648354417926045
2.2876363751221818 -0.8326315473691062
3.17194401617438 0.0
2.980652385545083 1.0848687470329588
2.4298500874748776 2.0388863122162513
1.5859720080871904 2.7469840973890514
0.5508022980702055 3.12375505924921
-0.5508022980702052 3.12375505924921
-1.5859720080871893 2.7469840973890514
-2.429850087474877 2.0388863122162517
-2.9806523855450826 1.0848687470329592
-3.17194401617438 3.8845110864825546e-16
-2.980652385545083 -1.0848687470329585
-2.4298500874748785 -2.03888631221625
-1.5859720080871913 -2.7469840973890505
-0.5508022980702053 -3.12375505924921
0.5508022980702041 -3.1237550592492105
1.5859720080871877 -2.7469840973890527
2.4298500874748767 -2.038886312216252
2.980652385545083 -1.0848687470329583
3.4430224228898845 0.0
3.2353827639900437 1.1775830225502895
2.637508194588836 2.2131321533065456
1.7215112114449427 2.9817448840220884
0.5978745694012079 3.3907151758568355
-0.5978745694012075 3.3907151758568355
-1.7215112114449416 2.981744884022089
-2.6375081945888357 2.2131321533065464
-3.2353827639900437 1.17758302255029
-3.4430224228898845 4.2164863895846616e-16
-3.2353827639900437 -1.1775830225502892
-2.637508194588837 -2.2131321533065447
-1.7215112114449438 -2.9817448840220875
-0.5978745694012076 -3.3907151758568355
0.5978745694012063 -3.390715175856836
1.72151121144494 -2.9817448840220897
2.6375081945888352 -2.213132153306547
3.2353827639900437 -1.177583022550289
3.6764986683714644 0.0
3.454778668997884 1.2574366014930385
2.8163613750402825 2.363207791058238
1.8382493341857327 3.183941243789348
0.6384172939576012 3.620644392551277
-0.6384172939576007 3.620644392551277
-1.8382493341857313 3.1839412437893486
-2.8163613750402825 2.363207791058239
-3.4547786689978834 1.2574366014930392
-3.6764986683714644 4.502412326290621e-16
-3.454778668997884 -1.2574366014930383
-2.816361375040284 -2.3632077910582368
-1.8382493341857338 -3.1839412437893473
-0.6384172939576008 -3.620644392551277
0.6384172939575995 -3.6206443925512772
1.8382493341857298 -3.18394124378935
2.816361375040282 -2.3632077910582394
3.454778668997884 -1.257436601493038
3.8808762732174533 0.0
3.646830796125558 1.3273378591950205
2.972923703530519 2.4945791831506514
1.940438136608727 3.3609374415505924
0.6739070925950391 3.8219170423456723
-0.6739070925950387 3.8219170423456723
-1.9404381366087258 3.360937441550593
-2.9729237035305185 2.4945791831506523
-3.6468307961255575 1.3273378591950211
-3.8808762732174533 4.752702705882663e-16
-3.646830796125558 -1.3273378591950202
-2.9729237035305203 -2.49457918315065
-1.9404381366087284 -3.3609374415505915
-0.6739070925950388 -3.8219170423456723
0.6739070925950373 -3.8219170423456723
1.940438136608724 -3.360937441550594
2.972923703530518 -2.4945791831506527
3.646830796125558 -1.32733785919502
4.061156269688039 0.0
3.816238578484277 1.3889972494266414
3.11102619303232 2.610460931156277
2.03057813484402 3.517064498288289
0.7052123854519571 3.999458180582919
-0.7052123854519566 3.999458180582919
-2.030578134844019 3.5170644982882893
-3.1110261930323198 2.610460931156278
-3.8162385784842767 1.388997249426642
-4.061156269688039 4.973482026510663e-16
-3.816238578484277 -1.3889972494266412
-3.1110261930323215 -2.610460931156276
-2.0305781348440215 -3.517064498288288
-0.7052123854519567 -3.999458180582919
0.7052123854519552 -3.9994581805829195
2.030578134844017 -3.5170644982882906
3.1110261930323193 -2.6104609311562785
3.816238578484277 -1.388997249426641
4.427707627929823 0.0
4.160684184963133 1.5143651975087147
3.3918208241311523 2.8460756025478675
2.2138538139649118 3.8345072863173635
0.7688633608319809 4.360440800056582
-0.7688633608319804 4.360440800056582
-2.2138538139649104 3.834507286317364
-3.3918208241311514 2.8460756025478684
-4.160684184963133 1.5143651975087153
-4.427707627929823 5.422377974104577e-16
-4.160684184963133 -1.5143651975087142
-3.3918208241311536 -2.8460756025478657
-2.213853813964913 -3.8345072863173626
-0.7688633608319805 -4.360440800056582
0.7688633608319789 -4.360440800056582
2.213853813964908 -3.8345072863173653
3.391820824131151 -2.846075602547869
4.160684184963133 -1.514365197508714
4.277863129490859 0.0
4.019876415514673 1.4631153606760572
3.2770332787700336 2.7497574155716076
2.13893156474543 3.704738144051883
0.7428431367446396 4.212872776247665
-0.7428431367446391 4.212872776247665
-2.1389315647454286 3.7047381440518836
-3.277033278770033 2.7497574155716085
-4.0198764155146725 1.463115360676058
-4.277863129490859 5.23887138872146e-16
-4.019876415514673 -1.463115360676057
-3.277033278770035 -2.7497574155716062
-2.1389315647454312 -3.7047381440518823
-0.7428431367446393 -4.212872776247665
0.7428431367446378 -4.212872776247665
2.138931564745427 -3.704738144051885
3.2770332787700327 -2.749757415571609
4.019876415514673 -1.4631153606760567
4.585965496161121 0.0
4.3093979359213925 1.568492576283598
3.5130533846695937 2.947801799382351
2.292982748080561 3.971562620554438
0.796344551251799 4.516294375665949
-0.7963445512517985 4.516294375665949
-2.2929827480805596 3.9715626205544385
-3.5130533846695933 2.947801799382352
-4.3093979359213925 1.5684925762835988
-4.585965496161121 5.61618796587392e-16
-4.3093979359213925 -1.5684925762835977
-3.513053384669595 -2.9478017993823493
-2.2929827480805627 -3.971562620554437
-0.7963445512517986 -4.516294375665949
0.7963445512517969 -4.516294375665949
2.2929827480805574 -3.97156262055444
3.5130533846695924 -2.9478017993823524
4.3093979359213925 -1.5684925762835975
4.730733008944893 0.0
4.445434899413833 1.6180059817548043
3.6239517333817575 3.040856562884897
2.365366504472447 4.096934964267873
0.821483166032075 4.658862544639701
-0.8214831660320745 4.658862544639701
-2.3653665044724455 4.096934964267874
-3.623951733381757 3.040856562884898
-4.445434899413832 1.618005981754805
-4.730733008944893 5.79347703702509e-16
-4.445434899413833 -1.618005981754804
-3.6239517333817592 -3.0408565628848954
-2.3653665044724486 -4.096934964267872
-0.8214831660320746 -4.658862544639701
0.8214831660320729 -4.658862544639702
2.3653665044724432 -4.0969349642678745
3.6239517333817566 -3.0408565628848985
4.445434899413833 -1.6180059817548036
4.885713632046585 0.0
4.591069047307295 1.6710124766807464
3.7426737784999253 3.1404761871561644
2.442856816023293 4.23115212096828
0.8483952688073693 4.8114886638369105
-0.8483952688073687 4.8114886638369105
-2.4428568160232915 4.2311521209682805
-3.742673778499925 3.1404761871561653
-4.591069047307294 1.6710124766807473
-4.885713632046585 5.983273561036439e-16
-4.591069047307295 -1.6710124766807462
-3.742673778499927 -3.1404761871561626
-2.4428568160232946 -4.231152120968279
-0.8483952688073688 -4.8114886638369105
0.848395268807367 -4.811488663836911
2.4428568160232893 -4.231152120968281
3.7426737784999244 -3.1404761871561657
4.591069047307295 -1.671012476680746
4.177797517325128 0.0
3.925845498168111 1.4288909056611632
3.200378572623176 2.685436479915777
2.0888987586625642 3.6180787818711186
0.7254669255449345 4.11432738557694
-0.7254669255449341 4.11432738557694
-2.088898758662563 3.618078781871119
-3.2003785726231757 2.685436479915778
-3.9258454981681106 1.4288909056611638
-4.177797517325128 5.116326357077977e-16
-3.925845498168111 -1.4288909056611627
-3.2003785726231775 -2.6854364799157753
-2.0888987586625656 -3.6180787818711178
-0.7254669255449342 -4.11432738557694
0.7254669255449328 -4.11432738557694
2.088898758662561 -3.6180787818711204
3.2003785726231753 -2.6854364799157784
3.925845498168111 -1.4288909056611625
1.0 0.5 0.4 0.32000000000000006 0.25600000000000006 0.20480000000000007 0.16384000000000007 0.13107200000000005 0.10485760000000005 0.08388608000000004 0.06710886400000003 0.05368709120000003 0.042949672960000025 0.03435973836800002 0.027487790694400018 0.021990232555520017 