0.0 0.0
1.6060736077671172 0.0
1.5410163417602352 0.4524832239917694
1.3511150965210081 0.8683089481970749
1.0517545415525262 1.2137894454516067
0.6671870886525636 1.4609359405194329
0.22856810574436884 1.5897260942069595
-0.22856810574436864 1.5897260942069595
-0.6671870886525635 1.460935940519433
-1.051754541552526 1.2137894454516067
-1.351115096521008 0.8683089481970754
-1.5410163417602352 0.4524832239917694
-1.6060736077671172 9.099272497290427e-16
-1.5410163417602354 -0.45248322399176893
-1.3511150965210081 -0.8683089481970749
-1.0517545415525265 -1.2137894454516065
-0.6671870886525648 -1.4609359405194322
-0.228568105744369 -1.5897260942069595
0.22856810574436842 -1.5897260942069595
0.667187088652563 -1.460935940519433
1.0517545415525253 -1.2137894454516074
1.3511150965210081 -0.8683089481970748
1.5410163417602352 -0.45248322399176955
2.708267814321187 0.0
2.5985639385074712 0.7630072159400584
2.27833986665068 1.464200125023291
1.7735382486067657 2.0467722479105745
1.1250551092988266 2.4635270558954017
0.3854266959958631 2.6807015529711196
-0.3854266959958628 2.68070155297112
-1.1250551092988261 2.463527055895402
-1.7735382486067655 2.0467722479105745
-2.27833986665068 1.4642001250232917
-2.5985639385074712 0.7630072159400584
-2.708267814321187 1.5343796647284762e-15
-2.5985639385074717 -0.7630072159400576
-2.27833986665068 -1.464200125023291
-1.7735382486067661 -2.046772247910574
-1.1250551092988286 -2.4635270558954008
-0.38542669599586343 -2.6807015529711196
0.38542669599586243 -2.68070155297112
1.1250551092988255 -2.463527055895402
1.7735382486067641 -2.046772247910576
2.27833986665068 -1.4642001250232908
2.5985639385074712 -0.7630072159400586
1.0 0.5 0.4 