0.0 0.0
1.2226881490483055 0.0
1.1489510311830735 0.41818397598009804
0.9366334622458832 0.7859287927188193
0.6113440745241528 1.0588789979820066
0.21231756893719045 1.2041127686989175
-0.2123175689371903 1.2041127686989175
-0.6113440745241525 1.0588789979820068
-0.9366334622458831 0.7859287927188195
-1.1489510311830735 0.4181839759800982
-1.2226881490483055 1.4973611280874093e-16
-1.1489510311830735 -0.41818397598009793
-0.9366334622458835 -0.7859287927188189
-0.6113440745241533 -1.0588789979820064
-0.21231756893719034 -1.2041127686989175
0.2123175689371899 -1.2041127686989175
0.611344074524152 -1.0588789979820072
0.9366334622458828 -0.7859287927188198
1.1489510311830735 -0.4181839759800979
2.4399717204447615 0.0
2.29282342062824 0.8345194775370958
1.869126777814162 1.568383589887441
1.219985860222381 2.1130774944207857
0.4236966428140778 2.402903067424537
-0.42369664281407754 2.402903067424537
-1.2199858602223803 2.113077494420786
-1.8691267778141618 1.5683835898874416
-2.2928234206282396 0.8345194775370962
-2.4399717204447615 2.988103557452738e-16
-2.29282342062824 -0.8345194775370957
-1.869126777814163 -1.5683835898874403
-1.2199858602223819 -2.1130774944207853
-0.4236966428140776 -2.402903067424537
0.4236966428140767 -2.4029030674245373
1.2199858602223792 -2.113077494420787
1.8691267778141616 -1.5683835898874419
2.29282342062824 -0.8345194775370955
1.9284211053065823 0.0
1.8121230824244006 0.6595588628292017
1.477256271713465 1.239565192749092
0.9642105526532914 1.6700616663895662
0.3348668107109357 1.8991240555782938
-0.3348668107109355 1.8991240555782938
-0.9642105526532907 1.6700616663895664
-1.4772562717134647 1.2395651927490925
-1.8121230824244003 0.6595588628292021
-1.9284211053065823 2.361634734021907e-16
-1.8121230824244006 -0.6595588628292016
-1.4772562717134656 -1.2395651927490914
-0.964210552653292 -1.6700616663895658
-0.33486681071093555 -1.8991240555782938
0.3348668107109349 -1.899124055578294
0.9642105526532898 -1.670061666389567
1.4772562717134645 -1.2395651927490927
1.8121230824244006 -0.6595588628292015
3.119287091787907 0.0
2.931171062265833 1.0668590182072082
2.3895125431568838 2.0050390936564253
1.559643545893954 2.701381863185209
0.5416585191089491 3.071898111863634
-0.5416585191089488 3.071898111863634
-1.5596435458939528 2.7013818631852096
-2.3895125431568833 2.005039093656426
-2.9311710622658325 1.0668590182072089
-3.119287091787907 3.8200249525797166e-16
-2.931171062265833 -1.0668590182072082
-2.3895125431568847 -2.0050390936564244
-1.5596435458939548 -2.7013818631852087
-0.5416585191089489 -3.071898111863634
0.5416585191089478 -3.071898111863634
1.5596435458939515 -2.701381863185211
2.389512543156883 -2.005039093656426
2.931171062265833 -1.066859018207208
3.4430824107009914 0.0
3.235439134093478 1.177603539590042
2.6375541479181894 2.2131707127282576
1.7215412053504962 2.9817968349904245
0.5978849861752888 3.3907742523182995
-0.5978849861752884 3.3907742523182995
-1.721541205350495 2.981796834990425
-2.637554147918189 2.2131707127282585
-3.2354391340934776 1.1776035395900426
-3.4430824107009914 4.216559853465522e-16
-3.235439134093478 -1.177603539590042
-2.6375541479181903 -2.2131707127282563
-1.7215412053504973 -2.9817968349904236
-0.5978849861752885 -3.3907742523182995
0.5978849861752873 -3.3907742523183
1.7215412053504935 -2.981796834990426
2.6375541479181885 -2.2131707127282585
3.235439134093478 -1.1776035395900417
2.8131094818124334 0.0
2.6434582215220144 0.9621401081602861
2.1549668864277223 1.808231919600753
1.406554740906217 2.4362242748764453
0.488491335094292 2.7703720277610393
-0.48849133509429166 2.7703720277610393
-1.406554740906216 2.4362242748764458
-2.154966886427722 1.8082319196007537
-2.643458221522014 0.9621401081602866
-2.8131094818124334 3.445065522552666e-16
-2.6434582215220144 -0.962140108160286
-2.154966886427723 -1.8082319196007521
-1.406554740906218 -2.436224274876445
-0.48849133509429177 -2.7703720277610393
0.4884913350942907 -2.7703720277610397
1.406554740906215 -2.4362242748764467
2.154966886427722 -1.8082319196007541
2.6434582215220144 -0.9621401081602858
3.7067855169669435 0.0
3.4832389971299156 1.267795313790547
2.8395624471064354 2.3826758020718644
1.8533927584834722 3.210170424073606
0.6436765500234803 3.6504711158624117
-0.6436765500234799 3.6504711158624117
-1.8533927584834708 3.2101704240736066
-2.839562447106435 2.3826758020718652
-3.483238997129915 1.2677953137905476
-3.7067855169669435 4.539503018479334e-16
-3.4832389971299156 -1.2677953137905469
-2.8395624471064367 -2.382675802071863
-1.8533927584834733 -3.2101704240736053
-0.64367655002348 -3.6504711158624117
0.6436765500234787 -3.6504711158624117
1.8533927584834693 -3.210170424073608
2.8395624471064345 -2.3826758020718657
3.4832389971299156 -1.2677953137905467
3.9218455356416273 0.0
3.6853293097045956 1.3413501722012833
3.00430797934924 2.5209137174149068
1.960922767820814 3.3964178635842384
0.6810213303553552 3.8622638896161905
-0.6810213303553547 3.8622638896161905
-1.9609227678208128 3.396417863584239
-3.00430797934924 2.5209137174149077
-3.685329309704595 1.341350172201284
-3.9218455356416273 4.802875581973856e-16
-3.6853293097045956 -1.341350172201283
-3.0043079793492415 -2.5209137174149054
-1.9609227678208154 -3.3964178635842375
-0.6810213303553548 -3.8622638896161905
0.6810213303553534 -3.862263889616191
1.960922767820811 -3.3964178635842397
3.0043079793492398 -2.520913717414908
3.6853293097045956 -1.3413501722012828
4.1148024822817835 0.0
3.8666495285917306 1.407345334746833
3.152121576084137 2.644944051918146
2.057401241140892 3.5635234812112917
0.7145279525075934 4.052289386664979
-0.7145279525075929 4.052289386664979
-2.057401241140891 3.563523481211292
-3.1521215760841366 2.644944051918147
-3.86664952859173 1.4073453347468337
-4.1148024822817835 5.03917968904997e-16
-3.8666495285917306 -1.4073453347468328
-3.152121576084139 -2.6449440519181446
-2.0574012411408935 -3.563523481211291
-0.714527952507593 -4.052289386664979
0.7145279525075916 -4.052289386664979
2.057401241140889 -3.5635234812112935
3.152121576084136 -2.6449440519181473
3.8666495285917306 -1.4073453347468325
4.291770620408236 0.0
4.03294518210338 1.467872002712919
3.2876870349050185 2.758696978415126
2.1458853102041187 3.7167823844892336
0.7452581471983616 4.226568981128045
-0.7452581471983611 4.226568981128045
-2.1458853102041173 3.716782384489234
-3.2876870349050176 2.7586969784151267
-4.032945182103379 1.46787200271292
-4.291770620408236 5.255903152957597e-16
-4.03294518210338 -1.4678720027129188
-3.28768703490502 -2.7586969784151245
-2.14588531020412 -3.7167823844892327
-0.7452581471983613 -4.226568981128045
0.7452581471983597 -4.226568981128046
2.1458853102041155 -3.7167823844892354
3.287687034905017 -2.758696978415127
4.03294518210338 -1.4678720027129186
4.4583377191888305 0.0
4.189467055693221 1.5248413057111987
3.415284835332342 2.8657642456927257
2.2291688595944157 3.8610337234678997
0.7741822203608794 4.390605551403924
-0.7741822203608789 4.390605551403924
-2.2291688595944144 3.8610337234679006
-3.4152848353323417 2.8657642456927266
-4.189467055693221 1.5248413057111996
-4.4583377191888305 5.459889017322512e-16
-4.189467055693221 -1.5248413057111985
-3.4152848353323435 -2.865764245692724
-2.229168859594417 -3.861033723467899
-0.774182220360879 -4.390605551403924
0.7741822203608774 -4.390605551403925
2.229168859594412 -3.861033723467902
3.4152848353323413 -2.865764245692727
4.189467055693221 -1.5248413057111982
4.6216125691223855 0.0
4.34289522733571 1.5806845932869502
3.540360626825027 2.9707152962034438
2.310806284561193 4.00243389130945
0.8025346005106827 4.551399889490394
-0.8025346005106822 4.551399889490394
-2.310806284561192 4.002433891309451
-3.5403606268250267 2.9707152962034447
-4.342895227335709 1.580684593286951
-4.6216125691223855 5.659843039674905e-16
-4.34289522733571 -1.58068459328695
-3.5403606268250285 -2.9707152962034424
-2.310806284561195 -4.002433891309449
-0.8025346005106824 -4.551399889490394
0.8025346005106807 -4.551399889490395
2.3108062845611896 -4.002433891309453
3.540360626825026 -2.9707152962034455
4.34289522733571 -1.5806845932869498
4.796090271137719 0.0
4.506850636411201 1.640359481937368
3.674018300902042 3.08286740122548
2.39804513556886 4.153536013648661
0.832832335509159 4.723226883162848
-0.8328323355091586 4.723226883162848
-2.3980451355688586 4.153536013648661
-3.6740183009020417 3.0828674012254815
-4.506850636411201 1.6403594819373688
-4.796090271137719 5.873516598970569e-16
-4.506850636411201 -1.6403594819373677
-3.674018300902044 -3.082867401225479
-2.3980451355688617 -4.15353601364866
-0.8328323355091587 -4.723226883162848
0.8328323355091569 -4.723226883162849
2.3980451355688563 -4.1535360136486625
3.6740183009020413 -3.082867401225482
4.506850636411201 -1.6403594819373675
1.0 0.5 0.4 0.32000000000000006 0.25600000000000006 0.20480000000000007 0.16384000000000007 0.13107200000000005 0.10485760000000005 0.08388608000000004 0.06710886400000003 0.05368709120000003 0.042949672960000025 0.03435973836800002 