0.0 0.0
1.6191806458184013 0.0
1.5916110183682959 0.2975236629270542
1.5098409866146694 0.5849155143534296
1.376655130916548 0.8523887694673347
1.1965889358509043 1.0908349473646761
0.9757743397251017 1.292134049441828
0.7217309187722876 1.4494310762092155
0.4431098170015101 1.5573694660772643
0.14939914186439376 1.6122735066368477
-0.14939914186439354 1.6122735066368479
-0.4431098170015099 1.5573694660772643
-0.7217309187722868 1.449431076209216
-0.9757743397251016 1.2921340494418283
-1.1965889358509045 1.090834947364676
-1.3766551309165478 0.8523887694673352
-1.5098409866146691 0.5849155143534303
-1.5916110183682959 0.29752366292705423
-1.6191806458184013 1.9829243951428492e-16
-1.5916110183682959 -0.29752366292705384
-1.5098409866146694 -0.5849155143534293
-1.3766551309165478 -0.8523887694673348
-1.1965889358509043 -1.0908349473646761
-0.9757743397251031 -1.2921340494418272
-0.7217309187722885 -1.449431076209215
-0.44310981700151025 -1.5573694660772643
-0.1493991418643936 -1.6122735066368479
0.14939914186439443 -1.6122735066368477
0.44310981700150975 -1.5573694660772643
0.7217309187722866 -1.449431076209216
0.9757743397251014 -1.2921340494418285
1.1965889358509034 -1.090834947364677
1.3766551309165476 -0.8523887694673353
1.5098409866146694 -0.5849155143534298
1.5916110183682959 -0.29752366292705373
2.5357753870518525 0.0
2.492598992312505 0.46594750466190493
2.364540128432934 0.9160277258949838
2.15595968643288 1.3349137215768705
1.8739606230999872 1.7083408315229955
1.5281460783154612 2.0235924433805956
1.1302923516431078 2.2699330416104933
0.6939478745718035 2.438973792592952
0.23397183493069412 2.5249582162952984
-0.23397183493069382 2.524958216295299
-0.6939478745718033 2.438973792592952
-1.1302923516431065 2.269933041610494
-1.528146078315461 2.0235924433805956
-1.8739606230999877 1.708340831522995
-2.155959686432879 1.3349137215768714
-2.364540128432934 0.9160277258949847
-2.492598992312505 0.465947504661905
-2.5357753870518525 3.1054292111096916e-16
-2.492598992312505 -0.4659475046619044
-2.3645401284329344 -0.9160277258949833
-2.1559596864328796 -1.334913721576871
-1.8739606230999872 -1.7083408315229955
-1.5281460783154632 -2.023592443380594
-1.1302923516431091 -2.2699330416104924
-0.6939478745718038 -2.438973792592952
-0.23397183493069387 -2.524958216295299
0.23397183493069518 -2.5249582162952984
0.693947874571803 -2.438973792592952
1.1302923516431063 -2.269933041610494
1.5281460783154608 -2.023592443380596
1.8739606230999857 -1.7083408315229969
2.155959686432879 -1.3349137215768716
2.364540128432934 -0.916027725894984
2.492598992312505 -0.4659475046619042
3.1437954216267703 0.0
3.090266330368525 0.5776708928378604
2.931501925595521 1.1356698962599974
2.6729087386953876 1.6549950234509092
2.323292850499665 2.1179612800659466
1.8945600107628198 2.5088029055029066
1.4013102021337256 2.8142102569703957
0.8603404552573068 3.0237830534099324
0.29007284604174194 3.1303845445936327
-0.29007284604174155 3.130384544593633
-0.8603404552573065 3.0237830534099324
-1.401310202133724 2.814210256970396
-1.8945600107628195 2.508802905502907
-2.3232928504996657 2.117961280065946
-2.6729087386953867 1.65499502345091
-2.931501925595521 1.1356698962599987
-3.090266330368525 0.5776708928378606
-3.1437954216267703 3.850039000269328e-16
-3.090266330368525 -0.5776708928378598
-2.9315019255955215 -1.1356698962599967
-2.672908738695387 -1.6549950234509094
-2.323292850499665 -2.1179612800659466
-1.8945600107628222 -2.508802905502905
-1.4013102021337274 -2.8142102569703944
-0.8603404552573072 -3.0237830534099324
-0.29007284604174166 -3.130384544593633
0.29007284604174327 -3.1303845445936327
0.8603404552573062 -3.0237830534099324
1.4013102021337236 -2.814210256970396
1.894560010762819 -2.5088029055029075
2.323292850499663 -2.1179612800659484
2.6729087386953863 -1.6549950234509105
2.931501925595521 -1.1356698962599978
3.090266330368525 -0.5776708928378597
3.595118989864813 0.0
3.5339052571998733 0.6606013808808548
3.3523486194531777 1.2987067740398393
3.0566317701700054 1.8925862656359878
2.656824991979425 2.4220160018629358
2.166543225197341 2.8689668880344534
1.6024824273633511 3.2182185477804732
0.9838510124313314 3.4578776347095395
0.33171573127018983 3.579782846055676
-0.3317157312701894 3.5797828460556764
-0.983851012431331 3.4578776347095395
-1.6024824273633493 3.2182185477804737
-2.1665432251973407 2.868966888034454
-2.656824991979426 2.4220160018629353
-3.0566317701700045 1.892586265635989
-3.3523486194531773 1.2987067740398406
-3.5339052571998733 0.660601380880855
-3.595118989864813 4.402750963491809e-16
-3.5339052571998733 -0.6606013808808541
-3.352348619453178 -1.2987067740398384
-3.056631770170005 -1.8925862656359882
-2.656824991979425 -2.4220160018629358
-2.166543225197344 -2.8689668880344517
-1.6024824273633531 -3.218218547780472
-0.9838510124313318 -3.4578776347095395
-0.33171573127018944 -3.5797828460556764
0.3317157312701913 -3.579782846055676
0.9838510124313306 -3.4578776347095395
1.602482427363349 -3.2182185477804737
2.16654322519734 -2.8689668880344543
2.6568249919794233 -2.422016001862938
3.056631770170004 -1.8925862656359895
3.3523486194531777 -1.2987067740398397
3.5339052571998733 -0.6606013808808539
3.953749851675548 0.0
3.8864297470762805 0.7264996288127185
3.6867619386990396 1.4282591841064838
3.3615458742829714 2.0813810858935833
2.921856396848088 2.6636240511420386
2.382666604199033 3.155160493993779
1.762337958037591 3.539251730420473
1.081995006406585 3.8028179940322717
0.3648060125423765 3.9368838518347666
-0.364806012542376 3.936883851834767
-1.0819950064065846 3.8028179940322717
-1.762337958037589 3.539251730420474
-2.3826666041990325 3.1551604939937796
-2.921856396848089 2.663624051142038
-3.3615458742829705 2.0813810858935846
-3.686761938699039 1.4282591841064853
-3.8864297470762805 0.7264996288127186
-3.953749851675548 4.841947100483782e-16
-3.8864297470762805 -0.7264996288127176
-3.68676193869904 -1.428259184106483
-3.361545874282971 -2.0813810858935837
-2.921856396848088 -2.6636240511420386
-2.382666604199036 -3.155160493993777
-1.7623379580375933 -3.539251730420472
-1.0819950064065855 -3.8028179940322717
-0.3648060125423761 -3.936883851834767
0.36480601254237816 -3.9368838518347666
1.0819950064065842 -3.8028179940322717
1.7623379580375886 -3.539251730420474
2.382666604199032 -3.15516049399378
2.921856396848086 -2.663624051142041
3.36154587428297 -2.081381085893585
3.6867619386990396 -1.4282591841064842
3.8864297470762805 -0.7264996288127173
4.24934470164781 0.0
4.176991533004112 0.780815039964183
3.9623959274531204 1.535040360226805
3.612865680962813 2.2369917220998885
3.1403036268620927 2.8627650138527088
2.560802299127648 3.3910502765669617
1.8940959204402394 3.803857389229249
1.162888376899903 4.087128700725415
0.392080064415118 4.231217746288951
-0.39208006441511745 4.2312177462889515
-1.1628883768999025 4.087128700725415
-1.8940959204402374 3.80385738922925
-2.5608022991276473 3.391050276566962
-3.1403036268620936 2.8627650138527083
-3.612865680962812 2.23699172209989
-3.96239592745312 1.5350403602268068
-4.176991533004112 0.7808150399641831
-4.24934470164781 5.203946387346755e-16
-4.176991533004112 -0.7808150399641821
-3.962395927453121 -1.5350403602268041
-3.6128656809628126 -2.236991722099889
-3.1403036268620927 -2.8627650138527088
-2.560802299127651 -3.3910502765669595
-1.8940959204402419 -3.8038573892292473
-1.1628883768999037 -4.087128700725415
-0.39208006441511756 -4.2312177462889515
0.3920800644151197 -4.231217746288951
1.162888376899902 -4.087128700725415
1.894095920440237 -3.80385738922925
2.560802299127647 -3.3910502765669626
3.14030362686209 -2.8627650138527114
3.6128656809628117 -2.2369917220998903
3.9623959274531204 -1.5350403602268055
4.176991533004112 -0.7808150399641819
4.498421021390212 0.0
4.42182685507916 0.8265826936163753
4.19465267861515 1.6250171049783144
3.8246346361122714 2.368113507823413
3.324373248220232 3.030566645398682
2.7109043165062934 3.58981747062896
2.0051187896650893 4.026821367408464
1.231051347316759 4.32669669216077
0.4150619278189063 4.47923155036225
-0.4150619278189057 4.47923155036225
-1.2310513473167586 4.32669669216077
-2.005118789665087 4.0268213674084645
-2.710904316506293 3.5898174706289603
-3.324373248220233 3.0305666453986815
-3.8246346361122705 2.3681135078234146
-4.1946526786151495 1.6250171049783162
-4.42182685507916 0.8265826936163754
-4.498421021390212 5.50897690506269e-16
-4.42182685507916 -0.8265826936163743
-4.19465267861515 -1.6250171049783133
-3.824634636112271 -2.3681135078234132
-3.324373248220232 -3.030566645398682
-2.710904316506297 -3.589817470628957
-2.0051187896650915 -4.026821367408462
-1.2310513473167595 -4.32669669216077
-0.41506192781890583 -4.47923155036225
0.41506192781890816 -4.47923155036225
1.231051347316758 -4.32669669216077
2.005118789665086 -4.0268213674084645
2.7109043165062925 -3.5898174706289607
3.3243732482202293 -3.0305666453986846
3.82463463611227 -2.368113507823415
4.19465267861515 -1.6250171049783149
4.42182685507916 -0.826582693616374
4.711517736113412 0.0
4.63129519328308 0.8657391121950585
4.393359447271837 1.7019965172639315
4.005813114537621 2.480294472257206
3.4818536206311035 3.174128973783095
2.8393237776971234 3.759872320054896
2.1001041689071904 4.217577723937033
1.2893680314424476 4.531658576857427
0.4347240120934352 4.691419232068333
-0.43472401209343464 4.691419232068334
-1.2893680314424472 4.531658576857427
-2.1001041689071878 4.217577723937035
-2.8393237776971225 3.7598723200548965
-3.4818536206311044 3.1741289737830947
-4.00581311453762 2.4802944722572073
-4.393359447271836 1.7019965172639333
-4.63129519328308 0.8657391121950586
-4.711517736113412 5.769945114657273e-16
-4.63129519328308 -0.8657391121950575
-4.393359447271837 -1.7019965172639304
-4.005813114537621 -2.4802944722572065
-3.4818536206311035 -3.174128973783095
-2.839323777697127 -3.7598723200548934
-2.100104168907193 -4.2175777239370325
-1.289368031442448 -4.531658576857427
-0.43472401209343475 -4.691419232068334
0.43472401209343714 -4.691419232068333
1.2893680314424465 -4.531658576857427
2.1001041689071873 -4.217577723937035
2.839323777697122 -3.759872320054897
3.481853620631101 -3.1741289737830978
4.00581311453762 -2.480294472257208
4.393359447271837 -1.701996517263932
4.63129519328308 -0.8657391121950572
4.895917615831462 0.0
4.81255531463087 0.8996225011786838
4.565307214214422 1.7686094370579906
4.162593052100387 2.577368499771503
3.6181267760771596 3.2983583694380947
2.9504495321593893 3.907026600778304
2.1822982680981053 4.382645727190921
1.3398314538950218 4.709019109768231
0.45173828648024994 4.87503249440829
-0.45173828648024933 4.87503249440829
-1.3398314538950211 4.709019109768231
-2.182298268098103 4.382645727190923
-2.9504495321593884 3.9070266007783045
-3.6181267760771605 3.2983583694380942
-4.162593052100386 2.577368499771505
-4.565307214214421 1.7686094370579926
-4.81255531463087 0.8996225011786839
-4.895917615831462 5.995769837117141e-16
-4.81255531463087 -0.8996225011786827
-4.565307214214423 -1.7686094370579895
-4.162593052100387 -2.577368499771504
-3.6181267760771596 -3.2983583694380947
-2.950449532159393 -3.9070266007783014
-2.182298268098108 -4.38264572719092
-1.3398314538950222 -4.709019109768231
-0.45173828648024944 -4.87503249440829
0.451738286480252 -4.87503249440829
1.3398314538950207 -4.709019109768231
2.1822982680981027 -4.382645727190923
2.950449532159388 -3.9070266007783054
3.618126776077157 -3.2983583694380973
4.1625930521003855 -2.5773684997715054
4.565307214214422 -1.7686094370579912
4.81255531463087 -0.8996225011786825
5.056935473865596 0.0
4.970831537647145 0.9292094549523129
4.715451895269425 1.8267757963801274
4.299493194159486 2.6621334790382916
3.7371204089961547 3.4068353989449904
3.047484470486356 4.035521625389307
2.2540701033889 4.526783002955699
1.383896082379645 4.863890214634221
0.4665951400853543 5.0353634786466985
-0.4665951400853537 5.035363478646699
-1.3838960823796442 4.863890214634221
-2.254070103388898 4.5267830029557
-3.0474844704863555 4.035521625389308
-3.7371204089961556 3.40683539894499
-4.299493194159485 2.662133479038293
-4.715451895269424 1.8267757963801294
-4.970831537647145 0.929209454952313
-5.056935473865596 6.192959841564206e-16
-4.970831537647145 -0.9292094549523118
-4.7154518952694255 -1.8267757963801263
-4.299493194159486 -2.662133479038292
-3.7371204089961547 -3.4068353989449904
-3.04748447048636 -4.035521625389304
-2.2540701033889032 -4.526783002955697
-1.3838960823796456 -4.863890214634221
-0.4665951400853538 -5.035363478646699
0.4665951400853564 -5.0353634786466985
1.3838960823796438 -4.863890214634221
2.254070103388897 -4.5267830029557
3.047484470486355 -4.035521625389308
3.7371204089961516 -3.406835398944993
4.299493194159485 -2.662133479038294
4.715451895269425 -1.826775796380128
4.970831537647145 -0.9292094549523114
5.1986121075839575 0.0
5.110095857446065 0.9552424680839366
4.847561421767289 1.8779552996043356
4.419949095879326 2.7367166157558316
3.841820704675829 3.5022823298875596
3.132863717130658 4.1485820197996315
2.317220813154478 4.653606724703133
1.4226677335863591 5.000158433982945
0.4796674106528307 5.176435744822505
-0.47966741065283003 5.176435744822506
-1.4226677335863585 5.000158433982945
-2.317220813154475 4.653606724703134
-3.1328637171306575 4.148582019799632
-3.84182070467583 3.502282329887559
-4.419949095879324 2.7367166157558334
-4.847561421767289 1.8779552996043376
-5.110095857446065 0.9552424680839369
-5.1986121075839575 6.36646367756137e-16
-5.110095857446065 -0.9552424680839355
-4.84756142176729 -1.8779552996043343
-4.419949095879325 -2.736716615755832
-3.841820704675829 -3.5022823298875596
-3.132863717130662 -4.148582019799629
-2.3172208131544805 -4.653606724703131
-1.4226677335863596 -5.000158433982945
-0.4796674106528302 -5.176435744822506
0.47966741065283286 -5.176435744822505
1.422667733586358 -5.000158433982945
2.3172208131544747 -4.653606724703134
3.132863717130657 -4.148582019799633
3.841820704675826 -3.5022823298875623
4.419949095879324 -2.736716615755834
4.847561421767289 -1.877955299604336
5.110095857446065 -0.9552424680839352
5.324122504525153 0.0
5.233469201369909 0.9783049430028478
4.964596381416472 1.923294884519184
4.526660186070956 2.8027893254811804
3.934574007219277 3.586838137539193
3.2085006295531318 4.248741478761487
2.373165611119907 4.765959024728294
1.4570152840984207 5.120877552245786
0.4912480490741827 5.30141073653721
-0.491248049074182 5.30141073653721
-1.45701528409842 5.120877552245786
-2.373165611119904 4.7659590247282955
-3.208500629553131 4.248741478761488
-3.934574007219278 3.5868381375391927
-4.526660186070955 2.802789325481182
-4.964596381416471 1.923294884519186
-5.233469201369909 0.9783049430028479
-5.324122504525153 6.520169583435119e-16
-5.233469201369909 -0.9783049430028465
-4.964596381416473 -1.9232948845191828
-4.526660186070955 -2.8027893254811813
-3.934574007219277 -3.586838137539193
-3.2085006295531358 -4.248741478761485
-2.37316561111991 -4.765959024728292
-1.4570152840984212 -5.120877552245786
-0.4912480490741821 -5.30141073653721
0.49124804907418484 -5.30141073653721
1.4570152840984194 -5.120877552245786
2.3731656111199038 -4.7659590247282955
3.2085006295531304 -4.248741478761488
3.934574007219274 -3.5868381375391962
4.526660186070954 -2.802789325481183
4.964596381416472 -1.9232948845191846
5.233469201369909 -0.9783049430028463
5.436033532945936 0.0
5.3434747318654985 0.9988685405135231
5.068950307582934 1.9637218108906256
4.62180886011143 2.8617028902225625
4.017277255157571 3.662232109862281
3.2759420914723187 4.338048407363921
2.4230486489214482 4.866137669268372
1.487641190758094 5.228516449134737
0.5015738960724193 5.412844372240108
-0.5015738960724186 5.412844372240109
-1.4876411907580935 5.228516449134737
-2.4230486489214456 4.866137669268373
-3.2759420914723183 4.338048407363921
-4.0172772551575715 3.6622321098622805
-4.621808860111428 2.8617028902225643
-5.068950307582933 1.9637218108906276
-5.3434747318654985 0.9988685405135233
-5.436033532945936 6.657221066179919e-16
-5.3434747318654985 -0.9988685405135219
-5.068950307582934 -1.9637218108906243
-4.621808860111429 -2.8617028902225634
-4.017277255157571 -3.662232109862281
-3.275942091472323 -4.338048407363917
-2.4230486489214513 -4.866137669268371
-1.4876411907580946 -5.228516449134737
-0.5015738960724188 -5.412844372240109
0.5015738960724215 -5.412844372240108
1.4876411907580929 -5.228516449134737
2.423048648921445 -4.866137669268373
3.275942091472318 -4.338048407363922
4.017277255157567 -3.662232109862284
4.621808860111428 -2.861702890222565
5.068950307582934 -1.963721810890626
5.3434747318654985 -0.9988685405135216
5.536477743351856 0.0
5.4422086887135075 1.017325115743077
5.162611744390902 2.000006444816513
4.707208248983373 2.914579953155059
4.091506422330733 3.729900936842267
3.3364732516866917 4.4182046176484056
2.4678204861150554 4.9560516392528955
1.5151290537132076 5.325126266411397
0.5108417185841603 5.512860105352252
-0.5108417185841595 5.512860105352252
-1.515129053713207 5.325126266411397
-2.467820486115053 4.956051639252897
-3.3364732516866913 4.418204617648406
-4.091506422330735 3.7299009368422666
-4.707208248983372 2.914579953155061
-5.162611744390902 2.000006444816515
-5.4422086887135075 1.0173251157430772
-5.536477743351856 6.780229746946412e-16
-5.4422086887135075 -1.0173251157430758
-5.162611744390903 -2.0000064448165116
-4.707208248983373 -2.91457995315506
-4.091506422330733 -3.729900936842267
-3.336473251686696 -4.418204617648403
-2.4678204861150586 -4.956051639252894
-1.515129053713208 -5.325126266411397
-0.5108417185841597 -5.512860105352252
0.5108417185841625 -5.512860105352252
1.5151290537132063 -5.325126266411397
2.4678204861150523 -4.956051639252897
3.336473251686691 -4.418204617648407
4.09150642233073 -3.72990093684227
4.707208248983371 -2.914579953155062
5.162611744390902 -2.0000064448165134
5.4422086887135075 -1.0173251157430756
5.627280004078786 0.0
5.531464868398563 1.0340099873683049
5.2472823308858985 2.0328080047750694
4.784409887016397 2.9623811836636906
4.15861010271173 3.791074024327259
3.3911938390622796 4.490666385984488
2.50829453651227 5.037334489827694
1.539978271889044 5.412462209236622
0.5192198942169931 5.603275019642909
-0.5192198942169923 5.603275019642909
-1.5399782718890433 5.412462209236622
-2.508294536512267 5.037334489827696
-3.391193839062279 4.490666385984488
-4.158610102711731 3.791074024327258
-4.784409887016396 2.9623811836636924
-5.247282330885898 2.0328080047750716
-5.531464868398563 1.034009987368305
-5.627280004078786 6.89143044490099e-16
-5.531464868398563 -1.0340099873683037
-5.2472823308858985 -2.032808004775068
-4.7844098870163965 -2.962381183663691
-4.15861010271173 -3.791074024327259
-3.391193839062284 -4.490666385984484
-2.508294536512273 -5.037334489827693
-1.5399782718890447 -5.412462209236622
-0.5192198942169926 -5.603275019642909
0.5192198942169954 -5.603275019642909
1.5399782718890427 -5.412462209236622
2.5082945365122664 -5.037334489827696
3.3911938390622787 -4.490666385984489
4.158610102711727 -3.791074024327262
4.784409887016396 -2.962381183663693
5.2472823308858985 -2.03280800477507
5.531464868398563 -1.0340099873683033
5.710060863333048 0.0
5.612836226214222 1.049220930340717
5.324473183266728 2.0627119003004832
4.854791592064792 3.0059596904457577
4.219785895875818 3.8468431285841738
3.4410804520781344 4.55672693775845
2.5451931406060337 5.11143687625894
1.5626323293533015 5.492082962431251
0.5268579482953464 5.685702750345446
-0.5268579482953456 5.685702750345446
-1.562632329353301 5.492082962431251
-2.5451931406060306 5.111436876258941
-3.4410804520781335 4.55672693775845
-4.219785895875819 3.8468431285841733
-4.854791592064791 3.0059596904457595
-5.324473183266727 2.0627119003004855
-5.612836226214222 1.0492209303407172
-5.710060863333048 6.99280775921739e-16
-5.612836226214222 -1.0492209303407156
-5.324473183266728 -2.062711900300482
-4.8547915920647915 -3.005959690445758
-4.219785895875818 -3.8468431285841738
-3.441080452078139 -4.556726937758446
-2.545193140606037 -5.111436876258939
-1.5626323293533022 -5.492082962431251
-0.5268579482953458 -5.685702750345446
0.5268579482953487 -5.685702750345446
1.5626323293533004 -5.492082962431251
2.54519314060603 -5.111436876258941
3.441080452078133 -4.556726937758451
4.219785895875814 -3.8468431285841773
4.854791592064791 -3.00595969044576
5.324473183266728 -2.0627119003004837
5.612836226214222 -1.0492209303407154
5.786338058967278 0.0
5.687814657641997 1.0632368282589069
5.3955995499324905 2.090266401543476
4.919643770858414 3.0461144595217045
4.276155423630098 3.898230742992531
3.4870477321331976 4.61759745392319
2.579192812371281 5.179717421758212
1.5835065747848782 5.565448325181563
0.5338959200009781 5.761654560910391
-0.5338959200009773 5.761654560910392
-1.5835065747848776 5.565448325181563
-2.5791928123712777 5.1797174217582125
-3.487047732133197 4.6175974539231905
-4.276155423630099 3.89823074299253
-4.919643770858413 3.0461144595217062
-5.39559954993249 2.090266401543478
-5.687814657641997 1.063236828258907
-5.786338058967278 7.086220382698785e-16
-5.687814657641997 -1.0632368282589055
-5.395599549932491 -2.0902664015434747
-4.919643770858414 -3.046114459521705
-4.276155423630098 -3.898230742992531
-3.4870477321332025 -4.617597453923187
-2.579192812371284 -5.17971742175821
-1.5835065747848789 -5.565448325181563
-0.5338959200009775 -5.761654560910392
0.5338959200009805 -5.761654560910391
1.5835065747848769 -5.565448325181563
2.5791928123712773 -5.1797174217582125
3.4870477321331967 -4.617597453923191
4.276155423630095 -3.898230742992534
4.919643770858412 -3.046114459521707
5.3955995499324905 -2.0902664015434764
5.687814657641997 -1.0632368282589053
5.857657776502461 0.0
5.757920021456136 1.0763417919668108
5.462103205943012 2.1160300551378826
4.980281016822223 3.083659452679553
4.328861330862257 3.9462785260020867
3.5300274641766842 4.674511817161027
2.6109827459998605 5.24356021484552
1.6030241419366529 5.634045458370744
0.5404764733353355 5.832670041103881
-0.5404764733353348 5.832670041103881
-1.6030241419366522 5.634045458370744
-2.6109827459998574 5.2435602148455205
-3.530027464176684 4.674511817161028
-4.328861330862258 3.946278526002086
-4.980281016822222 3.083659452679555
-5.462103205943011 2.116030055137885
-5.757920021456136 1.076341791966811
-5.857657776502461 7.173561846494341e-16
-5.757920021456136 -1.0763417919668095
-5.462103205943013 -2.1160300551378812
-4.9802810168222225 -3.0836594526795538
-4.328861330862257 -3.9462785260020867
-3.5300274641766887 -4.674511817161023
-2.6109827459998636 -5.243560214845517
-1.6030241419366535 -5.634045458370744
-0.5404764733353349 -5.832670041103881
0.540476473335338 -5.832670041103881
1.6030241419366515 -5.634045458370744
2.610982745999857 -5.2435602148455205
3.530027464176683 -4.6745118171610285
4.328861330862254 -3.94627852600209
4.980281016822222 -3.0836594526795555
5.462103205943012 -2.116030055137883
5.757920021456136 -1.0763417919668092
5.925830780342657 0.0
5.824932250355696 1.0888685485505538
5.525672638819071 2.1406569846340977
5.038242872881319 3.1195479145409934
4.37924178861388 3.9922063817035265
3.5711108775568023 4.728915048660944
2.6413700686399366 5.30458618534467
1.6216805700097563 5.699616001636364
0.5467666845593557 5.900552230928256
-0.546766684559355 5.900552230928257
-1.6216805700097556 5.699616001636364
-2.641370068639934 5.304586185344672
-3.5711108775568015 4.728915048660945
-4.379241788613881 3.9922063817035256
-5.038242872881317 3.1195479145409952
-5.52567263881907 2.1406569846341004
-5.824932250355696 1.088868548550554
-5.925830780342657 7.257049697435496e-16
-5.824932250355696 -1.0888685485505525
-5.525672638819072 -2.1406569846340964
-5.038242872881318 -3.119547914540994
-4.37924178861388 -3.9922063817035265
-3.571110877556807 -4.728915048660942
-2.64137006863994 -5.304586185344668
-1.621680570009757 -5.699616001636364
-0.5467666845593552 -5.900552230928257
0.5467666845593582 -5.900552230928256
1.621680570009755 -5.699616001636364
2.641370068639933 -5.304586185344672
3.571110877556801 -4.728915048660946
4.379241788613877 -3.9922063817035296
5.038242872881316 -3.119547914540996
5.525672638819071 -2.1406569846340986
5.824932250355696 -1.0888685485505523
5.9935347258687335 0.0
5.891483407550293 1.10130911589525
5.5888046878432425 2.165114470723382
5.0958059275240934 3.1551894490196166
4.429275608088672 4.0378182348621285
3.6119116201503503 4.782943963545597
2.6715483139983145 5.365192272059517
1.6402086341820998 5.76473539258732
0.5530136165422396 5.967967363358588
-0.5530136165422389 5.967967363358589
-1.6402086341820992 5.76473539258732
-2.6715483139983114 5.365192272059518
-3.61191162015035 4.7829439635455975
-4.429275608088674 4.037818234862128
-5.095805927524092 3.155189449019619
-5.588804687843242 2.1651144707233843
-5.891483407550293 1.10130911589525
-5.9935347258687335 7.339963117613653e-16
-5.891483407550293 -1.1013091158952486
-5.588804687843243 -2.1651144707233807
-5.095805927524093 -3.1551894490196175
-4.429275608088672 -4.0378182348621285
-3.611911620150355 -4.782943963545594
-2.671548313998318 -5.365192272059515
-1.6402086341821005 -5.76473539258732
-0.553013616542239 -5.967967363358589
0.5530136165422421 -5.967967363358588
1.6402086341820985 -5.76473539258732
2.671548313998311 -5.365192272059518
3.611911620150349 -4.782943963545598
4.429275608088669 -4.037818234862131
5.095805927524091 -3.1551894490196193
5.5888046878432425 -2.165114470723383
5.891483407550293 -1.1013091158952482
6.06674537564234 0.0
5.963447506888128 1.114761537490188
5.657071585653779 2.1915612078302438
5.158050876479513 3.193729889725593
4.483378931106887 4.087139930683141
3.6560308934557573 4.841367323285316
2.704181108653734 5.430727758273101
1.6602436795042652 5.83515127289292
0.5597686430920927 6.040865709406935
-0.559768643092092 6.040865709406936
-1.6602436795042645 5.83515127289292
-2.704181108653731 5.430727758273103
-3.6560308934557564 4.841367323285316
-4.483378931106888 4.08713993068314
-5.158050876479511 3.1937298897255952
-5.657071585653778 2.1915612078302464
-5.963447506888128 1.114761537490188
-6.06674537564234 7.429620305522399e-16
-5.963447506888128 -1.1147615374901867
-5.65707158565378 -2.1915612078302424
-5.158050876479512 -3.193729889725594
-4.483378931106887 -4.087139930683141
-3.6560308934557617 -4.841367323285312
-2.7041811086537373 -5.4307277582730995
-1.6602436795042659 -5.83515127289292
-0.5597686430920921 -6.040865709406936
0.5597686430920952 -6.040865709406935
1.6602436795042639 -5.83515127289292
2.70418110865373 -5.430727758273103
3.656030893455756 -4.841367323285317
4.483378931106883 -4.087139930683144
5.158050876479511 -3.1937298897255957
5.657071585653779 -2.1915612078302447
5.963447506888128 -1.1147615374901862
1.0 0.5 0.4 0.32000000000000006 0.25600000000000006 0.20480000000000007 0.16384000000000007 0.13107200000000005 0.10485760000000005 0.08388608000000004 0.06710886400000003 0.05368709120000003 0.042949672960000025 0.03435973836800002 0.027487790694400018 0.021990232555520017 0.017592186044416015 0.014073748835532814 0.011258999068426251 0.009007199254741001 0.007205759403792801 0.0057646075230342415 