0.0 0.0
1.6297357507250954 0.0
1.6019864025559176 0.29946315836416254
1.5196833288186111 0.5887284580367039
1.3856292619776431 0.857945316172763
1.2043892524991506 1.0979458755585483
0.9821352115324923 1.3005572049931202
0.7264357338784463 1.4588796186580897
0.4459983585708005 1.567521636642902
0.15037304407809746 1.6227835853268224
-0.15037304407809726 1.6227835853268227
-0.44599835857080034 1.567521636642902
-0.7264357338784455 1.4588796186580901
-0.9821352115324922 1.3005572049931204
-1.204389252499151 1.097945875558548
-1.3856292619776427 0.8579453161727636
-1.519683328818611 0.5887284580367046
-1.6019864025559176 0.2994631583641626
-1.6297357507250954 1.9958506705814967e-16
-1.6019864025559176 -0.2994631583641622
-1.5196833288186113 -0.5887284580367036
-1.385629261977643 -0.8579453161727632
-1.2043892524991506 -1.0979458755585483
-0.9821352115324936 -1.3005572049931193
-0.7264357338784472 -1.4588796186580892
-0.44599835857080067 -1.567521636642902
-0.15037304407809732 -1.6227835853268227
0.15037304407809815 -1.6227835853268224
0.44599835857080017 -1.567521636642902
0.7264357338784453 -1.4588796186580901
0.982135211532492 -1.3005572049931204
1.2043892524991497 -1.0979458755585492
1.3856292619776425 -0.8579453161727637
1.5196833288186111 -0.5887284580367041
1.6019864025559176 -0.2994631583641621
2.5539200524390004 0.0
2.5104347102908373 0.46928157817773636
2.381459525018284 0.9225823350518455
2.171386591867113 1.3444656570213127
1.8873696926210746 1.7205648135497416
1.5390806821432685 2.038072198942775
1.1383801249588905 2.286175479998989
0.6989133979555079 2.4564257970491012
0.23564601343897681 2.5430254797387195
-0.2356460134389765 2.5430254797387195
-0.6989133979555076 2.4564257970491012
-1.1383801249588892 2.2861754799989895
-1.539080682143268 2.0380721989427752
-1.8873696926210752 1.7205648135497413
-2.1713865918671127 1.3444656570213136
-2.381459525018284 0.9225823350518465
-2.5104347102908373 0.4692815781777364
-2.5539200524390004 3.1276500174976623e-16
-2.5104347102908373 -0.4692815781777358
-2.3814595250182844 -0.922582335051845
-2.1713865918671127 -1.344465657021313
-1.8873696926210746 -1.7205648135497416
-1.5390806821432705 -2.0380721989427735
-1.138380124958892 -2.286175479998988
-0.6989133979555081 -2.4564257970491012
-0.2356460134389766 -2.5430254797387195
0.2356460134389779 -2.5430254797387195
0.6989133979555073 -2.4564257970491012
1.138380124958889 -2.2861754799989895
1.5390806821432679 -2.0380721989427757
1.8873696926210732 -1.7205648135497429
2.1713865918671122 -1.3444656570213138
2.381459525018284 -0.9225823350518457
2.5104347102908373 -0.46928157817773564
3.165532501525592 0.0
3.1116332951747467 0.5816650707880092
2.951771148949516 1.143522235220691
2.6913899765060894 1.6664381214366837
2.339356746379232 2.13260545609938
1.907659528003593 2.526149469732933
1.4109992523872097 2.833668492957073
0.8662890895378541 3.0446903342643155
0.29207849074352893 3.1520288979417455
-0.29207849074352854 3.1520288979417455
-0.8662890895378538 3.0446903342643155
-1.410999252387208 2.8336684929570737
-1.9076595280035926 2.5261494697329336
-2.3393567463792326 2.1326054560993795
-2.691389976506089 1.6664381214366848
-2.9517711489495158 1.1435222352206922
-3.1116332951747467 0.5816650707880093
-3.165532501525592 3.87665924559023e-16
-3.1116332951747467 -0.5816650707880086
-2.9517711489495166 -1.1435222352206904
-2.691389976506089 -1.6664381214366841
-2.339356746379232 -2.13260545609938
-1.9076595280035955 -2.5261494697329314
-1.4109992523872115 -2.833668492957072
-0.8662890895378544 -3.0446903342643155
-0.29207849074352865 -3.1520288979417455
0.29207849074353026 -3.1520288979417455
0.8662890895378534 -3.0446903342643155
1.4109992523872077 -2.8336684929570737
1.9076595280035924 -2.526149469732934
2.3393567463792304 -2.1326054560993817
2.6913899765060885 -1.6664381214366852
2.951771148949516 -1.1435222352206913
3.1116332951747467 -0.5816650707880083
3.6970719542168693 0.0
3.634122278590976 0.6793351889205151
3.4474169274169224 1.3355364327550954
3.143313927500554 1.9462575851715989
2.732169141772675 2.4907012698037687
2.2279836127974297 2.9503271099596824
1.6479267740601806 3.309483098913265
1.0117517655026276 3.5559386102208315
0.34112276403337455 3.681300897035608
-0.3411227640333741 3.6813008970356083
-1.0117517655026271 3.5559386102208315
-1.6479267740601788 3.3094830989132658
-2.2279836127974293 2.950327109959683
-2.7321691417726757 2.4907012698037683
-3.1433139275005533 1.9462575851716
-3.447416927416922 1.335536432755097
-3.634122278590976 0.6793351889205153
-3.6970719542168693 4.527607334949139e-16
-3.634122278590976 -0.6793351889205144
-3.447416927416923 -1.3355364327550945
-3.1433139275005537 -1.946257585171599
-2.732169141772675 -2.4907012698037687
-2.227983612797433 -2.9503271099596806
-1.6479267740601826 -3.309483098913264
-1.011751765502628 -3.5559386102208315
-0.3411227640333742 -3.6813008970356083
0.3411227640333761 -3.681300897035608
1.0117517655026267 -3.5559386102208315
1.6479267740601784 -3.3094830989132658
2.2279836127974293 -2.9503271099596833
2.7321691417726726 -2.490701269803771
3.143313927500553 -1.9462575851716004
3.4474169274169224 -1.3355364327550958
3.634122278590976 -0.6793351889205141
4.060221618367969 0.0
3.99108862961075 0.7460637646035291
3.786043904355341 1.4667212225083435
3.452069994796273 2.1374312483188476
3.0005399818660248 2.735353616534075
2.446830178604377 3.2401267980332933
1.8097965082596938 3.6345613475292486
1.11113238843789 3.9052252695109555
0.3746299877842456 4.0429014287409215
-0.37462998778424506 4.0429014287409215
-1.1111323884378896 3.9052252695109555
-1.8097965082596918 3.6345613475292495
-2.4468301786043765 3.2401267980332937
-3.0005399818660257 2.7353536165340744
-3.4520699947962723 2.137431248318849
-3.7860439043553407 1.466721222508345
-3.99108862961075 0.7460637646035292
-4.060221618367969 4.972337408763219e-16
-3.99108862961075 -0.7460637646035282
-3.7860439043553415 -1.4667212225083426
-3.4520699947962727 -2.137431248318848
-3.0005399818660248 -2.735353616534075
-2.44683017860438 -3.2401267980332906
-1.809796508259696 -3.6345613475292473
-1.1111323884378908 -3.9052252695109555
-0.3746299877842452 -4.0429014287409215
0.3746299877842473 -4.0429014287409215
1.1111323884378892 -3.9052252695109555
1.8097965082596914 -3.6345613475292495
2.446830178604376 -3.240126798033294
3.0005399818660226 -2.735353616534077
3.452069994796272 -2.1374312483188493
3.786043904355341 -1.466721222508344
3.99108862961075 -0.746063764603528
4.366339203056446 0.0
4.291993980699733 0.80231272318521
4.0714900510096825 1.577303648850396
3.712336410846578 2.298581390521195
3.22676360666886 2.941583699782308
2.631307237942414 3.484413904188116
1.946244857133021 3.9085865721806483
1.194905441977383 4.19965701229046
0.4028749551263198 4.3477131697801275
-0.40287495512631927 4.347713169780128
-1.1949054419773826 4.19965701229046
-1.9462448571330189 3.908586572180649
-2.6313072379424134 3.4844139041881164
-3.226763606668861 2.9415836997823077
-3.7123364108465773 2.2985813905211963
-4.0714900510096825 1.5773036488503978
-4.291993980699733 0.8023127231852102
-4.366339203056446 5.347223329014682e-16
-4.291993980699733 -0.8023127231852091
-4.071490051009683 -1.577303648850395
-3.7123364108465777 -2.2985813905211954
-3.22676360666886 -2.941583699782308
-2.631307237942417 -3.4844139041881133
-1.9462448571330235 -3.908586572180647
-1.1949054419773835 -4.19965701229046
-0.40287495512631943 -4.347713169780128
0.40287495512632165 -4.3477131697801275
1.1949054419773821 -4.19965701229046
1.9462448571330184 -3.908586572180649
2.631307237942413 -3.484413904188117
3.2267636066688574 -2.941583699782311
3.712336410846577 -2.2985813905211967
4.0714900510096825 -1.5773036488503966
4.291993980699733 -0.8023127231852089
4.628973154969189 0.0
4.550156090493634 0.8505715852114368
4.316388917667034 1.6721779752366719
3.9356322971871793 2.4368403498716473
3.4208524390972785 3.118519049059602
2.7895795540541966 3.6940003222831743
2.0633108830297013 4.143686844996446
1.2667786345522718 4.452265082007953
0.4271077590086723 4.609226771555072
-0.42710775900867176 4.609226771555073
-1.2667786345522714 4.452265082007953
-2.063310883029699 4.143686844996447
-2.789579554054196 3.6940003222831748
-3.4208524390972794 3.1185190490596018
-3.9356322971871784 2.4368403498716487
-4.316388917667034 1.6721779752366737
-4.550156090493634 0.8505715852114369
-4.628973154969189 5.668857157572042e-16
-4.550156090493634 -0.8505715852114357
-4.316388917667035 -1.6721779752366708
-3.935632297187179 -2.4368403498716478
-3.4208524390972785 -3.118519049059602
-2.7895795540542 -3.6940003222831717
-2.063310883029704 -4.143686844996444
-1.2667786345522725 -4.452265082007953
-0.4271077590086719 -4.609226771555073
0.42710775900867426 -4.609226771555072
1.266778634552271 -4.452265082007953
2.0633108830296987 -4.143686844996447
2.789579554054195 -3.6940003222831757
3.420852439097276 -3.118519049059605
3.935632297187178 -2.436840349871649
4.316388917667034 -1.6721779752366723
4.550156090493634 -0.8505715852114355
4.857594293868779 0.0
4.774884520051027 0.8925806092469116
4.529571780745698 1.7547654563783641
4.130009907069631 2.5571938705020427
3.589805499409218 3.2725401143817705
2.9273545709635624 3.876443929645476
2.165216093578564 4.348340096167146
1.3293437790172187 4.672158755972954
0.4482022564335692 4.8368726529808885
-0.4482022564335686 4.8368726529808885
-1.329343779017218 4.672158755972954
-2.165216093578562 4.3483400961671475
-2.927354570963562 3.8764439296454762
-3.5898054994092194 3.27254011438177
-4.13000990706963 2.5571938705020445
-4.529571780745697 1.7547654563783661
-4.774884520051027 0.8925806092469117
-4.857594293868779 5.948837303542848e-16
-4.774884520051027 -0.8925806092469105
-4.529571780745698 -1.7547654563783632
-4.13000990706963 -2.557193870502043
-3.589805499409218 -3.2725401143817705
-2.927354570963566 -3.876443929645473
-2.1652160935785667 -4.348340096167145
-1.3293437790172191 -4.672158755972954
-0.44820225643356876 -4.8368726529808885
0.44820225643357126 -4.8368726529808885
1.3293437790172176 -4.672158755972954
2.1652160935785614 -4.3483400961671475
2.927354570963561 -3.8764439296454767
3.5898054994092155 -3.272540114381773
4.1300099070696294 -2.557193870502045
4.529571780745698 -1.7547654563783648
4.774884520051027 -0.8925806092469103
5.1439868591011235 0.0
5.056400707623889 0.9452051050146056
4.7966248945327346 1.8582223838265093
4.373505773575732 2.7079601280493
3.80145215894162 3.4654815379515638
3.099944650374079 4.1049901304658665
2.2928722447118544 4.604708207480151
1.4077188247531163 4.947618469227468
0.47462722859004436 5.122043518019539
-0.47462722859004375 5.122043518019539
-1.4077188247531156 4.947618469227468
-2.2928722447118517 4.604708207480152
-3.0999446503740784 4.104990130465867
-3.8014521589416215 3.465481537951563
-4.37350577357573 2.7079601280493018
-4.796624894532734 1.8582223838265113
-5.056400707623889 0.9452051050146058
-5.1439868591011235 6.299567041854238e-16
-5.056400707623889 -0.9452051050146044
-4.796624894532735 -1.8582223838265082
-4.373505773575731 -2.707960128049301
-3.80145215894162 -3.4654815379515638
-3.099944650374083 -4.104990130465864
-2.2928722447118575 -4.604708207480149
-1.4077188247531167 -4.947618469227468
-0.47462722859004386 -5.122043518019539
0.4746272285900465 -5.122043518019539
1.407718824753115 -4.947618469227468
2.2928722447118512 -4.604708207480152
3.0999446503740775 -4.104990130465867
3.8014521589416175 -3.4654815379515664
4.37350577357573 -2.7079601280493026
4.7966248945327346 -1.85822238382651
5.056400707623889 -0.9452051050146042
5.336470076926663 0.0
5.245606532886991 0.9805738034778303
4.976110149781439 1.9277553421468718
4.537158303711381 2.8092894847267917
3.94369897333002 3.5951566432757005
3.2159417043574816 4.258595054252981
2.3786693977399875 4.777012118279474
1.4603943576819494 5.132753764012491
0.49238733932302425 5.31370563637167
-0.4923873393230236 5.313705636371671
-1.4603943576819487 5.132753764012491
-2.378669397739985 4.777012118279475
-3.215941704357481 4.258595054252982
-3.9436989733300214 3.5951566432757
-4.53715830371138 2.8092894847267935
-4.976110149781439 1.9277553421468738
-5.245606532886991 0.9805738034778304
-5.336470076926663 6.535290998453867e-16
-5.245606532886991 -0.9805738034778291
-4.97611014978144 -1.9277553421468705
-4.53715830371138 -2.8092894847267926
-3.94369897333002 -3.5951566432757005
-3.215941704357486 -4.258595054252979
-2.3786693977399906 -4.7770121182794725
-1.4603943576819498 -5.132753764012491
-0.49238733932302375 -5.313705636371671
0.4923873393230265 -5.31370563637167
1.460394357681948 -5.132753764012491
2.3786693977399844 -4.777012118279475
3.2159417043574807 -4.258595054252983
3.9436989733300174 -3.5951566432757036
4.537158303711379 -2.8092894847267944
4.976110149781439 -1.9277553421468723
5.245606532886991 -0.9805738034778289
5.52453201425684 0.0
5.430466358356996 1.0151300937819003
5.151472683749812 1.995691149734409
4.697051785408006 2.908291337150423
4.082678422006814 3.721853151190773
3.3292743415772317 4.40867172003816
2.462495816469691 4.945358261078565
1.5118599497704743 5.313636557841415
0.50973950575797 5.500965334631582
-0.5097395057579693 5.500965334631583
-1.5118599497704737 5.313636557841415
-2.4624958164696884 4.9453582610785665
-3.3292743415772312 4.408671720038161
-4.082678422006815 3.721853151190772
-4.697051785408005 2.9082913371504246
-5.1514726837498115 1.995691149734411
-5.430466358356996 1.0151300937819006
-5.52453201425684 6.765600448046719e-16
-5.430466358356996 -1.0151300937818992
-5.151472683749812 -1.9956911497344076
-4.697051785408006 -2.9082913371504233
-4.082678422006814 -3.721853151190773
-3.329274341577236 -4.408671720038157
-2.462495816469694 -4.945358261078563
-1.511859949770475 -5.313636557841415
-0.5097395057579696 -5.500965334631583
0.5097395057579723 -5.500965334631582
1.511859949770473 -5.313636557841415
2.462495816469688 -4.9453582610785665
3.3292743415772303 -4.4086717200381615
4.082678422006811 -3.721853151190776
4.6970517854080045 -2.908291337150425
5.151472683749812 -1.9956911497344094
5.430466358356996 -1.015130093781899
5.723480230947783 0.0
5.626027103594276 1.0516867326693278
5.336986370903636 2.067559535016808
4.866200968361495 3.013024077163629
4.229702928206569 3.8558836980867124
3.4491674278010795 4.567435824294215
2.5511746674621865 5.123449401540849
1.5663047136196264 5.504990054318267
0.5280961313301928 5.699064873303704
-0.5280961313301922 5.699064873303705
-1.5663047136196258 5.504990054318267
-2.551174667462184 5.123449401540851
-3.449167427801079 4.567435824294215
-4.22970292820657 3.855883698086712
-4.866200968361493 3.0130240771636307
-5.336986370903636 2.06755953501681
-5.626027103594276 1.051686732669328
-5.723480230947783 7.009241744813357e-16
-5.626027103594276 -1.0516867326693264
-5.336986370903637 -2.0675595350168066
-4.866200968361494 -3.0130240771636294
-4.229702928206569 -3.8558836980867124
-3.449167427801084 -4.567435824294211
-2.5511746674621896 -5.123449401540848
-1.566304713619627 -5.504990054318267
-0.5280961313301923 -5.699064873303705
0.5280961313301953 -5.699064873303704
1.566304713619625 -5.504990054318267
2.551174667462183 -5.123449401540851
3.449167427801078 -4.567435824294216
4.2297029282065655 -3.855883698086716
4.866200968361493 -3.0130240771636316
5.336986370903636 -2.067559535016809
5.626027103594276 -1.0516867326693262
3.447398530161247 0.0
3.388700019038328 0.6334578176386825
3.2146033930647575 1.245343989046591
2.9310373040321775 1.8148214645330023
2.547658255002555 2.3224973716831765
2.077521759678106 2.7510834163692515
1.5366377525405293 3.0859846148717462
0.9434253897340309 3.3157963085453726
0.318085806794177 3.432692535790822
-0.31808580679417653 3.4326925357908222
-0.9434253897340306 3.3157963085453726
-1.5366377525405275 3.0859846148717467
-2.0775217596781057 2.751083416369252
-2.5476582550025557 2.322497371683176
-2.9310373040321767 1.8148214645330034
-3.214603393064757 1.2453439890465923
-3.388700019038328 0.6334578176386826
-3.447398530161247 4.2218455753472616e-16
-3.388700019038328 -0.6334578176386817
-3.214603393064758 -1.24534398904659
-2.931037304032177 -1.8148214645330027
-2.547658255002555 -2.3224973716831765
-2.077521759678109 -2.7510834163692497
-1.536637752540531 -3.085984614871745
-0.9434253897340312 -3.3157963085453726
-0.31808580679417664 -3.4326925357908222
0.3180858067941784 -3.432692535790822
0.9434253897340301 -3.3157963085453726
1.536637752540527 -3.0859846148717467
2.0775217596781053 -2.7510834163692524
2.547658255002553 -2.3224973716831787
2.931037304032176 -1.8148214645330039
3.2146033930647575 -1.2453439890465912
3.388700019038328 -0.6334578176386815
5.005601484089074 0.0
4.920371606597376 0.9197768590832762
4.667584375378291 1.8082318203812227
4.255848156406119 2.635109615771113
3.699184132794791 3.3722519136615507
3.0165488302234853 3.994556217202615
2.231188575190464 4.48083069970896
1.3698478692450722 4.814515866900791
0.46185863706396874 4.984248470620637
-0.4618586370639681 4.984248470620637
-1.3698478692450717 4.814515866900791
-2.2311885751904614 4.480830699708961
-3.016548830223485 3.9945562172026152
-3.699184132794792 3.3722519136615503
-4.255848156406118 2.6351096157711145
-4.667584375378291 1.8082318203812244
-4.920371606597376 0.9197768590832764
-5.005601484089074 6.130093835296925e-16
-4.920371606597376 -0.9197768590832751
-4.667584375378292 -1.8082318203812215
-4.255848156406118 -2.6351096157711136
-3.699184132794791 -3.3722519136615507
-3.0165488302234893 -3.994556217202612
-2.2311885751904668 -4.480830699708958
-1.3698478692450728 -4.814515866900791
-0.46185863706396824 -4.984248470620637
0.46185863706397084 -4.984248470620637
1.369847869245071 -4.814515866900791
2.231188575190461 -4.480830699708961
3.0165488302234844 -3.994556217202616
3.6991841327947883 -3.3722519136615534
4.255848156406117 -2.6351096157711154
4.667584375378291 -1.808231820381223
4.920371606597376 -0.9197768590832749
1.0 0.5 0.4 0.32000000000000006 0.25600000000000006 0.20480000000000007 0.16384000000000007 0.13107200000000005 0.10485760000000005 0.08388608000000004 0.06710886400000003 0.05368709120000003 0.042949672960000025 0.03435973836800002 0.027487790694400018 