0.0 0.0
1.9417366382421921 0.0
1.9275791919443468 0.23405048830384498
1.8853133004976266 0.4646879934524194
1.815555295773823 0.6885493012702254
1.719322406563156 0.9023700097975149
1.5980179250879114 1.1030321316216567
1.453410743841902 1.2876095611547078
1.287609561154708 1.453410743841902
1.103032131621657 1.5980179250879114
0.9023700097975151 1.719322406563156
0.6885493012702253 1.815555295773823
0.46468799345242 1.8853133004976266
0.23405048830384492 1.9275791919443468
-3.1225506676642387e-16 1.9417366382421921
-0.23405048830384467 1.9275791919443468
-0.4646879934524189 1.8853133004976268
-0.6885493012702251 1.815555295773823
-0.9023700097975149 1.719322406563156
-1.1030321316216565 1.5980179250879116
-1.2876095611547074 1.4534107438419024
-1.4534107438419022 1.2876095611547078
-1.5980179250879114 1.1030321316216567
-1.7193224065631554 0.902370009797516
-1.8155552957738228 0.6885493012702258
-1.8853133004976266 0.4646879934524193
-1.9275791919443468 0.23405048830384503
-1.9417366382421921 -6.245101335328477e-16
-1.9275791919443468 -0.23405048830384456
-1.8853133004976268 -0.4646879934524188
-1.815555295773823 -0.6885493012702254
-1.7193224065631565 -0.902370009797514
-1.5980179250879116 -1.1030321316216563
-1.4534107438419024 -1.2876095611547074
-1.2876095611547078 -1.453410743841902
-1.103032131621657 -1.5980179250879114
-0.9023700097975161 -1.7193224065631554
-0.688549301270226 -1.8155552957738228
-0.4646879934524194 -1.8853133004976266
-0.234050488303846 -1.9275791919443468
-3.5669123382156636e-16 -1.9417366382421921
0.23405048830384528 -1.9275791919443468
0.4646879934524187 -1.8853133004976268
0.6885493012702253 -1.815555295773823
0.9023700097975139 -1.7193224065631565
1.103032131621655 -1.5980179250879127
1.2876095611547078 -1.453410743841902
1.4534107438419013 -1.2876095611547085
1.5980179250879114 -1.103032131621657
1.7193224065631563 -0.9023700097975147
1.8155552957738228 -0.6885493012702261
1.8853133004976266 -0.4646879934524195
1.9275791919443468 -0.23405048830384612
2.9764732712605353 0.0
2.9547714298959975 0.3587742069864466
2.8899823675177703 0.7123166781458751
2.783050854547591 1.0554719681404685
2.6355361932333623 1.3832361001236881
2.449589479511133 1.6908295349906708
2.227922235182508 1.9737668678209617
1.973766867820962 2.227922235182508
1.6908295349906712 2.449589479511133
1.3832361001236886 2.6355361932333623
1.0554719681404685 2.783050854547591
0.712316678145876 2.8899823675177703
0.35877420698644646 2.9547714298959975
-4.786534083671179e-16 2.9764732712605353
-0.3587742069864461 2.9547714298959975
-0.7123166781458743 2.8899823675177707
-1.055471968140468 2.783050854547591
-1.3832361001236881 2.6355361932333623
-1.6908295349906706 2.4495894795111335
-1.973766867820961 2.2279222351825085
-2.227922235182508 1.9737668678209617
-2.449589479511133 1.6908295349906708
-2.635536193233361 1.38323610012369
-2.7830508545475907 1.0554719681404692
-2.8899823675177703 0.7123166781458748
-2.9547714298959975 0.35877420698644663
-2.9764732712605353 -9.573068167342357e-16
-2.9547714298959975 -0.3587742069864459
-2.8899823675177707 -0.7123166781458742
-2.783050854547591 -1.0554719681404685
-2.6355361932333627 -1.3832361001236868
-2.4495894795111335 -1.6908295349906701
-2.2279222351825085 -1.973766867820961
-1.9737668678209617 -2.227922235182508
-1.6908295349906712 -2.449589479511133
-1.38323610012369 -2.635536193233361
-1.0554719681404694 -2.7830508545475907
-0.7123166781458751 -2.8899823675177703
-0.35877420698644813 -2.9547714298959975
-5.467692696595298e-16 -2.9764732712605353
0.358774206986447 -2.9547714298959975
0.712316678145874 -2.8899823675177707
1.0554719681404685 -2.783050854547591
1.3832361001236868 -2.6355361932333627
1.690829534990668 -2.449589479511135
1.9737668678209617 -2.227922235182508
2.2279222351825068 -1.9737668678209626
2.449589479511133 -1.6908295349906712
2.6355361932333623 -1.383236100123688
2.7830508545475907 -1.0554719681404696
2.8899823675177703 -0.7123166781458752
2.9547714298959975 -0.3587742069864483
3.6746429160485707 0.0
3.6478506319029664 0.44292925822423446
3.5678644712999668 0.8793996104737319
3.435850812574311 1.3030463361670572
3.253734712139089 1.7076917120742552
3.024171832828391 2.087435097432567
2.750509718353152 2.4367389785758355
2.436738978575836 2.750509718353152
2.0874350974325675 3.024171832828391
1.7076917120742556 3.253734712139089
1.303046336167057 3.435850812574311
0.879399610473733 3.5678644712999668
0.4429292582242343 3.6478506319029664
-5.90927650277151e-16 3.6746429160485707
-0.44292925822423385 3.6478506319029664
-0.879399610473731 3.567864471299967
-1.3030463361670566 3.435850812574311
-1.7076917120742552 3.253734712139089
-2.0874350974325666 3.0241718328283915
-2.4367389785758347 2.750509718353153
-2.7505097183531526 2.4367389785758355
-3.024171832828391 2.087435097432567
-3.2537347121390883 1.7076917120742572
-3.4358508125743104 1.303046336167058
-3.5678644712999668 0.8793996104737317
-3.6478506319029664 0.44292925822423457
-3.6746429160485707 -1.181855300554302e-15
-3.6478506319029664 -0.4429292582242336
-3.567864471299967 -0.8793996104737308
-3.435850812574311 -1.3030463361670572
-3.25373471213909 -1.7076917120742534
-3.0241718328283915 -2.087435097432566
-2.750509718353153 -2.4367389785758347
-2.4367389785758355 -2.750509718353152
-2.0874350974325675 -3.024171832828391
-1.7076917120742574 -3.2537347121390883
-1.3030463361670581 -3.4358508125743104
-0.8793996104737319 -3.5678644712999668
-0.4429292582242364 -3.6478506319029664
-6.750209527722567e-16 -3.6746429160485707
0.442929258224235 -3.6478506319029664
0.8793996104737306 -3.567864471299967
1.303046336167057 -3.435850812574311
1.7076917120742532 -3.25373471213909
2.0874350974325635 -3.0241718328283937
2.4367389785758355 -2.750509718353152
2.750509718353151 -2.436738978575837
3.024171832828391 -2.0874350974325675
3.2537347121390896 -1.7076917120742547
3.4358508125743104 -1.3030463361670583
3.5678644712999668 -0.8793996104737322
3.6478506319029664 -0.4429292582242366
4.191219017017121 0.0
4.160660311481419 0.5051956265342221
4.069429809613235 1.0030243632320972
3.9188578575630064 1.4862267460998835
3.7111401334501335 1.947756596318362
3.4493056294317608 2.3808837693966347
3.137172482176432 2.7792922958337662
2.7792922958337667 3.137172482176432
2.380883769396635 3.4493056294317608
1.9477565963183625 3.7111401334501335
1.4862267460998833 3.9188578575630064
1.0030243632320983 4.069429809613235
0.5051956265342219 4.160660311481419
-6.739994231020681e-16 4.191219017017121
-0.5051956265342215 4.160660311481419
-1.003024363232096 4.0694298096132355
-1.4862267460998828 3.9188578575630064
-1.947756596318362 3.7111401334501335
-2.3808837693966343 3.449305629431761
-2.7792922958337654 3.137172482176433
-3.1371724821764326 2.7792922958337662
-3.4493056294317608 2.3808837693966347
-3.711140133450132 1.9477565963183643
-3.918857857563006 1.4862267460998844
-4.069429809613235 1.003024363232097
-4.160660311481419 0.5051956265342222
-4.191219017017121 -1.3479988462041362e-15
-4.160660311481419 -0.5051956265342212
-4.0694298096132355 -1.0030243632320959
-3.9188578575630064 -1.4862267460998835
-3.7111401334501344 -1.94775659631836
-3.449305629431761 -2.380883769396634
-3.137172482176433 -2.7792922958337654
-2.7792922958337662 -3.137172482176432
-2.380883769396635 -3.4493056294317608
-1.9477565963183645 -3.711140133450132
-1.4862267460998846 -3.918857857563006
-1.0030243632320972 -4.069429809613235
-0.5051956265342243 -4.160660311481419
-7.6991444305733e-16 -4.191219017017121
0.5051956265342228 -4.160660311481419
1.0030243632320957 -4.0694298096132355
1.4862267460998833 -3.9188578575630064
1.9477565963183598 -3.7111401334501344
2.3808837693966307 -3.4493056294317634
2.7792922958337662 -3.137172482176432
3.137172482176431 -2.7792922958337676
3.4493056294317608 -2.380883769396635
3.711140133450134 -1.9477565963183616
3.918857857563006 -1.4862267460998848
4.069429809613235 -1.0030243632320974
4.160660311481419 -0.5051956265342246
4.606671246800761 0.0
4.573083426751461 0.5552728591170136
4.472809752653068 1.1024485895825158
4.307312440470582 1.6335481371138805
4.0790048136831185 2.1408268743760717
3.79121611159324 2.6168875350875718
3.4481429415211364 3.0547880828199587
3.054788082819959 3.4481429415211364
2.616887535087572 3.79121611159324
2.140826874376072 4.0790048136831185
1.6335481371138802 4.307312440470582
1.1024485895825173 4.472809752653068
0.5552728591170135 4.573083426751461
-7.408092371594414e-16 4.606671246800761
-0.5552728591170129 4.573083426751461
-1.1024485895825147 4.472809752653068
-1.6335481371138798 4.307312440470582
-2.1408268743760717 4.0790048136831185
-2.6168875350875713 3.7912161115932403
-3.054788082819958 3.4481429415211373
-3.448142941521137 3.0547880828199587
-3.79121611159324 2.6168875350875718
-4.079004813683118 2.140826874376074
-4.307312440470582 1.6335481371138816
-4.472809752653068 1.1024485895825156
-4.573083426751461 0.5552728591170137
-4.606671246800761 -1.4816184743188828e-15
-4.573083426751461 -0.5552728591170126
-4.472809752653068 -1.1024485895825145
-4.307312440470582 -1.6335481371138805
-4.07900481368312 -2.1408268743760694
-3.7912161115932403 -2.616887535087571
-3.4481429415211373 -3.054788082819958
-3.0547880828199587 -3.4481429415211364
-2.616887535087572 -3.79121611159324
-2.1408268743760743 -4.079004813683118
-1.6335481371138818 -4.307312440470582
-1.1024485895825158 -4.472809752653068
-0.5552728591170161 -4.573083426751461
-8.462317795678047e-16 -4.606671246800761
0.5552728591170144 -4.573083426751461
1.1024485895825142 -4.472809752653068
1.6335481371138802 -4.307312440470582
2.140826874376069 -4.07900481368312
2.6168875350875673 -3.791216111593243
3.0547880828199587 -3.4481429415211364
3.448142941521135 -3.05478808281996
3.79121611159324 -2.616887535087572
4.079004813683119 -2.1408268743760708
4.307312440470582 -1.633548137113882
4.472809752653068 -1.1024485895825162
4.573083426751461 -0.5552728591170163
5.079084546753723 0.0
5.042052301856713 0.6122159900018059
4.9314955806856355 1.2155044922790363
4.749026549187219 1.8010682019810922
4.497306016725187 2.3603682816458766
4.180004635488109 2.885248876677781
3.801749374114907 3.368056046073073
3.368056046073074 3.801749374114907
2.8852488766777817 4.180004635488109
2.360368281645877 4.497306016725187
1.801068201981092 4.749026549187219
1.215504492279038 4.9314955806856355
0.6122159900018057 5.042052301856713
-8.167790899257256e-16 5.079084546753723
-0.612215990001805 5.042052301856713
-1.215504492279035 4.931495580685636
-1.8010682019810913 4.749026549187219
-2.3603682816458766 4.497306016725187
-2.8852488766777804 4.180004635488109
-3.368056046073072 3.8017493741149084
-3.8017493741149075 3.368056046073073
-4.180004635488109 2.885248876677781
-4.497306016725185 2.3603682816458793
-4.749026549187219 1.8010682019810933
-4.9314955806856355 1.2155044922790361
-5.042052301856713 0.612215990001806
-5.079084546753723 -1.6335581798514512e-15
-5.042052301856713 -0.6122159900018048
-4.931495580685636 -1.2155044922790348
-4.749026549187219 -1.8010682019810922
-4.4973060167251875 -2.360368281645874
-4.180004635488109 -2.88524887667778
-3.8017493741149084 -3.368056046073072
-3.368056046073073 -3.801749374114907
-2.8852488766777817 -4.180004635488109
-2.3603682816458798 -4.497306016725185
-1.8010682019810935 -4.749026549187219
-1.2155044922790363 -4.9314955806856355
-0.6122159900018086 -5.042052301856713
-9.330126949171097e-16 -5.079084546753723
0.6122159900018067 -5.042052301856713
1.2155044922790346 -4.931495580685636
1.801068201981092 -4.749026549187219
2.360368281645874 -4.4973060167251875
2.885248876677776 -4.180004635488112
3.368056046073073 -3.801749374114907
3.8017493741149053 -3.368056046073075
4.180004635488109 -2.8852488766777817
4.4973060167251875 -2.3603682816458758
4.749026549187219 -1.801068201981094
4.9314955806856355 -1.2155044922790366
5.042052301856713 -0.6122159900018088
5.349586334548446 0.0
5.310581827059924 0.6448213775057117
5.19413707814404 1.2802398073161025
5.001950114450729 1.896989457886844
4.736823454677991 2.4860767305133504
4.402623242538555 3.038911406251715
4.004222869678756 3.5474319106543977
3.547431910654398 4.004222869678756
3.038911406251716 4.402623242538555
2.4860767305133513 4.736823454677991
1.8969894578868436 5.001950114450729
1.280239807316104 5.19413707814404
0.6448213775057114 5.310581827059924
-8.602790950987973e-16 5.349586334548446
-0.6448213775057108 5.310581827059924
-1.2802398073161012 5.194137078144041
-1.8969894578868431 5.001950114450729
-2.4860767305133504 4.736823454677991
-3.0389114062517146 4.402623242538556
-3.5474319106543963 4.004222869678757
-4.004222869678756 3.5474319106543977
-4.402623242538555 3.038911406251715
-4.736823454677989 2.4860767305133535
-5.001950114450728 1.8969894578868451
-5.19413707814404 1.280239807316102
-5.310581827059924 0.6448213775057119
-5.349586334548446 -1.7205581901975947e-15
-5.310581827059924 -0.6448213775057106
-5.194137078144041 -1.2802398073161008
-5.001950114450729 -1.896989457886844
-4.7368234546779915 -2.486076730513348
-4.402623242538556 -3.038911406251714
-4.004222869678757 -3.5474319106543963
-3.5474319106543977 -4.004222869678756
-3.038911406251716 -4.402623242538555
-2.486076730513354 -4.736823454677989
-1.8969894578868454 -5.001950114450728
-1.2802398073161025 -5.19413707814404
-0.6448213775057146 -5.310581827059924
-9.827030672050765e-16 -5.349586334548446
0.6448213775057126 -5.310581827059924
1.2802398073161005 -5.194137078144041
1.8969894578868436 -5.001950114450729
2.4860767305133478 -4.7368234546779915
3.0389114062517097 -4.402623242538558
3.5474319106543977 -4.004222869678756
4.004222869678754 -3.5474319106543994
4.402623242538555 -3.038911406251716
4.736823454677991 -2.48607673051335
5.001950114450728 -1.8969894578868458
5.19413707814404 -1.2802398073161028
5.310581827059924 -0.6448213775057148
5.7993066423936 0.0
5.757023167519916 0.6990291704567685
5.630789331176618 1.3878649215316705
5.422445906951433 2.056462476851009
5.135031011118098 2.6950721785076506
4.772735800059845 3.2943816590276302
4.34084335377167 3.8456516366575446
3.8456516366575455 4.34084335377167
3.2943816590276307 4.772735800059845
2.695072178507651 5.135031011118098
2.0564624768510087 5.422445906951433
1.3878649215316723 5.630789331176618
0.6990291704567683 5.757023167519916
-9.325996364053315e-16 5.7993066423936
-0.6990291704567675 5.757023167519916
-1.387864921531669 5.630789331176619
-2.0564624768510082 5.422445906951433
-2.6950721785076506 5.135031011118098
-3.2943816590276294 4.772735800059846
-3.8456516366575433 4.340843353771671
-4.34084335377167 3.8456516366575446
-4.772735800059845 3.2943816590276302
-5.135031011118096 2.6950721785076537
-5.422445906951432 2.0564624768510105
-5.630789331176618 1.38786492153167
-5.757023167519916 0.6990291704567686
-5.7993066423936 -1.865199272810663e-15
-5.757023167519916 -0.6990291704567672
-5.630789331176619 -1.3878649215316687
-5.422445906951433 -2.056462476851009
-5.1350310111181 -2.695072178507648
-4.772735800059846 -3.294381659027629
-4.340843353771671 -3.8456516366575433
-3.8456516366575446 -4.34084335377167
-3.2943816590276307 -4.772735800059845
-2.695072178507654 -5.135031011118096
-2.056462476851011 -5.422445906951432
-1.3878649215316705 -5.630789331176618
-0.6990291704567715 -5.757023167519916
-1.065315347532196e-15 -5.7993066423936
0.6990291704567694 -5.757023167519916
1.3878649215316683 -5.630789331176619
2.0564624768510087 -5.422445906951433
2.6950721785076475 -5.1350310111181
3.2943816590276245 -4.772735800059849
3.8456516366575446 -4.34084335377167
4.3408433537716675 -3.845651636657547
4.772735800059845 -3.2943816590276307
5.135031011118099 -2.6950721785076497
5.422445906951432 -2.056462476851011
5.630789331176618 -1.3878649215316707
5.757023167519916 -0.6990291704567718
5.5664955559119305 0.0
5.525909535981153 0.6709668949656331
5.404743311751171 1.3321495817168016
5.204763759613833 1.9739065278269265
4.928887031754034 2.5868794719109327
4.581136032084259 3.1621298881492153
4.166581753246748 3.691269330121892
3.691269330121893 4.166581753246748
3.1621298881492157 4.581136032084259
2.5868794719109336 4.928887031754034
1.9739065278269263 5.204763759613833
1.3321495817168034 5.404743311751171
0.6709668949656329 5.525909535981153
-8.951607582786315e-16 5.5664955559119305
-0.6709668949656321 5.525909535981153
-1.3321495817168003 5.404743311751172
-1.9739065278269257 5.204763759613833
-2.5868794719109327 4.928887031754034
-3.1621298881492144 4.581136032084259
-3.6912693301218913 4.166581753246749
-4.166581753246749 3.691269330121892
-4.581136032084259 3.1621298881492153
-4.928887031754031 2.586879471910936
-5.204763759613832 1.9739065278269279
-5.404743311751171 1.3321495817168014
-5.525909535981153 0.6709668949656332
-5.5664955559119305 -1.790321516557263e-15
-5.525909535981153 -0.6709668949656319
-5.404743311751172 -1.3321495817167999
-5.204763759613833 -1.9739065278269265
-4.9288870317540345 -2.5868794719109305
-4.581136032084259 -3.162129888149214
-4.166581753246749 -3.6912693301218913
-3.691269330121892 -4.166581753246748
-3.1621298881492157 -4.581136032084259
-2.5868794719109363 -4.928887031754031
-1.973906527826928 -5.204763759613832
-1.3321495817168016 -5.404743311751171
-0.670966894965636 -5.525909535981153
-1.0225486447523267e-15 -5.5664955559119305
0.6709668949656339 -5.525909535981153
1.3321495817167996 -5.404743311751172
1.9739065278269263 -5.204763759613833
2.58687947191093 -4.9288870317540345
3.1621298881492095 -4.581136032084262
3.691269330121892 -4.166581753246748
4.166581753246747 -3.691269330121894
4.581136032084259 -3.1621298881492157
4.928887031754034 -2.5868794719109323
5.204763759613832 -1.9739065278269285
5.404743311751171 -1.3321495817168019
5.525909535981153 -0.6709668949656363
4.854886128736809 0.0
4.819488542732578 0.5851918569755519
4.713811961232247 1.161850298939099
4.539397386757031 1.7215663472850893
4.298788176550193 2.2561780816578616
3.9954929547013065 2.7578896591294773
3.6339344485062894 3.2193849951443165
3.219384995144317 3.6339344485062894
2.7578896591294777 3.9954929547013065
2.256178081657862 4.298788176550193
1.721566347285089 4.539397386757031
1.1618502989391006 4.713811961232247
0.5851918569755516 4.819488542732578
-7.807252345222587e-16 4.854886128736809
-0.5851918569755511 4.819488542732578
-1.1618502989390977 4.713811961232248
-1.7215663472850884 4.539397386757031
-2.2561780816578616 4.298788176550193
-2.7578896591294764 3.9954929547013074
-3.219384995144315 3.6339344485062908
-3.6339344485062903 3.2193849951443165
-3.9954929547013065 2.7578896591294773
-4.298788176550191 2.2561780816578643
-4.53939738675703 1.7215663472850904
-4.713811961232247 1.1618502989390989
-4.819488542732578 0.585191856975552
-4.854886128736809 -1.5614504690445173e-15
-4.819488542732578 -0.5851918569755509
-4.713811961232248 -1.1618502989390975
-4.539397386757031 -1.7215663472850893
-4.298788176550194 -2.2561780816578594
-3.9954929547013074 -2.757889659129476
-3.6339344485062908 -3.219384995144315
-3.2193849951443165 -3.6339344485062894
-2.7578896591294777 -3.9954929547013065
-2.2561780816578643 -4.298788176550191
-1.7215663472850906 -4.53939738675703
-1.161850298939099 -4.713811961232247
-0.5851918569755544 -4.819488542732578
-8.918281136673628e-16 -4.854886128736809
0.5851918569755526 -4.819488542732578
1.1618502989390973 -4.713811961232248
1.721566347285089 -4.539397386757031
2.256178081657859 -4.298788176550194
2.7578896591294724 -3.99549295470131
3.2193849951443165 -3.6339344485062894
3.633934448506288 -3.219384995144318
3.9954929547013065 -2.7578896591294777
4.298788176550194 -2.2561780816578607
4.53939738675703 -1.7215663472850908
4.713811961232247 -1.1618502989390993
4.819488542732578 -0.5851918569755548
5.980650812449147 0.0
5.937045134400004 0.7208877946989208
5.806863969229969 1.4312634220531895
5.592005651469675 2.1207680057893787
5.295603299210862 2.7793470164475087
4.921979126189435 3.397396889061406
4.476581414176414 3.96590506476125
3.9659050647612504 4.476581414176414
3.3973968890614064 4.921979126189435
2.7793470164475096 5.295603299210862
2.1207680057893783 5.592005651469675
1.4312634220531912 5.806863969229969
0.7208877946989206 5.937045134400004
-9.61762003130645e-16 5.980650812449147
-0.7208877946989198 5.937045134400004
-1.431263422053188 5.80686396922997
-2.1207680057893774 5.592005651469675
-2.7793470164475087 5.295603299210862
-3.397396889061405 4.921979126189436
-3.9659050647612486 4.476581414176416
-4.476581414176415 3.96590506476125
-4.921979126189435 3.397396889061406
-5.29560329921086 2.7793470164475123
-5.592005651469674 2.12076800578938
-5.806863969229969 1.4312634220531892
-5.937045134400004 0.720887794698921
-5.980650812449147 -1.92352400626129e-15
-5.937045134400004 -0.7208877946989195
-5.80686396922997 -1.4312634220531877
-5.592005651469675 -2.1207680057893787
-5.295603299210864 -2.779347016447506
-4.921979126189436 -3.3973968890614046
-4.476581414176416 -3.9659050647612486
-3.96590506476125 -4.476581414176414
-3.3973968890614064 -4.921979126189435
-2.7793470164475123 -5.29560329921086
-2.12076800578938 -5.592005651469674
-1.4312634220531895 -5.806863969229969
-0.720887794698924 -5.937045134400004
-1.0986277311425797e-15 -5.980650812449147
0.7208877946989217 -5.937045134400004
1.4312634220531872 -5.80686396922997
2.1207680057893783 -5.592005651469675
2.7793470164475056 -5.295603299210864
3.3973968890613997 -4.92197912618944
3.96590506476125 -4.476581414176414
4.476581414176413 -3.9659050647612517
4.921979126189435 -3.3973968890614064
5.295603299210863 -2.7793470164475083
5.592005651469674 -2.1207680057893805
5.806863969229969 -1.43126342205319
5.937045134400004 -0.7208877946989243
6.226965155786506 0.0
6.1815635688486354 0.750577707944076
6.04602086540805 1.4902103027525233
5.822313563296498 2.208112275685479
5.513703818723741 2.893814999403124
5.124691856694273 3.5373193841255937
4.660950347593134 4.129241686877956
4.129241686877956 4.660950347593134
3.5373193841255945 5.124691856694273
2.893814999403125 5.513703818723741
2.2081122756854787 5.822313563296498
1.490210302752525 6.04602086540805
0.7505777079440757 6.1815635688486354
-1.0013723705767487e-15 6.226965155786506
-0.750577707944075 6.1815635688486354
-1.4902103027525218 6.0460208654080505
-2.2081122756854783 5.822313563296498
-2.893814999403124 5.513703818723741
-3.537319384125593 5.124691856694274
-4.129241686877954 4.660950347593136
-4.660950347593135 4.129241686877956
-5.124691856694273 3.5373193841255937
-5.513703818723739 2.8938149994031277
-5.822313563296497 2.2081122756854805
-6.04602086540805 1.4902103027525229
-6.1815635688486354 0.7505777079440762
-6.226965155786506 -2.0027447411534975e-15
-6.1815635688486354 -0.7505777079440746
-6.0460208654080505 -1.4902103027525213
-5.822313563296498 -2.208112275685479
-5.513703818723743 -2.8938149994031215
-5.124691856694274 -3.5373193841255923
-4.660950347593136 -4.129241686877954
-4.129241686877956 -4.660950347593134
-3.5373193841255945 -5.124691856694273
-2.893814999403128 -5.513703818723739
-2.208112275685481 -5.822313563296497
-1.4902103027525233 -6.04602086540805
-0.7505777079440793 -6.1815635688486354
-1.1438749419654066e-15 -6.226965155786506
0.750577707944077 -6.1815635688486354
1.4902103027525209 -6.0460208654080505
2.2081122756854787 -5.822313563296498
2.893814999403121 -5.513703818723743
3.5373193841255874 -5.124691856694277
4.129241686877956 -4.660950347593134
4.660950347593133 -4.129241686877958
5.124691856694273 -3.5373193841255945
5.513703818723742 -2.8938149994031237
5.822313563296497 -2.2081122756854814
6.04602086540805 -1.4902103027525235
6.1815635688486354 -0.7505777079440796
6.107474038325248 0.0
6.062943676168952 0.736174645325297
5.930001942653945 1.4616142066008195
5.71058742761359 2.1657401414755433
5.407899688755634 2.8382847082654736
5.0263525949060535 3.4694406927483414
4.571509961862407 4.050004419430882
4.050004419430883 4.571509961862407
3.469440692748342 5.0263525949060535
2.8382847082654745 5.407899688755634
2.165740141475543 5.71058742761359
1.4616142066008213 5.930001942653945
0.7361746453252968 6.062943676168952
-9.821567333342864e-16 6.107474038325248
-0.736174645325296 6.062943676168952
-1.461614206600818 5.930001942653946
-2.1657401414755424 5.71058742761359
-2.8382847082654736 5.407899688755634
-3.4694406927483405 5.026352594906054
-4.0500044194308815 4.571509961862408
-4.571509961862408 4.050004419430882
-5.0263525949060535 3.4694406927483414
-5.407899688755632 2.838284708265477
-5.710587427613589 2.1657401414755446
-5.930001942653945 1.461614206600819
-6.062943676168952 0.7361746453252972
-6.107474038325248 -1.964313466668573e-15
-6.062943676168952 -0.7361746453252956
-5.930001942653946 -1.4616142066008178
-5.71058742761359 -2.1657401414755433
-5.407899688755635 -2.838284708265471
-5.026352594906054 -3.46944069274834
-4.571509961862408 -4.0500044194308815
-4.050004419430882 -4.571509961862407
-3.469440692748342 -5.0263525949060535
-2.8382847082654776 -5.407899688755632
-2.165740141475545 -5.710587427613589
-1.4616142066008195 -5.930001942653945
-0.7361746453253002 -6.062943676168952
-1.121924779786586e-15 -6.107474038325248
0.736174645325298 -6.062943676168952
1.4616142066008173 -5.930001942653946
2.165740141475543 -5.71058742761359
2.8382847082654705 -5.407899688755635
3.469440692748335 -5.026352594906058
4.050004419430882 -4.571509961862407
4.5715099618624055 -4.050004419430884
5.0263525949060535 -3.469440692748342
5.407899688755634 -2.838284708265473
5.710587427613589 -2.1657401414755455
5.930001942653945 -1.46161420660082
6.062943676168952 -0.7361746453253005
6.37974166646658 0.0
6.333226166754481 0.7689928813624439
6.194357968347771 1.52677211489346
5.965162082283168 2.2622875729979395
5.648980700683684 2.964813784060147
5.250424460071503 3.6241063339715396
4.775305207905247 4.230551252756879
4.23055125275688 4.775305207905247
3.6241063339715405 5.250424460071503
2.9648137840601474 5.648980700683684
2.262287572997939 5.965162082283168
1.526772114893462 6.194357968347771
0.7689928813624437 6.333226166754481
-1.0259407072930677e-15 6.37974166646658
-0.7689928813624429 6.333226166754481
-1.5267721148934585 6.194357968347772
-2.2622875729979386 5.965162082283168
-2.964813784060147 5.648980700683684
-3.6241063339715387 5.250424460071504
-4.230551252756878 4.775305207905248
-4.775305207905247 4.230551252756879
-5.250424460071503 3.6241063339715396
-5.648980700683682 2.9648137840601505
-5.965162082283168 2.262287572997941
-6.194357968347771 1.5267721148934599
-6.333226166754481 0.7689928813624441
-6.37974166646658 -2.0518814145861354e-15
-6.333226166754481 -0.7689928813624425
-6.194357968347772 -1.5267721148934583
-5.965162082283168 -2.2622875729979395
-5.648980700683685 -2.964813784060144
-5.250424460071504 -3.6241063339715383
-4.775305207905248 -4.230551252756878
-4.230551252756879 -4.775305207905247
-3.6241063339715405 -5.250424460071503
-2.9648137840601505 -5.648980700683682
-2.2622875729979413 -5.965162082283168
-1.52677211489346 -6.194357968347771
-0.7689928813624473 -6.333226166754481
-1.1719395316837946e-15 -6.37974166646658
0.7689928813624449 -6.333226166754481
1.5267721148934579 -6.194357968347772
2.262287572997939 -5.965162082283168
2.9648137840601434 -5.648980700683685
3.6241063339715334 -5.250424460071508
4.230551252756879 -4.775305207905247
4.7753052079052445 -4.230551252756881
5.250424460071503 -3.6241063339715405
5.648980700683685 -2.964813784060146
5.965162082283168 -2.2622875729979417
6.194357968347771 -1.5267721148934605
6.333226166754481 -0.7689928813624477
6.4800528680581895 0.0
6.432805986745911 0.781084060594719
6.2917543087293195 1.5507781567378394
6.058954685094615 2.297858415307433
5.737801858573489 3.0114307238553217
5.332978960549804 3.681089591297975
4.850389220458525 4.2970698834076355
4.297069883407636 4.850389220458525
3.681089591297976 5.332978960549804
3.011430723855322 5.737801858573489
2.297858415307433 6.058954685094615
1.5507781567378414 6.2917543087293195
0.7810840605947188 6.432805986745911
-1.0420719788226425e-15 6.4800528680581895
-0.781084060594718 6.432805986745911
-1.5507781567378378 6.29175430872932
-2.297858415307432 6.058954685094615
-3.0114307238553217 5.737801858573489
-3.6810895912979746 5.332978960549805
-4.297069883407634 4.850389220458526
-4.850389220458525 4.2970698834076355
-5.332978960549804 3.681089591297975
-5.737801858573486 3.0114307238553253
-6.058954685094614 2.297858415307435
-6.2917543087293195 1.550778156737839
-6.432805986745911 0.7810840605947192
-6.4800528680581895 -2.084143957645285e-15
-6.432805986745911 -0.7810840605947176
-6.29175430872932 -1.5507781567378374
-6.058954685094615 -2.297858415307433
-5.73780185857349 -3.0114307238553186
-5.332978960549805 -3.6810895912979738
-4.850389220458526 -4.297069883407634
-4.2970698834076355 -4.850389220458525
-3.681089591297976 -5.332978960549804
-3.0114307238553253 -5.737801858573486
-2.297858415307435 -6.058954685094614
-1.5507781567378394 -6.2917543087293195
-0.7810840605947225 -6.432805986745911
-1.190366400475963e-15 -6.4800528680581895
0.78108406059472 -6.432805986745911
1.550778156737837 -6.29175430872932
2.297858415307433 -6.058954685094615
3.011430723855318 -5.73780185857349
3.681089591297969 -5.332978960549808
4.2970698834076355 -4.850389220458525
4.850389220458522 -4.297069883407637
5.332978960549804 -3.681089591297976
5.73780185857349 -3.011430723855321
6.058954685094614 -2.2978584153074353
6.2917543087293195 -1.5507781567378398
6.432805986745911 -0.7810840605947228
6.574447713149418 0.0
6.526512587137084 0.7924621018552312
6.383406211177848 1.5733683217961678
6.147215398480687 2.331331288688406
5.821384342950118 3.0552981956906975
5.410664395083416 3.7347119750674507
4.9210447765812555 4.359665244008759
4.3596652440087595 4.9210447765812555
3.734711975067451 5.410664395083416
3.055298195690698 5.821384342950118
2.3313312886884057 6.147215398480687
1.5733683217961698 6.383406211177848
0.7924621018552309 6.526512587137084
-1.0572518276630345e-15 6.574447713149418
-0.7924621018552301 6.526512587137084
-1.5733683217961663 6.383406211177848
-2.331331288688405 6.147215398480687
-3.0552981956906975 5.821384342950118
-3.73471197506745 5.410664395083417
-4.359665244008758 4.921044776581256
-4.921044776581256 4.359665244008759
-5.410664395083416 3.7347119750674507
-5.821384342950116 3.055298195690701
-6.147215398480686 2.3313312886884074
-6.383406211177848 1.5733683217961674
-6.526512587137084 0.7924621018552314
-6.574447713149418 -2.114503655326069e-15
-6.526512587137084 -0.7924621018552297
-6.383406211177848 -1.5733683217961658
-6.147215398480687 -2.331331288688406
-5.82138434295012 -3.0552981956906944
-5.410664395083417 -3.7347119750674493
-4.921044776581256 -4.359665244008758
-4.359665244008759 -4.9210447765812555
-3.734711975067451 -5.410664395083416
-3.0552981956907015 -5.821384342950116
-2.331331288688408 -6.147215398480686
-1.5733683217961678 -6.383406211177848
-0.7924621018552347 -6.526512587137084
-1.2077064522105106e-15 -6.574447713149418
0.7924621018552322 -6.526512587137084
1.5733683217961654 -6.383406211177848
2.3313312886884057 -6.147215398480687
3.055298195690694 -5.82138434295012
3.734711975067444 -5.410664395083421
4.359665244008759 -4.9210447765812555
4.921044776581253 -4.359665244008761
5.410664395083416 -3.734711975067451
5.821384342950119 -3.0552981956906966
6.147215398480686 -2.3313312886884083
6.383406211177848 -1.5733683217961683
6.526512587137084 -0.792462101855235
6.665055457061658 0.0
6.616459698580768 0.803383658511837
6.471381058724871 1.5950521742201222
6.231935110751711 2.363461237483585
5.901613515768053 3.097405713853323
5.485233106448214 3.7861830401648384
4.988865646767102 4.419749292009045
4.419749292009045 4.988865646767102
3.7861830401648393 5.485233106448214
3.0974057138533237 5.901613515768053
2.3634612374835844 6.231935110751711
1.5950521742201245 6.471381058724871
0.8033836585118368 6.616459698580768
-1.0718226641851718e-15 6.665055457061658
-0.8033836585118359 6.616459698580768
-1.5950521742201207 6.471381058724872
-2.3634612374835835 6.231935110751711
-3.097405713853323 5.901613515768053
-3.7861830401648375 5.485233106448215
-4.419749292009043 4.988865646767103
-4.988865646767102 4.419749292009045
-5.485233106448214 3.7861830401648384
-5.901613515768052 3.0974057138533264
-6.231935110751711 2.363461237483586
-6.471381058724871 1.595052174220122
-6.616459698580768 0.8033836585118372
-6.665055457061658 -2.1436453283703436e-15
-6.616459698580768 -0.8033836585118356
-6.471381058724872 -1.5950521742201202
-6.231935110751711 -2.363461237483585
-5.901613515768055 -3.0974057138533198
-5.485233106448215 -3.786183040164837
-4.988865646767103 -4.419749292009043
-4.419749292009045 -4.988865646767102
-3.7861830401648393 -5.485233106448214
-3.097405713853327 -5.901613515768052
-2.3634612374835866 -6.231935110751711
-1.5950521742201222 -6.471381058724871
-0.8033836585118406 -6.616459698580768
-1.2243508247445236e-15 -6.665055457061658
0.803383658511838 -6.616459698580768
1.59505217422012 -6.471381058724872
2.3634612374835844 -6.231935110751711
3.0974057138533193 -5.901613515768055
3.7861830401648318 -5.485233106448218
4.419749292009045 -4.988865646767102
4.988865646767099 -4.419749292009047
5.485233106448214 -3.7861830401648393
5.901613515768054 -3.097405713853322
6.231935110751711 -2.363461237483587
6.471381058724871 -1.5950521742201227
6.616459698580768 -0.8033836585118409
6.807742232525987 0.0
6.758106126800645 0.820582648742644
6.60992161581687 1.629199354675418
6.365349563427266 2.414058665379577
6.027956380883971 3.163715564755803
5.6026620205317474 3.867238367130868
5.095668231824028 4.514368125850758
4.514368125850759 5.095668231824028
3.8672383671308688 5.6026620205317474
3.1637155647558037 6.027956380883971
2.4140586653795766 6.365349563427266
1.62919935467542 6.60992161581687
0.8205826487426437 6.758106126800645
-1.0947684477285233e-15 6.807742232525987
-0.8205826487426429 6.758106126800645
-1.6291993546754162 6.609921615816871
-2.4140586653795757 6.365349563427266
-3.163715564755803 6.027956380883971
-3.8672383671308674 5.602662020531748
-4.514368125850757 5.09566823182403
-5.095668231824029 4.514368125850758
-5.6026620205317474 3.867238367130868
-6.0279563808839685 3.163715564755807
-6.365349563427265 2.4140586653795784
-6.60992161581687 1.6291993546754175
-6.758106126800645 0.8205826487426442
-6.807742232525987 -2.1895368954570465e-15
-6.758106126800645 -0.8205826487426425
-6.609921615816871 -1.629199354675416
-6.365349563427266 -2.414058665379577
-6.027956380883972 -3.1637155647558
-5.602662020531748 -3.8672383671308665
-5.09566823182403 -4.514368125850757
-4.514368125850758 -5.095668231824028
-3.8672383671308688 -5.6026620205317474
-3.1637155647558073 -6.0279563808839685
-2.414058665379579 -6.365349563427265
-1.629199354675418 -6.60992161581687
-0.8205826487426476 -6.758106126800645
-1.2505619601724809e-15 -6.807742232525987
0.8205826487426451 -6.758106126800645
1.6291993546754155 -6.609921615816871
2.4140586653795766 -6.365349563427266
3.1637155647557997 -6.027956380883972
3.867238367130861 -5.602662020531752
4.514368125850758 -5.095668231824028
5.0956682318240265 -4.51436812585076
5.6026620205317474 -3.8672383671308688
6.027956380883972 -3.1637155647558024
6.365349563427265 -2.4140586653795792
6.60992161581687 -1.6291993546754184
6.758106126800645 -0.820582648742648
5.677253420809638 0.0
5.635859851341261 0.6843172803125703
5.512282754389181 1.358655673729868
5.308324162298346 2.0131818079980506
5.026958250616192 2.6383512182149906
4.672287967915901 3.225047526620815
4.249485205567165 3.7647153799139352
3.7647153799139357 4.249485205567165
3.225047526620816 4.672287967915901
2.6383512182149915 5.026958250616192
2.0131818079980506 5.308324162298346
1.3586556737298698 5.512282754389181
0.6843172803125701 5.635859851341261
-9.129719813958144e-16 5.677253420809638
-0.6843172803125694 5.635859851341261
-1.3586556737298667 5.512282754389181
-2.0131818079980497 5.308324162298346
-2.6383512182149906 5.026958250616192
-3.2250475266208145 4.672287967915902
-3.764715379913934 4.249485205567167
-4.249485205567166 3.7647153799139352
-4.672287967915901 3.225047526620815
-5.0269582506161905 2.6383512182149937
-5.308324162298345 2.013181807998052
-5.512282754389181 1.3586556737298678
-5.635859851341261 0.6843172803125704
-5.677253420809638 -1.8259439627916288e-15
-5.635859851341261 -0.6843172803125691
-5.512282754389181 -1.3586556737298663
-5.308324162298346 -2.0131818079980506
-5.026958250616194 -2.6383512182149884
-4.672287967915902 -3.2250475266208136
-4.249485205567167 -3.764715379913934
-3.7647153799139352 -4.249485205567165
-3.225047526620816 -4.672287967915901
-2.638351218214994 -5.0269582506161905
-2.0131818079980524 -5.308324162298345
-1.358655673729868 -5.512282754389181
-0.6843172803125733 -5.635859851341261
-1.0428945344614327e-15 -5.677253420809638
0.6843172803125712 -5.635859851341261
1.358655673729866 -5.512282754389181
2.0131818079980506 -5.308324162298346
2.638351218214988 -5.026958250616194
3.225047526620809 -4.672287967915905
3.7647153799139352 -4.249485205567165
4.249485205567163 -3.764715379913937
4.672287967915901 -3.225047526620816
5.026958250616193 -2.63835121821499
5.308324162298345 -2.0131818079980524
5.512282754389181 -1.3586556737298685
5.635859851341261 -0.6843172803125737
6.309512333310842 0.0
6.263508884508791 0.7605276706873062
6.126169371976919 1.5099651353768224
5.899496515069588 2.2373839082471765
5.586795714463329 2.9321765855854935
5.192626851971861 3.5842115256193274
4.722737797201288 4.183980590668168
4.183980590668169 4.722737797201288
3.584211525619328 5.192626851971861
2.9321765855854944 5.586795714463329
2.237383908247176 5.899496515069588
1.5099651353768244 6.126169371976919
0.760527670687306 6.263508884508791
-1.014646969161125e-15 6.309512333310842
-0.7605276706873052 6.263508884508791
-1.5099651353768209 6.1261693719769195
-2.2373839082471756 5.899496515069588
-2.9321765855854935 5.586795714463329
-3.5842115256193265 5.192626851971862
-4.183980590668166 4.722737797201289
-4.7227377972012885 4.183980590668168
-5.192626851971861 3.5842115256193274
-5.586795714463327 2.932176585585497
-5.899496515069587 2.237383908247178
-6.126169371976919 1.5099651353768222
-6.263508884508791 0.7605276706873064
-6.309512333310842 -2.02929393832225e-15
-6.263508884508791 -0.7605276706873048
-6.1261693719769195 -1.5099651353768206
-5.899496515069588 -2.2373839082471765
-5.586795714463331 -2.932176585585491
-5.192626851971862 -3.584211525619326
-4.722737797201289 -4.183980590668166
-4.183980590668168 -4.722737797201288
-3.584211525619328 -5.192626851971861
-2.9321765855854975 -5.586795714463327
-2.2373839082471783 -5.899496515069587
-1.5099651353768224 -6.126169371976919
-0.7605276706873095 -6.263508884508791
-1.1590386124754805e-15 -6.309512333310842
0.7605276706873072 -6.263508884508791
1.5099651353768202 -6.1261693719769195
2.237383908247176 -5.899496515069588
2.9321765855854904 -5.586795714463331
3.584211525619321 -5.192626851971865
4.183980590668168 -4.722737797201288
4.722737797201286 -4.1839805906681695
5.192626851971861 -3.584211525619328
5.58679571446333 -2.932176585585493
5.899496515069587 -2.2373839082471787
6.126169371976919 -1.5099651353768229
6.263508884508791 -0.7605276706873099
4.411156454383188 0.0
4.378994157301098 0.5317061550981909
4.282976264769473 1.0556588371570605
4.124502933874885 1.5642176362335023
3.9058850626326427 2.0499666198622983
3.6303105918900305 2.505822474050689
3.3017980179701416 2.9251377939466208
2.925137793946621 3.3017980179701416
2.5058224740506896 3.6303105918900305
2.0499666198622988 3.9058850626326427
1.564217636233502 4.124502933874885
1.0556588371570619 4.282976264769473
0.5317061550981906 4.378994157301098
-7.09368060556089e-16 4.411156454383188
-0.5317061550981901 4.378994157301098
-1.0556588371570594 4.282976264769473
-1.5642176362335016 4.124502933874885
-2.0499666198622983 3.9058850626326427
-2.5058224740506887 3.630310591890031
-2.92513779394662 3.3017980179701425
-3.301798017970142 2.9251377939466208
-3.6303105918900305 2.505822474050689
-3.9058850626326413 2.0499666198623006
-4.124502933874885 1.5642176362335034
-4.282976264769473 1.0556588371570603
-4.378994157301098 0.531706155098191
-4.411156454383188 -1.418736121112178e-15
-4.378994157301098 -0.5317061550981899
-4.282976264769473 -1.0556588371570592
-4.124502933874885 -1.5642176362335023
-3.9058850626326436 -2.049966619862296
-3.630310591890031 -2.505822474050688
-3.3017980179701425 -2.92513779394662
-2.9251377939466208 -3.3017980179701416
-2.5058224740506896 -3.6303105918900305
-2.049966619862301 -3.9058850626326413
-1.5642176362335036 -4.124502933874885
-1.0556588371570605 -4.282976264769473
-0.5317061550981932 -4.378994157301098
-8.103162948597837e-16 -4.411156454383188
0.5317061550981915 -4.378994157301098
1.055658837157059 -4.282976264769473
1.564217636233502 -4.124502933874885
2.049966619862296 -3.9058850626326436
2.5058224740506847 -3.630310591890033
2.9251377939466208 -3.3017980179701416
3.3017980179701403 -2.925137793946622
3.6303105918900305 -2.5058224740506896
3.905885062632643 -2.049966619862298
4.124502933874885 -1.5642176362335038
4.282976264769473 -1.0556588371570608
4.378994157301098 -0.5317061550981934
6.735202100487761 0.0
6.686094893998054 0.8118389020414735
6.53948936817935 1.6118393647891829
6.297523361724981 2.3883355800521113
5.963725283869045 3.130004484494525
5.542962662234492 3.8260308753967287
5.041371163319666 4.466265120664431
4.466265120664432 5.041371163319666
3.8260308753967296 5.542962662234492
3.130004484494526 5.963725283869045
2.388335580052111 6.297523361724981
1.6118393647891849 6.53948936817935
0.8118389020414731 6.686094893998054
-1.0831031047944028e-15 6.735202100487761
-0.8118389020414724 6.686094893998054
-1.611839364789181 6.539489368179351
-2.38833558005211 6.297523361724981
-3.130004484494525 5.963725283869045
-3.8260308753967283 5.542962662234493
-4.46626512066443 5.041371163319667
-5.041371163319667 4.466265120664431
-5.542962662234492 3.8260308753967287
-5.963725283869042 3.1300044844945285
-6.29752336172498 2.3883355800521127
-6.53948936817935 1.6118393647891824
-6.686094893998054 0.8118389020414737
-6.735202100487761 -2.1662062095888055e-15
-6.686094893998054 -0.8118389020414719
-6.539489368179351 -1.6118393647891807
-6.297523361724981 -2.3883355800521113
-5.963725283869046 -3.130004484494522
-5.542962662234493 -3.8260308753967274
-5.041371163319667 -4.46626512066443
-4.466265120664431 -5.041371163319666
-3.8260308753967296 -5.542962662234492
-3.130004484494529 -5.963725283869042
-2.388335580052113 -6.29752336172498
-1.6118393647891829 -6.53948936817935
-0.811838902041477 -6.686094893998054
-1.2372365540959299e-15 -6.735202100487761
0.8118389020414745 -6.686094893998054
1.6118393647891804 -6.539489368179351
2.388335580052111 -6.297523361724981
3.1300044844945214 -5.963725283869046
3.826030875396722 -5.542962662234497
4.466265120664431 -5.041371163319666
5.041371163319663 -4.466265120664434
5.542962662234492 -3.8260308753967296
5.963725283869045 -3.130004484494524
6.29752336172498 -2.3883355800521135
6.53948936817935 -1.611839364789183
6.686094893998054 -0.8118389020414774
1.0 0.5 0.4 0.32000000000000006 0.25600000000000006 0.20480000000000007 0.16384000000000007 0.13107200000000005 0.10485760000000005 0.08388608000000004 0.06710886400000003 0.05368709120000003 0.042949672960000025 0.03435973836800002 0.027487790694400018 0.021990232555520017 0.017592186044416015 0.014073748835532814 0.011258999068426251 0.009007199254741001 0.007205759403792801 0.0057646075230342415 0.0046116860184273935 