0.0 0.0
2.06592272924436 0.0
2.054605388372497 0.21594772811762947
2.0207773609118065 0.4295294877360349
1.9648092738101168 0.6384052324019803
1.8873143251417899 0.8402864757468462
1.7891415657812966 1.0329613646221798
1.6713665970241605 1.2143189126256508
1.5352797860740819 1.382372128509826
1.382372128509826 1.5352797860740817
1.2143189126256508 1.6713665970241605
1.0329613646221802 1.7891415657812964
0.8402864757468467 1.8873143251417899
0.6384052324019805 1.9648092738101168
0.4295294877360347 2.0207773609118065
0.21594772811762947 2.054605388372497
5.852282791034499e-16 2.06592272924436
-0.21594772811762922 2.0546053883724973
-0.42952948773603494 2.0207773609118065
-0.6384052324019802 1.964809273810117
-0.840286475746846 1.88731432514179
-1.0329613646221796 1.7891415657812966
-1.2143189126256506 1.6713665970241605
-1.3823721285098252 1.5352797860740823
-1.5352797860740814 1.3823721285098263
-1.6713665970241602 1.214318912625651
-1.7891415657812966 1.0329613646221798
-1.88731432514179 0.840286475746846
-1.9648092738101168 0.6384052324019807
-2.0207773609118065 0.4295294877360349
-2.0546053883724973 0.21594772811762913
-2.06592272924436 1.1704565582068998e-15
-2.0546053883724973 -0.21594772811762863
-2.0207773609118065 -0.42952948773603433
-1.964809273810117 -0.6384052324019801
-1.8873143251417899 -0.8402864757468463
-1.7891415657812968 -1.0329613646221794
-1.6713665970241607 -1.2143189126256506
-1.5352797860740819 -1.382372128509826
-1.3823721285098265 -1.5352797860740814
-1.214318912625651 -1.6713665970241602
-1.032961364622181 -1.789141565781296
-0.8402864757468477 -1.8873143251417892
-0.6384052324019808 -1.9648092738101168
-0.42952948773603583 -2.020777360911806
-0.21594772811763108 -2.054605388372497
-3.795038486482304e-16 -2.06592272924436
0.2159477281176285 -2.0546053883724973
0.4295294877360351 -2.020777360911806
0.63840523240198 -1.964809273810117
0.8402864757468453 -1.8873143251417903
1.0329613646221802 -1.7891415657812964
1.2143189126256504 -1.6713665970241607
1.3823721285098265 -1.5352797860740814
1.5352797860740819 -1.3823721285098258
1.6713665970241602 -1.2143189126256513
1.7891415657812968 -1.0329613646221794
1.88731432514179 -0.8402864757468462
1.9648092738101168 -0.6384052324019809
2.0207773609118065 -0.42952948773603417
2.054605388372497 -0.21594772811762938
3.1462039345678514 0.0
3.1289687002215385 0.3288678624070224
3.0774518300168032 0.654132579693489
2.992217753564206 0.9722304835507911
2.8742003132417393 1.2796764267780023
2.7246925328223135 1.5731019672839255
2.545332450834717 1.8492922734435362
2.338085173870717 2.105221346466012
2.105221346466012 2.338085173870717
1.8492922734435362 2.545332450834717
1.5731019672839262 2.724692532822313
1.279676426778003 2.8742003132417393
0.9722304835507912 2.992217753564206
0.6541325796934887 3.0774518300168032
0.3288678624070224 3.1289687002215385
8.91247038561364e-16 3.1462039345678514
-0.32886786240702204 3.128968700221539
-0.654132579693489 3.0774518300168032
-0.9722304835507909 2.9922177535642063
-1.2796764267780019 2.8742003132417397
-1.573101967283925 2.7246925328223135
-1.8492922734435358 2.545332450834717
-2.105221346466011 2.338085173870718
-2.3380851738707165 2.105221346466012
-2.545332450834717 1.8492922734435366
-2.7246925328223135 1.5731019672839255
-2.8742003132417397 1.2796764267780019
-2.992217753564206 0.9722304835507914
-3.0774518300168032 0.654132579693489
-3.128968700221539 0.3288678624070219
-3.1462039345678514 1.782494077122728e-15
-3.128968700221539 -0.32886786240702115
-3.0774518300168032 -0.6541325796934881
-2.9922177535642063 -0.9722304835507908
-2.8742003132417393 -1.2796764267780025
-2.7246925328223135 -1.5731019672839248
-2.5453324508347173 -1.8492922734435358
-2.338085173870717 -2.105221346466012
-2.1052213464660126 -2.3380851738707165
-1.8492922734435366 -2.545332450834717
-1.573101967283927 -2.724692532822312
-1.2796764267780045 -2.8742003132417384
-0.9722304835507917 -2.992217753564206
-0.6541325796934905 -3.077451830016803
-0.32886786240702487 -3.1289687002215385
-5.779482866899992e-16 -3.1462039345678514
0.32886786240702093 -3.128968700221539
0.6541325796934894 -3.077451830016803
0.9722304835507906 -2.9922177535642063
1.279676426778001 -2.87420031324174
1.5731019672839262 -2.724692532822313
1.8492922734435355 -2.5453324508347173
2.1052213464660126 -2.3380851738707165
2.338085173870717 -2.1052213464660117
2.545332450834717 -1.8492922734435369
2.7246925328223135 -1.5731019672839246
2.8742003132417397 -1.2796764267780023
2.992217753564206 -0.9722304835507918
3.0774518300168032 -0.6541325796934879
3.1289687002215385 -0.3288678624070223
3.8786043350338963 0.0
3.857356934661512 0.4054245507643521
3.7938475245091436 0.8064071853099885
3.688771926964618 1.1985546539818162
3.5432813722631162 1.5775705070509332
3.3589698853678045 1.939302167516948
3.1378568214987643 2.2797864276105786
2.8823647416546296 2.5952928705273273
2.5952928705273273 2.882364741654629
2.2797864276105786 3.1378568214987643
1.9393021675169486 3.358969885367804
1.577570507050934 3.5432813722631162
1.1985546539818164 3.688771926964618
0.8064071853099881 3.7938475245091436
0.4054245507643521 3.857356934661512
1.0987191864360307e-15 3.8786043350338963
-0.40542455076435163 3.8573569346615124
-0.8064071853099886 3.7938475245091436
-1.198554653981816 3.6887719269646184
-1.5775705070509327 3.5432813722631167
-1.9393021675169473 3.3589698853678045
-2.279786427610578 3.1378568214987643
-2.595292870527326 2.8823647416546305
-2.8823647416546287 2.5952928705273277
-3.137856821498764 2.279786427610579
-3.3589698853678045 1.939302167516948
-3.5432813722631167 1.5775705070509327
-3.688771926964618 1.1985546539818166
-3.7938475245091436 0.8064071853099885
-3.8573569346615124 0.40542455076435147
-3.8786043350338963 2.1974383728720615e-15
-3.8573569346615124 -0.4054245507643505
-3.7938475245091436 -0.8064071853099875
-3.6887719269646184 -1.1985546539818157
-3.5432813722631162 -1.5775705070509334
-3.358969885367805 -1.939302167516947
-3.1378568214987648 -2.279786427610578
-2.8823647416546296 -2.5952928705273273
-2.595292870527328 -2.8823647416546287
-2.279786427610579 -3.137856821498764
-1.93930216751695 -3.358969885367803
-1.5775705070509358 -3.5432813722631153
-1.1985546539818168 -3.688771926964618
-0.8064071853099902 -3.793847524509143
-0.40542455076435513 -3.857356934661512
-7.124880576087464e-16 -3.8786043350338963
0.40542455076435024 -3.8573569346615124
0.8064071853099889 -3.793847524509143
1.1985546539818155 -3.6887719269646184
1.5775705070509316 -3.543281372263117
1.9393021675169486 -3.358969885367804
2.2797864276105777 -3.1378568214987648
2.595292870527328 -2.8823647416546287
2.8823647416546296 -2.595292870527327
3.137856821498764 -2.2797864276105795
3.358969885367805 -1.9393021675169468
3.5432813722631167 -1.5775705070509332
3.688771926964618 -1.198554653981817
3.7938475245091436 -0.8064071853099871
3.857356934661512 -0.4054245507643519
4.422288170591099 0.0
4.398062413280953 0.46225498659861003
4.325650563817174 0.919445410830971
4.205845981575638 1.366562198735946
4.039961270630105 1.7987066452200449
3.829813898587303 2.211144085295549
3.5777062840314953 2.5993557680609083
3.286400570744667 2.959088365081228
2.959088365081228 3.2864005707446666
2.5993557680609083 3.5777062840314953
2.2111440852955497 3.8298138985873025
1.7987066452200458 4.039961270630105
1.3665621987359462 4.205845981575638
0.9194454108309705 4.325650563817174
0.46225498659861003 4.398062413280953
1.2527322823546196e-15 4.422288170591099
-0.4622549865986095 4.398062413280954
-0.9194454108309711 4.325650563817174
-1.3665621987359458 4.205845981575639
-1.7987066452200444 4.039961270630106
-2.2111440852955484 3.829813898587303
-2.599355768060908 3.5777062840314953
-2.959088365081226 3.286400570744668
-3.286400570744666 2.9590883650812283
-3.577706284031495 2.5993557680609087
-3.829813898587303 2.211144085295549
-4.039961270630106 1.7987066452200444
-4.205845981575638 1.3665621987359464
-4.325650563817174 0.919445410830971
-4.398062413280954 0.4622549865986093
-4.422288170591099 2.505464564709239e-15
-4.398062413280954 -0.46225498659860825
-4.325650563817174 -0.9194454108309699
-4.205845981575639 -1.3665621987359455
-4.039961270630105 -1.798706645220045
-3.8298138985873034 -2.211144085295548
-3.577706284031496 -2.599355768060908
-3.286400570744667 -2.959088365081228
-2.9590883650812287 -3.286400570744666
-2.5993557680609087 -3.577706284031495
-2.211144085295551 -3.8298138985873016
-1.798706645220048 -4.039961270630104
-1.3665621987359466 -4.205845981575638
-0.9194454108309731 -4.325650563817173
-0.46225498659861347 -4.398062413280953
-8.123611579532389e-16 -4.422288170591099
0.462254986598608 -4.398062413280954
0.9194454108309714 -4.325650563817173
1.366562198735945 -4.205845981575639
1.798706645220043 -4.039961270630107
2.2111440852955497 -3.8298138985873025
2.5993557680609074 -3.577706284031496
2.9590883650812287 -3.286400570744666
3.286400570744667 -2.9590883650812274
3.577706284031495 -2.599355768060909
3.8298138985873034 -2.211144085295548
4.039961270630106 -1.7987066452200449
4.205845981575638 -1.3665621987359469
4.325650563817174 -0.9194454108309694
4.398062413280953 -0.46225498659860986
5.567587931805086 0.0
5.537088102568319 0.5819714106191186
5.445922777369637 1.157566620678147
5.295090782589484 1.7204792886046372
5.086244665126299 2.2645420254117377
4.8216725867468675 2.7837939659025426
4.50427325450718 3.2725460771565813
4.137524161911337 3.7254434887649985
3.7254434887649985 4.137524161911337
3.2725460771565813 4.50427325450718
2.7837939659025435 4.821672586746867
2.264542025411739 5.086244665126299
1.7204792886046376 5.295090782589484
1.1575666206781465 5.445922777369637
0.5819714106191186 5.537088102568319
1.577169299685859e-15 5.567587931805086
-0.581971410619118 5.53708810256832
-1.1575666206781472 5.445922777369637
-1.720479288604637 5.295090782589485
-2.264542025411737 5.0862446651263
-2.7837939659025417 4.8216725867468675
-3.2725460771565804 4.50427325450718
-3.7254434887649968 4.1375241619113385
-4.137524161911336 3.7254434887649994
-4.50427325450718 3.2725460771565817
-4.8216725867468675 2.7837939659025426
-5.0862446651263 2.264542025411737
-5.295090782589484 1.7204792886046378
-5.445922777369637 1.157566620678147
-5.53708810256832 0.5819714106191177
-5.567587931805086 3.154338599371718e-15
-5.53708810256832 -0.5819714106191164
-5.445922777369637 -1.1575666206781456
-5.295090782589485 -1.7204792886046367
-5.086244665126299 -2.264542025411738
-4.821672586746868 -2.7837939659025417
-4.504273254507181 -3.2725460771565804
-4.137524161911337 -3.7254434887649985
-3.725443488765 -4.137524161911336
-3.2725460771565817 -4.50427325450718
-2.7837939659025457 -4.821672586746866
-2.2645420254117417 -5.086244665126297
-1.7204792886046383 -5.295090782589484
-1.1575666206781496 -5.445922777369636
-0.5819714106191229 -5.537088102568319
-1.0227493109484796e-15 -5.567587931805086
0.581971410619116 -5.53708810256832
1.1575666206781476 -5.445922777369636
1.7204792886046363 -5.295090782589485
2.2645420254117354 -5.0862446651263005
2.7837939659025435 -4.821672586746867
3.27254607715658 -4.504273254507181
3.725443488765 -4.137524161911336
4.137524161911337 -3.725443488764998
4.50427325450718 -3.2725460771565826
4.821672586746868 -2.7837939659025412
5.0862446651263 -2.2645420254117377
5.295090782589484 -1.7204792886046385
5.445922777369637 -1.1575666206781452
5.537088102568319 -0.5819714106191184
4.810813315498223 0.0
4.784459176792219 0.5028669229365941
4.705685502132831 1.000224330633826
4.575355352384077 1.4866230712542363
4.394896651939942 1.9567340584101074
4.166286544085903 2.405406657749111
3.892029729003348 2.827725118382112
3.575131021750251 3.219062430878595
3.219062430878595 3.5751310217502503
2.827725118382112 3.892029729003348
2.4054066577491118 4.166286544085902
1.9567340584101085 4.394896651939942
1.4866230712542365 4.575355352384077
1.0002243306338257 4.705685502132831
0.5028669229365941 4.784459176792219
1.362792498413901e-15 4.810813315498223
-0.5028669229365935 4.78445917679222
-1.000224330633826 4.705685502132831
-1.486623071254236 4.5753553523840775
-1.9567340584101067 4.394896651939942
-2.4054066577491104 4.166286544085903
-2.8277251183821113 3.892029729003348
-3.2190624308785933 3.575131021750252
-3.57513102175025 3.2190624308785956
-3.8920297290033474 2.8277251183821126
-4.166286544085903 2.405406657749111
-4.394896651939942 1.9567340584101067
-4.575355352384077 1.4866230712542368
-4.705685502132831 1.000224330633826
-4.78445917679222 0.5028669229365933
-4.810813315498223 2.725584996827802e-15
-4.78445917679222 -0.5028669229365922
-4.705685502132831 -1.0002243306338248
-4.5753553523840775 -1.4866230712542359
-4.394896651939942 -1.9567340584101076
-4.166286544085903 -2.40540665774911
-3.8920297290033483 -2.8277251183821113
-3.575131021750251 -3.219062430878595
-3.219062430878596 -3.57513102175025
-2.8277251183821126 -3.8920297290033474
-2.4054066577491136 -4.166286544085901
-1.9567340584101107 -4.39489665193994
-1.4866230712542372 -4.575355352384077
-1.0002243306338283 -4.705685502132831
-0.5028669229365978 -4.784459176792219
-8.837320692180545e-16 -4.810813315498223
0.5028669229365919 -4.78445917679222
1.0002243306338265 -4.705685502132831
1.4866230712542354 -4.5753553523840775
1.9567340584101054 -4.394896651939943
2.4054066577491118 -4.166286544085902
2.827725118382111 -3.8920297290033483
3.219062430878596 -3.57513102175025
3.575131021750251 -3.2190624308785942
3.8920297290033474 -2.827725118382113
4.166286544085903 -2.4054066577491096
4.394896651939942 -1.9567340584101074
4.575355352384077 -1.4866230712542374
4.705685502132831 -1.0002243306338245
4.784459176792219 -0.502866922936594
5.0987540938689815 0.0
5.070822585451323 0.5329649300117815
4.987334083649614 1.0600905847202722
4.849203305960685 1.575601665144351
4.657943642090624 2.0738501240092626
4.415650572940445 2.5493770469344903
4.124978712078842 2.9969724614420596
3.789112721240414 3.411732418505262
3.411732418505262 3.789112721240413
2.9969724614420596 4.124978712078842
2.549377046934491 4.415650572940444
2.073850124009264 4.657943642090624
1.5756016651443514 4.849203305960685
1.0600905847202717 4.987334083649614
0.5329649300117815 5.070822585451323
1.4443594824178296e-15 5.0987540938689815
-0.5329649300117809 5.070822585451323
-1.0600905847202724 4.987334083649614
-1.5756016651443507 4.849203305960686
-2.073850124009262 4.657943642090624
-2.5493770469344894 4.415650572940445
-2.9969724614420588 4.124978712078842
-3.411732418505261 3.7891127212404148
-3.7891127212404125 3.411732418505263
-4.124978712078842 2.99697246144206
-4.415650572940445 2.5493770469344903
-4.657943642090624 2.073850124009262
-4.849203305960685 1.5756016651443516
-4.987334083649614 1.0600905847202722
-5.070822585451323 0.5329649300117807
-5.0987540938689815 2.8887189648356593e-15
-5.070822585451323 -0.5329649300117795
-4.987334083649614 -1.060090584720271
-4.849203305960686 -1.5756016651443505
-4.657943642090624 -2.073850124009263
-4.415650572940445 -2.5493770469344894
-4.124978712078843 -2.9969724614420588
-3.789112721240414 -3.411732418505262
-3.4117324185052635 -3.7891127212404125
-2.99697246144206 -4.124978712078842
-2.549377046934493 -4.415650572940443
-2.0738501240092666 -4.657943642090622
-1.5756016651443518 -4.849203305960685
-1.0600905847202746 -4.987334083649613
-0.5329649300117855 -5.070822585451323
-9.366259321044166e-16 -5.0987540938689815
0.5329649300117791 -5.070822585451323
1.0600905847202728 -4.987334083649613
1.5756016651443503 -4.849203305960686
2.073850124009261 -4.657943642090625
2.549377046934491 -4.415650572940444
2.9969724614420583 -4.124978712078843
3.4117324185052635 -3.7891127212404125
3.789112721240414 -3.4117324185052618
4.124978712078842 -2.9969724614420605
4.415650572940445 -2.549377046934489
4.657943642090624 -2.0738501240092626
4.849203305960685 -1.5756016651443523
4.987334083649614 -1.0600905847202706
5.070822585451323 -0.5329649300117814
5.898741126471701 0.0
5.86642720538542 0.616586345163794
5.7698394802081205 1.2264172413009855
5.6100361862691255 1.8228112534981764
5.388768161897821 2.3992341641542634
5.108459665872529 2.94937056323585
4.772181816734027 3.467193041231156
4.38361894496814 3.9470282267099437
3.9470282267099437 4.3836189449681395
3.467193041231156 4.772181816734027
2.949370563235851 5.1084596658725285
2.3992341641542647 5.388768161897821
1.8228112534981769 5.6100361862691255
1.226417241300985 5.7698394802081205
0.616586345163794 5.86642720538542
1.6709773649590641e-15 5.898741126471701
-0.6165863451637932 5.8664272053854205
-1.2264172413009857 5.7698394802081205
-1.8228112534981762 5.610036186269126
-2.399234164154263 5.388768161897822
-2.949370563235849 5.108459665872529
-3.4671930412311553 4.772181816734027
-3.947028226709942 4.383618944968141
-4.383618944968139 3.9470282267099446
-4.772181816734027 3.4671930412311567
-5.108459665872529 2.94937056323585
-5.388768161897822 2.399234164154263
-5.6100361862691255 1.822811253498177
-5.7698394802081205 1.2264172413009855
-5.8664272053854205 0.616586345163793
-5.898741126471701 3.3419547299181282e-15
-5.8664272053854205 -0.6165863451637916
-5.7698394802081205 -1.2264172413009842
-5.610036186269126 -1.8228112534981757
-5.388768161897821 -2.399234164154264
-5.10845966587253 -2.9493705632358487
-4.772181816734028 -3.4671930412311553
-4.38361894496814 -3.9470282267099437
-3.947028226709945 -4.383618944968139
-3.4671930412311567 -4.772181816734027
-2.949370563235853 -5.108459665872528
-2.399234164154268 -5.388768161897819
-1.8228112534981775 -5.6100361862691255
-1.2264172413009884 -5.76983948020812
-0.6165863451637985 -5.86642720538542
-1.083581165929863e-15 -5.898741126471701
0.6165863451637912 -5.8664272053854205
1.2264172413009862 -5.76983948020812
1.8228112534981755 -5.610036186269126
2.399234164154261 -5.388768161897822
2.949370563235851 -5.1084596658725285
3.4671930412311545 -4.772181816734028
3.947028226709945 -4.383618944968139
4.38361894496814 -3.9470282267099432
4.772181816734027 -3.467193041231157
5.10845966587253 -2.9493705632358487
5.388768161897822 -2.3992341641542634
5.6100361862691255 -1.8228112534981777
5.7698394802081205 -1.2264172413009835
5.86642720538542 -0.6165863451637937
6.115205741157645 0.0
6.081706004263047 0.6392130586887405
5.9815738237069445 1.271422765342555
5.815906268613512 1.8897024981169581
5.586518427384521 2.487278254876321
5.295923521210967 3.057602870578822
4.947305368695781 3.5944277493867265
4.544483503270958 4.091871325589986
4.091871325589986 4.544483503270957
3.5944277493867265 4.947305368695781
3.0576028705788234 5.295923521210967
2.487278254876322 5.586518427384521
1.8897024981169583 5.815906268613512
1.2714227653425545 5.9815738237069445
0.6392130586887405 6.081706004263047
1.732296799682444e-15 6.115205741157645
-0.6392130586887397 6.081706004263048
-1.2714227653425552 5.9815738237069445
-1.8897024981169577 5.815906268613513
-2.4872782548763204 5.586518427384521
-3.057602870578821 5.295923521210967
-3.594427749386726 4.947305368695781
-4.091871325589984 4.544483503270959
-4.544483503270956 4.091871325589987
-4.947305368695781 3.5944277493867274
-5.295923521210967 3.057602870578822
-5.586518427384521 2.4872782548763204
-5.815906268613512 1.8897024981169588
-5.9815738237069445 1.271422765342555
-6.081706004263048 0.6392130586887395
-6.115205741157645 3.464593599364888e-15
-6.081706004263048 -0.639213058688738
-5.9815738237069445 -1.2714227653425534
-5.815906268613513 -1.8897024981169572
-5.586518427384521 -2.4872782548763213
-5.295923521210968 -3.0576028705788207
-4.9473053686957815 -3.594427749386726
-4.544483503270958 -4.091871325589986
-4.091871325589987 -4.544483503270956
-3.5944277493867274 -4.947305368695781
-3.057602870578825 -5.295923521210965
-2.4872782548763253 -5.586518427384519
-1.889702498116959 -5.815906268613512
-1.2714227653425578 -5.981573823706944
-0.6392130586887452 -6.081706004263047
-1.1233450705554341e-15 -6.115205741157645
0.6392130586887376 -6.081706004263048
1.2714227653425556 -5.981573823706944
1.889702498116957 -5.815906268613513
2.4872782548763186 -5.586518427384522
3.0576028705788234 -5.295923521210967
3.594427749386725 -4.9473053686957815
4.091871325589987 -4.544483503270956
4.544483503270958 -4.0918713255899855
4.947305368695781 -3.594427749386728
5.295923521210968 -3.0576028705788203
5.586518427384521 -2.487278254876321
5.815906268613512 -1.8897024981169595
5.9815738237069445 -1.271422765342553
6.081706004263047 -0.6392130586887402
5.312297710644097 0.0
5.283196387950307 0.5552863161139011
5.196211260050212 1.1044887991473262
5.052295354207895 1.641590271768153
4.8530254432041025 2.1607061378466383
4.600584769883704 2.6561488553220483
4.297739127090202 3.1224902501036684
3.9478065550605685 3.554620988282059
3.554620988282059 3.947806555060568
3.1224902501036684 4.297739127090202
2.656148855322049 4.600584769883703
2.1607061378466397 4.8530254432041025
1.6415902717681532 5.052295354207895
1.1044887991473258 5.196211260050212
0.5552863161139011 5.283196387950307
1.5048514657770222e-15 5.312297710644097
-0.5552863161139004 5.283196387950308
-1.1044887991473264 5.196211260050212
-1.6415902717681528 5.052295354207895
-2.160706137846638 4.853025443204103
-2.6561488553220474 4.600584769883704
-3.1224902501036675 4.297739127090202
-3.5546209882820574 3.94780655506057
-3.9478065550605677 3.55462098828206
-4.2977391270902014 3.122490250103669
-4.600584769883704 2.6561488553220483
-4.853025443204103 2.160706137846638
-5.052295354207895 1.6415902717681536
-5.196211260050212 1.1044887991473262
-5.283196387950308 0.5552863161139002
-5.312297710644097 3.0097029315540444e-15
-5.283196387950308 -0.555286316113899
-5.196211260050212 -1.104488799147325
-5.052295354207895 -1.6415902717681523
-4.8530254432041025 -2.160706137846639
-4.600584769883705 -2.6561488553220474
-4.297739127090202 -3.1224902501036675
-3.9478065550605685 -3.554620988282059
-3.5546209882820605 -3.9478065550605677
-3.122490250103669 -4.2977391270902014
-2.656148855322051 -4.600584769883702
-2.1607061378466423 -4.853025443204101
-1.6415902717681539 -5.052295354207895
-1.1044887991473287 -5.196211260050212
-0.5552863161139052 -5.283196387950307
-9.75853258118716e-16 -5.312297710644097
0.5552863161138986 -5.283196387950308
1.104488799147327 -5.196211260050212
1.641590271768152 -5.052295354207895
2.1607061378466366 -4.853025443204104
2.656148855322049 -4.600584769883703
3.122490250103667 -4.297739127090202
3.5546209882820605 -3.9478065550605677
3.9478065550605685 -3.5546209882820587
4.2977391270902014 -3.1224902501036693
4.600584769883705 -2.656148855322047
4.853025443204103 -2.1607061378466383
5.052295354207895 -1.641590271768154
5.196211260050212 -1.1044887991473245
5.283196387950307 -0.5552863161139009
6.764204541319566 0.0
6.727149521091817 0.707051905932217
6.6163904429644464 1.4063572032229172
6.433140806575244 2.0902541566959423
6.179408333287943 2.7512498482144028
5.857972969176812 3.3821022706597828
5.4723564273557255 3.975899672877414
5.026783603352326 4.526136286268504
4.526136286268504 5.026783603352326
3.975899672877414 5.4723564273557255
3.382102270659784 5.857972969176811
2.7512498482144045 6.179408333287943
2.0902541566959423 6.433140806575244
1.4063572032229166 6.6163904429644464
0.707051905932217 6.727149521091817
1.9161431970246555e-15 6.764204541319566
-0.7070519059322161 6.7271495210918175
-1.4063572032229172 6.6163904429644464
-2.090254156695942 6.433140806575245
-2.7512498482144023 6.1794083332879435
-3.382102270659782 5.857972969176812
-3.975899672877413 5.4723564273557255
-4.5261362862685015 5.026783603352328
-5.026783603352325 4.526136286268505
-5.472356427355725 3.9758996728774147
-5.857972969176812 3.3821022706597828
-6.1794083332879435 2.7512498482144023
-6.433140806575244 2.0902541566959427
-6.6163904429644464 1.4063572032229172
-6.7271495210918175 0.7070519059322159
-6.764204541319566 3.832286394049311e-15
-6.7271495210918175 -0.7070519059322142
-6.6163904429644464 -1.4063572032229155
-6.433140806575245 -2.0902541566959414
-6.179408333287943 -2.751249848214403
-5.857972969176812 -3.3821022706597814
-5.472356427355726 -3.975899672877413
-5.026783603352326 -4.526136286268504
-4.526136286268506 -5.026783603352325
-3.9758996728774147 -5.472356427355725
-3.3821022706597863 -5.857972969176809
-2.7512498482144077 -6.17940833328794
-2.090254156695943 -6.433140806575244
-1.4063572032229203 -6.616390442964446
-0.7070519059322222 -6.727149521091817
-1.2425642160457496e-15 -6.764204541319566
0.7070519059322138 -6.7271495210918175
1.406357203222918 -6.616390442964446
2.090254156695941 -6.433140806575245
2.7512498482144006 -6.1794083332879435
3.382102270659784 -5.857972969176811
3.9758996728774125 -5.472356427355726
4.526136286268506 -5.026783603352325
5.026783603352326 -4.526136286268503
5.472356427355725 -3.975899672877415
5.857972969176812 -3.382102270659781
6.1794083332879435 -2.7512498482144028
6.433140806575244 -2.0902541566959436
6.6163904429644464 -1.4063572032229148
6.727149521091817 -0.7070519059322167
6.277707253614661 0.0
6.243317316432011 0.6561990920645417
6.140524288232389 1.3052087295579364
5.970454390943575 1.9399182270778081
5.734970945949681 2.553373574547828
5.436653959152137 3.13885362680733
5.078771853885139 3.689943741884182
4.665245661385639 4.200606061154581
4.200606061154581 4.665245661385638
3.689943741884182 5.078771853885139
3.1388536268073315 5.436653959152136
2.5533735745478294 5.734970945949681
1.9399182270778086 5.970454390943575
1.305208729557936 6.140524288232389
0.6561990920645417 6.243317316432011
1.7783297316700366e-15 6.277707253614661
-0.656199092064541 6.2433173164320115
-1.3052087295579367 6.140524288232389
-1.939918227077808 5.970454390943576
-2.553373574547827 5.734970945949682
-3.1388536268073293 5.436653959152137
-3.6899437418841816 5.078771853885139
-4.200606061154579 4.665245661385641
-4.665245661385638 4.2006060611545815
-5.078771853885138 3.689943741884183
-5.436653959152137 3.13885362680733
-5.734970945949682 2.553373574547827
-5.970454390943575 1.9399182270778088
-6.140524288232389 1.3052087295579364
-6.2433173164320115 0.6561990920645407
-6.277707253614661 3.556659463340073e-15
-6.2433173164320115 -0.6561990920645393
-6.140524288232389 -1.3052087295579349
-5.970454390943576 -1.9399182270778075
-5.734970945949681 -2.5533735745478285
-5.436653959152137 -3.138853626807329
-5.07877185388514 -3.6899437418841816
-4.665245661385639 -4.200606061154581
-4.200606061154582 -4.665245661385638
-3.689943741884183 -5.078771853885138
-3.1388536268073333 -5.436653959152134
-2.5533735745478325 -5.734970945949678
-1.9399182270778093 -5.970454390943575
-1.3052087295579393 -6.140524288232389
-0.6561990920645466 -6.243317316432011
-1.1531961141184974e-15 -6.277707253614661
0.6561990920645389 -6.2433173164320115
1.305208729557937 -6.140524288232389
1.9399182270778073 -5.970454390943576
2.5533735745478254 -5.734970945949682
3.1388536268073315 -5.436653959152136
3.6899437418841807 -5.07877185388514
4.200606061154582 -4.665245661385638
4.665245661385639 -4.200606061154581
5.078771853885138 -3.689943741884184
5.436653959152137 -3.1388536268073284
5.734970945949682 -2.553373574547828
5.970454390943575 -1.9399182270778097
6.140524288232389 -1.3052087295579342
6.243317316432011 -0.6561990920645415
6.4543374563825076 0.0
6.418979920467971 0.6746619757265188
6.313294697286884 1.341932213664883
6.13843969626047 1.9944999614529657
5.896330665370738 2.62521555028742
5.5896202018246886 3.2271687281912533
5.22166868964422 3.7937643701805515
4.796507482595588 4.318794735833918
4.318794735833918 4.796507482595587
3.7937643701805515 5.22166868964422
3.2271687281912547 5.589620201824688
2.6252155502874213 5.896330665370738
1.994499961452966 6.13843969626047
1.3419322136648826 6.313294697286884
0.6746619757265188 6.418979920467971
1.8283649958840708e-15 6.4543374563825076
-0.674661975726518 6.418979920467972
-1.3419322136648832 6.313294697286884
-1.9944999614529653 6.138439696260471
-2.625215550287419 5.896330665370739
-3.2271687281912524 5.5896202018246886
-3.793764370180551 5.22166868964422
-4.318794735833916 4.7965074825955885
-4.796507482595586 4.318794735833919
-5.221668689644219 3.7937643701805523
-5.5896202018246886 3.2271687281912533
-5.896330665370739 2.625215550287419
-6.13843969626047 1.9944999614529664
-6.313294697286884 1.341932213664883
-6.418979920467972 0.6746619757265178
-6.4543374563825076 3.6567299917681416e-15
-6.418979920467972 -0.6746619757265162
-6.313294697286884 -1.3419322136648815
-6.138439696260471 -1.9944999614529648
-5.896330665370738 -2.6252155502874204
-5.5896202018246886 -3.227168728191252
-5.22166868964422 -3.793764370180551
-4.796507482595588 -4.318794735833918
-4.31879473583392 -4.796507482595586
-3.7937643701805523 -5.221668689644219
-3.2271687281912564 -5.589620201824686
-2.6252155502874244 -5.896330665370736
-1.9944999614529666 -6.13843969626047
-1.3419322136648861 -6.313294697286883
-0.6746619757265238 -6.418979920467971
-1.185642555986356e-15 -6.4543374563825076
0.6746619757265158 -6.418979920467972
1.3419322136648837 -6.313294697286883
1.9944999614529646 -6.138439696260471
2.6252155502874173 -5.89633066537074
3.2271687281912547 -5.589620201824688
3.79376437018055 -5.22166868964422
4.31879473583392 -4.796507482595586
4.796507482595588 -4.318794735833917
5.221668689644219 -3.793764370180553
5.5896202018246886 -3.2271687281912516
5.896330665370739 -2.62521555028742
6.13843969626047 -1.994499961452967
6.313294697286884 -1.3419322136648808
6.418979920467971 -0.6746619757265185
6.95407304582981 0.0
6.915977906068084 0.7268985689316003
6.802109865106058 1.4458330850286814
6.613716485028927 2.148926751286164
6.352861843132669 2.828476326364722
6.022403917461243 3.4770365229149047
5.6259632742010695 4.087501579703362
5.167883400000246 4.653183113819893
4.653183113819893 5.167883400000245
4.087501579703362 5.6259632742010695
3.477036522914906 6.022403917461243
2.8284763263647235 6.352861843132669
2.1489267512861643 6.613716485028927
1.4458330850286807 6.802109865106058
0.7268985689316003 6.915977906068084
1.9699285669117077e-15 6.95407304582981
-0.7268985689315994 6.915977906068085
-1.4458330850286816 6.802109865106058
-2.1489267512861634 6.613716485028927
-2.8284763263647212 6.35286184313267
-3.477036522914904 6.022403917461243
-4.087501579703361 5.6259632742010695
-4.653183113819891 5.167883400000248
-5.167883400000244 4.653183113819894
-5.625963274201069 4.087501579703363
-6.022403917461243 3.4770365229149047
-6.35286184313267 2.8284763263647212
-6.613716485028927 2.1489267512861647
-6.802109865106058 1.4458330850286814
-6.915977906068085 0.7268985689315992
-6.95407304582981 3.939857133823415e-15
-6.915977906068085 -0.7268985689315975
-6.802109865106058 -1.4458330850286796
-6.613716485028927 -2.148926751286163
-6.352861843132669 -2.8284763263647226
-6.022403917461244 -3.4770365229149034
-5.62596327420107 -4.087501579703361
-5.167883400000246 -4.653183113819893
-4.653183113819895 -5.167883400000244
-4.087501579703363 -5.625963274201069
-3.4770365229149083 -6.022403917461241
-2.828476326364727 -6.352861843132667
-2.148926751286165 -6.613716485028927
-1.4458330850286847 -6.802109865106057
-0.7268985689316058 -6.915977906068084
-1.2774424944918543e-15 -6.95407304582981
0.726898568931597 -6.915977906068085
1.445833085028682 -6.802109865106057
2.1489267512861625 -6.613716485028927
2.8284763263647195 -6.352861843132671
3.477036522914906 -6.022403917461243
4.0875015797033605 -5.62596327420107
4.653183113819895 -5.167883400000244
5.167883400000246 -4.6531831138198925
5.625963274201069 -4.087501579703364
6.022403917461244 -3.477036522914903
6.35286184313267 -2.828476326364722
6.613716485028927 -2.148926751286165
6.802109865106058 -1.445833085028679
6.915977906068084 -0.7268985689316
6.630284434573845 0.0
6.59396304270314 0.6930534429734466
6.485396811861104 1.3785136473949193
6.305775216391782 2.0488705678230072
6.057066228083376 2.6967796335562952
5.741994754657493 3.315142217286922
5.36401278510993 3.897183409146845
4.9272615689968635 4.436526244038096
4.436526244038096 4.927261568996863
3.897183409146845 5.36401278510993
3.3151422172869234 5.741994754657492
2.696779633556297 6.057066228083376
2.0488705678230077 6.305775216391782
1.3785136473949189 6.485396811861104
0.6930534429734466 6.59396304270314
1.878206718327403e-15 6.630284434573845
-0.6930534429734458 6.593963042703141
-1.3785136473949196 6.485396811861104
-2.048870567823007 6.305775216391783
-2.696779633556295 6.057066228083377
-3.315142217286921 5.741994754657493
-3.8971834091468445 5.36401278510993
-4.436526244038094 4.927261568996865
-4.927261568996862 4.436526244038097
-5.364012785109929 3.897183409146846
-5.741994754657493 3.315142217286922
-6.057066228083377 2.696779633556295
-6.305775216391782 2.0488705678230077
-6.485396811861104 1.3785136473949193
-6.593963042703141 0.6930534429734455
-6.630284434573845 3.756413436654806e-15
-6.593963042703141 -0.693053442973444
-6.485396811861104 -1.3785136473949178
-6.305775216391783 -2.0488705678230064
-6.057066228083376 -2.6967796335562957
-5.741994754657494 -3.3151422172869207
-5.364012785109931 -3.8971834091468445
-4.9272615689968635 -4.436526244038096
-4.436526244038098 -4.927261568996862
-3.897183409146846 -5.364012785109929
-3.3151422172869256 -5.741994754657491
-2.6967796335563 -6.057066228083374
-2.048870567823008 -6.305775216391782
-1.3785136473949224 -6.485396811861103
-0.6930534429734517 -6.59396304270314
-1.2179634915356066e-15 -6.630284434573845
0.6930534429734435 -6.593963042703141
1.3785136473949202 -6.485396811861103
2.048870567823006 -6.305775216391783
2.696779633556293 -6.057066228083378
3.3151422172869234 -5.741994754657492
3.8971834091468436 -5.364012785109931
4.436526244038098 -4.927261568996862
4.9272615689968635 -4.436526244038095
5.364012785109929 -3.8971834091468467
5.741994754657494 -3.3151422172869203
6.057066228083377 -2.6967796335562952
6.305775216391782 -2.0488705678230086
6.485396811861104 -1.378513647394917
6.59396304270314 -0.6930534429734464
6.547124614072683 0.0
6.511258780399839 0.6843608747308462
6.404054232960438 1.3612237485064214
6.2266855272102175 2.0231727700389777
5.981095951806165 2.6629554873268666
5.669976237529332 3.273562307036341
5.296735077075319 3.8483032930729726
4.8654617787037955 4.38088146292146
4.38088146292146 4.8654617787037955
3.8483032930729726 5.296735077075319
3.273562307036342 5.669976237529331
2.662955487326868 5.981095951806165
2.023172770038978 6.2266855272102175
1.361223748506421 6.404054232960438
0.6843608747308462 6.511258780399839
1.854649458438865e-15 6.547124614072683
-0.6843608747308454 6.51125878039984
-1.3612237485064216 6.404054232960438
-2.0231727700389777 6.2266855272102175
-2.6629554873268657 5.981095951806166
-3.27356230703634 5.669976237529332
-3.8483032930729717 5.296735077075319
-4.380881462921458 4.865461778703797
-4.865461778703795 4.380881462921461
-5.2967350770753185 3.8483032930729735
-5.669976237529332 3.273562307036341
-5.981095951806166 2.6629554873268657
-6.2266855272102175 2.0231727700389786
-6.404054232960438 1.3612237485064214
-6.51125878039984 0.6843608747308452
-6.547124614072683 3.70929891687773e-15
-6.51125878039984 -0.6843608747308436
-6.404054232960438 -1.3612237485064198
-6.2266855272102175 -2.023172770038977
-5.981095951806165 -2.662955487326867
-5.669976237529333 -3.2735623070363395
-5.29673507707532 -3.8483032930729717
-4.8654617787037955 -4.38088146292146
-4.380881462921462 -4.865461778703795
-3.8483032930729735 -5.2967350770753185
-3.2735623070363444 -5.6699762375293306
-2.6629554873268715 -5.9810959518061635
-2.023172770038979 -6.2266855272102175
-1.3612237485064245 -6.404054232960437
-0.6843608747308513 -6.511258780399839
-1.202687280336444e-15 -6.547124614072683
0.6843608747308432 -6.51125878039984
1.361223748506422 -6.404054232960437
2.0231727700389768 -6.2266855272102175
2.662955487326864 -5.981095951806167
3.273562307036342 -5.669976237529331
3.8483032930729713 -5.29673507707532
4.380881462921462 -4.865461778703795
4.8654617787037955 -4.380881462921459
5.2967350770753185 -3.848303293072974
5.669976237529333 -3.273562307036339
5.981095951806166 -2.6629554873268666
6.2266855272102175 -2.0231727700389794
6.404054232960438 -1.3612237485064191
6.511258780399839 -0.684360874730846
6.369704191849388 0.0
6.3348102858132895 0.665815390643547
6.230510872641544 1.3243359685363756
6.057948678530916 1.9683468444228014
5.819014330991043 2.590792100378673
5.516325644733798 3.1848520959246938
5.153198940347496 3.7440181854346166
4.73361270999454 4.262164028218742
4.262164028218742 4.7336127099945395
3.7440181854346166 5.153198940347496
3.184852095924695 5.516325644733798
2.5907921003786742 5.819014330991043
1.9683468444228016 6.057948678530916
1.324335968536375 6.230510872641544
0.665815390643547 6.3348102858132895
1.804390343271705e-15 6.369704191849388
-0.6658153906435462 6.3348102858132895
-1.3243359685363756 6.230510872641544
-1.968346844422801 6.0579486785309165
-2.590792100378672 5.819014330991044
-3.184852095924693 5.516325644733798
-3.7440181854346157 5.153198940347496
-4.2621640282187405 4.733612709994541
-4.733612709994539 4.262164028218743
-5.153198940347496 3.744018185434617
-5.516325644733798 3.1848520959246938
-5.819014330991044 2.590792100378672
-6.057948678530916 1.968346844422802
-6.230510872641544 1.3243359685363756
-6.3348102858132895 0.665815390643546
-6.369704191849388 3.60878068654341e-15
-6.3348102858132895 -0.6658153906435444
-6.230510872641544 -1.3243359685363738
-6.0579486785309165 -1.9683468444228005
-5.819014330991043 -2.590792100378673
-5.516325644733799 -3.1848520959246924
-5.1531989403474965 -3.7440181854346157
-4.73361270999454 -4.262164028218742
-4.262164028218744 -4.733612709994539
-3.744018185434617 -5.153198940347496
-3.184852095924697 -5.516325644733796
-2.5907921003786774 -5.819014330991041
-1.9683468444228023 -6.057948678530916
-1.3243359685363785 -6.230510872641544
-0.665815390643552 -6.3348102858132895
-1.1700956775095746e-15 -6.369704191849388
0.665815390643544 -6.3348102858132895
1.3243359685363763 -6.230510872641544
1.9683468444228003 -6.0579486785309165
2.5907921003786702 -5.8190143309910445
3.184852095924695 -5.516325644733798
3.744018185434615 -5.1531989403474965
4.262164028218744 -4.733612709994539
4.73361270999454 -4.262164028218741
5.153198940347496 -3.744018185434618
5.516325644733799 -3.184852095924692
5.819014330991044 -2.590792100378673
6.057948678530916 -1.9683468444228027
6.230510872641544 -1.3243359685363734
6.3348102858132895 -0.6658153906435468
5.7565352251669175 0.0
5.725000322887233 0.6017217808328134
5.630741119036658 1.1968509719164446
5.474790337177586 1.778867213294592
5.258856606710864 2.3413938132319876
4.985305742774525 2.8782676125834583
4.657134825878051 3.3836065096552455
4.277939365261141 3.851873905742066
3.851873905742066 4.27793936526114
3.3836065096552455 4.657134825878051
2.878267612583459 4.985305742774524
2.3413938132319885 5.258856606710864
1.7788672132945922 5.474790337177586
1.1968509719164442 5.630741119036658
0.6017217808328134 5.725000322887233
1.630693711693197e-15 5.7565352251669175
-0.6017217808328127 5.725000322887233
-1.1968509719164449 5.630741119036658
-1.7788672132945915 5.474790337177587
-2.3413938132319867 5.258856606710864
-2.8782676125834574 4.985305742774525
-3.3836065096552446 4.657134825878051
-3.8518739057420643 4.277939365261142
-4.27793936526114 3.8518739057420666
-4.6571348258780505 3.383606509655246
-4.985305742774525 2.8782676125834583
-5.258856606710864 2.3413938132319867
-5.474790337177586 1.7788672132945926
-5.630741119036658 1.1968509719164446
-5.725000322887233 0.6017217808328124
-5.7565352251669175 3.261387423386394e-15
-5.725000322887233 -0.601721780832811
-5.630741119036658 -1.1968509719164433
-5.474790337177587 -1.7788672132945913
-5.258856606710864 -2.3413938132319876
-4.985305742774525 -2.878267612583457
-4.657134825878051 -3.3836065096552446
-4.277939365261141 -3.851873905742066
-3.8518739057420674 -4.27793936526114
-3.383606509655246 -4.6571348258780505
-2.8782676125834614 -4.985305742774522
-2.3413938132319916 -5.258856606710862
-1.7788672132945929 -5.474790337177586
-1.1968509719164473 -5.630741119036657
-0.6017217808328178 -5.725000322887233
-1.057458365651948e-15 -5.7565352251669175
0.6017217808328107 -5.725000322887233
1.1968509719164453 -5.630741119036657
1.7788672132945909 -5.474790337177587
2.3413938132319854 -5.258856606710865
2.878267612583459 -4.985305742774524
3.383606509655244 -4.657134825878051
3.8518739057420674 -4.27793936526114
4.277939365261141 -3.8518739057420652
4.6571348258780505 -3.3836065096552463
4.985305742774525 -2.878267612583457
5.258856606710864 -2.3413938132319876
5.474790337177586 -1.778867213294593
5.630741119036658 -1.1968509719164426
5.725000322887233 -0.6017217808328131
1.0 0.5 0.4 0.32000000000000006 0.25600000000000006 0.20480000000000007 0.16384000000000007 0.13107200000000005 0.10485760000000005 0.08388608000000004 0.06710886400000003 0.05368709120000003 0.042949672960000025 0.03435973836800002 0.027487790694400018 0.021990232555520017 0.017592186044416015 0.014073748835532814 0.011258999068426251 