0.0 0.0
2.4385096727158544 0.0
2.432004420625363 0.17799978086356041
2.412523372688438 0.35504985588053295
2.3801704687247445 0.5302055862959333
2.3351183254751526 0.7025324405028579
2.277607315616742 0.8711109801729537
2.20794428527056 1.0350417658577158
2.126500916844811 1.193450155887108
2.033711745948383 1.3454909729613063
1.9300718429553685 1.4903530135372796
1.816134171590412 1.6272633759506758
1.6925066386279881 1.7554915841806167
1.5598488504467336 1.8743534852553259
1.4188685937440253 1.9832148995042456
1.2703180591877086 2.081495004180975
1.1149898281534312 2.1686694324039255
0.953712643960076 2.2442730708805168
0.7873469901655821 2.307902541487829
0.6167804995148513 2.359218353469427
0.4429232180350041 2.397946714765426
0.2667027495460683 2.4238809928116005
0.08905930649325257 2.436882817013515
-0.08905930649325172 2.436882817013515
-0.2667027495460675 2.4238809928116005
-0.4429232180350038 2.397946714765426
-0.6167804995148516 2.359218353469427
-0.7873469901655823 2.307902541487829
-0.9537126439600757 2.2442730708805168
-1.114989828153431 2.168669432403926
-1.2703180591877083 2.081495004180975
-1.418868593744025 1.9832148995042458
-1.5598488504467332 1.8743534852553263
-1.6925066386279881 1.755491584180617
-1.816134171590412 1.6272633759506763
-1.9300718429553683 1.4903530135372798
-2.033711745948383 1.345490972961307
-2.1265009168448112 1.1934501558871078
-2.20794428527056 1.0350417658577158
-2.2776073156167413 0.871110980172954
-2.3351183254751526 0.7025324405028583
-2.380170468724744 0.530205586295934
-2.412523372688438 0.3550498558805339
-2.432004420625363 0.1779997808635605
-2.4385096727158544 2.986313065381331e-16
-2.432004420625363 -0.1779997808635588
-2.412523372688438 -0.3550498558805333
-2.3801704687247445 -0.5302055862959323
-2.3351183254751526 -0.7025324405028578
-2.277607315616742 -0.8711109801729534
-2.2079442852705604 -1.0350417658577151
-2.126500916844811 -1.1934501558871082
-2.0337117459483833 -1.3454909729613056
-1.930071842955368 -1.4903530135372804
-1.8161341715904122 -1.6272633759506756
-1.6925066386279883 -1.7554915841806167
-1.5598488504467325 -1.8743534852553265
-1.4188685937440257 -1.9832148995042456
-1.27031805918771 -2.081495004180974
-1.1149898281534314 -2.1686694324039255
-0.9537126439600757 -2.2442730708805168
-0.787346990165583 -2.307902541487829
-0.6167804995148517 -2.359218353469427
-0.44292321803500545 -2.3979467147654256
-0.2667027495460686 -2.4238809928116005
-0.08905930649325232 -2.436882817013515
0.08905930649325142 -2.436882817013515
0.2667027495460677 -2.4238809928116005
0.4429232180350024 -2.397946714765426
0.6167804995148507 -2.359218353469427
0.787346990165582 -2.307902541487829
0.9537126439600749 -2.244273070880517
1.1149898281534305 -2.168669432403926
1.270318059187709 -2.0814950041809746
1.4188685937440249 -1.9832148995042462
1.5598488504467336 -1.8743534852553259
1.692506638627987 -1.755491584180618
1.8161341715904118 -1.6272633759506765
1.9300718429553687 -1.4903530135372793
2.0337117459483824 -1.3454909729613072
2.126500916844811 -1.193450155887108
2.2079442852705595 -1.0350417658577171
2.2776073156167413 -0.8711109801729543
2.335118325475152 -0.7025324405028597
2.3801704687247445 -0.5302055862959321
2.412523372688438 -0.35504985588053306
2.432004420625363 -0.17799978086356186
3.662201196952887 0.0
3.652431482992415 0.26732352872312815
3.6231744667620696 0.5332207707568729
3.574586247102156 0.7962730492684543
3.506926063187367 1.0550768665364219
3.4205549113736153 1.3082513922182533
3.3159336191262834 1.554445830677681
3.193620386306309 1.7923466280638631
3.054267806932407 2.0206844806895172
2.8986193873096213 2.238241107315285
2.7275055791014924 2.4438557492072626
2.5418393485111173 2.636431363287073
2.3426113052114417 2.814940475331353
2.1308844170140433 2.9784306619912906
1.9077883384759426 3.126029632383282
1.6745133837037665 3.2569498821382132
1.4323041755129735 3.370492895077997
1.1824530048266233 3.4660528701016156
0.9262929357441552 3.5431199533961073
0.6651906930676454 3.6012829587272566
0.40053937023363567 3.640231561296067
0.13375099655689918 3.6597579534558284
-0.1337509965568979 3.6597579534558284
-0.40053937023363445 3.640231561296067
-0.665190693067645 3.601282958727257
-0.9262929357441556 3.543119953396107
-1.1824530048266235 3.4660528701016156
-1.432304175512973 3.3704928950779975
-1.674513383703766 3.2569498821382132
-1.9077883384759422 3.1260296323832826
-2.130884417014043 2.978430661991291
-2.342611305211441 2.814940475331354
-2.5418393485111173 2.6364313632870733
-2.7275055791014924 2.443855749207263
-2.898619387309621 2.2382411073152855
-3.0542678069324065 2.020684480689518
-3.1936203863063093 1.792346628063863
-3.3159336191262834 1.554445830677681
-3.420554911373615 1.3082513922182537
-3.5069260631873664 1.0550768665364225
-3.5745862471021557 0.7962730492684553
-3.623174466762069 0.5332207707568744
-3.652431482992415 0.26732352872312826
-3.662201196952887 4.484902973681959e-16
-3.6524314829924154 -0.2673235287231257
-3.623174466762069 -0.5332207707568734
-3.5745862471021566 -0.7962730492684528
-3.506926063187367 -1.0550768665364216
-3.4205549113736153 -1.3082513922182528
-3.315933619126284 -1.5544458306776803
-3.193620386306309 -1.7923466280638636
-3.0542678069324074 -2.020684480689516
-2.8986193873096204 -2.2382411073152864
-2.727505579101493 -2.443855749207262
-2.5418393485111177 -2.636431363287073
-2.34261130521144 -2.8149404753313543
-2.1308844170140437 -2.9784306619912906
-1.9077883384759446 -3.1260296323832812
-1.6745133837037667 -3.2569498821382132
-1.432304175512973 -3.3704928950779975
-1.1824530048266244 -3.466052870101615
-0.9262929357441558 -3.543119953396107
-0.6651906930676476 -3.601282958727256
-0.4005393702336361 -3.640231561296067
-0.1337509965568988 -3.6597579534558284
0.13375099655689746 -3.6597579534558284
0.40053937023363484 -3.640231561296067
0.6651906930676429 -3.601282958727257
0.9262929357441544 -3.5431199533961073
1.182453004826623 -3.4660528701016156
1.432304175512972 -3.370492895077998
1.6745133837037656 -3.2569498821382132
1.9077883384759435 -3.1260296323832817
2.1308844170140424 -2.9784306619912915
2.3426113052114417 -2.814940475331353
2.541839348511116 -2.636431363287075
2.727505579101492 -2.4438557492072635
2.8986193873096218 -2.2382411073152846
3.054267806932406 -2.0206844806895186
3.193620386306309 -1.7923466280638634
3.3159336191262825 -1.554445830677683
3.420554911373615 -1.3082513922182541
3.506926063187366 -1.0550768665364245
3.5745862471021566 -0.7962730492684525
3.623174466762069 -0.5332207707568731
3.652431482992415 -0.2673235287231303
4.503696821872986 0.0
4.491682236286866 0.32874876664994784
4.45570258254099 0.655743516389137
4.395949827655516 0.9792395907459435
4.312742778431153 1.2975109981956903
4.2065253804769505 1.6088596230722205
4.077864349568381 1.9116242857497074
3.927446147973485 2.204189605754703
3.756073321879649 2.484994620519895
3.5646602194624606 2.752541113794793
3.3542281124425775 3.0054016092776585
3.12589974715922 3.2422269868192077
2.880893354232669 3.4617536805623357
2.6205161487768143 3.662810420612671
2.3461573558409228 3.8443244822702423
2.0592807982929213 4.005327409479892
1.7614170866910381 4.144960181963356
1.4541554528142262 4.262477798464115
1.139135270422997 4.3572532516514535
0.8180373084911053 4.428780873475844
0.4925747635758416 4.476679033126794
0.1644841191731501 4.500692173198326
-0.16448411917314854 4.500692173198326
-0.4925747635758401 4.476679033126794
-0.8180373084911047 4.428780873475845
-1.1391352704229976 4.357253251651453
-1.4541554528142264 4.262477798464115
-1.7614170866910377 4.144960181963356
-2.059280798292921 4.005327409479893
-2.3461573558409223 3.8443244822702427
-2.620516148776814 3.6628104206126713
-2.880893354232668 3.461753680562337
-3.12589974715922 3.2422269868192086
-3.3542281124425775 3.005401609277659
-3.56466021946246 2.7525411137947935
-3.7560733218796485 2.484994620519896
-3.9274461479734857 2.2041896057547024
-4.077864349568381 1.9116242857497074
-4.20652538047695 1.6088596230722212
-4.3127427784311525 1.297510998195691
-4.395949827655515 0.9792395907459448
-4.455702582540989 0.6557435163891387
-4.491682236286866 0.32874876664994795
-4.503696821872986 5.51543789723686e-16
-4.491682236286866 -0.32874876664994485
-4.455702582540989 -0.6557435163891376
-4.395949827655516 -0.9792395907459417
-4.312742778431153 -1.29751099819569
-4.2065253804769505 -1.60885962307222
-4.077864349568382 -1.9116242857497063
-3.927446147973485 -2.2041896057547032
-3.75607332187965 -2.484994620519893
-3.5646602194624597 -2.7525411137947944
-3.354228112442578 -3.005401609277658
-3.1258997471592203 -3.2422269868192077
-2.8808933542326667 -3.4617536805623375
-2.6205161487768147 -3.662810420612671
-2.3461573558409254 -3.8443244822702405
-2.0592807982929218 -4.005327409479892
-1.7614170866910377 -4.144960181963356
-1.4541554528142275 -4.262477798464115
-1.1391352704229978 -4.357253251651453
-0.8180373084911079 -4.428780873475844
-0.4925747635758422 -4.476679033126794
-0.16448411917314962 -4.500692173198326
0.16448411917314795 -4.500692173198326
0.49257476357584057 -4.476679033126794
0.8180373084911022 -4.428780873475845
1.139135270422996 -4.3572532516514535
1.4541554528142258 -4.262477798464115
1.7614170866910361 -4.144960181963357
2.0592807982929204 -4.005327409479893
2.3461573558409237 -3.844324482270242
2.6205161487768134 -3.6628104206126717
2.880893354232669 -3.4617536805623357
3.1258997471592176 -3.2422269868192104
3.354228112442577 -3.0054016092776594
3.564660219462461 -2.752541113794792
3.7560733218796476 -2.4849946205198963
3.927446147973485 -2.204189605754703
4.07786434956838 -1.9116242857497099
4.20652538047695 -1.6088596230722216
4.312742778431152 -1.2975109981956934
4.395949827655516 -0.9792395907459414
4.455702582540989 -0.6557435163891373
4.491682236286866 -0.32874876664995045
5.522041822168184 0.0
5.5073105809886345 0.40308318037985774
5.46319545499549 0.8040157375892216
5.389931817473341 1.2006585229627291
5.287910561627561 1.5908952756238293
5.157676014999916 1.972643913652209
4.999923035245626 2.343867642891698
4.815493302767118 2.7025858241283576
4.605370829984911 3.046884540657655
4.370676711205597 3.3749268098581844
4.112663141098649 3.684962384288761
3.832706733696065 3.975337090015808
3.532301177560888 4.244501652347008
3.213049266312441 4.491019961882111
2.8766543470288846 4.7135767367779575
2.5249112321535603 4.910984540346193
2.1596966233940393 5.082190116541775
1.7829590987065183 5.226280009539687
1.3967087157893183 5.342485437416996
1.0030062875553785 5.430186393937034
0.6039523868036943 5.488914956550943
0.2016761387545829 5.518357782966918
-0.20167613875458099 5.518357782966918
-0.6039523868036926 5.488914956550943
-1.0030062875553776 5.430186393937035
-1.396708715789319 5.342485437416996
-1.7829590987065185 5.226280009539687
-2.1596966233940385 5.082190116541776
-2.52491123215356 4.910984540346194
-2.876654347028884 4.713576736777958
-3.2130492663124404 4.491019961882112
-3.532301177560887 4.244501652347009
-3.832706733696065 3.9753370900158087
-4.112663141098649 3.6849623842887618
-4.370676711205597 3.374926809858185
-4.60537082998491 3.0468845406576563
-4.815493302767118 2.702585824128357
-4.999923035245626 2.343867642891698
-5.1576760149999155 1.9726439136522096
-5.28791056162756 1.5908952756238302
-5.38993181747334 1.2006585229627307
-5.463195454995489 0.8040157375892238
-5.5073105809886345 0.4030831803798579
-5.522041822168184 6.762550842276084e-16
-5.507310580988635 -0.4030831803798541
-5.463195454995489 -0.8040157375892224
-5.389931817473342 -1.2006585229627267
-5.287910561627561 -1.590895275623829
-5.157676014999916 -1.9726439136522083
-4.999923035245627 -2.3438676428916967
-4.815493302767118 -2.702585824128358
-4.605370829984912 -3.0468845406576532
-4.370676711205596 -3.374926809858186
-4.11266314109865 -3.6849623842887604
-3.832706733696066 -3.975337090015808
-3.5323011775608855 -4.24450165234701
-3.2130492663124417 -4.491019961882111
-2.8766543470288877 -4.713576736777956
-2.524911232153561 -4.910984540346193
-2.1596966233940385 -5.082190116541776
-1.78295909870652 -5.226280009539687
-1.3967087157893192 -5.342485437416996
-1.0030062875553813 -5.430186393937034
-0.603952386803695 -5.488914956550943
-0.20167613875458235 -5.518357782966918
0.2016761387545803 -5.518357782966918
0.603952386803693 -5.488914956550943
1.0030062875553745 -5.430186393937035
1.3967087157893172 -5.342485437416996
1.7829590987065178 -5.226280009539687
2.1596966233940367 -5.082190116541776
2.5249112321535594 -4.910984540346194
2.876654347028886 -4.713576736777957
3.21304926631244 -4.491019961882112
3.532301177560888 -4.244501652347008
3.832706733696063 -3.975337090015811
4.112663141098649 -3.684962384288762
4.370676711205598 -3.3749268098581835
4.60537082998491 -3.046884540657657
4.815493302767118 -2.7025858241283576
4.999923035245625 -2.343867642891701
5.1576760149999155 -1.97264391365221
5.287910561627559 -1.5908952756238333
5.389931817473342 -1.2006585229627265
5.463195454995489 -0.804015737589222
5.5073105809886345 -0.40308318037986096
6.294566261436465 0.0
6.277774144189975 0.4594738449074871
6.227487385661507 0.9164961980505132
6.14397428746553 1.3686286474338751
6.027680428114771 1.8134588708146562
5.8792262856660695 2.248613506485138
5.699403927201472 2.6717708161844027
5.489172782807649 3.0806730725765052
5.249654526601259 3.4731386052026703
4.98212709211222 3.847073440637138
4.688017853955403 4.200482474741397
4.368896012169469 4.531480117407991
4.0264642198557175 4.838300352999586
3.6625494987870986 5.1193061628065
3.27909349145655 5.372998259249814
2.8781421015742024 5.5980230852293085
2.461834578285875 5.793180035936242
2.0323921023532954 5.9574278645994685
1.5921059351936813 6.089890237987487
1.143325194008724 6.189860412025391
0.6884443182279062 6.256805002580307
0.22989029413814405 6.290366831296511
-0.22989029413814185 6.290366831296511
-0.6884443182279041 6.256805002580307
-1.143325194008723 6.189860412025392
-1.592105935193682 6.089890237987486
-2.032392102353296 5.9574278645994685
-2.461834578285874 5.793180035936243
-2.878142101574202 5.598023085229309
-3.2790934914565497 5.3729982592498144
-3.6625494987870977 5.119306162806501
-4.026464219855717 4.838300352999588
-4.368896012169469 4.531480117407992
-4.688017853955403 4.200482474741398
-4.982127092112219 3.8470734406371387
-5.249654526601258 3.4731386052026716
-5.48917278280765 3.080673072576505
-5.699403927201472 2.6717708161844027
-5.879226285666069 2.248613506485139
-6.0276804281147705 1.8134588708146573
-6.143974287465529 1.368628647433877
-6.227487385661506 0.9164961980505156
-6.277774144189975 0.45947384490748727
-6.294566261436465 7.708620424089088e-16
-6.277774144189975 -0.4594738449074829
-6.227487385661506 -0.9164961980505141
-6.14397428746553 -1.3686286474338727
-6.027680428114771 -1.813458870814656
-5.8792262856660695 -2.2486135064851376
-5.699403927201473 -2.6717708161844014
-5.489172782807649 -3.080673072576506
-5.24965452660126 -3.473138605202668
-4.982127092112219 -3.84707344063714
-4.688017853955404 -4.2004824747413965
-4.36889601216947 -4.531480117407991
-4.026464219855715 -4.838300352999589
-3.6625494987870995 -5.1193061628065
-3.2790934914565537 -5.372998259249811
-2.8781421015742032 -5.5980230852293085
-2.461834578285874 -5.793180035936243
-2.0323921023532976 -5.9574278645994685
-1.5921059351936824 -6.089890237987486
-1.1433251940087275 -6.189860412025391
-0.688444318227907 -6.256805002580307
-0.22989029413814338 -6.290366831296511
0.22989029413814108 -6.290366831296511
0.6884443182279048 -6.256805002580307
1.1433251940087195 -6.189860412025392
1.59210593519368 -6.089890237987487
2.032392102353295 -5.9574278645994685
2.461834578285872 -5.793180035936244
2.878142101574201 -5.598023085229309
3.2790934914565515 -5.372998259249813
3.6625494987870972 -5.119306162806501
4.0264642198557175 -4.838300352999586
4.368896012169467 -4.531480117407995
4.688017853955402 -4.200482474741399
4.982127092112221 -3.8470734406371374
5.249654526601257 -3.473138605202672
5.489172782807649 -3.0806730725765057
5.699403927201471 -2.6717708161844063
5.879226285666069 -2.2486135064851394
6.02768042811477 -1.8134588708146608
6.14397428746553 -1.3686286474338722
6.227487385661506 -0.9164961980505136
6.277774144189975 -0.45947384490749077
5.050059929523474 0.0
5.036587802149441 0.3686307136120065
4.996243299655908 0.7352946228703743
4.929241677419649 1.0980354171736741
4.835940418085081 1.4549177174361883
4.716837324239681 1.8040374021727166
4.572567862421794 2.143531766810565
4.403901772631705 2.471589462024381
4.211738961435688 2.7864601580685244
3.9971047005751164 3.0864638835435847
3.761144156698107 3.3699999887706706
3.5051162813999768 3.635555685950008
3.2303870941717623 3.8817141205383936
2.9384223940952 4.1071619307812135
2.6307799391704116 4.3106962550656664
2.309101135002973 4.491231149707908
1.9751022771948152 4.647803382932468
1.630565394164601 4.7795775741305295
1.277328739255065 4.8858506509769315
0.9172769828560788 4.966055600625217
0.5523311568726662 5.019764494966506
0.18443840518861535 5.046690773811104
-0.1844384051886136 5.046690773811104
-0.5523311568726645 5.019764494966506
-0.9172769828560782 4.966055600625218
-1.2773287392550654 4.8858506509769315
-1.6305653941646012 4.7795775741305295
-1.9751022771948148 4.6478033829324685
-2.3091011350029724 4.491231149707909
-2.630779939170411 4.310696255065667
-2.9384223940951997 4.107161930781214
-3.2303870941717614 3.881714120538395
-3.5051162813999768 3.6355556859500084
-3.761144156698107 3.369999988770671
-3.997104700575116 3.086463883543585
-4.211738961435688 2.7864601580685258
-4.403901772631705 2.471589462024381
-4.572567862421794 2.143531766810565
-4.71683732423968 1.804037402172717
-4.835940418085081 1.454917717436189
-4.929241677419649 1.0980354171736757
-4.996243299655907 0.7352946228703762
-5.036587802149441 0.36863071361200667
-5.050059929523474 6.184539728193231e-16
-5.036587802149442 -0.3686307136120031
-4.996243299655907 -0.735294622870375
-4.9292416774196495 -1.0980354171736721
-4.835940418085081 -1.4549177174361878
-4.716837324239681 -1.804037402172716
-4.572567862421795 -2.143531766810564
-4.403901772631705 -2.4715894620243812
-4.21173896143569 -2.7864601580685227
-3.9971047005751155 -3.0864638835435865
-3.7611441566981076 -3.36999998877067
-3.505116281399977 -3.635555685950008
-3.23038709417176 -3.8817141205383954
-2.9384223940952006 -4.1071619307812135
-2.6307799391704147 -4.310696255065665
-2.3091011350029733 -4.491231149707908
-1.9751022771948148 -4.6478033829324685
-1.6305653941646026 -4.779577574130529
-1.2773287392550656 -4.8858506509769315
-0.9172769828560816 -4.966055600625216
-0.5523311568726669 -5.019764494966506
-0.18443840518861482 -5.046690773811104
0.18443840518861299 -5.046690773811104
0.552331156872665 -5.019764494966506
0.9172769828560754 -4.966055600625218
1.2773287392550638 -4.8858506509769315
1.6305653941646008 -4.7795775741305295
1.975102277194813 -4.6478033829324685
2.3091011350029715 -4.491231149707909
2.630779939170413 -4.310696255065666
2.9384223940951992 -4.107161930781215
3.2303870941717623 -3.8817141205383936
3.5051162813999746 -3.6355556859500107
3.7611441566981068 -3.369999988770672
3.9971047005751172 -3.0864638835435843
4.211738961435687 -2.786460158068526
4.403901772631705 -2.4715894620243812
4.572567862421793 -2.143531766810568
4.71683732423968 -1.8040374021727177
4.83594041808508 -1.4549177174361918
4.9292416774196495 -1.098035417173672
4.996243299655907 -0.7352946228703745
5.036587802149441 -0.36863071361200944
6.9712484793919085 0.0
6.952651165937994 0.5088684763325855
6.896958450290081 1.015021919170339
6.80446747718288 1.5157597808968448
6.675671725976255 2.008410408364091
6.511258377729323 2.4903452973179654
6.312104648792182 2.958993116605735
6.079273110477133 3.41185342734029
5.814006019780981 3.8465100238234795
5.517718691406473 4.260643825048937
5.191991946445982 4.652045248002652
4.838563678017007 5.0186259967443805
4.459319578850448 5.358430204370031
4.056283080304003 5.6696448684078495
3.631604556480387 5.9506095239710435
3.1875498510510853 6.199825103056392
2.726488187999997 6.4159619327206485
2.250879530788389 6.597866829461006
1.763261457385456 6.744569251948038
1.2662356211919312 6.855286479283611
0.7624538700935133 6.929427787155547
0.25460409770502046 6.966597599607416
-0.2546040977050181 6.966597599607416
-0.762453870093511 6.929427787155547
-1.2662356211919303 6.8552864792836115
-1.7632614573854568 6.744569251948037
-2.2508795307883895 6.597866829461006
-2.7264881879999967 6.415961932720649
-3.1875498510510845 6.1998251030563925
-3.631604556480386 5.950609523971044
-4.056283080304002 5.66964486840785
-4.4593195788504465 5.358430204370033
-4.838563678017007 5.0186259967443805
-5.191991946445982 4.652045248002653
-5.517718691406472 4.260643825048938
-5.81400601978098 3.8465100238234813
-6.079273110477133 3.41185342734029
-6.312104648792182 2.958993116605735
-6.511258377729322 2.490345297317966
-6.675671725976254 2.008410408364092
-6.804467477182879 1.5157597808968466
-6.8969584502900805 1.0150219191703416
-6.952651165937994 0.5088684763325857
-6.9712484793919085 8.537317136348154e-16
-6.952651165937994 -0.5088684763325808
-6.8969584502900805 -1.0150219191703398
-6.804467477182881 -1.5157597808968417
-6.675671725976255 -2.0084104083640906
-6.511258377729323 -2.4903452973179645
-6.312104648792183 -2.9589931166057335
-6.079273110477133 -3.411853427340291
-5.814006019780983 -3.8465100238234773
-5.517718691406472 -4.260643825048939
-5.191991946445983 -4.6520452480026515
-4.838563678017008 -5.0186259967443805
-4.459319578850446 -5.358430204370034
-4.056283080304004 -5.6696448684078495
-3.631604556480391 -5.950609523971041
-3.187549851051086 -6.199825103056392
-2.7264881879999967 -6.415961932720649
-2.2508795307883913 -6.5978668294610054
-1.7632614573854573 -6.744569251948037
-1.2662356211919352 -6.85528647928361
-0.7624538700935142 -6.929427787155547
-0.25460409770501974 -6.966597599607416
0.2546040977050172 -6.966597599607416
0.7624538700935116 -6.929427787155547
1.2662356211919266 -6.8552864792836115
1.7632614573854544 -6.744569251948038
2.2508795307883886 -6.597866829461006
2.726488187999994 -6.41596193272065
3.1875498510510836 -6.1998251030563925
3.6316045564803883 -5.950609523971043
4.056283080304001 -5.669644868407851
4.459319578850448 -5.358430204370031
4.838563678017004 -5.018625996744384
5.191991946445981 -4.652045248002653
5.517718691406474 -4.260643825048936
5.8140060197809795 -3.8465100238234817
6.079273110477133 -3.4118534273402905
6.312104648792181 -2.958993116605739
6.511258377729322 -2.4903452973179667
6.675671725976253 -2.008410408364096
6.804467477182881 -1.5157597808968415
6.8969584502900805 -1.0150219191703393
6.952651165937994 -0.5088684763325896
5.9269901532685365 0.0
5.9111786248106934 0.43264251122993735
5.863828400782708 0.8629766874697744
5.785192115116926 1.2887065096953372
5.675689326421166 1.7075605251032968
5.535904279452007 2.1173039662946715
5.366582787916231 2.5157506747258243
5.168628255232003 2.900774764810183
4.9430968544807525 3.2703219664376593
4.691191893266813 3.6224205853945124
4.41425739355071 3.955192023205078
4.113770920710482 4.266860800267454
3.791335700091081 4.555764028805384
3.448672063103495 4.820360285094017
3.087608268512321 5.059237833622426
2.7100707478842216 5.27112215931337
2.3180738272419976 5.454882767612685
1.9137089797637217 5.609539216166858
1.4991336668683968 5.7342663459072
1.0765598272258246 5.828398683630495
0.6482420751067436 5.891433992586482
0.21646567104019046 5.923035952128208
-0.2164656710401884 5.923035952128208
-0.6482420751067416 5.891433992586482
-1.0765598272258239 5.828398683630496
-1.4991336668683974 5.734266345907199
-1.913708979763722 5.609539216166858
-2.318073827241997 5.454882767612686
-2.710070747884221 5.271122159313371
-3.0876082685123207 5.059237833622426
-3.448672063103494 4.820360285094018
-3.7913357000910795 4.555764028805386
-4.113770920710482 4.266860800267455
-4.41425739355071 3.9551920232050786
-4.691191893266812 3.622420585394513
-4.943096854480752 3.2703219664376606
-5.1686282552320035 2.9007747648101825
-5.366582787916231 2.5157506747258243
-5.535904279452006 2.1173039662946724
-5.675689326421165 1.707560525103298
-5.785192115116925 1.2887065096953387
-5.863828400782707 0.8629766874697767
-5.9111786248106934 0.4326425112299375
-5.9269901532685365 7.258469519778193e-16
-5.911178624810694 -0.4326425112299334
-5.863828400782707 -0.8629766874697752
-5.785192115116927 -1.2887065096953347
-5.675689326421166 -1.7075605251032966
-5.535904279452007 -2.117303966294671
-5.366582787916232 -2.515750674725823
-5.168628255232003 -2.9007747648101834
-4.943096854480754 -3.270321966437657
-4.691191893266812 -3.622420585394514
-4.414257393550711 -3.9551920232050772
-4.113770920710482 -4.266860800267454
-3.791335700091078 -4.555764028805386
-3.4486720631034955 -4.820360285094017
-3.0876082685123247 -5.059237833622423
-2.710070747884222 -5.27112215931337
-2.318073827241997 -5.454882767612686
-1.9137089797637237 -5.609539216166857
-1.4991336668683977 -5.734266345907199
-1.0765598272258279 -5.828398683630494
-0.6482420751067443 -5.891433992586482
-0.21646567104018985 -5.923035952128208
0.21646567104018766 -5.923035952128208
0.6482420751067421 -5.891433992586482
1.0765598272258206 -5.828398683630496
1.4991336668683954 -5.7342663459072
1.9137089797637212 -5.609539216166858
2.318073827241995 -5.454882767612686
2.7100707478842203 -5.271122159313371
3.0876082685123225 -5.059237833622425
3.4486720631034937 -4.820360285094019
3.791335700091081 -4.555764028805384
4.113770920710479 -4.266860800267458
4.4142573935507095 -3.9551920232050795
4.691191893266814 -3.6224205853945115
4.943096854480752 -3.270321966437661
5.168628255232003 -2.9007747648101834
5.36658278791623 -2.5157506747258274
5.535904279452006 -2.117303966294673
5.675689326421164 -1.707560525103301
5.785192115116927 -1.2887065096953343
5.863828400782707 -0.8629766874697747
5.9111786248106934 -0.4326425112299408
6.65427206156383 0.0
6.636520351278024 0.4857306829731376
6.583359933475667 0.9688697825901119
6.495074441986804 1.4468395427132728
6.372134918107269 1.9170897878678024
6.215197297389559 2.3771115295312653
6.025098909942857 2.824450352672948
5.8028540129146124 3.256719511120005
5.549648378989814 3.671612661880972
5.2668329697806655 4.066916170483518
4.955916727861859 4.440520921672135
4.618558525909064 4.79043357245058
4.256558315895448 5.114787187429234
3.871847525569113 5.411851199733164
3.4664787534503834 5.680040644325182
3.042614817330593 5.917924614480086
2.6025172147033757 6.124233896291154
2.148534056697056 6.297867740475489
1.6830875398858016 6.43789973534771
1.2086610228228971 6.543582749627123
0.7277857762483664 6.6143529187063725
0.2430274776643693 6.649832653113087
-0.243027477664367 6.649832653113087
-0.7277857762483642 6.6143529187063725
-1.2086610228228962 6.543582749627123
-1.6830875398858023 6.437899735347709
-2.1485340566970565 6.297867740475489
-2.6025172147033753 6.1242338962911544
-3.042614817330592 5.9179246144800866
-3.4664787534503825 5.680040644325182
-3.871847525569112 5.411851199733165
-4.256558315895447 5.114787187429235
-4.618558525909064 4.790433572450581
-4.955916727861859 4.440520921672136
-5.266832969780665 4.066916170483519
-5.549648378989813 3.6716126618809732
-5.802854012914613 3.2567195111200045
-6.025098909942857 2.824450352672948
-6.215197297389558 2.377111529531266
-6.372134918107268 1.9170897878678035
-6.495074441986803 1.4468395427132745
-6.583359933475666 0.9688697825901145
-6.636520351278024 0.4857306829731378
-6.65427206156383 8.149132980849804e-16
-6.636520351278025 -0.4857306829731332
-6.583359933475666 -0.9688697825901128
-6.495074441986805 -1.4468395427132699
-6.372134918107269 -1.917089787867802
-6.215197297389559 -2.3771115295312644
-6.025098909942858 -2.824450352672946
-5.8028540129146124 -3.2567195111200054
-5.549648378989815 -3.6716126618809697
-5.266832969780664 -4.066916170483521
-4.95591672786186 -4.440520921672134
-4.618558525909065 -4.79043357245058
-4.256558315895445 -5.114787187429236
-3.871847525569114 -5.411851199733164
-3.466478753450387 -5.680040644325179
-3.042614817330594 -5.917924614480086
-2.6025172147033753 -6.1242338962911544
-2.1485340566970583 -6.297867740475488
-1.6830875398858027 -6.437899735347709
-1.2086610228229009 -6.543582749627122
-0.7277857762483672 -6.6143529187063725
-0.2430274776643686 -6.649832653113087
0.24302747766436616 -6.649832653113087
0.7277857762483648 -6.6143529187063725
1.2086610228228925 -6.543582749627123
1.6830875398858 -6.43789973534771
2.1485340566970557 -6.297867740475489
2.602517214703373 -6.124233896291155
3.0426148173305916 -5.9179246144800866
3.4664787534503847 -5.680040644325181
3.8718475255691116 -5.411851199733165
4.256558315895448 -5.114787187429234
4.618558525909061 -4.790433572450584
4.955916727861858 -4.440520921672136
5.2668329697806655 -4.066916170483518
5.549648378989812 -3.671612661880974
5.8028540129146124 -3.2567195111200054
6.025098909942856 -2.8244503526729514
6.215197297389558 -2.3771115295312666
6.3721349181072675 -1.917089787867807
6.495074441986805 -1.4468395427132696
6.583359933475666 -0.9688697825901122
6.636520351278024 -0.4857306829731415
7.325727411291367 0.0
7.306184448599898 0.5347437775072489
7.24765983068716 1.0666344655923572
7.150465811711731 1.5928341972997067
7.015120963818067 2.1105354693882763
6.842347410329725 2.616976121576164
6.633066972909 3.1094540738608036
6.388396253239504 3.5853417432848955
6.109640675473064 4.042100063228364
5.7982875212270475 4.477292030427368
5.455997994293426 4.8885957074411275
5.084598357397794 5.273816611192824
4.686070188297543 5.630899421486299
4.262539807207164 5.95793894702858
3.8162669319598885 6.253190290449761
3.3496326214353402 6.515078158085436
2.865126571580184 6.7422052648499875
2.365333831803036 6.933359789357081
1.8529210126173763 7.087521839511093
1.330622058120703 7.203868894072707
0.8012236592198554 7.281780191165623
0.26755038542930676 7.320840040309742
-0.26755038542930426 7.320840040309742
-0.801223659219853 7.281780191165623
-1.330622058120702 7.203868894072708
-1.852921012617377 7.087521839511092
-2.3653338318030364 6.933359789357081
-2.8651265715801832 6.742205264849988
-3.3496326214353394 6.515078158085437
-3.8162669319598876 6.253190290449762
-4.262539807207163 5.957938947028581
-4.686070188297542 5.6308994214863
-5.084598357397794 5.273816611192825
-5.455997994293426 4.888595707441128
-5.798287521227047 4.4772920304273685
-6.109640675473063 4.042100063228366
-6.388396253239505 3.585341743284895
-6.633066972909 3.1094540738608036
-6.842347410329724 2.616976121576165
-7.015120963818066 2.1105354693882776
-7.15046581171173 1.5928341972997087
-7.247659830687159 1.06663446559236
-7.306184448599898 0.5347437775072491
-7.325727411291367 8.971428625663999e-16
-7.306184448599899 -0.534743777507244
-7.247659830687159 -1.0666344655923583
-7.150465811711732 -1.5928341972997038
-7.015120963818067 -2.110535469388276
-6.842347410329725 -2.616976121576163
-6.633066972909001 -3.1094540738608023
-6.388396253239504 -3.5853417432848964
-6.109640675473066 -4.042100063228362
-5.798287521227046 -4.477292030427369
-5.455997994293427 -4.888595707441127
-5.084598357397795 -5.273816611192824
-4.68607018829754 -5.630899421486301
-4.2625398072071645 -5.95793894702858
-3.8162669319598925 -6.2531902904497585
-3.349632621435341 -6.515078158085436
-2.8651265715801832 -6.742205264849988
-2.3653338318030386 -6.93335978935708
-1.8529210126173774 -7.087521839511092
-1.330622058120707 -7.2038688940727065
-0.8012236592198563 -7.281780191165623
-0.26755038542930604 -7.320840040309742
0.2675503854293033 -7.320840040309742
0.8012236592198536 -7.281780191165623
1.330622058120698 -7.203868894072708
1.8529210126173745 -7.087521839511093
2.3653338318030355 -6.933359789357081
2.8651265715801806 -6.742205264849989
3.349632621435339 -6.515078158085437
3.8162669319598903 -6.25319029044976
4.262539807207162 -5.957938947028582
4.686070188297543 -5.630899421486299
5.08459835739779 -5.273816611192828
5.455997994293425 -4.888595707441129
5.798287521227048 -4.477292030427367
6.109640675473063 -4.042100063228367
6.388396253239504 -3.585341743284896
6.633066972908998 -3.109454073860808
6.842347410329724 -2.6169761215761653
7.015120963818065 -2.1105354693882816
7.150465811711732 -1.5928341972997033
7.247659830687159 -1.0666344655923576
7.306184448599898 -0.5347437775072531
1.0 0.5 0.4 0.32000000000000006 0.25600000000000006 0.20480000000000007 0.16384000000000007 0.13107200000000005 0.10485760000000005 0.08388608000000004 0.06710886400000003 