0.0 0.0
1.8899258716149765 0.0
1.8737572937900882 0.24668482760006494
1.8255282091647838 0.4891488094059374
1.7460638307486307 0.7232433194652033
1.6367238160880173 0.9449629358074881
1.4993790031485656 1.1505139743248851
1.3363793997588465 1.3363793997588462
1.1505139743248851 1.4993790031485656
0.9449629358074885 1.636723816088017
0.7232433194652034 1.7460638307486307
0.4891488094059374 1.8255282091647838
0.2466848276000652 1.8737572937900882
1.1572458346495263e-16 1.8899258716149765
-0.246684827600065 1.8737572937900882
-0.4891488094059372 1.8255282091647838
-0.7232433194652027 1.746063830748631
-0.9449629358074878 1.6367238160880173
-1.1505139743248851 1.4993790031485656
-1.3363793997588462 1.3363793997588465
-1.4993790031485654 1.1505139743248853
-1.6367238160880173 0.9449629358074881
-1.7460638307486307 0.7232433194652034
-1.8255282091647835 0.48914880940593797
-1.8737572937900882 0.24668482760006571
-1.8899258716149765 2.3144916692990526e-16
-1.8737572937900882 -0.2466848276000653
-1.8255282091647838 -0.4891488094059375
-1.746063830748631 -0.723243319465203
-1.6367238160880175 -0.9449629358074877
-1.4993790031485656 -1.1505139743248851
-1.3363793997588471 -1.3363793997588456
-1.1505139743248853 -1.4993790031485652
-0.9449629358074891 -1.6367238160880166
-0.7232433194652027 -1.746063830748631
-0.4891488094059372 -1.8255282091647838
-0.24668482760006505 -1.8737572937900882
-3.4717375039485786e-16 -1.8899258716149765
0.24668482760006435 -1.8737572937900884
0.4891488094059366 -1.825528209164784
0.723243319465202 -1.746063830748631
0.9449629358074885 -1.636723816088017
1.1505139743248836 -1.4993790031485668
1.336379399758846 -1.3363793997588467
1.4993790031485652 -1.1505139743248853
1.6367238160880166 -0.9449629358074891
1.746063830748631 -0.7232433194652028
1.8255282091647833 -0.489148809405939
1.8737572937900882 -0.24668482760006513
2.9106201698297625 0.0
2.885719410788685 0.37991216776675873
2.8114431925564416 0.7533239330114758
2.689062401820243 1.1138461169015141
2.5206710078399515 1.455310084914881
2.3091502340534844 1.7718732938871713
2.058119259544966 2.0581192595449656
1.7718732938871713 2.3091502340534844
1.4553100849148815 2.5206710078399515
1.1138461169015141 2.689062401820243
0.7533239330114758 2.8114431925564416
0.3799121677667591 2.885719410788685
1.7822408372578722e-16 2.9106201698297625
-0.3799121677667588 2.885719410788685
-0.7533239330114755 2.8114431925564416
-1.1138461169015133 2.689062401820243
-1.4553100849148806 2.5206710078399515
-1.7718732938871713 2.3091502340534844
-2.0581192595449656 2.058119259544966
-2.309150234053484 1.771873293887172
-2.5206710078399515 1.455310084914881
-2.689062401820243 1.1138461169015144
-2.811443192556441 0.7533239330114767
-2.885719410788685 0.37991216776675996
-2.9106201698297625 3.5644816745157443e-16
-2.885719410788685 -0.3799121677667593
-2.8114431925564416 -0.753323933011476
-2.689062401820243 -1.1138461169015137
-2.520671007839952 -1.4553100849148803
-2.3091502340534844 -1.7718732938871713
-2.058119259544967 -2.0581192595449647
-1.771873293887172 -2.3091502340534835
-1.4553100849148826 -2.5206710078399506
-1.1138461169015133 -2.689062401820243
-0.7533239330114755 -2.8114431925564416
-0.3799121677667589 -2.885719410788685
-5.346722511773615e-16 -2.9106201698297625
0.37991216776675785 -2.8857194107886857
0.7533239330114746 -2.811443192556442
1.1138461169015124 -2.6890624018202436
1.4553100849148815 -2.5206710078399515
1.771873293887169 -2.3091502340534857
2.058119259544965 -2.058119259544966
2.3091502340534835 -1.771873293887172
2.5206710078399506 -1.4553100849148826
2.689062401820243 -1.1138461169015135
2.811443192556441 -0.7533239330114783
2.885719410788685 -0.37991216776675907
3.599554159968826 0.0
3.5687594751378153 0.46983609819057726
3.4769023262401415 0.9316331704779378
3.3255544145610565 1.377489740920908
3.117305344830959 1.7997770799844128
2.855718316370479 2.191269734216908
2.545269155762204 2.5452691557622034
2.191269734216908 2.855718316370479
1.7997770799844135 3.1173053448309584
1.377489740920908 3.3255544145610565
0.9316331704779378 3.4769023262401415
0.46983609819057776 3.5687594751378153
2.2040912401816814e-16 3.599554159968826
-0.46983609819057737 3.5687594751378153
-0.9316331704779374 3.4769023262401415
-1.3774897409209068 3.325554414561057
-1.7997770799844122 3.117305344830959
-2.191269734216908 2.855718316370479
-2.5452691557622034 2.545269155762204
-2.8557183163704787 2.1912697342169083
-3.117305344830959 1.7997770799844128
-3.3255544145610565 1.3774897409209081
-3.476902326240141 0.9316331704779388
-3.5687594751378153 0.46983609819057875
-3.599554159968826 4.408182480363363e-16
-3.5687594751378153 -0.469836098190578
-3.4769023262401415 -0.9316331704779379
-3.325554414561057 -1.3774897409209075
-3.117305344830959 -1.7997770799844122
-2.855718316370479 -2.191269734216908
-2.545269155762205 -2.545269155762202
-2.1912697342169083 -2.8557183163704782
-1.7997770799844146 -3.1173053448309576
-1.3774897409209068 -3.325554414561057
-0.9316331704779374 -3.4769023262401415
-0.4698360981905775 -3.5687594751378153
-6.612273720545044e-16 -3.599554159968826
0.46983609819057615 -3.5687594751378158
0.9316331704779361 -3.476902326240142
1.3774897409209057 -3.3255544145610574
1.7997770799844135 -3.1173053448309584
2.1912697342169047 -2.8557183163704813
2.545269155762203 -2.5452691557622042
2.8557183163704782 -2.1912697342169083
3.1173053448309576 -1.7997770799844146
3.325554414561057 -1.377489740920907
3.4769023262401406 -0.9316331704779408
3.5687594751378153 -0.46983609819057764
4.108599134299402 0.0
4.073449499146028 0.5362798003587012
3.9686020136887 1.0633837046484145
3.795850647472809 1.5722928189259315
3.5581512242700346 2.0542995671497004
3.2595708471141074 2.501156680220096
2.905218309040286 2.9052183090402854
2.501156680220096 3.2595708471141074
2.0542995671497013 3.558151224270034
1.5722928189259318 3.795850647472809
1.0633837046484145 3.9686020136887
0.5362798003587018 4.073449499146028
2.515791389399674e-16 4.108599134299402
-0.5362798003587013 4.073449499146028
-1.063383704648414 3.9686020136887
-1.5722928189259304 3.7958506474728093
-2.0542995671497 3.5581512242700346
-2.501156680220096 3.2595708471141074
-2.9052183090402854 2.905218309040286
-3.259570847114107 2.501156680220097
-3.5581512242700346 2.0542995671497004
-3.795850647472809 1.572292818925932
-3.9686020136886997 1.0633837046484156
-4.073449499146028 0.5362798003587029
-4.108599134299402 5.031582778799348e-16
-4.073449499146028 -0.536279800358702
-3.9686020136887 -1.0633837046484147
-3.7958506474728093 -1.572292818925931
-3.558151224270035 -2.0542995671496995
-3.2595708471141074 -2.501156680220096
-2.905218309040287 -2.905218309040284
-2.501156680220097 -3.2595708471141065
-2.0542995671497026 -3.5581512242700333
-1.5722928189259304 -3.7958506474728093
-1.063383704648414 -3.9686020136887
-0.5362798003587014 -4.073449499146028
-7.547374168199023e-16 -4.108599134299402
0.5362798003586999 -4.073449499146028
1.0633837046484127 -3.968602013688701
1.572292818925929 -3.7958506474728098
2.0542995671497013 -3.558151224270034
2.501156680220093 -3.2595708471141096
2.905218309040285 -2.9052183090402863
3.2595708471141065 -2.501156680220097
3.5581512242700333 -2.0542995671497026
3.7958506474728093 -1.5722928189259306
3.9686020136886992 -1.063383704648418
4.073449499146028 -0.5362798003587017
4.686547368937239 0.0
4.646453306517777 0.6117171827262791
4.526857139783561 1.2129677148560671
4.329805192305737 1.7934640330864833
4.058669077538771 2.343273684468619
3.7180880095794584 2.8529892734312936
3.3138894249274946 3.313889424927494
2.8529892734312936 3.7180880095794584
2.34327368446862 4.058669077538771
1.7934640330864837 4.329805192305737
1.2129677148560671 4.526857139783561
0.6117171827262796 4.646453306517777
2.8696826172107196e-16 4.686547368937239
-0.6117171827262792 4.646453306517777
-1.2129677148560667 4.526857139783561
-1.7934640330864822 4.329805192305738
-2.3432736844686186 4.058669077538771
-2.8529892734312936 3.7180880095794584
-3.313889424927494 3.3138894249274946
-3.7180880095794575 2.8529892734312945
-4.058669077538771 2.343273684468619
-4.329805192305737 1.793464033086484
-4.526857139783561 1.2129677148560685
-4.646453306517777 0.611717182726281
-4.686547368937239 5.739365234421439e-16
-4.646453306517777 -0.61171718272628
-4.526857139783561 -1.2129677148560674
-4.329805192305738 -1.7934640330864828
-4.058669077538772 -2.343273684468618
-3.7180880095794584 -2.8529892734312936
-3.313889424927496 -3.3138894249274924
-2.8529892734312945 -3.718088009579457
-2.3432736844686217 -4.058669077538769
-1.7934640330864822 -4.329805192305738
-1.2129677148560667 -4.526857139783561
-0.6117171827262793 -4.646453306517777
-8.609047851632159e-16 -4.686547368937239
0.6117171827262776 -4.6464533065177775
1.2129677148560651 -4.526857139783562
1.7934640330864806 -4.329805192305738
2.34327368446862 -4.058669077538771
2.85298927343129 -3.7180880095794606
3.3138894249274933 -3.313889424927495
3.718088009579457 -2.8529892734312945
4.058669077538769 -2.3432736844686217
4.329805192305738 -1.7934640330864824
4.52685713978356 -1.2129677148560711
4.646453306517777 -0.6117171827262795
5.012385665015048 0.0
4.969504010802918 0.6542476147927851
4.841592765159141 1.297300871504758
4.6308405249603775 1.9181569506255316
4.340853319467989 2.5061928325075233
3.976592910167592 3.051347060177387
3.544291893654383 3.5442918936543824
3.051347060177387 3.976592910167592
2.5061928325075242 4.340853319467988
1.9181569506255318 4.6308405249603775
1.297300871504758 4.841592765159141
0.6542476147927858 4.969504010802918
3.069201030376378e-16 5.012385665015048
-0.6542476147927853 4.969504010802918
-1.2973008715047574 4.841592765159141
-1.91815695062553 4.6308405249603775
-2.5061928325075224 4.340853319467989
-3.051347060177387 3.976592910167592
-3.5442918936543824 3.544291893654383
-3.9765929101675916 3.051347060177388
-4.340853319467989 2.5061928325075233
-4.6308405249603775 1.918156950625532
-4.841592765159141 1.2973008715047594
-4.969504010802918 0.6542476147927873
-5.012385665015048 6.138402060752756e-16
-4.969504010802918 -0.6542476147927861
-4.841592765159141 -1.2973008715047583
-4.6308405249603775 -1.918156950625531
-4.340853319467989 -2.5061928325075224
-3.976592910167592 -3.051347060177387
-3.5442918936543846 -3.5442918936543806
-3.051347060177388 -3.976592910167591
-2.506192832507526 -4.340853319467987
-1.91815695062553 -4.6308405249603775
-1.2973008715047574 -4.841592765159141
-0.6542476147927854 -4.969504010802918
-9.207603091129132e-16 -5.012385665015048
0.6542476147927836 -4.969504010802919
1.2973008715047558 -4.841592765159142
1.9181569506255285 -4.630840524960378
2.5061928325075242 -4.340853319467988
3.051347060177383 -3.9765929101675948
3.544291893654382 -3.5442918936543837
3.976592910167591 -3.051347060177388
4.340853319467987 -2.506192832507526
4.6308405249603775 -1.9181569506255305
4.84159276515914 -1.2973008715047623
4.969504010802918 -0.6542476147927857
5.636559110239959 0.0
5.5883375656771435 0.7357185978828638
5.444498015985707 1.45884884657622
5.207501595740728 2.1570177870353437
4.881403379400417 2.818279555119979
4.471782997857863 3.4313197786418
3.9856491694094878 3.985649169409487
3.4313197786418 4.471782997857863
2.8182795551199797 4.881403379400416
2.157017787035344 5.207501595740728
1.45884884657622 5.444498015985707
0.7357185978828645 5.5883375656771435
3.451397036280109e-16 5.636559110239959
-0.7357185978828639 5.5883375656771435
-1.4588488465762195 5.444498015985707
-2.1570177870353424 5.207501595740728
-2.818279555119978 4.881403379400417
-3.4313197786418 4.471782997857863
-3.985649169409487 3.9856491694094878
-4.471782997857863 3.4313197786418015
-4.881403379400417 2.818279555119979
-5.207501595740728 2.1570177870353446
-5.444498015985707 1.4588488465762215
-5.5883375656771435 0.7357185978828661
-5.636559110239959 6.902794072560218e-16
-5.5883375656771435 -0.7357185978828648
-5.444498015985707 -1.4588488465762204
-5.207501595740728 -2.1570177870353433
-4.8814033794004175 -2.8182795551199775
-4.471782997857863 -3.4313197786418
-3.9856491694094895 -3.985649169409485
-3.4313197786418015 -4.471782997857862
-2.818279555119982 -4.881403379400415
-2.1570177870353424 -5.207501595740728
-1.4588488465762195 -5.444498015985707
-0.735718597882864 -5.5883375656771435
-1.0354191108840328e-15 -5.636559110239959
0.735718597882862 -5.588337565677144
1.4588488465762175 -5.444498015985708
2.15701778703534 -5.2075015957407285
2.8182795551199797 -4.881403379400416
3.4313197786417957 -4.471782997857867
3.9856491694094864 -3.985649169409488
4.471782997857862 -3.4313197786418015
4.881403379400415 -2.818279555119982
5.207501595740728 -2.1570177870353424
5.444498015985706 -1.4588488465762246
5.5883375656771435 -0.7357185978828643
5.387113977211034 0.0
5.34102647034091 0.703159474500774
5.203552519750957 1.3942876954402026
4.977044342850749 2.0615592673410688
4.66537755734698 2.6935569886055166
4.273884868349975 3.2794672029998417
3.8092648243107545 3.809264824310754
3.2794672029998417 4.273884868349975
2.6935569886055175 4.665377557346979
2.0615592673410688 4.977044342850749
1.3942876954402026 5.203552519750957
0.7031594745007748 5.34102647034091
3.29865594441673e-16 5.387113977211034
-0.7031594745007741 5.34102647034091
-1.394287695440202 5.203552519750957
-2.061559267341067 4.97704434285075
-2.6935569886055157 4.66537755734698
-3.2794672029998417 4.273884868349975
-3.809264824310754 3.8092648243107545
-4.273884868349974 3.279467202999843
-4.66537755734698 2.6935569886055166
-4.977044342850749 2.061559267341069
-5.203552519750956 1.394287695440204
-5.34102647034091 0.7031594745007762
-5.387113977211034 6.59731188883346e-16
-5.34102647034091 -0.703159474500775
-5.203552519750957 -1.3942876954402028
-4.97704434285075 -2.061559267341068
-4.66537755734698 -2.6935569886055157
-4.273884868349975 -3.2794672029998417
-3.8092648243107567 -3.8092648243107523
-3.279467202999843 -4.273884868349974
-2.6935569886055193 -4.665377557346978
-2.061559267341067 -4.97704434285075
-1.394287695440202 -5.203552519750957
-0.7031594745007743 -5.34102647034091
-9.89596783325019e-16 -5.387113977211034
0.7031594745007723 -5.3410264703409105
1.3942876954402001 -5.203552519750958
2.061559267341065 -4.97704434285075
2.6935569886055175 -4.665377557346979
3.2794672029998377 -4.2738848683499775
3.8092648243107536 -3.8092648243107554
4.273884868349974 -3.279467202999843
4.665377557346978 -2.6935569886055193
4.97704434285075 -2.0615592673410674
5.203552519750956 -1.394287695440207
5.34102647034091 -0.7031594745007745
4.4139532029853115 0.0
4.376191221444259 0.5761365042231731
4.263551394794867 1.1424151531238713
4.077961021700767 1.6891467620173009
3.822595604900971 2.2069766014926553
3.5018245174775933 2.687044459426958
3.1211362416709956 3.121136241670995
2.687044459426958 3.5018245174775933
2.206976601492656 3.8225956049009704
1.689146762017301 4.077961021700767
1.1424151531238713 4.263551394794867
0.5761365042231738 4.376191221444259
2.7027668308110845e-16 4.4139532029853115
-0.5761365042231732 4.376191221444259
-1.1424151531238707 4.263551394794867
-1.6891467620172995 4.077961021700767
-2.206976601492655 3.822595604900971
-2.687044459426958 3.5018245174775933
-3.121136241670995 3.1211362416709956
-3.501824517477593 2.687044459426959
-3.822595604900971 2.2069766014926553
-4.077961021700767 1.6891467620173013
-4.263551394794866 1.1424151531238724
-4.376191221444259 0.576136504223175
-4.4139532029853115 5.405533661622169e-16
-4.376191221444259 -0.576136504223174
-4.263551394794867 -1.1424151531238715
-4.077961021700767 -1.6891467620173004
-3.8225956049009713 -2.2069766014926544
-3.5018245174775933 -2.687044459426958
-3.121136241670997 -3.1211362416709933
-2.687044459426959 -3.5018245174775924
-2.2069766014926575 -3.8225956049009695
-1.6891467620172995 -4.077961021700767
-1.1424151531238707 -4.263551394794867
-0.5761365042231733 -4.376191221444259
-8.108300492433253e-16 -4.4139532029853115
0.5761365042231718 -4.376191221444259
1.1424151531238693 -4.2635513947948676
1.6891467620172982 -4.077961021700768
2.206976601492656 -3.8225956049009704
2.6870444594269545 -3.5018245174775955
3.1211362416709942 -3.121136241670996
3.5018245174775924 -2.687044459426959
3.8225956049009695 -2.2069766014926575
4.077961021700767 -1.6891467620173
4.263551394794866 -1.1424151531238749
4.376191221444259 -0.5761365042231735
5.970664984259391 0.0
5.9195851176285155 0.7793281654169725
5.767219508415959 1.5453218098530725
5.516175174439075 2.2848745696784385
5.170747553854848 2.985332492129695
4.736847009022102 3.6347105479500774
4.221897698562887 4.221897698562886
3.6347105479500774 4.736847009022102
2.9853324921296958 5.170747553854848
2.2848745696784385 5.516175174439075
1.5453218098530725 5.767219508415959
0.7793281654169733 5.9195851176285155
3.6559778808772225e-16 5.970664984259391
-0.7793281654169726 5.9195851176285155
-1.5453218098530719 5.767219508415959
-2.2848745696784367 5.516175174439075
-2.985332492129694 5.170747553854848
-3.6347105479500774 4.736847009022102
-4.221897698562886 4.221897698562887
-4.736847009022102 3.6347105479500788
-5.170747553854848 2.985332492129695
-5.516175174439075 2.284874569678439
-5.767219508415958 1.545321809853074
-5.9195851176285155 0.7793281654169749
-5.970664984259391 7.311955761754445e-16
-5.9195851176285155 -0.7793281654169736
-5.767219508415959 -1.5453218098530728
-5.516175174439075 -2.2848745696784376
-5.170747553854849 -2.9853324921296935
-4.736847009022102 -3.6347105479500774
-4.221897698562889 -4.221897698562884
-3.6347105479500788 -4.736847009022101
-2.985332492129698 -5.170747553854846
-2.2848745696784367 -5.516175174439075
-1.5453218098530719 -5.767219508415959
-0.7793281654169728 -5.9195851176285155
-1.0967933642631666e-15 -5.970664984259391
0.7793281654169706 -5.919585117628516
1.5453218098530699 -5.76721950841596
2.2848745696784345 -5.516175174439076
2.9853324921296958 -5.170747553854848
3.6347105479500725 -4.736847009022106
4.221897698562885 -4.221897698562887
4.736847009022101 -3.6347105479500788
5.170747553854846 -2.985332492129698
5.516175174439075 -2.284874569678437
5.767219508415957 -1.5453218098530774
5.9195851176285155 -0.7793281654169731
6.170129561302525 0.0
6.117343247564031 0.8053635171411958
5.959887494811747 1.5969470412151547
5.700456414630247 2.3612063586565557
5.34348894472932 3.085064780651262
4.895092897489051 3.7561368889074758
4.362940453596593 4.362940453596592
3.7561368889074758 4.895092897489051
3.085064780651263 5.3434889447293195
2.361206358656556 5.700456414630247
1.5969470412151547 5.959887494811747
0.8053635171411967 6.117343247564031
3.7781147087867997e-16 6.170129561302525
-0.805363517141196 6.117343247564031
-1.5969470412151539 5.959887494811747
-2.361206358656554 5.700456414630248
-3.085064780651261 5.34348894472932
-3.7561368889074758 4.895092897489051
-4.362940453596592 4.362940453596593
-4.895092897489051 3.756136888907477
-5.34348894472932 3.085064780651262
-5.700456414630247 2.3612063586565566
-5.959887494811747 1.5969470412151563
-6.117343247564031 0.8053635171411984
-6.170129561302525 7.556229417573599e-16
-6.117343247564031 -0.805363517141197
-5.959887494811747 -1.596947041215155
-5.700456414630248 -2.3612063586565553
-5.343488944729321 -3.0850647806512606
-4.895092897489051 -3.7561368889074758
-4.362940453596595 -4.3629404535965906
-3.756136888907477 -4.89509289748905
-3.085064780651265 -5.343488944729319
-2.361206358656554 -5.700456414630248
-1.5969470412151539 -5.959887494811747
-0.8053635171411961 -6.117343247564031
-1.1334344126360398e-15 -6.170129561302525
0.8053635171411939 -6.1173432475640315
1.5969470412151519 -5.959887494811748
2.361206358656552 -5.700456414630248
3.085064780651263 -5.3434889447293195
3.756136888907471 -4.895092897489055
4.362940453596591 -4.362940453596594
4.89509289748905 -3.756136888907477
5.343488944729319 -3.085064780651265
5.700456414630248 -2.3612063586565544
5.959887494811746 -1.5969470412151598
6.117343247564031 -0.8053635171411965
5.215526689985887 0.0
5.170907136144465 0.6807628392659072
5.037811927557307 1.349877637608858
4.818518360144299 1.9958956553155347
4.516778607643545 2.607763344992943
4.137755520878392 3.1750114808289314
3.687934289948449 3.6879342899484486
3.1750114808289314 4.137755520878392
2.607763344992944 4.516778607643544
1.995895655315535 4.818518360144299
1.349877637608858 5.037811927557307
0.6807628392659079 5.170907136144465
3.193589033379403e-16 5.215526689985887
-0.6807628392659073 5.170907136144465
-1.3498776376088573 5.037811927557307
-1.9958956553155331 4.8185183601443
-2.607763344992942 4.516778607643545
-3.1750114808289314 4.137755520878392
-3.6879342899484486 3.687934289948449
-4.137755520878392 3.1750114808289323
-4.516778607643545 2.607763344992943
-4.818518360144299 1.9958956553155351
-5.037811927557306 1.3498776376088595
-5.170907136144465 0.6807628392659093
-5.215526689985887 6.387178066758806e-16
-5.170907136144465 -0.6807628392659082
-5.037811927557307 -1.3498776376088581
-4.8185183601443 -1.995895655315534
-4.516778607643546 -2.607763344992942
-4.137755520878392 -3.1750114808289314
-3.687934289948451 -3.687934289948447
-3.1750114808289323 -4.137755520878391
-2.6077633449929456 -4.516778607643543
-1.9958956553155331 -4.8185183601443
-1.3498776376088573 -5.037811927557307
-0.6807628392659075 -5.170907136144465
-9.580767100138208e-16 -5.215526689985887
0.6807628392659056 -5.170907136144466
1.3498776376088557 -5.037811927557308
1.9958956553155316 -4.818518360144301
2.607763344992944 -4.516778607643544
3.1750114808289274 -4.137755520878396
3.687934289948448 -3.68793428994845
4.137755520878391 -3.1750114808289323
4.516778607643543 -2.6077633449929456
4.8185183601443 -1.9958956553155336
5.037811927557306 -1.3498776376088624
5.170907136144465 -0.6807628392659077
6.370618682897576 0.0
6.316117156930794 0.8315325987645408
6.1535451152504175 1.648837444219829
5.885684210563082 2.437930223860412
5.517117617213063 3.1853093414487876
5.054151611798541 3.878186933070382
4.504707671030588 4.504707671030587
3.878186933070382 5.054151611798541
3.185309341448789 5.517117617213062
2.437930223860412 5.885684210563082
1.648837444219829 6.1535451152504175
0.8315325987645417 6.316117156930794
3.900878889299422e-16 6.370618682897576
-0.831532598764541 6.316117156930794
-1.6488374442198284 6.1535451152504175
-2.4379302238604104 5.885684210563083
-3.1853093414487867 5.517117617213063
-3.878186933070382 5.054151611798541
-4.504707671030587 4.504707671030588
-5.054151611798541 3.8781869330703835
-5.517117617213063 3.1853093414487876
-5.885684210563082 2.4379302238604126
-6.153545115250417 1.6488374442198308
-6.316117156930794 0.8315325987645434
-6.370618682897576 7.801757778598844e-16
-6.316117156930794 -0.831532598764542
-6.1535451152504175 -1.6488374442198295
-5.885684210563083 -2.4379302238604112
-5.517117617213064 -3.1853093414487863
-5.054151611798541 -3.878186933070382
-4.50470767103059 -4.504707671030586
-3.8781869330703835 -5.05415161179854
-3.1853093414487907 -5.51711761721306
-2.4379302238604104 -5.885684210563083
-1.6488374442198284 -6.1535451152504175
-0.8315325987645411 -6.316117156930794
-1.1702636667898265e-15 -6.370618682897576
0.8315325987645389 -6.316117156930795
1.6488374442198261 -6.153545115250418
2.437930223860408 -5.885684210563083
3.185309341448789 -5.517117617213062
3.8781869330703773 -5.054151611798544
4.5047076710305864 -4.504707671030589
5.05415161179854 -3.8781869330703835
5.51711761721306 -3.1853093414487907
5.885684210563083 -2.4379302238604104
6.153545115250416 -1.6488374442198344
6.316117156930794 -0.8315325987645416
5.822396752438748 0.0
5.772585341084959 0.7599752776902241
5.624003394082186 1.5069471676742145
5.379193189738345 2.2281347738146122
5.042343498523971 2.9111983762193736
4.6192179120481205 3.5444505672703466
4.117056226407971 4.11705622640797
3.5444505672703466 4.6192179120481205
2.9111983762193745 5.042343498523971
2.2281347738146122 5.379193189738345
1.5069471676742145 5.624003394082186
0.7599752776902249 5.772585341084959
3.5651897731200287e-16 5.822396752438748
-0.7599752776902242 5.772585341084959
-1.5069471676742139 5.624003394082186
-2.2281347738146104 5.379193189738345
-2.9111983762193727 5.042343498523971
-3.5444505672703466 4.6192179120481205
-4.11705622640797 4.117056226407971
-4.61921791204812 3.544450567270348
-5.042343498523971 2.9111983762193736
-5.379193189738345 2.2281347738146127
-5.624003394082185 1.5069471676742163
-5.772585341084959 0.7599752776902265
-5.822396752438748 7.130379546240057e-16
-5.772585341084959 -0.7599752776902252
-5.624003394082186 -1.506947167674215
-5.379193189738345 -2.2281347738146113
-5.042343498523972 -2.9111983762193723
-4.6192179120481205 -3.5444505672703466
-4.117056226407973 -4.117056226407969
-3.544450567270348 -4.61921791204812
-2.9111983762193767 -5.0423434985239695
-2.2281347738146104 -5.379193189738345
-1.5069471676742139 -5.624003394082186
-0.7599752776902244 -5.772585341084959
-1.0695569319360086e-15 -5.822396752438748
0.7599752776902223 -5.772585341084959
1.506947167674212 -5.6240033940821865
2.2281347738146087 -5.379193189738346
2.9111983762193745 -5.042343498523971
3.544450567270342 -4.619217912048124
4.1170562264079695 -4.117056226407971
4.61921791204812 -3.544450567270348
5.0423434985239695 -2.9111983762193767
5.379193189738345 -2.228134773814611
5.624003394082185 -1.5069471676742194
5.772585341084959 -0.7599752776902248
1.0 0.5 0.4 0.32000000000000006 0.25600000000000006 0.20480000000000007 0.16384000000000007 0.13107200000000005 0.10485760000000005 0.08388608000000004 0.06710886400000003 0.05368709120000003 0.042949672960000025 0.03435973836800002 0.027487790694400018 