0.0 0.0
2.8352709640580627 0.0
2.8292004312846557 0.18543559326476178
2.811014827917736 0.37007712285057365
2.7807920275028244 0.5531339253810659
2.7386614487111873 0.7338221235244112
2.6848035011492146 0.9113679826764032
2.6194488128167883 1.0850112242108165
2.542877242522783 1.2540082811092055
2.4554166814866787 1.4176354820290311
2.3574416492580212 1.57519215017545
2.2493716899662144 1.7260036037069193
2.1316695757681483 1.8694240448264212
2.004839325186776 2.004839325186776
1.8694240448264212 2.1316695757681483
1.7260036037069193 2.2493716899662144
1.5751921501754507 2.357441649258021
1.4176354820290316 2.4554166814866782
1.2540082811092055 2.542877242522783
1.0850112242108167 2.6194488128167883
0.9113679826764034 2.684803501149214
0.7338221235244112 2.7386614487111873
0.5531339253810661 2.7807920275028244
0.37007712285057404 2.811014827917736
0.18543559326476236 2.8292004312846557
1.7361027554245685e-16 2.8352709640580627
-0.185435593264762 2.8292004312846557
-0.3700771228505737 2.811014827917736
-0.5531339253810656 2.7807920275028244
-0.7338221235244109 2.7386614487111873
-0.9113679826764032 2.6848035011492146
-1.0850112242108156 2.6194488128167883
-1.2540082811092053 2.542877242522783
-1.4176354820290307 2.4554166814866787
-1.5751921501754502 2.357441649258021
-1.7260036037069193 2.2493716899662144
-1.8694240448264212 2.1316695757681483
-2.004839325186776 2.004839325186776
-2.1316695757681483 1.8694240448264217
-2.2493716899662144 1.72600360370692
-2.3574416492580204 1.575192150175451
-2.4554166814866787 1.4176354820290311
-2.5428772425227826 1.2540082811092068
-2.6194488128167883 1.0850112242108167
-2.684803501149214 0.9113679826764036
-2.7386614487111873 0.733822123524412
-2.7807920275028244 0.5531339253810655
-2.811014827917736 0.3700771228505748
-2.8292004312846557 0.18543559326476194
-2.8352709640580627 3.472205510849137e-16
-2.8292004312846557 -0.18543559326476122
-2.811014827917736 -0.37007712285057415
-2.780792027502825 -0.5531339253810649
-2.7386614487111873 -0.7338221235244113
-2.6848035011492146 -0.911367982676403
-2.6194488128167883 -1.0850112242108163
-2.5428772425227826 -1.2540082811092061
-2.4554166814866787 -1.4176354820290304
-2.3574416492580217 -1.5751921501754493
-2.2493716899662144 -1.7260036037069193
-2.1316695757681487 -1.8694240448264212
-2.004839325186777 -2.004839325186775
-1.8694240448264219 -2.1316695757681483
-1.72600360370692 -2.249371689966214
-1.57519215017545 -2.3574416492580212
-1.4176354820290327 -2.455416681486678
-1.2540082811092057 -2.5428772425227826
-1.0850112242108156 -2.6194488128167883
-0.9113679826764037 -2.684803501149214
-0.7338221235244109 -2.7386614487111873
-0.553133925381067 -2.780792027502824
-0.37007712285057376 -2.811014827917736
-0.18543559326476083 -2.8292004312846557
-5.208308266273705e-16 -2.8352709640580627
0.1854355932647598 -2.829200431284656
0.37007712285057276 -2.811014827917736
0.553133925381066 -2.7807920275028244
0.7338221235244099 -2.7386614487111878
0.9113679826764028 -2.6848035011492146
1.0850112242108148 -2.6194488128167888
1.2540082811092048 -2.5428772425227835
1.4176354820290316 -2.4554166814866782
1.5751921501754491 -2.3574416492580217
1.726003603706917 -2.249371689966216
1.8694240448264219 -2.131669575768148
2.0048393251867758 -2.0048393251867767
2.1316695757681487 -1.869424044826421
2.249371689966214 -1.72600360370692
2.35744164925802 -1.5751921501754522
2.455416681486678 -1.4176354820290327
2.5428772425227826 -1.254008281109206
2.6194488128167883 -1.0850112242108159
2.684803501149214 -0.911367982676404
2.738661448711187 -0.7338221235244136
2.780792027502824 -0.5531339253810672
2.811014827917736 -0.3700771228505739
2.8292004312846557 -0.18543559326476103
4.328423752036894 0.0
4.319156264527931 0.28309245801728966
4.291393486805327 0.5649726706682044
4.245254303345508 0.8444335836071357
4.180936289215466 1.120278502301259
4.098714864025987 1.3913262164602436
3.9989421125425952 1.6564160581600589
3.8820452770045346 1.9144128720012128
3.7485249276079062 2.1642118760184466
3.5989528189872444 2.404743392526718
3.4339694418743907 2.634977428645268
3.2542812804188515 2.853928086885264
3.060657786914207 3.0606577869142066
2.853928086885264 3.2542812804188515
2.634977428645268 3.4339694418743907
2.404743392526719 3.598952818987244
2.1642118760184474 3.748524927607906
1.9144128720012128 3.8820452770045346
1.656416058160059 3.9989421125425952
1.3913262164602442 4.098714864025987
1.120278502301259 4.180936289215466
0.844433583607136 4.245254303345508
0.5649726706682051 4.291393486805327
0.2830924580172906 4.319156264527931
2.6503951466426795e-16 4.328423752036894
-0.28309245801729005 4.319156264527931
-0.5649726706682046 4.291393486805327
-0.8444335836071355 4.245254303345508
-1.1202785023012585 4.180936289215466
-1.3913262164602436 4.098714864025987
-1.6564160581600578 3.9989421125425957
-1.9144128720012124 3.8820452770045346
-2.164211876018446 3.7485249276079062
-2.4047433925267185 3.598952818987244
-2.634977428645268 3.4339694418743907
-2.853928086885264 3.2542812804188515
-3.0606577869142066 3.060657786914207
-3.254281280418851 2.8539280868852646
-3.4339694418743902 2.6349774286452687
-3.5989528189872435 2.4047433925267194
-3.7485249276079062 2.1642118760184466
-3.8820452770045333 1.9144128720012148
-3.9989421125425952 1.6564160581600593
-4.098714864025987 1.3913262164602445
-4.180936289215466 1.12027850230126
-4.245254303345508 0.8444335836071354
-4.291393486805327 0.5649726706682062
-4.319156264527931 0.28309245801728994
-4.328423752036894 5.300790293285359e-16
-4.319156264527931 -0.28309245801728883
-4.291393486805327 -0.5649726706682053
-4.245254303345508 -0.8444335836071343
-4.180936289215466 -1.1202785023012591
-4.098714864025987 -1.3913262164602433
-3.9989421125425957 -1.6564160581600584
-3.882045277004534 -1.914412872001214
-3.7485249276079067 -2.1642118760184457
-3.5989528189872453 -2.404743392526717
-3.4339694418743907 -2.634977428645268
-3.254281280418852 -2.853928086885264
-3.060657786914209 -3.0606577869142053
-2.853928086885265 -3.254281280418851
-2.6349774286452687 -3.43396944187439
-2.404743392526718 -3.5989528189872444
-2.1642118760184488 -3.748524927607905
-1.9144128720012135 -3.882045277004534
-1.6564160581600578 -3.9989421125425957
-1.3913262164602447 -4.098714864025987
-1.1202785023012585 -4.180936289215466
-0.8444335836071375 -4.245254303345507
-0.5649726706682047 -4.291393486805327
-0.2830924580172882 -4.319156264527931
-7.9511854399280385e-16 -4.328423752036894
0.28309245801728666 -4.3191562645279316
0.5649726706682031 -4.291393486805327
0.8444335836071359 -4.245254303345508
1.120278502301257 -4.180936289215467
1.3913262164602431 -4.098714864025987
1.6564160581600562 -3.998942112542596
1.914412872001212 -3.882045277004535
2.1642118760184474 -3.748524927607906
2.4047433925267163 -3.5989528189872453
2.6349774286452647 -3.4339694418743933
2.853928086885265 -3.2542812804188506
3.060657786914206 -3.0606577869142075
3.254281280418852 -2.8539280868852637
3.43396944187439 -2.6349774286452687
3.5989528189872426 -2.404743392526721
3.748524927607905 -2.1642118760184488
3.882045277004534 -1.9144128720012137
3.9989421125425957 -1.656416058160058
4.098714864025987 -1.391326216460245
4.180936289215465 -1.1202785023012625
4.245254303345507 -0.8444335836071377
4.291393486805327 -0.564972670668205
4.319156264527931 -0.28309245801728855
5.500345784855497 0.0
5.488569122315898 0.35973982617737676
5.453289564174081 0.7179391911907991
5.394658182914226 1.0730642303675126
5.31292604711214 1.423594243769975
5.208443146321075 1.7680282080664498
5.081656892362723 2.1048912041433554
4.9331102034411165 2.432740732935342
4.763439179283518 2.750172892427748
4.573370377263739 3.0558283893805553
4.363717701171924 3.3483983600307257
4.135378915953562 3.6266299748477757
3.8893318033421655 3.8893318033421647
3.6266299748477757 4.135378915953562
3.3483983600307257 4.363717701171924
3.0558283893805567 4.573370377263738
2.750172892427749 4.763439179283517
2.432740732935342 4.9331102034411165
2.104891204143356 5.081656892362723
1.7680282080664502 5.208443146321074
1.423594243769975 5.31292604711214
1.073064230367513 5.394658182914226
0.7179391911907999 5.453289564174081
0.3597398261773779 5.488569122315898
3.3679904298134606e-16 5.500345784855497
-0.3597398261773772 5.488569122315898
-0.7179391911907992 5.453289564174081
-1.0730642303675124 5.394658182914226
-1.4235942437699742 5.31292604711214
-1.7680282080664498 5.208443146321075
-2.104891204143354 5.081656892362724
-2.4327407329353417 4.9331102034411165
-2.7501728924277473 4.763439179283518
-3.055828389380556 4.573370377263738
-3.3483983600307257 4.363717701171924
-3.6266299748477757 4.135378915953562
-3.8893318033421647 3.8893318033421655
-4.135378915953561 3.626629974847776
-4.3637177011719235 3.348398360030727
-4.573370377263738 3.055828389380557
-4.763439179283518 2.750172892427748
-4.933110203441115 2.4327407329353448
-5.081656892362723 2.104891204143356
-5.208443146321074 1.7680282080664507
-5.31292604711214 1.4235942437699762
-5.394658182914226 1.0730642303675122
-5.453289564174081 0.7179391911908014
-5.488569122315898 0.35973982617737704
-5.500345784855497 6.735980859626921e-16
-5.488569122315898 -0.3597398261773757
-5.453289564174081 -0.7179391911908002
-5.394658182914226 -1.0730642303675109
-5.31292604711214 -1.4235942437699751
-5.208443146321075 -1.7680282080664493
-5.081656892362724 -2.104891204143355
-4.933110203441116 -2.4327407329353434
-4.763439179283518 -2.7501728924277473
-4.573370377263741 -3.055828389380554
-4.363717701171924 -3.3483983600307257
-4.135378915953562 -3.6266299748477757
-3.8893318033421673 -3.889331803342163
-3.626629974847777 -4.135378915953561
-3.348398360030727 -4.3637177011719235
-3.0558283893805553 -4.573370377263739
-2.7501728924277513 -4.763439179283516
-2.432740732935343 -4.933110203441116
-2.104891204143354 -5.081656892362724
-1.768028208066451 -5.208443146321074
-1.4235942437699742 -5.31292604711214
-1.0730642303675149 -5.394658182914225
-0.7179391911907994 -5.453289564174081
-0.35973982617737493 -5.488569122315898
-1.010397128944038e-15 -5.500345784855497
0.35973982617737293 -5.488569122315899
0.7179391911907974 -5.4532895641740815
1.0730642303675129 -5.394658182914226
1.4235942437699725 -5.312926047112141
1.7680282080664491 -5.208443146321075
2.104891204143352 -5.081656892362725
2.432740732935341 -4.933110203441117
2.750172892427749 -4.763439179283517
3.0558283893805536 -4.573370377263741
3.348398360030721 -4.363717701171927
3.626629974847777 -4.13537891595356
3.889331803342164 -3.889331803342166
4.135378915953562 -3.6266299748477753
4.3637177011719235 -3.348398360030727
4.573370377263736 -3.0558283893805593
4.763439179283516 -2.7501728924277513
4.933110203441116 -2.4327407329353434
5.081656892362724 -2.104891204143354
5.208443146321074 -1.7680282080664513
5.312926047112139 -1.4235942437699793
5.394658182914225 -1.0730642303675153
5.453289564174081 -0.7179391911907997
5.488569122315898 -0.3597398261773753
1.0 0.5 0.4 0.32000000000000006 