0.0 0.0
1.4704329813549688 0.0
1.4108701137811097 0.41426884350110166
1.237006940356354 0.7949760890534218
0.9629288213874686 1.1112790997754807
0.610839936067977 1.3375528868650135
0.20926443193323685 1.4554660937940538
-0.20926443193323668 1.455466093794054
-0.6108399360679768 1.3375528868650137
-0.9629288213874684 1.1112790997754807
-1.2370069403563537 0.7949760890534221
-1.4108701137811097 0.41426884350110166
-1.4704329813549688 8.330795252251062e-16
-1.41087011378111 -0.4142688435011012
-1.237006940356354 -0.7949760890534218
-0.9629288213874687 -1.1112790997754805
-0.610839936067978 -1.337552886865013
-0.20926443193323702 -1.4554660937940538
0.2092644319332365 -1.455466093794054
0.6108399360679764 -1.337552886865014
0.9629288213874678 -1.1112790997754813
1.237006940356354 -0.7949760890534217
1.4108701137811097 -0.4142688435011018
2.3999561591417837 0.0
2.302741071679378 0.6761457850223518
2.0189715975179783 1.29751425973601
1.571637051812096 1.8137658457402837
0.9969778190538415 2.1830769098035065
0.34154937265123747 2.3755280658927456
-0.3415493726512372 2.3755280658927456
-0.9969778190538412 2.183076909803507
-1.5716370518120957 1.8137658457402837
-2.018971597517978 1.2975142597360108
-2.302741071679378 0.6761457850223518
-2.3999561591417837 1.359704497226762e-15
-2.302741071679378 -0.6761457850223511
-2.0189715975179783 -1.29751425973601
-1.5716370518120961 -1.8137658457402832
-0.9969778190538432 -2.1830769098035057
-0.34154937265123775 -2.3755280658927456
0.34154937265123686 -2.3755280658927456
0.9969778190538405 -2.183076909803507
1.5716370518120946 -1.8137658457402845
2.0189715975179783 -1.2975142597360099
2.302741071679378 -0.6761457850223521
3.0670167344706307 0.0
2.942781006682651 0.864078466477863
2.580138663125771 1.6581544344741992
2.0084688297579087 2.3178965916135663
1.2740847966271203 2.789856551962219
0.43648199054764686 3.0357989263866694
-0.4364819905476465 3.03579892638667
-1.27408479662712 2.789856551962219
-2.0084688297579083 2.3178965916135663
-2.5801386631257706 1.6581544344741999
-2.942781006682651 0.864078466477863
-3.0670167344706307 1.7376302608880643e-15
-2.942781006682651 -0.8640784664778621
-2.580138663125771 -1.6581544344741992
-2.008468829757909 -2.317896591613566
-1.2740847966271225 -2.7898565519622176
-0.4364819905476472 -3.0357989263866694
0.4364819905476461 -3.03579892638667
1.2740847966271192 -2.7898565519622194
2.008468829757907 -2.3178965916135676
2.580138663125771 -1.6581544344741987
2.942781006682651 -0.8640784664778633
3.6640492757552194 0.0
3.515629535064421 1.0322819708515065
3.0823943976966093 1.980934595641892
2.3994419979327533 2.7691036805650353
1.522101077527407 3.332936453782498
0.5214485801044515 3.6267545372508185
-0.521448580104451 3.626754537250819
-1.5221010775274066 3.3329364537824984
-2.399441997932753 2.7691036805650353
-3.082394397696609 1.980934595641893
-3.515629535064421 1.0322819708515065
-3.6640492757552194 2.0758813694690105e-15
-3.5156295350644213 -1.0322819708515056
-3.0823943976966093 -1.980934595641892
-2.3994419979327537 -2.769103680565035
-1.5221010775274098 -3.3329364537824966
-0.5214485801044519 -3.6267545372508185
0.5214485801044506 -3.626754537250819
1.5221010775274055 -3.332936453782499
2.3994419979327515 -2.769103680565037
3.0823943976966093 -1.9809345956418916
3.515629535064421 -1.032281970851507
1.0 0.5 0.4 0.32000000000000006 0.25600000000000006 