0.0 0.0
1.9906673251296527 0.0
1.9772071448223227 0.23110237082817855
1.937008629748267 0.4590794785432991
1.8706153958639575 0.6808483238545694
1.778925297761156 0.893409863570035
1.663178286723818 1.0938895675109404
1.5249396425140904 1.2795762916011864
1.3660788056487436 1.4479589414400356
1.1887440964231757 1.5967604305461398
0.9953336625648266 1.7239684740458958
0.7884630483991472 1.8278628013743183
0.5709298240995235 1.9070384199833348
0.34567575334986705 1.9604246154557559
0.11574701103733792 1.9872994310809755
-0.1157470110373381 1.9872994310809755
-0.3456757533498664 1.960424615455756
-0.5709298240995233 1.9070384199833348
-0.7884630483991469 1.8278628013743183
-0.9953336625648259 1.723968474045896
-1.1887440964231752 1.5967604305461403
-1.3660788056487434 1.447958941440036
-1.5249396425140909 1.2795762916011861
-1.6631782867238176 1.0938895675109408
-1.7789252977611558 0.8934098635700354
-1.8706153958639573 0.6808483238545697
-1.937008629748267 0.45907947854329945
-1.9772071448223227 0.23110237082817792
-1.9906673251296527 2.4378643678872525e-16
-1.9772071448223227 -0.23110237082817833
-1.937008629748267 -0.45907947854329895
-1.8706153958639578 -0.6808483238545684
-1.778925297761156 -0.8934098635700349
-1.663178286723818 -1.0938895675109404
-1.5249396425140904 -1.2795762916011864
-1.3660788056487436 -1.4479589414400356
-1.1887440964231757 -1.5967604305461398
-0.9953336625648272 -1.7239684740458954
-0.788463048399147 -1.8278628013743183
-0.5709298240995241 -1.9070384199833346
-0.3456757533498669 -1.9604246154557559
-0.11574701103733903 -1.9872994310809755
0.11574701103733653 -1.9872994310809757
0.3456757533498679 -1.9604246154557559
0.5709298240995235 -1.9070384199833348
0.7884630483991464 -1.8278628013743186
0.9953336625648266 -1.7239684740458958
1.188744096423175 -1.5967604305461403
1.3660788056487438 -1.4479589414400356
1.52493964251409 -1.279576291601187
1.6631782867238172 -1.0938895675109417
1.7789252977611558 -0.8934098635700356
1.8706153958639569 -0.6808483238545708
1.9370086297482674 -0.45907947854329795
1.9772071448223227 -0.23110237082817817
3.049440364560064 0.0
3.02882113972763 0.3540184183728823
2.9672423048742385 0.7032493449501633
2.8655366081037825 1.0429700305499126
2.725079444490599 1.3685863356847552
2.5477702562205553 1.6756948584172668
2.3360068458939476 1.9601424828172125
2.0926529503587266 2.2180825427298987
1.8209995135823187 2.446026841337023
1.5247201822800325 2.640892823034695
1.2078216261453114 2.8000452597099055
0.8745893545155121 2.9213318876800622
0.529529762209835 3.003112513367125
0.1773091882700435 3.0442811941020222
-0.1773091882700438 3.0442811941020222
-0.529529762209834 3.0031125133671255
-0.8745893545155118 2.9213318876800622
-1.2078216261453112 2.8000452597099055
-1.5247201822800314 2.6408928230346955
-1.820999513582318 2.446026841337024
-2.092652950358726 2.2180825427298996
-2.3360068458939485 1.960142482817212
-2.5477702562205544 1.6756948584172675
-2.7250794444905986 1.3685863356847559
-2.865536608103782 1.042970030549913
-2.9672423048742385 0.7032493449501639
-3.02882113972763 0.35401841837288134
-3.049440364560064 3.7344873816492205e-16
-3.02882113972763 -0.35401841837288195
-2.9672423048742385 -0.7032493449501631
-2.865536608103783 -1.042970030549911
-2.725079444490599 -1.368586335684755
-2.5477702562205553 -1.6756948584172668
-2.3360068458939476 -1.9601424828172125
-2.0926529503587266 -2.2180825427298987
-1.8209995135823187 -2.446026841337023
-1.5247201822800334 -2.6408928230346946
-1.2078216261453114 -2.8000452597099055
-0.8745893545155131 -2.9213318876800622
-0.5295297622098348 -3.003112513367125
-0.17730918827004521 -3.0442811941020222
0.17730918827004138 -3.0442811941020227
0.5295297622098363 -3.003112513367125
0.8745893545155121 -2.9213318876800622
1.2078216261453103 -2.800045259709906
1.5247201822800325 -2.640892823034695
1.8209995135823178 -2.446026841337024
2.092652950358727 -2.2180825427298987
2.3360068458939467 -1.9601424828172134
2.5477702562205535 -1.675694858417269
2.7250794444905986 -1.368586335684756
2.8655366081037816 -1.0429700305499148
2.967242304874239 -0.7032493449501616
3.02882113972763 -0.3540184183728817
3.7683901717571153 0.0
3.742909665526916 0.4374833966001604
3.666812726971682 0.8690505807570208
3.5411284366423033 1.28886534665141
3.3675564589561082 1.6912504197600722
3.148444057151372 2.0707642322543216
2.8867543505787094 2.4222745108700034
2.586026243595041 2.7410276820990593
2.2503265679530995 3.022713156116545
1.884195085878558 3.2635216201132655
1.4925830975738166 3.4601965527167056
1.0807864833766416 3.6100782628560806
0.6543740860635939 3.711139857521413
0.2191124018047355 3.762014652014394
-0.21911240180473587 3.762014652014394
-0.6543740860635927 3.7111398575214136
-1.0807864833766412 3.6100782628560806
-1.4925830975738161 3.4601965527167056
-1.8841950858785568 3.263521620113266
-2.2503265679530986 3.022713156116546
-2.5860262435950405 2.74102768209906
-2.8867543505787103 2.422274510870003
-3.148444057151371 2.0707642322543225
-3.367556458956108 1.6912504197600728
-3.541128436642303 1.2888653466514106
-3.666812726971682 0.8690505807570215
-3.742909665526916 0.4374833966001592
-3.7683901717571153 4.614946961780696e-16
-3.742909665526916 -0.43748339660016
-3.666812726971682 -0.8690505807570205
-3.5411284366423037 -1.288865346651408
-3.3675564589561082 -1.691250419760072
-3.148444057151372 -2.0707642322543216
-2.8867543505787094 -2.4222745108700034
-2.586026243595041 -2.7410276820990593
-2.2503265679530995 -3.022713156116545
-1.8841950858785594 -3.263521620113265
-1.4925830975738164 -3.4601965527167056
-1.0807864833766427 -3.61007826285608
-0.6543740860635937 -3.711139857521413
-0.21911240180473765 -3.762014652014394
0.2191124018047329 -3.7620146520143942
0.6543740860635956 -3.711139857521413
1.0807864833766416 -3.6100782628560806
1.492583097573815 -3.460196552716706
1.884195085878558 -3.2635216201132655
2.250326567953098 -3.022713156116546
2.5860262435950414 -2.7410276820990593
2.8867543505787086 -2.4222745108700043
3.1484440571513703 -2.0707642322543243
3.367556458956108 -1.6912504197600733
3.541128436642302 -1.2888653466514126
3.666812726971683 -0.8690505807570186
3.742909665526916 -0.43748339660015967
4.306108682566475 0.0
4.276992316130648 0.4999087054990981
4.190036965730552 0.9930570033416496
4.046418553309847 1.4727759087872925
3.8480792715214496 1.9325780465899263
3.5977013189037077 2.3662453816189286
3.2986706277464317 2.7679133071173574
2.9550310751651927 3.1321499534477
2.5714297966005364 3.4540296448104364
2.153054341283238 3.729199510559309
1.7055625195301116 3.9539383503095347
1.2350058905653594 4.12520695678935
0.747747925563415 4.24068921590465
0.25037795261774154 4.298823428208855
-0.25037795261774193 4.298823428208855
-0.7477479255634135 4.24068921590465
-1.235005890565359 4.12520695678935
-1.7055625195301112 3.9539383503095347
-2.153054341283237 3.7291995105593094
-2.5714297966005355 3.4540296448104373
-2.9550310751651923 3.132149953447701
-3.2986706277464326 2.767913307117357
-3.597701318903707 2.3662453816189295
-3.848079271521449 1.932578046589927
-4.046418553309846 1.4727759087872931
-4.190036965730552 0.9930570033416504
-4.276992316130648 0.4999087054990968
-4.306108682566475 5.27346221488566e-16
-4.276992316130648 -0.49990870549909766
-4.190036965730552 -0.9930570033416493
-4.046418553309847 -1.4727759087872903
-3.8480792715214496 -1.932578046589926
-3.5977013189037077 -2.3662453816189286
-3.2986706277464317 -2.7679133071173574
-2.9550310751651927 -3.1321499534477
-2.5714297966005364 -3.4540296448104364
-2.1530543412832395 -3.7291995105593077
-1.7055625195301114 -3.9539383503095347
-1.235005890565361 -4.1252069567893495
-0.7477479255634146 -4.24068921590465
-0.2503779526177439 -4.298823428208855
0.25037795261773854 -4.2988234282088555
0.7477479255634167 -4.24068921590465
1.2350058905653594 -4.12520695678935
1.70556251953011 -3.953938350309535
2.153054341283238 -3.729199510559309
2.571429796600535 -3.4540296448104373
2.955031075165193 -3.1321499534477
3.298670627746431 -2.7679133071173587
3.597701318903706 -2.3662453816189317
3.848079271521449 -1.9325780465899276
4.046418553309845 -1.4727759087872956
4.1900369657305525 -0.993057003341647
4.276992316130648 -0.4999087054990973
4.729856677965505 0.0
4.69787507917722 0.5491028451396961
4.6023627790720605 1.0907800162759602
4.444611417659136 1.6177062589076332
4.2267543114816375 2.1227557995366
3.951737604170262 2.599098709530202
3.6232804249046646 3.040293268189362
3.2458245935714154 3.4403730759703715
2.8244745527698996 3.7939277398034554
2.364928338982753 4.0961760393776
1.873400526407321 4.343030584943151
1.3565381855006453 4.531153092246332
0.8213309927544713 4.657999527096996
0.2750167073113751 4.721854509066802
-0.2750167073113756 4.721854509066802
-0.8213309927544697 4.6579995270969965
-1.3565381855006446 4.531153092246332
-1.8734005264073206 4.343030584943151
-2.3649283389827516 4.0961760393776006
-2.8244745527698987 3.7939277398034568
-3.245824593571415 3.440373075970373
-3.6232804249046655 3.0402932681893615
-3.951737604170261 2.599098709530203
-4.2267543114816375 2.1227557995366007
-4.444611417659135 1.617706258907634
-4.6023627790720605 1.090780016275961
-4.69787507917722 0.5491028451396947
-4.729856677965505 5.792403841096189e-16
-4.69787507917722 -0.5491028451396955
-4.6023627790720605 -1.09078001627596
-4.444611417659137 -1.617706258907631
-4.2267543114816375 -2.1227557995365998
-3.951737604170262 -2.599098709530202
-3.6232804249046646 -3.040293268189362
-3.2458245935714154 -3.4403730759703715
-2.8244745527698996 -3.7939277398034554
-2.3649283389827547 -4.096176039377599
-1.8734005264073208 -4.343030584943151
-1.3565381855006469 -4.531153092246332
-0.8213309927544709 -4.657999527096996
-0.2750167073113778 -4.721854509066802
0.27501670731137184 -4.7218545090668025
0.8213309927544732 -4.657999527096996
1.3565381855006453 -4.531153092246332
1.8734005264073192 -4.343030584943152
2.364928338982753 -4.0961760393776
2.824474552769898 -3.7939277398034568
3.245824593571416 -3.4403730759703715
3.6232804249046633 -3.0402932681893637
3.95173760417026 -2.599098709530205
4.2267543114816375 -2.122755799536601
4.444611417659134 -1.6177062589076368
4.602362779072061 -1.0907800162759576
4.69787507917722 -0.5491028451396952
5.077163487256231 0.0
5.042833524069735 0.5894227047257921
4.940307888369846 1.1708744785153196
4.77097306349833 1.736492183599228
4.537119012470408 2.2786268108243157
4.2419082101533805 2.789946919380581
3.8893328762192074 3.2635377819612064
3.484160987222047 3.692994894587283
3.0318717978947376 4.072510586537299
2.5385817436281157 4.3969525591306855
2.010961726174998 4.661933291263091
1.4561469011477994 4.863869373102603
0.881640187279122 5.000029965560435
0.29521080231702757 5.068573730204897
-0.29521080231702806 5.068573730204897
-0.8816401872791202 5.000029965560436
-1.456146901147799 4.863869373102603
-2.010961726174997 4.661933291263091
-2.538581743628114 4.396952559130686
-3.0318717978947363 4.072510586537301
-3.484160987222046 3.6929948945872844
-3.8893328762192088 3.263537781961206
-4.24190821015338 2.789946919380582
-4.537119012470408 2.2786268108243166
-4.770973063498329 1.7364921835992289
-4.940307888369846 1.1708744785153204
-5.042833524069735 0.5894227047257904
-5.077163487256231 6.217732013416156e-16
-5.042833524069735 -0.5894227047257915
-4.940307888369846 -1.1708744785153191
-4.77097306349833 -1.7364921835992255
-4.537119012470408 -2.2786268108243157
-4.2419082101533805 -2.789946919380581
-3.8893328762192074 -3.2635377819612064
-3.484160987222047 -3.692994894587283
-3.0318717978947376 -4.072510586537299
-2.5385817436281175 -4.396952559130685
-2.0109617261749975 -4.661933291263091
-1.4561469011478012 -4.863869373102602
-0.8816401872791215 -5.000029965560435
-0.29521080231703045 -5.068573730204897
0.29521080231702407 -5.068573730204897
0.8816401872791241 -5.000029965560435
1.4561469011477994 -4.863869373102603
2.0109617261749957 -4.661933291263092
2.5385817436281157 -4.3969525591306855
3.031871797894736 -4.072510586537301
3.4841609872220474 -3.692994894587283
3.8893328762192065 -3.263537781961208
4.241908210153379 -2.789946919380584
4.537119012470408 -2.2786268108243175
4.770973063498328 -1.7364921835992315
4.940307888369847 -1.1708744785153167
5.042833524069735 -0.5894227047257911
5.369976266531268 0.0
5.333666408082727 0.6234161935649389
5.225227861283643 1.2384017525723463
5.046127071454895 1.8366400523344635
4.798786069534397 2.4100409461151715
4.48654971826362 2.950850170486079
4.113640478657073 3.45175420843708
3.685101308460644 3.905979192147692
3.2067274647991972 4.30738250792887
2.6849881332656342 4.650535864535593
2.1269389432835295 4.930798701493809
1.540126552822999 5.144380944720039
0.9324865927978212 5.288394260771543
0.3122363512707755 5.36089111660125
-0.312236351270776 5.36089111660125
-0.9324865927978194 5.288394260771544
-1.5401265528229986 5.144380944720039
-2.126938943283529 4.930798701493809
-2.6849881332656325 4.650535864535594
-3.206727464799196 4.307382507928871
-3.6851013084606437 3.905979192147693
-4.113640478657075 3.451754208437079
-4.486549718263619 2.9508501704860803
-4.798786069534396 2.4100409461151724
-5.046127071454894 1.8366400523344644
-5.225227861283643 1.2384017525723472
-5.333666408082727 0.6234161935649372
-5.369976266531268 6.576324246304771e-16
-5.333666408082727 -0.6234161935649383
-5.225227861283643 -1.2384017525723459
-5.046127071454896 -1.8366400523344608
-4.798786069534397 -2.410040946115171
-4.48654971826362 -2.950850170486079
-4.113640478657073 -3.45175420843708
-3.685101308460644 -3.905979192147692
-3.2067274647991972 -4.30738250792887
-2.684988133265636 -4.650535864535592
-2.1269389432835295 -4.930798701493809
-1.5401265528230008 -5.144380944720038
-0.9324865927978208 -5.288394260771543
-0.3122363512707785 -5.36089111660125
0.31223635127077176 -5.360891116601251
0.9324865927978234 -5.288394260771543
1.540126552822999 -5.144380944720039
2.1269389432835277 -4.93079870149381
2.6849881332656342 -4.650535864535593
3.2067274647991955 -4.307382507928871
3.685101308460645 -3.905979192147692
4.113640478657072 -3.4517542084370816
4.4865497182636185 -2.9508501704860826
4.798786069534396 -2.410040946115173
5.046127071454893 -1.8366400523344675
5.225227861283644 -1.2384017525723432
5.333666408082727 -0.6234161935649378
5.622258496406276 0.0
5.584242795771255 0.6527043728131399
5.470709791001959 1.2965820386878157
5.283194821223854 1.922925656754833
5.024233704724278 2.5232650040622198
4.697328446360267 3.0894815208101187
4.306899878950488 3.613918099944826
3.8582278790952462 4.0894826363960455
3.3573799659029957 4.509743935631573
2.8111292482031383 4.869018684530736
2.2268628298682596 5.162448308444714
1.6124819119067137 5.386064675083862
0.976294942273366 5.53684375669966
0.32690525836401113 5.612746524872338
-0.3269052583640117 5.612746524872338
-0.9762949422733641 5.5368437566996604
-1.612481911906713 5.386064675083862
-2.226862829868259 5.162448308444714
-2.8111292482031365 4.869018684530736
-3.3573799659029944 4.509743935631574
-3.8582278790952453 4.089482636396047
-4.306899878950489 3.6139180999448257
-4.697328446360265 3.08948152081012
-5.024233704724278 2.5232650040622207
-5.283194821223853 1.922925656754834
-5.470709791001959 1.2965820386878166
-5.584242795771255 0.652704372813138
-5.622258496406276 6.885280871602956e-16
-5.584242795771255 -0.6527043728131392
-5.470709791001959 -1.296582038687815
-5.283194821223855 -1.9229256567548303
-5.024233704724278 -2.5232650040622193
-4.697328446360267 -3.0894815208101187
-4.306899878950488 -3.613918099944826
-3.8582278790952462 -4.0894826363960455
-3.3573799659029957 -4.509743935631573
-2.8111292482031405 -4.869018684530734
-2.2268628298682596 -5.162448308444714
-1.6124819119067157 -5.386064675083861
-0.9762949422733656 -5.53684375669966
-0.3269052583640143 -5.612746524872338
0.32690525836400725 -5.612746524872339
0.9762949422733683 -5.53684375669966
1.6124819119067137 -5.386064675083862
2.2268628298682573 -5.162448308444714
2.8111292482031383 -4.869018684530736
3.357379965902994 -4.509743935631574
3.8582278790952467 -4.0894826363960455
4.306899878950487 -3.613918099944828
4.697328446360264 -3.0894815208101227
5.024233704724278 -2.523265004062221
5.283194821223852 -1.9229256567548372
5.47070979100196 -1.2965820386878124
5.584242795771255 -0.6527043728131388
5.843658436141923 0.0
5.804145708318455 0.6784073370042015
5.686141866708413 1.3476403785722757
5.491242710835887 1.9986488958755135
5.222083917437689 2.62262911551201
4.882305397456959 3.2111427754391926
4.476502072491857 3.756231237992247
4.010161736363476 4.250523116805617
3.489590842118617 4.687333962168105
2.921829218070962 5.06075665673815
2.3145548661998383 5.365741299172307
1.675980130344938 5.598163495377894
1.0147406383440294 5.75488013386776
0.33977851998072994 5.833771890951202
-0.33977851998073055 5.833771890951202
-1.0147406383440274 5.754880133867761
-1.6759801303449373 5.598163495377894
-2.314554866199838 5.365741299172307
-2.92182921807096 5.060756656738151
-3.4895908421186155 4.687333962168107
-4.010161736363475 4.250523116805618
-4.476502072491859 3.756231237992246
-4.882305397456957 3.211142775439194
-5.222083917437688 2.622629115512011
-5.491242710835886 1.9986488958755146
-5.686141866708413 1.3476403785722768
-5.804145708318455 0.6784073370041996
-5.843658436141923 7.156417599131634e-16
-5.804145708318455 -0.6784073370042009
-5.686141866708413 -1.3476403785722753
-5.491242710835888 -1.9986488958755106
-5.222083917437689 -2.6226291155120096
-4.882305397456959 -3.2111427754391926
-4.476502072491857 -3.756231237992247
-4.010161736363476 -4.250523116805617
-3.489590842118617 -4.687333962168105
-2.921829218070964 -5.060756656738149
-2.314554866199838 -5.365741299172307
-1.67598013034494 -5.598163495377893
-1.014740638344029 -5.75488013386776
-0.3397785199807333 -5.833771890951202
0.3397785199807259 -5.833771890951203
1.0147406383440318 -5.75488013386776
1.675980130344938 -5.598163495377894
2.314554866199836 -5.365741299172307
2.921829218070962 -5.06075665673815
3.4895908421186146 -4.687333962168107
4.010161736363476 -4.250523116805617
4.476502072491856 -3.7562312379922487
4.882305397456956 -3.2111427754391966
5.222083917437688 -2.6226291155120114
5.491242710835885 -1.9986488958755178
5.6861418667084145 -1.3476403785722724
5.804145708318455 -0.6784073370042003
6.2099418910443465 0.0
6.167952485533783 0.7209302506796812
6.042552103679473 1.4321111564631475
5.835436570523662 2.1239252156190616
5.549406768348923 2.7870168297932105
5.188330759550153 3.4124188224268672
4.75709147772628 3.9916737044367028
4.261520694379933 4.5169480472459504
3.7083201542121786 4.981138416467785
3.104970945522174 5.37796743366958
2.4596323313216044 5.702068667147467
1.78103140929954 5.949059203709099
1.0783450927973826 6.115598920055764
0.36107600879876933 6.199435652220078
-0.3610760087987699 6.199435652220078
-1.0783450927973803 6.115598920055765
-1.7810314092995392 5.949059203709099
-2.4596323313216035 5.702068667147467
-3.104970945522172 5.377967433669581
-3.7083201542121773 4.981138416467786
-4.261520694379932 4.516948047245951
-4.757091477726281 3.9916737044367023
-5.188330759550151 3.4124188224268686
-5.5494067683489225 2.7870168297932114
-5.835436570523662 2.1239252156190624
-6.042552103679473 1.4321111564631486
-6.167952485533783 0.7209302506796792
-6.2099418910443465 7.604985459758521e-16
-6.167952485533783 -0.7209302506796804
-6.042552103679473 -1.432111156463147
-5.835436570523663 -2.1239252156190584
-5.549406768348923 -2.78701682979321
-5.188330759550153 -3.4124188224268672
-4.75709147772628 -3.9916737044367028
-4.261520694379933 -4.5169480472459504
-3.7083201542121786 -4.981138416467785
-3.104970945522176 -5.377967433669579
-2.459632331321604 -5.702068667147467
-1.781031409299542 -5.949059203709098
-1.0783450927973819 -6.115598920055764
-0.3610760087987728 -6.199435652220078
0.361076008798765 -6.199435652220078
1.078345092797385 -6.115598920055764
1.78103140929954 -5.949059203709099
2.4596323313216018 -5.702068667147467
3.104970945522174 -5.37796743366958
3.708320154212177 -4.981138416467786
4.261520694379934 -4.5169480472459504
4.757091477726278 -3.991673704436705
5.18833075955015 -3.4124188224268717
5.5494067683489225 -2.7870168297932123
5.83543657052366 -2.123925215619066
6.042552103679474 -1.432111156463144
6.167952485533783 -0.72093025067968
6.028747312627794 0.0
5.987983080035582 0.699894844047611
5.8662416485743725 1.3903248109878048
5.665169362259214 2.061953019939198
5.387485378826252 2.7056968515430935
5.036944897789018 3.3128507748092173
4.618288377806993 3.875204074488167
4.1371774301144235 4.385151886909809
3.6001182549407704 4.8357980427183955
3.014373656313898 5.221048325732834
2.3878648250948125 5.535692886766007
1.7290642184599496 5.775476697897615
1.0468809844522204 5.9371570944273655
0.3505404810372331 6.01854762635231
-0.3505404810372337 6.01854762635231
-1.0468809844522184 5.937157094427366
-1.729064218459949 5.775476697897615
-2.387864825094812 5.535692886766007
-3.0143736563138956 5.221048325732835
-3.600118254940769 4.835798042718397
-4.137177430114423 4.38515188690981
-4.618288377806995 3.8752040744881664
-5.0369448977890166 3.3128507748092186
-5.387485378826251 2.7056968515430944
-5.665169362259213 2.061953019939199
-5.8662416485743725 1.390324810987806
-5.987983080035582 0.6998948440476092
-6.028747312627794 7.383086099277835e-16
-5.987983080035582 -0.6998948440476104
-5.8662416485743725 -1.3903248109878044
-5.665169362259215 -2.061953019939195
-5.387485378826252 -2.705696851543093
-5.036944897789018 -3.3128507748092173
-4.618288377806993 -3.875204074488167
-4.1371774301144235 -4.385151886909809
-3.6001182549407704 -4.8357980427183955
-3.0143736563138996 -5.221048325732833
-2.387864825094812 -5.535692886766007
-1.7290642184599516 -5.775476697897614
-1.04688098445222 -5.9371570944273655
-0.3505404810372365 -6.01854762635231
0.3505404810372289 -6.018547626352311
1.0468809844522229 -5.9371570944273655
1.7290642184599496 -5.775476697897615
2.3878648250948102 -5.535692886766007
3.014373656313898 -5.221048325732834
3.600118254940768 -4.835798042718397
4.137177430114424 -4.385151886909809
4.6182883778069925 -3.875204074488169
5.036944897789016 -3.3128507748092213
5.387485378826251 -2.705696851543095
5.6651693622592125 -2.0619530199392027
5.866241648574373 -1.3903248109878013
5.987983080035582 -0.6998948440476098
6.401778134834311 0.0
6.35849160127111 0.7432010792560962
6.229217376690598 1.476351638864729
6.0157036732123785 2.189537075215163
5.720837897396675 2.8731127787388826
5.348607603023909 3.517834560708833
4.9040465662704 4.114983665033698
4.393166712520944 4.656484674477152
3.8228768153913464 5.1350147168227265
3.2008890674171564 5.544102494158275
2.535614785879764 5.878215796078823
1.8360506641696546 6.1328363133418815
1.111657106941979 6.304520740248862
0.3722302943727651 6.390947339447715
-0.3722302943727657 6.390947339447715
-1.1116571069419767 6.304520740248862
-1.836050664169654 6.1328363133418815
-2.5356147858797633 5.878215796078823
-3.200889067417154 5.544102494158275
-3.822876815391345 5.135014716822728
-4.3931667125209435 4.656484674477153
-4.904046566270401 4.114983665033698
-5.348607603023908 3.517834560708834
-5.720837897396674 2.8731127787388835
-6.015703673212378 2.1895370752151644
-6.229217376690598 1.4763516388647302
-6.35849160127111 0.7432010792560942
-6.401778134834311 7.839917101676351e-16
-6.35849160127111 -0.7432010792560956
-6.229217376690598 -1.4763516388647286
-6.015703673212379 -2.18953707521516
-5.720837897396675 -2.873112778738882
-5.348607603023909 -3.517834560708833
-4.9040465662704 -4.114983665033698
-4.393166712520944 -4.656484674477152
-3.8228768153913464 -5.1350147168227265
-3.200889067417158 -5.544102494158273
-2.5356147858797637 -5.878215796078823
-1.8360506641696568 -6.132836313341881
-1.1116571069419783 -6.304520740248862
-0.3722302943727687 -6.390947339447715
0.3722302943727607 -6.390947339447716
1.1116571069419816 -6.304520740248862
1.8360506641696546 -6.1328363133418815
2.5356147858797615 -5.878215796078823
3.2008890674171564 -5.544102494158275
3.822876815391344 -5.135014716822728
4.393166712520944 -4.656484674477152
4.904046566270398 -4.114983665033701
5.348607603023907 -3.5178345607088373
5.720837897396674 -2.8731127787388844
6.015703673212376 -2.189537075215168
6.2292173766906 -1.4763516388647255
6.35849160127111 -0.743201079256095
6.588100965815137 0.0
6.543554583924336 0.7648318396727231
6.410517851648402 1.5193206407705688
6.190789862569001 2.2532632365720695
5.887342060798604 2.9567343125357066
5.504278057296342 3.620220629152366
5.046778135569458 4.234749672189893
4.521029197225565 4.792010990555875
3.934141094741933 5.284468580892225
3.2940504829075694 5.705462799092704
2.609413489182403 6.049300420564948
1.8894886544228375 6.3113316313264445
1.1440117269995427 6.488012908761963
0.3830640035022607 6.576954941688072
-0.38306400350226133 6.576954941688072
-1.1440117269995407 6.488012908761963
-1.8894886544228369 6.3113316313264445
-2.6094134891824026 6.049300420564948
-3.294050482907567 5.705462799092705
-3.934141094741931 5.284468580892226
-4.521029197225564 4.792010990555877
-5.046778135569459 4.234749672189892
-5.50427805729634 3.6202206291523673
-5.887342060798603 2.9567343125357075
-6.190789862569 2.253263236572071
-6.410517851648402 1.51932064077057
-6.543554583924336 0.764831839672721
-6.588100965815137 8.068096760245094e-16
-6.543554583924336 -0.7648318396727224
-6.410517851648402 -1.5193206407705684
-6.190789862569002 -2.2532632365720664
-5.887342060798604 -2.956734312535706
-5.504278057296342 -3.620220629152366
-5.046778135569458 -4.234749672189893
-4.521029197225565 -4.792010990555875
-3.934141094741933 -5.284468580892225
-3.2940504829075716 -5.705462799092703
-2.6094134891824026 -6.049300420564948
-1.8894886544228398 -6.311331631326444
-1.1440117269995422 -6.488012908761963
-0.3830640035022644 -6.576954941688072
0.3830640035022561 -6.576954941688073
1.1440117269995456 -6.488012908761963
1.8894886544228375 -6.3113316313264445
2.6094134891824003 -6.049300420564949
3.2940504829075694 -5.705462799092704
3.9341410947419306 -5.284468580892226
4.521029197225566 -4.792010990555875
5.046778135569457 -4.234749672189895
5.5042780572963395 -3.6202206291523704
5.887342060798603 -2.9567343125357084
6.190789862568998 -2.2532632365720744
6.410517851648404 -1.519320640770565
6.543554583924336 -0.7648318396727218
1.0 0.5 0.4 0.32000000000000006 0.25600000000000006 0.20480000000000007 0.16384000000000007 0.13107200000000005 0.10485760000000005 0.08388608000000004 0.06710886400000003 0.05368709120000003 0.042949672960000025 0.03435973836800002 