0.0 0.0
1.67112816521522 0.0
1.6457399733810147 0.2901883605375038
1.5703468052402365 0.5715594945824712
1.447239444056059 0.8355640826076098
1.2801584447027325 1.0741804787985432
1.0741804787985434 1.2801584447027325
0.8355640826076102 1.4472394440560588
0.5715594945824715 1.5703468052402363
0.29018836053750396 1.6457399733810147
1.0232708792479042e-16 1.67112816521522
-0.29018836053750374 1.6457399733810147
-0.5715594945824709 1.5703468052402365
-0.8355640826076096 1.447239444056059
-1.0741804787985434 1.2801584447027325
-1.2801584447027323 1.0741804787985436
-1.4472394440560585 0.8355640826076105
-1.5703468052402363 0.5715594945824716
-1.6457399733810147 0.29018836053750374
-1.67112816521522 2.0465417584958083e-16
-1.6457399733810147 -0.2901883605375033
-1.5703468052402365 -0.5715594945824712
-1.4472394440560588 -0.8355640826076102
-1.2801584447027332 -1.0741804787985427
-1.0741804787985436 -1.2801584447027323
-0.8355640826076107 -1.4472394440560585
-0.571559494582471 -1.5703468052402365
-0.2901883605375038 -1.6457399733810147
-3.0698126377437125e-16 -1.67112816521522
0.2901883605375032 -1.6457399733810147
0.5715594945824718 -1.5703468052402363
0.8355640826076088 -1.4472394440560596
1.0741804787985432 -1.2801584447027328
1.2801584447027323 -1.0741804787985438
1.4472394440560592 -0.8355640826076094
1.5703468052402365 -0.5715594945824711
1.6457399733810147 -0.2901883605375039
2.6116517362972096 0.0
2.5719748780732865 0.45350856470868495
2.454149864661193 0.8932375011651031
2.2617567494711213 1.3058258681486046
2.000641299952508 1.6787373769081833
1.6787373769081835 2.000641299952508
1.305825868148605 2.2617567494711213
0.8932375011651035 2.454149864661193
0.45350856470868517 2.5719748780732865
1.5991754696720025e-16 2.6116517362972096
-0.45350856470868484 2.5719748780732865
-0.8932375011651026 2.454149864661193
-1.3058258681486041 2.2617567494711213
-1.6787373769081835 2.000641299952508
-2.0006412999525076 1.678737376908184
-2.261756749471121 1.3058258681486057
-2.454149864661193 0.8932375011651036
-2.5719748780732865 0.4535085647086848
-2.6116517362972096 3.198350939344005e-16
-2.571974878073287 -0.4535085647086841
-2.454149864661193 -0.893237501165103
-2.2617567494711213 -1.305825868148605
-2.000641299952509 -1.6787373769081824
-1.678737376908184 -2.0006412999525076
-1.305825868148606 -2.2617567494711204
-0.8932375011651027 -2.454149864661193
-0.45350856470868495 -2.5719748780732865
-4.797526409016007e-16 -2.6116517362972096
0.453508564708684 -2.571974878073287
0.8932375011651039 -2.454149864661193
1.305825868148603 -2.261756749471122
1.6787373769081833 -2.000641299952508
2.000641299952507 -1.6787373769081841
2.2617567494711217 -1.305825868148604
2.454149864661193 -0.8932375011651029
2.5719748780732865 -0.45350856470868506
3.2397518643868652 0.0
3.1905327538839403 0.5625770073438191
3.044370920141726 1.108060396997198
2.805707416517023 1.6198759321934324
2.481793912797907 2.082472356886742
2.0824723568867425 2.481793912797907
1.619875932193433 2.8057074165170226
1.1080603969971985 3.044370920141726
0.5625770073438194 3.1905327538839403
1.9837758753765223e-16 3.2397518643868652
-0.5625770073438191 3.1905327538839403
-1.1080603969971974 3.044370920141726
-1.619875932193432 2.805707416517023
-2.0824723568867425 2.481793912797907
-2.4817939127979067 2.082472356886743
-2.805707416517022 1.6198759321934337
-3.044370920141726 1.1080603969971987
-3.1905327538839403 0.562577007343819
-3.2397518643868652 3.9675517507530446e-16
-3.1905327538839408 -0.5625770073438182
-3.044370920141726 -1.1080603969971978
-2.8057074165170226 -1.619875932193433
-2.481793912797908 -2.082472356886741
-2.082472356886743 -2.4817939127979067
-1.619875932193434 -2.805707416517022
-1.1080603969971976 -3.044370920141726
-0.5625770073438191 -3.1905327538839403
-5.951327626129567e-16 -3.2397518643868652
0.562577007343818 -3.1905327538839408
1.108060396997199 -3.044370920141726
1.6198759321934304 -2.8057074165170244
2.082472356886742 -2.481793912797907
2.4817939127979063 -2.0824723568867434
2.8057074165170235 -1.6198759321934315
3.044370920141726 -1.1080603969971978
3.1905327538839403 -0.5625770073438193
3.707767074656126 0.0
3.6514377614847473 0.6438469957274815
3.484161359647316 1.2681310262920837
3.2110204779677187 1.8538835373280629
2.8403143639198345 2.3833067351926633
2.383306735192664 2.8403143639198345
1.8538835373280635 3.2110204779677183
1.2681310262920842 3.4841613596473158
0.6438469957274818 3.6514377614847473
2.270352539980785e-16 3.707767074656126
-0.6438469957274814 3.6514377614847473
-1.2681310262920829 3.484161359647316
-1.8538835373280622 3.2110204779677187
-2.383306735192664 2.8403143639198345
-2.840314363919834 2.3833067351926642
-3.211020477967718 1.8538835373280644
-3.4841613596473158 1.2681310262920844
-3.6514377614847473 0.6438469957274814
-3.707767074656126 4.54070507996157e-16
-3.6514377614847477 -0.6438469957274804
-3.484161359647316 -1.2681310262920835
-3.2110204779677183 -1.8538835373280635
-2.840314363919836 -2.3833067351926625
-2.3833067351926642 -2.840314363919834
-1.8538835373280647 -3.2110204779677174
-1.268131026292083 -3.484161359647316
-0.6438469957274815 -3.6514377614847473
-6.811057619942355e-16 -3.707767074656126
0.6438469957274802 -3.6514377614847477
1.2681310262920846 -3.4841613596473158
1.8538835373280607 -3.21102047796772
2.3833067351926633 -2.840314363919835
2.8403143639198336 -2.3833067351926647
3.211020477967719 -1.8538835373280618
3.484161359647316 -1.2681310262920833
3.6514377614847473 -0.6438469957274817
4.081040252668278 0.0
4.019040081182621 0.7086652028612354
3.83492341056264 1.3957979721354277
3.534284532677593 2.0405201263341386
3.1262582077014045 2.6232421090471925
2.623242109047193 3.1262582077014045
2.0405201263341395 3.5342845326775927
1.3957979721354281 3.8349234105626397
0.7086652028612357 4.019040081182621
2.498916441310856e-16 4.081040252668278
-0.7086652028612352 4.019040081182621
-1.3957979721354268 3.83492341056264
-2.040520126334138 3.534284532677593
-2.623242109047193 3.1262582077014045
-3.126258207701404 2.6232421090471933
-3.5342845326775922 2.0405201263341404
-3.8349234105626397 1.3957979721354283
-4.019040081182621 0.7086652028612351
-4.081040252668278 4.997832882621712e-16
-4.019040081182621 -0.7086652028612341
-3.83492341056264 -1.3957979721354274
-3.5342845326775927 -2.0405201263341395
-3.126258207701406 -2.623242109047191
-2.6232421090471933 -3.126258207701404
-2.040520126334141 -3.534284532677592
-1.395797972135427 -3.83492341056264
-0.7086652028612354 -4.019040081182621
-7.496749323932568e-16 -4.081040252668278
0.7086652028612339 -4.019040081182621
1.3957979721354288 -3.8349234105626397
2.0405201263341364 -3.5342845326775945
2.6232421090471925 -3.126258207701405
3.1262582077014036 -2.6232421090471942
3.5342845326775936 -2.0405201263341377
3.83492341056264 -1.3957979721354272
4.019040081182621 -0.7086652028612356
4.390633603000285 0.0
4.323930012870605 0.7624255239641878
4.125845997314014 1.5016851341886546
3.8024002389078464 2.195316801500142
3.363420473349825 2.8222448786819503
2.822244878681951 3.363420473349825
2.1953168015001427 3.802400238907846
1.501685134188655 4.125845997314013
0.7624255239641883 4.323930012870605
2.6884876940715544e-16 4.390633603000285
-0.7624255239641877 4.323930012870605
-1.5016851341886537 4.125845997314014
-2.1953168015001414 3.8024002389078464
-2.822244878681951 3.363420473349825
-3.3634204733498243 2.8222448786819516
-3.8024002389078455 2.1953168015001436
-4.125845997314013 1.5016851341886552
-4.323930012870605 0.7624255239641876
-4.390633603000285 5.376975388143109e-16
-4.323930012870606 -0.7624255239641865
-4.125845997314014 -1.5016851341886543
-3.802400238907846 -2.1953168015001427
-3.3634204733498265 -2.822244878681949
-2.8222448786819516 -3.3634204733498243
-2.195316801500144 -3.802400238907845
-1.501685134188654 -4.125845997314014
-0.7624255239641878 -4.323930012870605
-8.065463082214664e-16 -4.390633603000285
0.7624255239641863 -4.323930012870606
1.5016851341886557 -4.125845997314013
2.195316801500139 -3.8024002389078477
2.8222448786819503 -3.3634204733498256
3.363420473349824 -2.822244878681952
3.802400238907847 -2.195316801500141
4.125845997314014 -1.5016851341886541
4.323930012870605 -0.7624255239641882
4.653900532222868 0.0
4.583197325880722 0.8081413464636582
4.373235988001441 1.5917277270542711
4.0303960875909235 2.3269502661114334
3.565094641537782 2.99146959882645
2.9914695988264506 3.565094641537782
2.3269502661114343 4.030396087590923
1.5917277270542716 4.37323598800144
0.8081413464636585 4.583197325880722
2.849692195168449e-16 4.653900532222868
-0.808141346463658 4.583197325880722
-1.59172772705427 4.373235988001441
-2.326950266111433 4.0303960875909235
-2.9914695988264506 3.565094641537782
-3.5650946415377818 2.991469598826451
-4.030396087590923 2.326950266111435
-4.37323598800144 1.5917277270542718
-4.583197325880722 0.8081413464636579
-4.653900532222868 5.699384390336898e-16
-4.583197325880722 -0.8081413464636568
-4.373235988001441 -1.591727727054271
-4.030396087590923 -2.3269502661114343
-3.5650946415377835 -2.9914695988264484
-2.991469598826451 -3.5650946415377818
-2.326950266111436 -4.030396087590922
-1.5917277270542702 -4.373235988001441
-0.8081413464636582 -4.583197325880722
-8.549076585505347e-16 -4.653900532222868
0.8081413464636564 -4.583197325880722
1.5917277270542725 -4.37323598800144
2.3269502661114307 -4.030396087590924
2.99146959882645 -3.5650946415377827
3.565094641537781 -2.9914695988264515
4.0303960875909235 -2.3269502661114325
4.373235988001441 -1.5917277270542707
4.583197325880722 -0.8081413464636584
4.8820094611384866 0.0
4.807840767608133 0.8477520462794107
4.587588265238825 1.669745575615856
4.227944214861908 2.441004730569243
3.7398362189594136 3.1380951919922775
3.138095191992278 3.7398362189594136
2.4410047305692437 4.227944214861908
1.6697455756158563 4.587588265238824
0.8477520462794111 4.807840767608133
2.9893686299951713e-16 4.8820094611384866
-0.8477520462794106 4.807840767608133
-1.6697455756158548 4.587588265238825
-2.4410047305692424 4.227944214861908
-3.138095191992278 3.7398362189594136
-3.739836218959413 3.1380951919922784
-4.227944214861907 2.441004730569245
-4.587588265238824 1.6697455756158566
-4.807840767608133 0.8477520462794105
-4.8820094611384866 5.978737259990343e-16
-4.807840767608134 -0.8477520462794093
-4.587588265238825 -1.6697455756158557
-4.227944214861908 -2.4410047305692437
-3.7398362189594154 -3.1380951919922757
-3.1380951919922784 -3.739836218959413
-2.4410047305692455 -4.227944214861906
-1.669745575615855 -4.587588265238825
-0.8477520462794107 -4.807840767608133
-8.968105889985513e-16 -4.8820094611384866
0.8477520462794089 -4.807840767608134
1.6697455756158572 -4.587588265238824
2.44100473056924 -4.2279442148619095
3.1380951919922775 -3.7398362189594145
3.7398362189594128 -3.138095191992279
4.227944214861909 -2.4410047305692415
4.587588265238825 -1.6697455756158552
4.807840767608133 -0.847752046279411
5.082651124221066 0.0
5.005434232989121 0.8825931054377628
4.776129755459737 1.73836906598046
4.4017049921489795 2.5413255621105324
3.8935366500219737 3.2670651670086603
3.267065167008661 3.8935366500219737
2.5413255621105333 4.4017049921489795
1.7383690659804607 4.776129755459737
0.8825931054377633 5.005434232989121
3.112226215230012e-16 5.082651124221066
-0.8825931054377627 5.005434232989121
-1.738369065980459 4.776129755459737
-2.5413255621105315 4.4017049921489795
-3.267065167008661 3.8935366500219737
-3.8935366500219732 3.2670651670086612
-4.401704992148979 2.5413255621105346
-4.776129755459737 1.738369065980461
-5.005434232989121 0.8825931054377625
-5.082651124221066 6.224452430460024e-16
-5.0054342329891215 -0.8825931054377613
-4.776129755459737 -1.7383690659804598
-4.4017049921489795 -2.5413255621105333
-3.8935366500219755 -3.2670651670086586
-3.2670651670086612 -3.8935366500219732
-2.541325562110535 -4.401704992148978
-1.7383690659804591 -4.776129755459737
-0.8825931054377628 -5.005434232989121
-9.336678645690035e-16 -5.082651124221066
0.8825931054377609 -5.0054342329891215
1.7383690659804616 -4.776129755459737
2.5413255621105293 -4.401704992148981
3.2670651670086603 -3.8935366500219746
3.893536650021973 -3.267065167008662
4.40170499214898 -2.541325562110531
4.776129755459737 -1.7383690659804596
5.005434232989121 -0.882593105437763
5.412245527113424 0.0
5.330021356306945 0.9398265728692409
5.085847183710024 1.851096990897043
4.687142117998926 2.7061227635567118
4.146020610840782 3.4789243654099016
3.4789243654099025 4.146020610840782
2.7061227635567127 4.687142117998925
1.8510969908970434 5.085847183710023
0.9398265728692414 5.330021356306945
3.3140445804895174e-16 5.412245527113424
-0.9398265728692408 5.330021356306945
-1.8510969908970416 5.085847183710024
-2.706122763556711 4.687142117998926
-3.4789243654099025 4.146020610840782
-4.146020610840782 3.478924365409903
-4.687142117998924 2.706122763556714
-5.085847183710023 1.8510969908970438
-5.330021356306945 0.9398265728692407
-5.412245527113424 6.628089160979035e-16
-5.330021356306945 -0.9398265728692393
-5.085847183710024 -1.8510969908970425
-4.687142117998925 -2.7061227635567127
-4.146020610840784 -3.4789243654099
-3.478924365409903 -4.146020610840782
-2.7061227635567144 -4.687142117998924
-1.8510969908970418 -5.085847183710024
-0.9398265728692409 -5.330021356306945
-9.94213374146855e-16 -5.412245527113424
0.939826572869239 -5.330021356306945
1.8510969908970443 -5.085847183710023
2.7061227635567087 -4.687142117998928
3.4789243654099016 -4.146020610840783
4.1460206108407816 -3.4789243654099034
4.687142117998926 -2.7061227635567104
5.085847183710024 -1.8510969908970423
5.330021356306945 -0.9398265728692412
5.249946862801193 0.0
5.170188373388734 0.911643705573645
4.933336326492411 1.7955875784674087
4.54658735170425 2.624973431400596
4.021692620918765 3.3746007949213244
3.374600794921325 4.021692620918765
2.624973431400597 4.546587351704249
1.7955875784674094 4.933336326492411
0.9116437055736455 5.170188373388734
3.214665310611585e-16 5.249946862801193
-0.9116437055736449 5.170188373388734
-1.7955875784674076 4.933336326492411
-2.624973431400595 4.54658735170425
-3.374600794921325 4.021692620918765
-4.021692620918765 3.3746007949213253
-4.546587351704249 2.624973431400598
-4.933336326492411 1.7955875784674096
-5.170188373388734 0.9116437055736447
-5.249946862801193 6.42933062122317e-16
-5.170188373388734 -0.9116437055736434
-4.933336326492411 -1.7955875784674085
-4.546587351704249 -2.624973431400597
-4.021692620918767 -3.3746007949213226
-3.3746007949213253 -4.021692620918765
-2.6249734314005986 -4.5465873517042485
-1.7955875784674078 -4.933336326492411
-0.911643705573645 -5.170188373388734
-9.643995931834753e-16 -5.249946862801193
0.9116437055736432 -5.170188373388734
1.7955875784674102 -4.933336326492411
2.624973431400593 -4.546587351704252
3.3746007949213244 -4.021692620918766
4.021692620918764 -3.374600794921326
4.54658735170425 -2.6249734314005946
4.933336326492411 -1.7955875784674082
5.170188373388734 -0.9116437055736453
5.715280284407195 0.0
5.628452334722023 0.9924480062430446
5.370606708980628 1.9547409820193173
4.949577916044983 2.857640142203597
4.378158702737584 3.6737113527027048
3.6737113527027057 4.378158702737584
2.8576401422035977 4.949577916044982
1.954740982019318 5.370606708980628
0.9924480062430451 5.628452334722023
3.4995998532646227e-16 5.715280284407195
-0.9924480062430445 5.628452334722023
-1.954740982019316 5.370606708980628
-2.857640142203596 4.949577916044983
-3.6737113527027057 4.378158702737584
-4.378158702737583 3.673711352702706
-4.949577916044981 2.857640142203599
-5.370606708980628 1.9547409820193182
-5.628452334722023 0.9924480062430443
-5.715280284407195 6.999199706529245e-16
-5.628452334722023 -0.9924480062430429
-5.370606708980628 -1.9547409820193171
-4.949577916044982 -2.8576401422035977
-4.3781587027375855 -3.673711352702703
-3.673711352702706 -4.378158702737583
-2.8576401422036 -4.949577916044981
-1.9547409820193165 -5.370606708980628
-0.9924480062430446 -5.628452334722023
-1.0498799559793868e-15 -5.715280284407195
0.9924480062430425 -5.628452334722023
1.954740982019319 -5.370606708980628
2.8576401422035933 -4.949577916044984
3.6737113527027048 -4.378158702737585
4.378158702737583 -3.6737113527027065
4.949577916044983 -2.8576401422035955
5.370606708980628 -1.9547409820193167
5.628452334722023 -0.992448006243045
5.568053521613011 0.0
5.483462277271421 0.9668823471800333
5.232258806400737 1.9043864635070766
4.822075799348274 2.7840267608065052
4.265376459220704 3.579075813764345
3.5790758137643452 4.265376459220704
2.784026760806506 4.822075799348274
1.904386463507077 5.232258806400737
0.9668823471800337 5.483462277271421
3.409449461362261e-16 5.568053521613011
-0.9668823471800332 5.483462277271421
-1.9043864635070753 5.232258806400737
-2.7840267608065044 4.822075799348274
-3.5790758137643452 4.265376459220704
-4.265376459220703 3.579075813764346
-4.822075799348273 2.7840267608065075
-5.232258806400737 1.9043864635070775
-5.483462277271421 0.966882347180033
-5.568053521613011 6.818898922724522e-16
-5.483462277271422 -0.9668823471800316
-5.232258806400737 -1.9043864635070762
-4.822075799348274 -2.784026760806506
-4.265376459220706 -3.579075813764343
-3.579075813764346 -4.265376459220703
-2.7840267608065083 -4.822075799348272
-1.9043864635070757 -5.232258806400737
-0.9668823471800333 -5.483462277271421
-1.0228348384086782e-15 -5.568053521613011
0.9668823471800313 -5.483462277271422
1.9043864635070782 -5.232258806400737
2.784026760806502 -4.822075799348276
3.579075813764345 -4.265376459220704
4.265376459220702 -3.5790758137643466
4.822075799348275 -2.784026760806504
5.232258806400737 -1.904386463507076
5.483462277271421 -0.9668823471800336
5.888304699633998 0.0
5.798848120297782 1.0224933806390653
5.533196475185052 2.0139188173140283
5.099421455106341 2.9441523498169984
4.5107030945459865 3.7849293029837527
3.7849293029837536 4.5107030945459865
2.9441523498169992 5.099421455106341
2.013918817314029 5.5331964751850515
1.0224933806390657 5.798848120297782
3.605546751405546e-16 5.888304699633998
-1.022493380639065 5.798848120297782
-2.013918817314027 5.533196475185052
-2.9441523498169975 5.099421455106341
-3.7849293029837536 4.5107030945459865
-4.5107030945459865 3.784929302983754
-5.09942145510634 2.9441523498170006
-5.5331964751850515 2.0139188173140297
-5.798848120297782 1.022493380639065
-5.888304699633998 7.211093502811092e-16
-5.798848120297782 -1.0224933806390635
-5.533196475185052 -2.0139188173140283
-5.099421455106341 -2.9441523498169992
-4.510703094545989 -3.784929302983751
-3.784929302983754 -4.5107030945459865
-2.9441523498170015 -5.099421455106339
-2.0139188173140274 -5.533196475185052
-1.0224933806390653 -5.798848120297782
-1.0816640254216637e-15 -5.888304699633998
1.022493380639063 -5.798848120297782
2.01391881731403 -5.5331964751850515
2.944152349816995 -5.099421455106343
3.7849293029837527 -4.510703094545987
4.510703094545986 -3.784929302983755
5.0994214551063415 -2.944152349816997
5.533196475185052 -2.013918817314028
5.798848120297782 -1.0224933806390655
1.0 0.5 0.4 0.32000000000000006 0.25600000000000006 0.20480000000000007 0.16384000000000007 0.13107200000000005 0.10485760000000005 0.08388608000000004 0.06710886400000003 0.05368709120000003 0.042949672960000025 0.03435973836800002 0.027487790694400018 