0.0 0.0
2.0529850397735268 0.0
2.040076300751118 0.22986139442617157
2.0015124185669224 0.4568321484487464
1.9377783564146929 0.6780579731443919
1.8496756071053573 0.8907568254093465
1.7383121138298865 1.0922538937656303
1.6050883371308236 1.2800152356673402
1.451679643298395 1.4516796432983947
1.2800152356673404 1.6050883371308236
1.0922538937656303 1.7383121138298865
0.8907568254093466 1.8496756071053573
0.6780579731443923 1.9377783564146926
0.45683214844874653 2.0015124185669224
0.22986139442617123 2.040076300751118
1.2570907788280256e-16 2.0529850397735268
-0.22986139442617098 2.040076300751118
-0.4568321484487463 2.0015124185669224
-0.6780579731443921 1.9377783564146926
-0.8907568254093464 1.8496756071053573
-1.09225389376563 1.7383121138298867
-1.2800152356673402 1.6050883371308238
-1.4516796432983947 1.451679643298395
-1.6050883371308229 1.280015235667341
-1.7383121138298865 1.0922538937656305
-1.849675607105357 0.8907568254093468
-1.9377783564146929 0.6780579731443921
-2.001512418566923 0.4568321484487458
-2.040076300751118 0.22986139442617182
-2.0529850397735268 2.5141815576560513e-16
-2.040076300751118 -0.22986139442617132
-2.001512418566923 -0.45683214844874526
-1.9377783564146929 -0.6780579731443915
-1.8496756071053573 -0.8907568254093463
-1.7383121138298867 -1.09225389376563
-1.605088337130823 -1.2800152356673409
-1.4516796432983952 -1.4516796432983947
-1.2800152356673407 -1.6050883371308233
-1.0922538937656305 -1.7383121138298865
-0.8907568254093469 -1.849675607105357
-0.6780579731443922 -1.9377783564146926
-0.4568321484487468 -2.0015124185669224
-0.22986139442617193 -2.040076300751118
-3.7712723364840766e-16 -2.0529850397735268
0.2298613944261712 -2.040076300751118
0.45683214844874426 -2.001512418566923
0.6780579731443914 -1.9377783564146929
0.8907568254093462 -1.8496756071053575
1.0922538937656299 -1.7383121138298867
1.28001523566734 -1.6050883371308238
1.4516796432983945 -1.4516796432983952
1.6050883371308233 -1.2800152356673407
1.7383121138298863 -1.0922538937656308
1.8496756071053577 -0.8907568254093453
1.9377783564146926 -0.6780579731443923
2.0015124185669224 -0.4568321484487469
2.040076300751118 -0.22986139442617204
3.14566809380695 0.0
3.1258887930875683 0.35220308011798623
3.0667996271121867 0.6999770021505017
2.9691436764272785 1.038948307244858
2.8341490212740084 1.364854234563761
2.6635132977666527 1.673596327976152
2.459382349133469 1.961291976521035
2.2243232404930553 2.224323240493055
1.9612919765210355 2.459382349133469
1.673596327976152 2.6635132977666527
1.364854234563761 2.8341490212740084
1.0389483072448586 2.969143676427278
0.6999770021505018 3.0667996271121867
0.3522030801179857 3.1258887930875683
1.9261661811303185e-16 3.14566809380695
-0.35220308011798535 3.1258887930875683
-0.6999770021505015 3.0667996271121867
-1.0389483072448584 2.969143676427278
-1.3648542345637609 2.8341490212740084
-1.6735963279761517 2.663513297766653
-1.961291976521035 2.4593823491334694
-2.224323240493055 2.2243232404930553
-2.459382349133468 1.9612919765210364
-2.6635132977666527 1.6735963279761525
-2.834149021274008 1.3648542345637613
-2.9691436764272785 1.0389483072448584
-3.0667996271121867 0.6999770021505007
-3.1258887930875683 0.3522030801179866
-3.14566809380695 3.852332362260637e-16
-3.1258887930875683 -0.35220308011798585
-3.0667996271121867 -0.6999770021505
-2.9691436764272785 -1.0389483072448575
-2.8341490212740084 -1.3648542345637606
-2.663513297766653 -1.6735963279761517
-2.4593823491334685 -1.9612919765210362
-2.2243232404930553 -2.224323240493055
-1.9612919765210357 -2.4593823491334685
-1.6735963279761525 -2.6635132977666527
-1.3648542345637615 -2.834149021274008
-1.0389483072448584 -2.969143676427278
-0.6999770021505023 -3.0667996271121867
-0.3522030801179868 -3.1258887930875683
-5.778498543390955e-16 -3.14566809380695
0.3522030801179856 -3.1258887930875683
0.6999770021504984 -3.066799627112187
1.0389483072448573 -2.9691436764272785
1.3648542345637604 -2.834149021274009
1.6735963279761514 -2.663513297766653
1.9612919765210346 -2.4593823491334694
2.2243232404930544 -2.2243232404930553
2.4593823491334685 -1.9612919765210357
2.6635132977666522 -1.6735963279761528
2.8341490212740093 -1.364854234563759
2.969143676427278 -1.0389483072448586
3.0667996271121862 -0.6999770021505025
3.1258887930875683 -0.35220308011798696
3.8945121659421824 0.0
3.870024290874525 0.4360470143376752
3.796868614908724 0.8666104844696833
3.675965113115961 1.28627582494037
3.508834217181126 1.689765500597814
3.2975776950922047 2.07200539466046
3.0448522201883543 2.428188618679718
2.7538359619512263 2.753835961951226
2.4281886186797186 3.0448522201883543
2.07200539466046 3.2975776950922047
1.6897655005978143 3.508834217181126
1.286275824940371 3.6759651131159607
0.8666104844696835 3.796868614908724
0.43604701433767457 3.870024290874525
2.3847009291307596e-16 3.8945121659421824
-0.4360470143376741 3.870024290874525
-0.866610484469683 3.796868614908724
-1.2862758249403705 3.6759651131159607
-1.6897655005978138 3.508834217181126
-2.0720053946604597 3.297577695092205
-2.428188618679718 3.0448522201883548
-2.753835961951226 2.7538359619512263
-3.044852220188353 2.42818861867972
-3.2975776950922047 2.0720053946604606
-3.508834217181126 1.6897655005978145
-3.675965113115961 1.2862758249403705
-3.7968686149087243 0.8666104844696821
-3.870024290874525 0.4360470143376757
-3.8945121659421824 4.769401858261519e-16
-3.870024290874525 -0.43604701433767473
-3.7968686149087243 -0.8666104844696811
-3.675965113115961 -1.2862758249403694
-3.508834217181126 -1.6897655005978136
-3.297577695092205 -2.0720053946604597
-3.0448522201883534 -2.4281886186797195
-2.7538359619512267 -2.753835961951226
-2.428188618679719 -3.044852220188354
-2.0720053946604606 -3.2975776950922047
-1.6897655005978147 -3.508834217181126
-1.2862758249403707 -3.6759651131159607
-0.866610484469684 -3.796868614908724
-0.4360470143376759 -3.870024290874525
-7.154102787392279e-16 -3.8945121659421824
0.4360470143376745 -3.870024290874525
0.8666104844696791 -3.7968686149087247
1.2862758249403692 -3.675965113115961
1.6897655005978134 -3.5088342171811266
2.0720053946604593 -3.297577695092205
2.4281886186797177 -3.0448522201883548
2.7538359619512254 -2.7538359619512267
3.044852220188354 -2.428188618679719
3.297577695092204 -2.072005394660461
3.508834217181127 -1.6897655005978116
3.6759651131159607 -1.286275824940371
3.7968686149087234 -0.8666104844696843
3.870024290874525 -0.4360470143376761
4.459147058242685 0.0
4.431108877485291 0.49926606424374864
4.347346931604261 0.9922535680487141
4.2089145756688655 1.472762907516537
4.017552676875314 1.934751398905396
3.7756677221316965 2.3724092688841103
3.4863015550888323 2.780232715802686
3.1530931231914474 3.153093123191447
2.7802327158026867 3.4863015550888323
2.3724092688841103 3.7756677221316965
1.9347513989053962 4.017552676875314
1.4727629075165378 4.2089145756688655
0.9922535680487143 4.347346931604261
0.4992660642437479 4.431108877485291
2.7304400859021205e-16 4.459147058242685
-0.4992660642437474 4.431108877485291
-0.9922535680487139 4.347346931604261
-1.4727629075165374 4.2089145756688655
-1.9347513989053957 4.017552676875314
-2.37240926888411 3.775667722131697
-2.780232715802686 3.486301555088833
-3.153093123191447 3.1530931231914474
-3.486301555088831 2.780232715802688
-3.7756677221316965 2.3724092688841107
-4.017552676875314 1.9347513989053964
-4.2089145756688655 1.4727629075165374
-4.347346931604262 0.9922535680487128
-4.431108877485291 0.4992660642437492
-4.459147058242685 5.460880171804241e-16
-4.431108877485291 -0.4992660642437481
-4.347346931604262 -0.9922535680487117
-4.2089145756688655 -1.472762907516536
-4.017552676875314 -1.9347513989053955
-3.775667722131697 -2.37240926888411
-3.4863015550888314 -2.7802327158026876
-3.1530931231914483 -3.153093123191447
-2.780232715802687 -3.486301555088832
-2.3724092688841107 -3.7756677221316965
-1.9347513989053966 -4.017552676875314
-1.4727629075165376 -4.2089145756688655
-0.992253568048715 -4.347346931604261
-0.4992660642437494 -4.431108877485291
-8.19132025770636e-16 -4.459147058242685
0.4992660642437478 -4.431108877485291
0.9922535680487095 -4.347346931604263
1.4727629075165358 -4.2089145756688655
1.9347513989053953 -4.017552676875315
2.3724092688841094 -3.775667722131697
2.7802327158026854 -3.486301555088833
3.1530931231914465 -3.1530931231914483
3.486301555088832 -2.780232715802687
3.7756677221316957 -2.372409268884111
4.017552676875316 -1.9347513989053933
4.2089145756688655 -1.4727629075165378
4.347346931604261 -0.9922535680487152
4.431108877485291 -0.4992660642437497
5.152576599059252 0.0
5.120178278895377 0.5769055394958329
5.023390746077758 1.1465561571041147
4.863431159989009 1.7017881657894347
4.642311105234911 2.235619200889459
4.36281129480084 2.7413360274018244
4.028446600972574 3.2125789628094
3.643421853777916 3.643421853777915
3.2125789628094004 4.028446600972574
2.7413360274018244 4.36281129480084
2.2356192008894595 4.642311105234911
1.701788165789436 4.863431159989008
1.1465561571041152 5.023390746077758
0.576905539495832 5.120178278895377
3.155043219699734e-16 5.152576599059252
-0.5769055394958315 5.120178278895377
-1.1465561571041145 5.023390746077758
-1.7017881657894354 4.863431159989008
-2.235619200889459 4.642311105234911
-2.741336027401824 4.362811294800841
-3.2125789628094 4.028446600972575
-3.643421853777915 3.643421853777916
-4.028446600972572 3.212578962809402
-4.36281129480084 2.7413360274018252
-4.642311105234911 2.23561920088946
-4.863431159989009 1.7017881657894354
-5.023390746077758 1.1465561571041132
-5.120178278895377 0.5769055394958335
-5.152576599059252 6.310086439399468e-16
-5.120178278895377 -0.5769055394958322
-5.023390746077758 -1.1465561571041119
-4.863431159989009 -1.701788165789434
-4.642311105234911 -2.2356192008894586
-4.362811294800841 -2.741336027401824
-4.028446600972573 -3.2125789628094013
-3.6434218537779164 -3.643421853777915
-3.212578962809401 -4.028446600972574
-2.7413360274018252 -4.36281129480084
-2.23561920088946 -4.642311105234911
-1.7017881657894356 -4.863431159989008
-1.1465561571041158 -5.023390746077758
-0.5769055394958338 -5.120178278895377
-9.4651296590992e-16 -5.152576599059252
0.5769055394958319 -5.120178278895377
1.1465561571041094 -5.023390746077759
1.7017881657894336 -4.863431159989009
2.235619200889458 -4.642311105234912
2.7413360274018235 -4.362811294800841
3.212578962809399 -4.028446600972575
3.6434218537779146 -3.6434218537779164
4.028446600972574 -3.212578962809401
4.36281129480084 -2.7413360274018257
4.642311105234913 -2.235619200889456
4.863431159989008 -1.701788165789436
5.023390746077757 -1.146556157104116
5.120178278895377 -0.5769055394958341
5.543928459639031 0.0
5.509069401117942 0.6207230455377026
5.404930598441274 1.2336401386258686
5.232821657475427 1.8310434911961335
4.99490694801298 2.405420409468427
4.694178385566754 2.949547770434225
4.334417806296284 3.456582856819333
3.92014940822385 3.9201494082238493
3.4565828568193337 4.334417806296284
2.949547770434225 4.694178385566754
2.4054204094684275 4.99490694801298
1.8310434911961349 5.2328216574754265
1.2336401386258689 5.404930598441274
0.6207230455377017 5.509069401117942
3.3946771213994277e-16 5.543928459639031
-0.6207230455377011 5.509069401117942
-1.2336401386258682 5.404930598441274
-1.8310434911961342 5.2328216574754265
-2.405420409468427 4.99490694801298
-2.9495477704342243 4.694178385566754
-3.456582856819333 4.334417806296285
-3.9201494082238493 3.92014940822385
-4.334417806296282 3.4565828568193355
-4.694178385566754 2.9495477704342257
-4.9949069480129795 2.405420409468428
-5.232821657475427 1.8310434911961342
-5.4049305984412745 1.2336401386258669
-5.509069401117942 0.6207230455377033
-5.543928459639031 6.789354242798855e-16
-5.509069401117942 -0.620723045537702
-5.4049305984412745 -1.2336401386258655
-5.232821657475427 -1.8310434911961326
-4.99490694801298 -2.4054204094684266
-4.694178385566754 -2.9495477704342243
-4.334417806296283 -3.4565828568193346
-3.9201494082238506 -3.9201494082238493
-3.456582856819334 -4.334417806296284
-2.9495477704342257 -4.694178385566754
-2.405420409468428 -4.9949069480129795
-1.8310434911961346 -5.2328216574754265
-1.2336401386258697 -5.404930598441274
-0.6207230455377036 -5.509069401117942
-1.0184031364198283e-15 -5.543928459639031
0.6207230455377016 -5.509069401117942
1.2336401386258629 -5.404930598441275
1.8310434911961324 -5.232821657475427
2.405420409468426 -4.99490694801298
2.949547770434224 -4.694178385566754
3.4565828568193324 -4.334417806296285
3.920149408223849 -3.9201494082238506
4.334417806296284 -3.456582856819334
4.694178385566753 -2.949547770434226
4.994906948012981 -2.405420409468424
5.2328216574754265 -1.8310434911961349
5.404930598441274 -1.23364013862587
5.509069401117942 -0.620723045537704
5.9066117644839276 0.0
5.869472229466749 0.6613306917560777
5.7585206756169125 1.3143447663503176
5.575152383099673 1.950830192907106
5.321673314586195 2.562782797890044
5.001271116435016 3.1425069222283
4.617975032189574 3.6827121986945484
4.1766052325028244 4.176605232502824
3.682712198694549 4.617975032189574
3.1425069222283 5.001271116435016
2.5627827978900446 5.321673314586195
1.9508301929071072 5.575152383099672
1.314344766350318 5.7585206756169125
0.6613306917560767 5.869472229466749
3.616756595590671e-16 5.9066117644839276
-0.6613306917560761 5.869472229466749
-1.3143447663503174 5.7585206756169125
-1.9508301929071066 5.575152383099672
-2.5627827978900437 5.321673314586195
-3.1425069222282995 5.001271116435016
-3.6827121986945484 4.617975032189575
-4.176605232502824 4.1766052325028244
-4.617975032189572 3.6827121986945506
-5.001271116435016 3.142506922228301
-5.321673314586194 2.5627827978900446
-5.575152383099673 1.9508301929071066
-5.758520675616913 1.3143447663503158
-5.869472229466749 0.6613306917560785
-5.9066117644839276 7.233513191181342e-16
-5.869472229466749 -0.6613306917560771
-5.758520675616913 -1.3143447663503145
-5.575152383099673 -1.950830192907105
-5.321673314586195 -2.5627827978900433
-5.001271116435016 -3.1425069222282995
-4.617975032189573 -3.68271219869455
-4.1766052325028244 -4.176605232502824
-3.6827121986945492 -4.617975032189574
-3.142506922228301 -5.001271116435016
-2.562782797890045 -5.321673314586194
-1.950830192907107 -5.575152383099672
-1.3143447663503187 -5.7585206756169125
-0.6613306917560788 -5.869472229466749
-1.0850269786772013e-15 -5.9066117644839276
0.6613306917560767 -5.869472229466749
1.3143447663503114 -5.758520675616914
1.9508301929071046 -5.575152383099673
2.5627827978900433 -5.321673314586195
3.1425069222282986 -5.001271116435016
3.6827121986945475 -4.617975032189575
4.176605232502823 -4.1766052325028244
4.617975032189574 -3.6827121986945492
5.001271116435015 -3.1425069222283013
5.321673314586196 -2.5627827978900406
5.575152383099672 -1.9508301929071072
5.7585206756169125 -1.3143447663503192
5.869472229466749 -0.6613306917560792
4.8233617091863525 0.0
4.7930334231500185 0.5400451668258055
4.702429960834803 1.073298952337272
4.5526907133486745 1.59305538078054
4.345698738609506 2.0927782134982307
4.084057080799182 2.5661831459229782
3.771056035572696 3.007316836353601
3.410631772681206 3.4106317726812057
3.0073168363536014 3.771056035572696
2.5661831459229782 4.084057080799182
2.0927782134982307 4.345698738609506
1.593055380780541 4.552690713348674
1.0732989523372722 4.702429960834803
0.5400451668258047 4.7930334231500185
2.9534572391424867e-16 4.8233617091863525
-0.5400451668258042 4.7930334231500185
-1.0732989523372718 4.702429960834803
-1.5930553807805405 4.552690713348674
-2.0927782134982302 4.345698738609506
-2.5661831459229774 4.084057080799183
-3.007316836353601 3.7710560355726965
-3.4106317726812057 3.410631772681206
-3.7710560355726943 3.007316836353603
-4.084057080799182 2.5661831459229787
-4.345698738609505 2.092778213498231
-4.5526907133486745 1.5930553807805405
-4.702429960834803 1.0732989523372707
-4.7930334231500185 0.5400451668258061
-4.8233617091863525 5.906914478284973e-16
-4.7930334231500185 -0.540045166825805
-4.702429960834803 -1.0732989523372694
-4.5526907133486745 -1.5930553807805392
-4.345698738609506 -2.0927782134982302
-4.084057080799183 -2.5661831459229774
-3.771056035572695 -3.0073168363536027
-3.410631772681207 -3.4106317726812057
-3.0073168363536023 -3.7710560355726956
-2.5661831459229787 -4.084057080799182
-2.0927782134982316 -4.345698738609505
-1.5930553807805408 -4.552690713348674
-1.073298952337273 -4.702429960834803
-0.5400451668258064 -4.7930334231500185
-8.860371717427459e-16 -4.8233617091863525
0.5400451668258046 -4.7930334231500185
1.073298952337267 -4.702429960834804
1.593055380780539 -4.5526907133486745
2.09277821349823 -4.345698738609506
2.566183145922977 -4.084057080799183
3.0073168363536005 -3.7710560355726965
3.410631772681205 -3.410631772681207
3.7710560355726956 -3.0073168363536023
4.084057080799182 -2.566183145922979
4.3456987386095065 -2.0927782134982276
4.552690713348674 -1.593055380780541
4.702429960834802 -1.0732989523372733
4.7930334231500185 -0.5400451668258066
6.250222333629564 0.0
6.210922247475134 0.6998028691140283
6.093516210397676 1.3908053111138654
5.899480671434009 2.064317569362408
5.631255740068645 2.7118698364312652
5.29221450044123 3.32531876684347
4.88662059285639 3.8969498843677277
4.419574596033073 4.419574596033072
3.896949884367728 4.88662059285639
3.32531876684347 5.29221450044123
2.7118698364312652 5.631255740068645
2.064317569362409 5.899480671434009
1.3908053111138658 6.093516210397676
0.6998028691140273 6.210922247475134
3.827157387419373e-16 6.250222333629564
-0.6998028691140267 6.210922247475134
-1.390805311113865 6.093516210397676
-2.0643175693624083 5.899480671434009
-2.711869836431265 5.631255740068645
-3.325318766843469 5.29221450044123
-3.8969498843677277 4.886620592856391
-4.419574596033072 4.419574596033073
-4.886620592856389 3.8969498843677304
-5.29221450044123 3.3253187668434703
-5.631255740068644 2.7118698364312657
-5.899480671434009 2.0643175693624083
-6.093516210397677 1.3908053111138634
-6.210922247475134 0.6998028691140291
-6.250222333629564 7.654314774838746e-16
-6.210922247475134 -0.6998028691140276
-6.093516210397677 -1.3908053111138619
-5.899480671434009 -2.064317569362407
-5.631255740068645 -2.7118698364312643
-5.29221450044123 -3.325318766843469
-4.8866205928563895 -3.8969498843677295
-4.4195745960330735 -4.419574596033072
-3.896949884367729 -4.88662059285639
-3.3253187668434703 -5.29221450044123
-2.711869836431266 -5.631255740068644
-2.0643175693624087 -5.899480671434009
-1.3908053111138667 -6.093516210397676
-0.6998028691140294 -6.210922247475134
-1.1481472162258118e-15 -6.250222333629564
0.6998028691140272 -6.210922247475134
1.3908053111138587 -6.093516210397677
2.0643175693624065 -5.899480671434009
2.711869836431264 -5.631255740068645
3.325318766843468 -5.29221450044123
3.896949884367727 -4.886620592856391
4.419574596033072 -4.4195745960330735
4.88662059285639 -3.896949884367729
5.292214500441229 -3.325318766843471
5.631255740068646 -2.7118698364312612
5.899480671434009 -2.064317569362409
6.093516210397675 -1.390805311113867
6.210922247475134 -0.6998028691140299
1.0 0.5 0.4 0.32000000000000006 0.25600000000000006 0.20480000000000007 0.16384000000000007 0.13107200000000005 0.10485760000000005 0.08388608000000004 