0.0 0.0
2.145828367285367 0.0
2.109291561580143 0.39429492780580455
2.000925361561695 0.7751626147498238
1.8244200482007191 1.1296330685536204
1.5857862982489337 1.4456352230533562
1.2931504978513104 1.7124080038803517
0.9564780082124331 1.9208667839422287
0.5872338071728094 2.063912749502728
0.1979920631392367 2.1366746417694134
-0.19799206313923642 2.136674641769414
-0.5872338071728092 2.063912749502728
-0.9564780082124321 1.920866783942229
-1.2931504978513102 1.712408003880352
-1.5857862982489341 1.445635223053356
-1.8244200482007187 1.1296330685536213
-2.0009253615616944 0.7751626147498247
-2.109291561580143 0.3942949278058046
-2.145828367285367 2.6278818415156157e-16
-2.109291561580143 -0.3942949278058041
-2.0009253615616953 -0.7751626147498234
-1.824420048200719 -1.129633068553621
-1.5857862982489337 -1.4456352230533562
-1.2931504978513122 -1.7124080038803506
-0.9564780082124343 -1.9208667839422278
-0.5872338071728097 -2.063912749502728
-0.19799206313923648 -2.136674641769414
0.1979920631392376 -2.1366746417694134
0.5872338071728089 -2.063912749502728
0.9564780082124319 -1.920866783942229
1.29315049785131 -1.7124080038803524
1.5857862982489326 -1.4456352230533573
1.8244200482007185 -1.1296330685536216
2.000925361561695 -0.7751626147498241
2.109291561580143 -0.39429492780580394
1.0 0.5 