0.0 0.0
1.8004480644160403 0.0
1.7803385471119466 0.26834285965307353
1.7204592085862618 0.5306913832447249
1.6221476543140216 0.7811851382758017
1.4876000019627147 1.0142285081873799
1.319821823752566 1.2246156891882107
1.1225610069396974 1.4076469793090876
0.9002240322080204 1.5592337619788121
0.6577775401722493 1.6759898389621612
0.4006373848336959 1.7553070724329356
0.13454765235130733 1.7954136464631814
-0.13454765235130672 1.7954136464631814
-0.4006373848336957 1.7553070724329356
-0.6577775401722494 1.6759898389621612
-0.9002240322080197 1.5592337619788124
-1.1225610069396972 1.4076469793090878
-1.319821823752566 1.2246156891882107
-1.487600001962715 1.0142285081873794
-1.6221476543140214 0.7811851382758019
-1.7204592085862616 0.5306913832447255
-1.7803385471119466 0.26834285965307403
-1.8004480644160403 2.2049129591181513e-16
-1.7803385471119468 -0.2683428596530728
-1.720459208586262 -0.5306913832447243
-1.6221476543140216 -0.7811851382758015
-1.4876000019627147 -1.0142285081873799
-1.3198218237525658 -1.224615689188211
-1.1225610069396976 -1.4076469793090873
-0.9002240322080209 -1.559233761978812
-0.6577775401722491 -1.6759898389621615
-0.40063738483369615 -1.7553070724329356
-0.13454765235130794 -1.7954136464631814
0.1345476523513073 -1.7954136464631814
0.4006373848336955 -1.7553070724329356
0.65777754017225 -1.675989838962161
0.9002240322080189 -1.559233761978813
1.122561006939697 -1.4076469793090878
1.3198218237525665 -1.2246156891882103
1.4876000019627138 -1.014228508187381
1.6221476543140214 -0.7811851382758022
1.7204592085862616 -0.5306913832447258
1.7803385471119464 -0.268342859653075
2.7945501781824458 0.0
2.763337361619728 0.4165060914993438
2.670396154675959 0.8237081251701902
2.517802710333542 1.2125098804614378
2.308965713986009 1.5742261686354408
2.0485502390390167 1.9007768455325647
1.7423735368792619 2.1848673086396784
1.397275089091223 2.4201514464563276
1.0209638247404664 2.601373400139022
0.6218459156369428 2.724484970702755
0.20883699634753314 2.7867360490968784
-0.20883699634753217 2.7867360490968784
-0.6218459156369425 2.724484970702755
-1.0209638247404667 2.601373400139022
-1.3972750890912222 2.4201514464563276
-1.7423735368792614 2.184867308639679
-2.0485502390390167 1.9007768455325647
-2.3089657139860096 1.5742261686354402
-2.5178027103335414 1.2125098804614383
-2.670396154675959 0.8237081251701913
-2.763337361619728 0.4165060914993446
-2.7945501781824458 3.4223369307677976e-16
-2.7633373616197283 -0.41650609149934265
-2.6703961546759594 -0.8237081251701894
-2.517802710333542 -1.2125098804614376
-2.308965713986009 -1.5742261686354408
-2.0485502390390162 -1.9007768455325649
-1.742373536879262 -2.184867308639678
-1.3972750890912242 -2.4201514464563267
-1.020963824740466 -2.6013734001390225
-0.6218459156369431 -2.724484970702755
-0.20883699634753405 -2.7867360490968784
0.20883699634753305 -2.7867360490968784
0.6218459156369421 -2.724484970702755
1.0209638247404675 -2.601373400139022
1.3972750890912211 -2.4201514464563285
1.7423735368792612 -2.184867308639679
2.048550239039017 -1.900776845532564
2.308965713986008 -1.5742261686354426
2.5178027103335414 -1.2125098804614385
2.670396154675959 -0.8237081251701917
2.763337361619728 -0.41650609149934614
3.4661021804793877 0.0
3.4273886829041524 0.5165957237768275
3.3121129857421487 1.0216515527332173
3.1228501575806202 1.503885374229918
2.8638280172532866 1.9525248815620957
2.5408326913538577 2.3575482094904183
2.161079361729218 2.7099078061498703
1.7330510902396943 3.001732540407785
1.2663093211749348 3.2265035299266978
0.7712802943882914 3.3791997622236356
0.2590221403273343 3.4564102557920133
-0.25902214032733306 3.4564102557920133
-0.7712802943882909 3.3791997622236356
-1.2663093211749352 3.2265035299266978
-1.7330510902396932 3.0017325404077853
-2.1610793617292177 2.7099078061498707
-2.5408326913538577 2.3575482094904183
-2.863828017253287 1.952524881562095
-3.1228501575806202 1.5038853742299183
-3.3121129857421483 1.0216515527332186
-3.4273886829041524 0.5165957237768285
-3.4661021804793877 4.244750940841744e-16
-3.427388682904153 -0.516595723776826
-3.312112985742149 -1.0216515527332164
-3.1228501575806202 -1.5038853742299176
-2.8638280172532866 -1.9525248815620957
-2.5408326913538573 -2.3575482094904188
-2.161079361729218 -2.70990780614987
-1.7330510902396954 -3.001732540407784
-1.2663093211749343 -3.226503529926698
-0.7712802943882918 -3.3791997622236356
-0.25902214032733545 -3.4564102557920133
0.25902214032733417 -3.4564102557920133
0.7712802943882906 -3.3791997622236356
1.266309321174936 -3.2265035299266973
1.7330510902396916 -3.001732540407786
2.161079361729217 -2.7099078061498707
2.5408326913538586 -2.3575482094904174
2.8638280172532853 -1.952524881562098
3.1228501575806202 -1.5038853742299187
3.3121129857421483 -1.021651552733219
3.427388682904152 -0.5165957237768304
3.9690249600180403 0.0
3.9246942305227965 0.5915524745508889
3.7926923172796636 1.1698906443313495
3.5759679249038983 1.7220953903035439
3.279362318194896 2.2358313709333277
2.9095011762805263 2.699622573336584
2.474646585894016 3.103108668443517
1.9845124800090206 3.4372764436301386
1.4500476446287807 3.694661142994406
0.883191140999138 3.869513217667934
0.2966056067090025 3.9579267612368714
-0.2966056067090011 3.9579267612368714
-0.8831911409991375 3.869513217667934
-1.450047644628781 3.694661142994406
-1.9845124800090193 3.437276443630139
-2.4746465858940154 3.1031086684435176
-2.9095011762805263 2.699622573336584
-3.2793623181948965 2.235831370933327
-3.575967924903898 1.7220953903035443
-3.792692317279663 1.169890644331351
-3.9246942305227965 0.59155247455089
-3.9690249600180403 4.860653713022044e-16
-3.924694230522797 -0.5915524745508872
-3.792692317279664 -1.1698906443313484
-3.5759679249038983 -1.7220953903035434
-3.279362318194896 -2.2358313709333277
-2.909501176280526 -2.6996225733365846
-2.4746465858940163 -3.1031086684435167
-1.984512480009022 -3.4372764436301377
-1.4500476446287802 -3.6946611429944065
-0.8831911409991385 -3.869513217667934
-0.2966056067090038 -3.9579267612368714
0.2966056067090024 -3.9579267612368714
0.8831911409991371 -3.869513217667934
1.4500476446287822 -3.6946611429944056
1.9845124800090175 -3.4372764436301404
2.474646585894015 -3.1031086684435176
2.909501176280527 -2.6996225733365833
3.2793623181948943 -2.2358313709333304
3.575967924903898 -1.7220953903035447
3.792692317279663 -1.1698906443313515
3.924694230522796 -0.5915524745508922
4.3698514706323826 0.0
4.321043840186512 0.6512925660363389
4.175711230660879 1.2880363323759942
3.9371001323973793 1.8960074954663384
3.6105407230382474 2.461624984166038
3.2033278001653875 2.972253838432306
2.72455782757668 3.4164874534496157
2.1849257353161917 3.7844023843324317
1.5964860126098321 4.067780019485955
0.9723834304954919 4.2602901708083
0.3265594093591322 4.357632479632376
-0.3265594093591307 4.357632479632376
-0.9723834304954915 4.2602901708083
-1.5964860126098328 4.067780019485955
-2.1849257353161904 3.7844023843324326
-2.7245578275766795 3.416487453449616
-3.2033278001653875 2.972253838432306
-3.6105407230382482 2.461624984166037
-3.9371001323973784 1.8960074954663388
-4.175711230660879 1.2880363323759958
-4.321043840186512 0.6512925660363401
-4.3698514706323826 5.351524616259302e-16
-4.321043840186512 -0.6512925660363371
-4.1757112306608795 -1.288036332375993
-3.9371001323973793 -1.896007495466338
-3.6105407230382474 -2.461624984166038
-3.203327800165387 -2.9722538384323065
-2.7245578275766804 -3.4164874534496152
-2.184925735316193 -3.784402384332431
-1.5964860126098317 -4.067780019485955
-0.9723834304954926 -4.2602901708083
-0.3265594093591337 -4.357632479632376
0.3265594093591321 -4.357632479632376
0.972383430495491 -4.2602901708083
1.596486012609834 -4.067780019485954
2.184925735316188 -3.784402384332434
2.7245578275766786 -3.416487453449616
3.2033278001653884 -2.9722538384323047
3.6105407230382456 -2.4616249841660407
3.9371001323973784 -1.8960074954663393
4.175711230660879 -1.2880363323759962
4.321043840186511 -0.6512925660363426
4.9696909956659745 0.0
4.914183653327967 0.7406940081893856
4.748901568618654 1.4648421361958246
4.477536870190019 2.1562681114584135
4.106151396988291 2.7995266202368163
3.643041286788776 3.380248330397612
3.098551654186911 3.885460878549548
2.4848454978329877 4.3038786512055145
1.8156319991410566 4.6261548867389335
1.1058602818298788 4.845090466593437
0.3713854732017289 4.95579473169523
-0.37138547320172716 4.95579473169523
-1.1058602818298784 4.845090466593437
-1.815631999141057 4.6261548867389335
-2.4848454978329864 4.3038786512055145
-3.0985516541869105 3.8854608785495484
-3.643041286788776 3.380248330397612
-4.106151396988292 2.7995266202368154
-4.4775368701900184 2.156268111458414
-4.7489015686186535 1.4648421361958264
-4.914183653327967 0.7406940081893869
-4.9696909956659745 6.086116170593759e-16
-4.914183653327968 -0.7406940081893835
-4.748901568618655 -1.464842136195823
-4.477536870190019 -2.1562681114584126
-4.106151396988291 -2.7995266202368163
-3.6430412867887756 -3.3802483303976127
-3.0985516541869114 -3.8854608785495475
-2.4848454978329895 -4.303878651205513
-1.8156319991410559 -4.626154886738934
-1.1058602818298795 -4.845090466593437
-0.37138547320173054 -4.95579473169523
0.37138547320172877 -4.95579473169523
1.1058602818298777 -4.845090466593437
1.8156319991410586 -4.626154886738933
2.484845497832984 -4.303878651205516
3.09855165418691 -3.8854608785495484
3.643041286788777 -3.380248330397611
4.106151396988289 -2.79952662023682
4.4775368701900184 -2.1562681114584143
4.7489015686186535 -1.464842136195827
4.914183653327966 -0.7406940081893897
4.681289060689057 0.0
4.629002929679816 0.697709930230832
4.473312522418609 1.379834173551261
4.217695705332999 2.0311352015418893
3.8678625357226015 2.637064025479958
3.4316277085146027 3.184085196705931
2.918735988892477 3.659979166179896
2.340644530344529 4.054115249014916
1.710266940787339 4.357689096410728
1.041684813904007 4.563919370257192
0.34983316961039795 4.668199227021848
-0.34983316961039634 4.668199227021848
-1.0416848139040065 4.563919370257192
-1.7102669407873397 4.357689096410728
-2.3406445303445276 4.054115249014917
-2.9187359888924767 3.659979166179897
-3.4316277085146027 3.184085196705931
-3.867862535722602 2.6370640254799573
-4.217695705332998 2.03113520154189
-4.473312522418609 1.3798341735512627
-4.629002929679816 0.6977099302308334
-4.681289060689057 5.7329256640563735e-16
-4.6290029296798165 -0.69770993023083
-4.47331252241861 -1.3798341735512596
-4.217695705332999 -2.031135201541889
-3.8678625357226015 -2.637064025479958
-3.4316277085146023 -3.184085196705932
-2.9187359888924775 -3.6599791661798955
-2.3406445303445307 -4.054115249014915
-1.7102669407873385 -4.357689096410729
-1.0416848139040076 -4.563919370257192
-0.3498331696103995 -4.668199227021848
0.34983316961039784 -4.668199227021848
1.0416848139040058 -4.563919370257192
1.7102669407873408 -4.357689096410728
2.3406445303445254 -4.0541152490149175
2.918735988892476 -3.659979166179897
3.4316277085146036 -3.1840851967059303
3.8678625357225993 -2.6370640254799613
4.217695705332998 -2.0311352015418906
4.473312522418609 -1.3798341735512631
4.629002929679816 -0.6977099302308359
5.248170699319451 0.0
5.189552968778563 0.7821992543059693
5.0150092003933 1.546925469816102
4.7284384135244935 2.277095926547933
4.336242126006821 2.956399823068433
3.8471813548185723 3.5696626328452314
3.272180909439496 4.103185078094203
2.624085349659726 4.545049149007787
1.9173720593390677 4.8853843324001724
1.1678278455747282 5.116588102661334
0.39219628751767294 5.233495749616367
-0.3921962875176711 5.233495749616367
-1.1678278455747277 5.116588102661334
-1.9173720593390684 4.8853843324001724
-2.6240853496597243 4.545049149007788
-3.2721809094394954 4.103185078094204
-3.8471813548185723 3.5696626328452314
-4.336242126006822 2.9563998230684323
-4.728438413524493 2.277095926547934
-5.015009200393299 1.546925469816104
-5.189552968778563 0.7821992543059707
-5.248170699319451 6.427155448300492e-16
-5.189552968778564 -0.782199254305967
-5.0150092003933 -1.5469254698161006
-4.7284384135244935 -2.2770959265479327
-4.336242126006821 -2.956399823068433
-3.847181354818572 -3.5696626328452323
-3.2721809094394967 -4.103185078094203
-2.624085349659728 -4.545049149007786
-1.9173720593390673 -4.885384332400173
-1.1678278455747289 -5.116588102661334
-0.3921962875176747 -5.233495749616367
0.39219628751767277 -5.233495749616367
1.167827845574727 -5.116588102661334
1.91737205933907 -4.885384332400172
2.624085349659722 -4.54504914900779
3.272180909439495 -4.103185078094204
3.8471813548185736 -3.5696626328452306
4.336242126006819 -2.9563998230684367
4.728438413524493 -2.2770959265479345
5.015009200393299 -1.5469254698161046
5.189552968778563 -0.7821992543059736
5.483080082621794 0.0
5.421838608357454 0.817210681139398
5.239482218901012 1.6161662260621419
4.94008445465806 2.3790192881289536
4.530333366941875 3.0887289905099986
4.019382117958745 3.7294415912140644
3.418644514289431 4.286844629487125
2.7415400413108975 4.748486642534952
2.0031940940680237 5.1040553106265225
1.2201001009422674 5.345607817276207
0.40975108771618624 5.467748278638952
-0.40975108771618435 5.467748278638952
-1.2201001009422667 5.345607817276207
-2.0031940940680246 5.1040553106265225
-2.7415400413108957 4.748486642534953
-3.41864451428943 4.286844629487125
-4.019382117958745 3.7294415912140644
-4.530333366941876 3.0887289905099973
-4.94008445465806 2.379019288128954
-5.239482218901011 1.616166226062144
-5.421838608357454 0.8172106811393995
-5.483080082621794 6.714836472651385e-16
-5.421838608357455 -0.8172106811393957
-5.239482218901013 -1.6161662260621403
-4.94008445465806 -2.3790192881289527
-4.530333366941875 -3.0887289905099986
-4.019382117958744 -3.729441591214065
-3.4186445142894315 -4.286844629487124
-2.7415400413108992 -4.748486642534951
-2.0031940940680233 -5.104055310626523
-1.220100100942268 -5.345607817276207
-0.40975108771618807 -5.467748278638952
0.4097510877161861 -5.467748278638952
1.2201001009422663 -5.345607817276207
2.003194094068026 -5.104055310626522
2.7415400413108935 -4.748486642534955
3.4186445142894297 -4.286844629487125
4.019382117958746 -3.729441591214063
4.530333366941873 -3.088728990510002
4.94008445465806 -2.379019288128955
5.239482218901011 -1.6161662260621448
5.421838608357454 -0.8172106811394025
5.706109608567729 0.0
5.6423770787711724 0.850451507110578
5.452603168782322 1.6819053328811173
5.141027114158383 2.475788172779992
4.714609009095722 3.214365996015765
4.182874329426731 3.8811401944804613
3.5577011492301094 4.461216134391577
2.853054804283865 4.941635877798133
2.0846759295410635 5.311667641502155
1.269728839355591 5.563045527361579
0.42641810506266187 5.690154168795757
-0.42641810506265987 5.690154168795757
-1.2697288393555903 5.563045527361579
-2.084675929541064 5.311667641502155
-2.8530548042838633 4.9416358777981335
-3.557701149230109 4.461216134391577
-4.182874329426731 3.8811401944804613
-4.714609009095723 3.2143659960157636
-5.1410271141583825 2.475788172779993
-5.452603168782321 1.6819053328811195
-5.6423770787711724 0.8504515071105796
-5.706109608567729 6.987968867716426e-16
-5.642377078771173 -0.8504515071105757
-5.452603168782322 -1.6819053328811158
-5.141027114158383 -2.4757881727799917
-4.714609009095722 -3.214365996015765
-4.182874329426731 -3.881140194480462
-3.55770114923011 -4.461216134391576
-2.8530548042838673 -4.941635877798131
-2.0846759295410626 -5.311667641502155
-1.2697288393555917 -5.563045527361579
-0.42641810506266375 -5.690154168795757
0.4264181050626617 -5.690154168795757
1.2697288393555897 -5.563045527361579
2.0846759295410657 -5.311667641502154
2.8530548042838606 -4.941635877798135
3.557701149230108 -4.461216134391577
4.182874329426733 -3.88114019448046
4.714609009095719 -3.214365996015769
5.1410271141583825 -2.4757881727799935
5.452603168782321 -1.6819053328811202
5.642377078771172 -0.8504515071105828
5.937769087239991 0.0
5.871449112469548 0.884978560793083
5.673970666804129 1.750188162921099
5.349745092396595 2.5763014535883375
4.906015052812574 3.344864426992412
4.352692743894554 4.0387086563195576
3.702138471686175 4.642334808029682
2.9688845436199958 5.142258871355771
2.1693106407833724 5.527313368822765
1.3212779229095755 5.788896819240657
0.44373003958402224 5.921165880580749
-0.4437300395840202 5.921165880580749
-1.3212779229095748 5.788896819240657
-2.169310640783373 5.527313368822765
-2.968884543619994 5.142258871355771
-3.7021384716861747 4.642334808029683
-4.352692743894554 4.0387086563195576
-4.906015052812575 3.3448644269924106
-5.349745092396595 2.576301453588338
-5.673970666804129 1.7501881629211011
-5.871449112469548 0.8849785607930847
-5.937769087239991 7.271669906764555e-16
-5.871449112469548 -0.8849785607930806
-5.67397066680413 -1.7501881629210974
-5.349745092396595 -2.5763014535883366
-4.906015052812574 -3.344864426992412
-4.352692743894554 -4.0387086563195576
-3.702138471686176 -4.642334808029681
-2.968884543619998 -5.142258871355769
-2.1693106407833715 -5.527313368822766
-1.3212779229095764 -5.788896819240657
-0.44373003958402424 -5.921165880580749
0.4437300395840221 -5.921165880580749
1.3212779229095741 -5.788896819240657
2.1693106407833747 -5.527313368822765
2.9688845436199913 -5.142258871355773
3.702138471686174 -4.642334808029683
4.352692743894556 -4.038708656319556
4.906015052812571 -3.3448644269924155
5.349745092396595 -2.576301453588339
5.673970666804129 -1.7501881629211018
5.871449112469547 -0.884978560793088
1.0 0.5 0.4 0.32000000000000006 0.25600000000000006 0.20480000000000007 0.16384000000000007 0.13107200000000005 0.10485760000000005 0.08388608000000004 0.06710886400000003 0.05368709120000003 