0.0 0.0
1.3204720092505018 0.0
1.255843508983044 0.4080482914548378
1.0682842960800887 0.7761539731024552
0.7761539731024552 1.0682842960800887
0.4080482914548379 1.255843508983044
8.085559097461506e-17 1.3204720092505018
-0.40804829145483773 1.2558435089830442
-0.7761539731024549 1.0682842960800887
-1.0682842960800887 0.7761539731024553
-1.255843508983044 0.40804829145483795
-1.3204720092505018 1.6171118194923011e-16
-1.2558435089830442 -0.4080482914548371
-1.068284296080089 -0.7761539731024549
-0.7761539731024553 -1.0682842960800887
-0.408048291454838 -1.255843508983044
-2.4256677292384516e-16 -1.3204720092505018
0.40804829145483756 -1.2558435089830442
0.7761539731024548 -1.068284296080089
1.0682842960800887 -0.7761539731024554
1.255843508983044 -0.40804829145483806
2.1375813332860156 0.0
2.0329606561325475 0.6605489588440372
1.7293396254870452 1.2564387832812018
1.2564387832812018 1.7293396254870452
0.6605489588440374 2.0329606561325475
1.3088910688629253e-16 2.1375813332860156
-0.6605489588440371 2.032960656132548
-1.2564387832812016 1.7293396254870452
-1.729339625487045 1.256438783281202
-2.0329606561325475 0.6605489588440375
-2.1375813332860156 2.6177821377258505e-16
-2.032960656132548 -0.6605489588440362
-1.7293396254870455 -1.2564387832812016
-1.256438783281202 -1.729339625487045
-0.6605489588440376 -2.0329606561325475
-3.9266732065887755e-16 -2.1375813332860156
0.6605489588440369 -2.032960656132548
1.2564387832812014 -1.7293396254870455
1.729339625487045 -1.2564387832812023
2.0329606561325475 -0.6605489588440377
2.684908498937213 0.0
2.5534997235704755 0.8296823545133292
2.1721366039819356 1.578149619430015
1.578149619430015 2.1721366039819356
0.8296823545133294 2.5534997235704755
1.6440322996134912e-16 2.684908498937213
-0.8296823545133291 2.553499723570476
-1.5781496194300149 2.1721366039819356
-2.1721366039819356 1.5781496194300153
-2.5534997235704755 0.8296823545133295
-2.684908498937213 3.2880645992269825e-16
-2.5534997235704764 -0.8296823545133278
-2.172136603981936 -1.5781496194300149
-1.5781496194300153 -2.1721366039819356
-0.8296823545133296 -2.5534997235704755
-4.932096898840473e-16 -2.684908498937213
0.8296823545133287 -2.553499723570476
1.5781496194300144 -2.172136603981936
2.1721366039819356 -1.5781496194300157
2.5534997235704755 -0.8296823545133298
3.1175712924568004 0.0
2.964986492705744 0.9633825105446205
2.522168156773021 1.832462428676492
1.832462428676492 2.522168156773021
0.9633825105446208 2.964986492705744
1.908961852210449e-16 3.1175712924568004
-0.9633825105446204 2.9649864927057443
-1.8324624286764917 2.522168156773021
-2.5221681567730205 1.8324624286764923
-2.964986492705744 0.9633825105446209
-3.1175712924568004 3.817923704420898e-16
-2.9649864927057448 -0.963382510544619
-2.5221681567730214 -1.8324624286764917
-1.8324624286764923 -2.5221681567730205
-0.9633825105446211 -2.964986492705744
-5.726885556631346e-16 -3.1175712924568004
0.9633825105446201 -2.9649864927057443
1.8324624286764912 -2.5221681567730214
2.5221681567730205 -1.8324624286764928
2.964986492705744 -0.9633825105446213
3.4850516013578505 0.0
3.3144810350962435 1.0769401710932003
2.8194659717721255 2.0484619347564115
2.0484619347564115 2.8194659717721255
1.0769401710932005 3.3144810350962435
2.1339786442331247e-16 3.4850516013578505
-1.0769401710932 3.314481035096244
-2.0484619347564115 2.8194659717721255
-2.8194659717721255 2.048461934756412
-3.3144810350962435 1.0769401710932007
-3.4850516013578505 4.2679572884662494e-16
-3.3144810350962444 -1.0769401710931985
-2.819465971772126 -2.0484619347564115
-2.048461934756412 -2.8194659717721255
-1.076940171093201 -3.3144810350962435
-6.401935932699373e-16 -3.4850516013578505
1.0769401710931998 -3.314481035096244
2.048461934756411 -2.819465971772126
2.8194659717721255 -2.0484619347564124
3.3144810350962435 -1.0769401710932012
3.8128512982385696 0.0
3.6262370728542277 1.178235848180299
3.084661497299584 2.2411377622888415
2.2411377622888415 3.084661497299584
1.1782358481802993 3.6262370728542277
2.3346980690063474e-16 3.8128512982385696
-1.1782358481802988 3.6262370728542277
-2.241137762288841 3.084661497299584
-3.0846614972995834 2.241137762288842
-3.6262370728542277 1.1782358481802995
-3.8128512982385696 4.669396138012695e-16
-3.626237072854228 -1.178235848180297
-3.0846614972995843 -2.241137762288841
-2.241137762288842 -3.0846614972995834
-1.1782358481802995 -3.6262370728542277
-7.004094207019042e-16 -3.8128512982385696
1.1782358481802984 -3.6262370728542277
2.2411377622888407 -3.0846614972995843
3.0846614972995834 -2.2411377622888424
3.6262370728542277 -1.1782358481802997
4.121294561803245 0.0
3.9195840485747553 1.2735500584222545
3.334197339323877 2.422436163781118
2.422436163781118 3.334197339323877
1.2735500584222548 3.9195840485747553
2.5235650967278687e-16 4.121294561803245
-1.2735500584222543 3.9195840485747557
-2.4224361637811174 3.334197339323877
-3.3341973393238766 2.4224361637811183
-3.9195840485747553 1.273550058422255
-4.121294561803245 5.047130193455737e-16
-3.919584048574756 -1.2735500584222526
-3.3341973393238775 -2.4224361637811174
-2.4224361637811183 -3.3341973393238766
-1.2735500584222552 -3.9195840485747553
-7.570695290183605e-16 -4.121294561803245
1.2735500584222539 -3.9195840485747557
2.422436163781117 -3.3341973393238775
3.3341973393238766 -2.4224361637811187
3.9195840485747553 -1.2735500584222554
4.439930013082554 0.0
4.22262437083659 1.3720138278778917
3.591978834419169 2.6097253829006526
2.6097253829006526 3.591978834419169
1.372013827877892 4.22262437083659
2.718673039479908e-16 4.439930013082554
-1.3720138278778915 4.22262437083659
-2.609725382900652 3.591978834419169
-3.5919788344191685 2.609725382900653
-4.22262437083659 1.3720138278778922
-4.439930013082554 5.437346078959816e-16
-4.2226243708365905 -1.3720138278778895
-3.5919788344191694 -2.609725382900652
-2.609725382900653 -3.5919788344191685
-1.3720138278778924 -4.22262437083659
-8.156019118439724e-16 -4.439930013082554
1.372013827877891 -4.22262437083659
2.6097253829006517 -3.5919788344191694
3.5919788344191685 -2.6097253829006535
4.22262437083659 -1.3720138278778926
1.0 0.5 0.4 0.32000000000000006 0.25600000000000006 0.20480000000000007 0.16384000000000007 0.13107200000000005 0.10485760000000005 