0.0 0.0
1.8215197395495526 0.0
1.802979295015519 0.25922928714559107
1.747735391397905 0.5131814135604305
1.6569126352641024 0.7566866462881701
1.532359916017794 0.9847879210015773
1.3766127678424538 1.1928417535372446
1.1928417535372446 1.3766127678424538
0.9847879210015774 1.532359916017794
0.7566866462881702 1.6569126352641022
0.5131814135604307 1.747735391397905
0.259229287145591 1.802979295015519
5.159945468625804e-16 1.8215197395495526
-0.2592292871455908 1.8029792950155192
-0.5131814135604305 1.747735391397905
-0.75668664628817 1.6569126352641024
-0.9847879210015766 1.5323599160177945
-1.1928417535372444 1.3766127678424538
-1.3766127678424536 1.1928417535372449
-1.532359916017794 0.9847879210015776
-1.656912635264102 0.7566866462881707
-1.747735391397905 0.5131814135604305
-1.802979295015519 0.2592292871455911
-1.8215197395495526 1.0319890937251607e-15
-1.8029792950155192 -0.2592292871455906
-1.7477353913979052 -0.51318141356043
-1.6569126352641022 -0.7566866462881703
-1.532359916017794 -0.9847879210015773
-1.376612767842454 -1.1928417535372444
-1.1928417535372449 -1.3766127678424536
-0.9847879210015771 -1.532359916017794
-0.7566866462881715 -1.6569126352641015
-0.5131814135604306 -1.747735391397905
-0.2592292871455912 -1.802979295015519
-3.3460774779346197e-16 -1.8215197395495526
0.25922928714559057 -1.8029792950155192
0.5131814135604299 -1.7477353913979052
0.7566866462881695 -1.6569126352641024
0.9847879210015779 -1.5323599160177939
1.1928417535372435 -1.3766127678424545
1.376612767842453 -1.1928417535372453
1.532359916017794 -0.9847879210015771
1.6569126352641015 -0.7566866462881716
1.747735391397905 -0.5131814135604307
1.802979295015519 -0.25922928714559135
2.817599547379678 0.0
2.7889204466304163 0.4009862239042203
2.703466968170189 0.7938095246385316
2.5629786983929645 1.170473152608838
2.370315573336691 1.5233093225578709
2.1293996586329422 1.8451353075609591
1.8451353075609591 2.1293996586329422
1.523309322557871 2.3703155733366907
1.1704731526088383 2.562978698392964
0.7938095246385319 2.703466968170189
0.40098622390422023 2.7889204466304163
7.981609916837454e-16 2.817599547379678
-0.4009862239042199 2.7889204466304163
-0.7938095246385316 2.703466968170189
-1.1704731526088379 2.5629786983929645
-1.5233093225578698 2.370315573336692
-1.8451353075609587 2.1293996586329422
-2.1293996586329422 1.8451353075609593
-2.3703155733366907 1.5233093225578713
-2.562978698392964 1.170473152608839
-2.703466968170189 0.7938095246385316
-2.7889204466304163 0.4009862239042204
-2.817599547379678 1.5963219833674907e-15
-2.7889204466304163 -0.4009862239042197
-2.7034669681701895 -0.7938095246385308
-2.562978698392964 -1.1704731526088383
-2.370315573336691 -1.5233093225578709
-2.1293996586329427 -1.8451353075609587
-1.8451353075609593 -2.1293996586329422
-1.5233093225578704 -2.370315573336691
-1.1704731526088403 -2.562978698392963
-0.7938095246385318 -2.703466968170189
-0.4009862239042205 -2.7889204466304163
-5.17584640046633e-16 -2.817599547379678
0.4009862239042195 -2.7889204466304163
0.7938095246385307 -2.7034669681701895
1.1704731526088372 -2.562978698392965
1.5233093225578718 -2.3703155733366907
1.8451353075609576 -2.1293996586329436
2.1293996586329413 -1.8451353075609602
2.370315573336691 -1.5233093225578704
2.562978698392963 -1.1704731526088406
2.703466968170189 -0.7938095246385319
2.7889204466304163 -0.4009862239042208
3.4884283722934355 0.0
3.4529212013618436 0.4964551196308796
3.3471225121730095 0.9828038446844163
3.173186060940593 1.4491455176324268
2.9346526922203795 1.8859867668320225
2.636378257526082 2.2844347641956353
2.2844347641956353 2.636378257526082
1.885986766832023 2.934652692220379
1.449145517632427 3.1731860609405924
0.9828038446844167 3.3471225121730095
0.4964551196308795 3.4529212013618436
9.881913317443643e-16 3.4884283722934355
-0.4964551196308791 3.4529212013618436
-0.9828038446844163 3.3471225121730095
-1.4491455176324266 3.173186060940593
-1.8859867668320214 2.9346526922203804
-2.284434764195635 2.636378257526082
-2.6363782575260815 2.2844347641956357
-2.934652692220379 1.8859867668320234
-3.173186060940592 1.449145517632428
-3.3471225121730095 0.9828038446844163
-3.4529212013618436 0.4964551196308797
-3.4884283722934355 1.9763826634887286e-15
-3.4529212013618436 -0.49645511963087885
-3.3471225121730095 -0.9828038446844153
-3.1731860609405924 -1.4491455176324273
-2.9346526922203795 -1.8859867668320225
-2.6363782575260823 -2.284434764195635
-2.2844347641956357 -2.6363782575260815
-1.8859867668320223 -2.9346526922203795
-1.4491455176324295 -3.173186060940591
-0.9828038446844165 -3.3471225121730095
-0.4964551196308799 -3.4529212013618436
-6.40813896027595e-16 -3.4884283722934355
0.4964551196308786 -3.4529212013618436
0.9828038446844152 -3.3471225121730095
1.4491455176324257 -3.173186060940593
1.8859867668320238 -2.934652692220379
2.2844347641956335 -2.6363782575260832
2.63637825752608 -2.284434764195637
2.9346526922203795 -1.8859867668320223
3.173186060940591 -1.4491455176324297
3.3471225121730095 -0.9828038446844167
3.4529212013618436 -0.4964551196308802
3.9872739407843967 0.0
3.9466892412414802 0.5674482460340158
3.8257613300588162 1.1233448821643912
3.626951950780785 1.656373455953033
3.3543082890505795 2.155683042765078
3.013380583581634 2.6111091393029793
2.6111091393029793 3.013380583581634
2.1556830427650784 3.354308289050579
1.6563734559530332 3.6269519507807844
1.1233448821643917 3.8257613300588162
0.5674482460340157 3.9466892412414802
1.1295027803546074e-15 3.9872739407843967
-0.5674482460340152 3.9466892412414807
-1.1233448821643912 3.8257613300588162
-1.6563734559530328 3.626951950780785
-2.1556830427650766 3.3543082890505804
-2.611109139302979 3.013380583581634
-3.0133805835816334 2.6111091393029797
-3.354308289050579 2.155683042765079
-3.626951950780784 1.6563734559530343
-3.8257613300588162 1.1233448821643912
-3.9466892412414802 0.5674482460340159
-3.9872739407843967 2.2590055607092148e-15
-3.9466892412414807 -0.5674482460340149
-3.8257613300588167 -1.1233448821643903
-3.6269519507807844 -1.6563734559530334
-3.3543082890505795 -2.155683042765078
-3.0133805835816343 -2.611109139302979
-2.6111091393029797 -3.0133805835816334
-2.1556830427650775 -3.3543082890505795
-1.656373455953036 -3.626951950780783
-1.1233448821643914 -3.8257613300588162
-0.5674482460340161 -3.9466892412414802
-7.324503403357896e-16 -3.9872739407843967
0.5674482460340147 -3.9466892412414807
1.12334488216439 -3.8257613300588167
1.6563734559530316 -3.6269519507807852
2.1556830427650793 -3.3543082890505787
2.611109139302977 -3.0133805835816356
3.013380583581632 -2.611109139302981
3.3543082890505795 -2.1556830427650775
3.626951950780783 -1.6563734559530363
3.8257613300588162 -1.1233448821643917
3.9466892412414802 -0.5674482460340164
4.379915824313647 0.0
4.335334596539248 0.6233270121877991
4.202498458451894 1.233964883934122
3.9841115707552532 1.8194827891044216
3.684619660707051 2.3679612716436376
3.310119519932519 2.8682348913286035
2.8682348913286035 3.310119519932519
2.367961271643638 3.6846196607070505
1.8194827891044218 3.984111570755253
1.2339648839341224 4.202498458451894
0.623327012187799 4.335334596539248
1.2407291735536441e-15 4.379915824313647
-0.6233270121877985 4.335334596539249
-1.233964883934122 4.202498458451894
-1.8194827891044214 3.9841115707552532
-2.3679612716436362 3.684619660707052
-2.8682348913286027 3.310119519932519
-3.3101195199325186 2.868234891328604
-3.6846196607070505 2.3679612716436385
-3.9841115707552524 1.8194827891044232
-4.202498458451894 1.233964883934122
-4.335334596539248 0.6233270121877992
-4.379915824313647 2.4814583471072883e-15
-4.335334596539249 -0.6233270121877981
-4.2024984584518945 -1.2339648839341206
-3.984111570755253 -1.819482789104422
-3.684619660707051 -2.3679612716436376
-3.3101195199325195 -2.8682348913286027
-2.868234891328604 -3.3101195199325186
-2.367961271643637 -3.684619660707051
-1.819482789104425 -3.9841115707552515
-1.2339648839341222 -4.202498458451894
-0.6233270121877994 -4.335334596539248
-8.045774842170823e-16 -4.379915824313647
0.6233270121877978 -4.335334596539249
1.2339648839341204 -4.2024984584518945
1.81948278910442 -3.9841115707552537
2.367961271643639 -3.68461966070705
2.868234891328601 -3.310119519932521
3.3101195199325173 -2.8682348913286053
3.684619660707051 -2.367961271643637
3.9841115707552515 -1.8194827891044252
4.202498458451894 -1.2339648839341224
4.335334596539248 -0.6233270121877998
5.169545929925013 0.0
5.116927406228084 0.7357030929635977
4.960142996540473 1.45642939254698
4.702384379314519 2.147506989693648
4.348898776682471 2.794867537428916
3.9068821361456165 3.3853326418345553
3.3853326418345553 3.9068821361456165
2.794867537428917 4.3488987766824705
2.1475069896936483 4.702384379314519
1.4564293925469807 4.960142996540473
0.7357030929635975 5.116927406228084
1.464413177458398e-15 5.169545929925013
-0.7357030929635969 5.116927406228084
-1.45642939254698 4.960142996540473
-2.147506989693648 4.702384379314519
-2.7948675374289143 4.348898776682472
-3.385332641834555 3.9068821361456165
-3.906882136145616 3.3853326418345557
-4.3488987766824705 2.7948675374289174
-4.702384379314518 2.1475069896936496
-4.960142996540473 1.45642939254698
-5.116927406228084 0.7357030929635978
-5.169545929925013 2.928826354916796e-15
-5.116927406228084 -0.7357030929635965
-4.9601429965404735 -1.4564293925469787
-4.702384379314519 -2.1475069896936487
-4.348898776682471 -2.794867537428916
-3.9068821361456174 -3.385332641834555
-3.3853326418345557 -3.906882136145616
-2.7948675374289156 -4.348898776682471
-2.147506989693652 -4.702384379314517
-1.4564293925469805 -4.960142996540473
-0.735703092963598 -5.116927406228084
-9.49630181419184e-16 -5.169545929925013
0.7357030929635963 -5.116927406228084
1.4564293925469785 -4.9601429965404735
2.1475069896936465 -4.70238437931452
2.794867537428918 -4.34889877668247
3.3853326418345526 -3.906882136145619
3.9068821361456143 -3.3853326418345575
4.348898776682471 -2.7948675374289156
4.702384379314517 -2.1475069896936523
4.960142996540473 -1.4564293925469807
5.116927406228084 -0.7357030929635985
4.678744437530483 0.0
4.631121565348816 0.6658547579491831
4.489222413148412 1.3181546331930798
4.255935638464707 1.9436206813492292
3.9360102872867566 2.52952021737231
3.535959117176016 3.063926016303632
3.063926016303632 3.535959117176016
2.529520217372311 3.936010287286756
1.9436206813492294 4.255935638464707
1.3181546331930802 4.489222413148412
0.665854757949183 4.631121565348816
1.3253804301491535e-15 4.678744437530483
-0.6658547579491825 4.631121565348817
-1.3181546331930798 4.489222413148412
-1.943620681349229 4.255935638464707
-2.529520217372309 3.9360102872867575
-3.0639260163036317 3.535959117176016
-3.5359591171760156 3.0639260163036326
-3.936010287286756 2.5295202173723115
-4.255935638464706 1.9436206813492307
-4.489222413148412 1.3181546331930798
-4.631121565348816 0.6658547579491833
-4.678744437530483 2.650760860298307e-15
-4.631121565348817 -0.6658547579491821
-4.489222413148412 -1.3181546331930785
-4.255935638464707 -1.9436206813492296
-3.9360102872867566 -2.52952021737231
-3.5359591171760165 -3.0639260163036317
-3.0639260163036326 -3.5359591171760156
-2.5295202173723097 -3.9360102872867566
-1.9436206813492327 -4.255935638464705
-1.31815463319308 -4.489222413148412
-0.6658547579491836 -4.631121565348816
-8.594714099175283e-16 -4.678744437530483
0.6658547579491818 -4.631121565348817
1.3181546331930782 -4.489222413148412
1.9436206813492276 -4.255935638464708
2.529520217372312 -3.9360102872867557
3.0639260163036295 -3.5359591171760183
3.535959117176014 -3.0639260163036344
3.9360102872867566 -2.5295202173723097
4.255935638464705 -1.9436206813492332
4.489222413148412 -1.3181546331930802
4.631121565348816 -0.6658547579491839
4.913280083084892 0.0
4.863269976203957 0.6992326604155794
4.714257717120008 1.3842309602855787
4.469276765712125 2.0410503095966197
4.133314227684245 2.6563197605073223
3.713209331474662 3.217514201287724
3.217514201287724 3.713209331474662
2.6563197605073228 4.133314227684244
2.04105030959662 4.469276765712124
1.3842309602855791 4.714257717120008
0.6992326604155793 4.863269976203957
1.3918189712878276e-15 4.913280083084892
-0.6992326604155787 4.8632699762039575
-1.3842309602855787 4.714257717120008
-2.0410503095966197 4.469276765712125
-2.6563197605073205 4.133314227684246
-3.2175142012877234 3.713209331474662
-3.7132093314746615 3.2175142012877243
-4.133314227684244 2.6563197605073237
-4.469276765712124 2.0410503095966215
-4.714257717120008 1.3842309602855787
-4.863269976203957 0.6992326604155795
-4.913280083084892 2.7836379425756553e-15
-4.8632699762039575 -0.6992326604155783
-4.714257717120009 -1.3842309602855773
-4.469276765712124 -2.0410503095966206
-4.133314227684245 -2.6563197605073223
-3.7132093314746624 -3.2175142012877234
-3.2175142012877243 -3.7132093314746615
-2.656319760507322 -4.133314227684245
-2.0410503095966237 -4.469276765712123
-1.384230960285579 -4.714257717120008
-0.6992326604155799 -4.863269976203957
-9.02554909059653e-16 -4.913280083084892
0.6992326604155781 -4.8632699762039575
1.3842309602855771 -4.714257717120009
2.0410503095966184 -4.4692767657121255
2.656319760507324 -4.133314227684244
3.217514201287721 -3.713209331474664
3.7132093314746597 -3.217514201287726
4.133314227684245 -2.656319760507322
4.469276765712123 -2.041050309596624
4.714257717120008 -1.3842309602855791
4.863269976203957 -0.6992326604155802
5.418040773023767 0.0
5.362892930124068 0.7710675963709422
5.198572052473164 1.526438480055102
4.9284232392777465 2.250735478170419
4.557945941329628 2.929213992535327
4.094682008046728 3.548062157167824
3.548062157167824 4.094682008046728
2.929213992535328 4.557945941329628
2.250735478170419 4.9284232392777465
1.5264384800551027 5.198572052473164
0.7710675963709421 5.362892930124068
1.534806037430444e-15 5.418040773023767
-0.7710675963709415 5.362892930124069
-1.526438480055102 5.198572052473164
-2.2507354781704185 4.9284232392777465
-2.9292139925353253 4.5579459413296295
-3.5480621571678235 4.094682008046728
-4.094682008046728 3.548062157167825
-4.557945941329628 2.9292139925353284
-4.928423239277746 2.2507354781704207
-5.198572052473164 1.526438480055102
-5.362892930124068 0.7710675963709424
-5.418040773023767 3.069612074860888e-15
-5.362892930124069 -0.771067596370941
-5.198572052473165 -1.5264384800551005
-4.9284232392777465 -2.2507354781704194
-4.557945941329628 -2.929213992535327
-4.094682008046729 -3.5480621571678235
-3.548062157167825 -4.094682008046728
-2.9292139925353267 -4.557945941329628
-2.250735478170423 -4.928423239277745
-1.5264384800551023 -5.198572052473164
-0.7710675963709427 -5.362892930124068
-9.952779435500112e-16 -5.418040773023767
0.7710675963709407 -5.362892930124069
1.5264384800551003 -5.198572052473165
2.250735478170417 -4.928423239277747
2.929213992535329 -4.557945941329627
3.548062157167821 -4.094682008046731
4.094682008046726 -3.5480621571678266
4.557945941329628 -2.9292139925353267
4.928423239277745 -2.2507354781704234
5.198572052473164 -1.5264384800551027
5.362892930124068 -0.7710675963709431
5.6063705258555885 0.0
5.549305757621141 0.7978697146872507
5.379273127037852 1.5794971028497256
5.099734008130779 2.3289704848916917
4.716379011236621 3.0310327440575335
4.2370121385876205 3.671391917331005
3.671391917331005 4.2370121385876205
3.0310327440575344 4.71637901123662
2.328970484891692 5.099734008130779
1.5794971028497262 5.379273127037852
0.7978697146872505 5.549305757621141
1.5881555144430997e-15 5.6063705258555885
-0.7978697146872499 5.549305757621142
-1.5794971028497256 5.379273127037852
-2.3289704848916917 5.099734008130779
-3.0310327440575318 4.716379011236622
-3.671391917331004 4.2370121385876205
-4.23701213858762 3.6713919173310052
-4.71637901123662 3.031032744057535
-5.0997340081307785 2.328970484891694
-5.379273127037852 1.5794971028497256
-5.549305757621141 0.7978697146872508
-5.6063705258555885 3.1763110288861993e-15
-5.549305757621142 -0.7978697146872494
-5.379273127037853 -1.579497102849724
-5.099734008130779 -2.3289704848916926
-4.716379011236621 -3.0310327440575335
-4.2370121385876205 -3.671391917331004
-3.6713919173310052 -4.23701213858762
-3.031032744057533 -4.716379011236621
-2.328970484891696 -5.099734008130778
-1.5794971028497258 -5.379273127037852
-0.7978697146872511 -5.549305757621141
-1.0298735578984663e-15 -5.6063705258555885
0.7978697146872491 -5.549305757621142
1.5794971028497238 -5.379273127037853
2.32897048489169 -5.09973400813078
3.0310327440575358 -4.7163790112366195
3.6713919173310017 -4.237012138587622
4.237012138587618 -3.671391917331007
4.716379011236621 -3.031032744057533
5.099734008130778 -2.3289704848916966
5.379273127037852 -1.5794971028497262
5.549305757621141 -0.7978697146872515
5.775576493452465 0.0
5.71678945244274 0.8219502346006748
5.541625064040697 1.6271679327336215
5.253649170061818 2.399261184120945
4.858724129253612 3.1225123966974744
4.36488947657716 3.782198261459417
3.782198261459417 4.36488947657716
3.122512396697475 4.858724129253611
2.3992611841209452 5.253649170061817
1.6271679327336221 5.541625064040697
0.8219502346006746 5.71678945244274
1.636087663999813e-15 5.775576493452465
-0.8219502346006741 5.7167894524427405
-1.6271679327336215 5.541625064040697
-2.399261184120945 5.253649170061818
-3.122512396697472 4.858724129253613
-3.7821982614594165 4.36488947657716
-4.364889476577159 3.782198261459418
-4.858724129253611 3.1225123966974753
-5.253649170061817 2.399261184120947
-5.541625064040697 1.6271679327336215
-5.71678945244274 0.821950234600675
-5.775576493452465 3.272175327999626e-15
-5.7167894524427405 -0.8219502346006735
-5.541625064040698 -1.62716793273362
-5.253649170061817 -2.3992611841209457
-4.858724129253612 -3.1225123966974744
-4.364889476577161 -3.7821982614594165
-3.782198261459418 -4.364889476577159
-3.1225123966974735 -4.858724129253612
-2.3992611841209492 -5.2536491700618155
-1.627167932733622 -5.541625064040697
-0.8219502346006753 -5.71678945244274
-1.0609561898905882e-15 -5.775576493452465
0.8219502346006732 -5.7167894524427405
1.6271679327336197 -5.541625064040698
2.399261184120943 -5.253649170061819
3.122512396697476 -4.85872412925361
3.782198261459414 -4.364889476577162
4.364889476577157 -3.7821982614594196
4.858724129253612 -3.1225123966974735
5.2536491700618155 -2.3992611841209497
5.541625064040697 -1.6271679327336221
5.71678945244274 -0.8219502346006758
6.04781029216777 0.0
5.986252303615847 0.8606931436373656
5.802831481088416 1.7038650569043396
5.5012817435901615 2.5123511911538166
5.087741774178915 3.2696931001739595
4.570630054081095 3.960473486690835
3.960473486690835 4.570630054081095
3.26969310017396 5.087741774178914
2.512351191153817 5.5012817435901615
1.7038650569043403 5.802831481088416
0.8606931436373654 5.986252303615847
1.7132052227936148e-15 6.04781029216777
-0.8606931436373647 5.9862523036158475
-1.7038650569043396 5.802831481088416
-2.512351191153816 5.5012817435901615
-3.2696931001739573 5.087741774178916
-3.960473486690834 4.570630054081095
-4.570630054081094 3.9604734866908355
-5.087741774178914 3.269693100173961
-5.501281743590161 2.5123511911538183
-5.802831481088416 1.7038650569043396
-5.986252303615847 0.8606931436373657
-6.04781029216777 3.4264104455872296e-15
-5.9862523036158475 -0.8606931436373643
-5.8028314810884165 -1.703865056904338
-5.5012817435901615 -2.512351191153817
-5.087741774178915 -3.2696931001739595
-4.570630054081096 -3.960473486690834
-3.9604734866908355 -4.570630054081094
-3.2696931001739586 -5.087741774178915
-2.512351191153821 -5.501281743590159
-1.70386505690434 -5.802831481088416
-0.860693143637366 -5.986252303615847
-1.1109647274230517e-15 -6.04781029216777
0.8606931436373639 -5.9862523036158475
1.7038650569043376 -5.8028314810884165
2.5123511911538143 -5.501281743590162
3.2696931001739618 -5.087741774178913
3.9604734866908315 -4.570630054081097
4.570630054081092 -3.9604734866908378
5.087741774178915 -3.2696931001739586
5.501281743590159 -2.5123511911538214
5.802831481088416 -1.7038650569043403
5.986252303615847 -0.8606931436373666
6.226386047353795 0.0
6.163010415099055 0.8861071233561945
5.97417366344731 1.7541756610027877
5.663719964101966 2.5865342408162406
5.237969259107155 3.366238442435483
4.705588605052923 4.077415736796789
4.077415736796789 4.705588605052923
3.3662384424354834 5.237969259107154
2.586534240816241 5.663719964101965
1.7541756610027885 5.97417366344731
0.8861071233561943 6.163010415099055
1.763791617152779e-15 6.226386047353795
-0.8861071233561937 6.1630104150990555
-1.7541756610027877 5.97417366344731
-2.5865342408162406 5.663719964101966
-3.3662384424354808 5.237969259107156
-4.077415736796788 4.705588605052923
-4.705588605052923 4.07741573679679
-5.237969259107154 3.3662384424354843
-5.663719964101965 2.586534240816243
-5.97417366344731 1.7541756610027877
-6.163010415099055 0.8861071233561947
-6.226386047353795 3.527583234305558e-15
-6.1630104150990555 -0.8861071233561931
-5.97417366344731 -1.754175661002786
-5.663719964101965 -2.5865342408162415
-5.237969259107155 -3.366238442435483
-4.705588605052924 -4.077415736796788
-4.07741573679679 -4.705588605052923
-3.366238442435482 -5.237969259107155
-2.5865342408162455 -5.663719964101963
-1.754175661002788 -5.97417366344731
-0.886107123356195 -6.163010415099055
-1.1437685614721349e-15 -6.226386047353795
0.8861071233561928 -6.1630104150990555
1.7541756610027857 -5.97417366344731
2.586534240816239 -5.663719964101967
3.3662384424354848 -5.237969259107153
4.077415736796786 -4.7055886050529265
4.70558860505292 -4.077415736796792
5.237969259107155 -3.366238442435482
5.663719964101963 -2.586534240816246
5.97417366344731 -1.7541756610027885
6.163010415099055 -0.8861071233561956
5.911978303830759 0.0
5.851802889066553 0.8413622361848451
5.672501642686967 1.6655967635292983
5.377724621006195 2.455924543952725
4.97347263411892 3.1962567829628186
4.467975086711706 3.871522451115213
3.871522451115213 4.467975086711706
3.1962567829628195 4.97347263411892
2.4559245439527255 5.377724621006195
1.665596763529299 5.672501642686967
0.841362236184845 5.851802889066553
1.6747271521202045e-15 5.911978303830759
-0.8413622361848443 5.851802889066554
-1.6655967635292983 5.672501642686967
-2.4559245439527246 5.377724621006195
-3.196256782962817 4.973472634118922
-3.871522451115212 4.467975086711706
-4.467975086711705 3.8715224511152133
-4.97347263411892 3.19625678296282
-5.377724621006194 2.455924543952727
-5.672501642686967 1.6655967635292983
-5.851802889066553 0.8413622361848453
-5.911978303830759 3.349454304240409e-15
-5.851802889066554 -0.8413622361848438
-5.672501642686968 -1.6655967635292968
-5.377724621006195 -2.4559245439527255
-4.97347263411892 -3.1962567829628186
-4.467975086711706 -3.871522451115212
-3.8715224511152133 -4.467975086711705
-3.196256782962818 -4.97347263411892
-2.4559245439527295 -5.377724621006192
-1.6655967635292988 -5.672501642686967
-0.8413622361848456 -5.851802889066553
-1.0860127959622407e-15 -5.911978303830759
0.8413622361848435 -5.851802889066554
1.6655967635292963 -5.672501642686968
2.455924543952723 -5.3777246210061955
3.196256782962821 -4.973472634118919
3.8715224511152093 -4.467975086711709
4.467975086711704 -3.871522451115215
4.97347263411892 -3.196256782962818
5.377724621006192 -2.45592454395273
5.672501642686967 -1.665596763529299
5.851802889066553 -0.8413622361848461
1.0 0.5 0.4 0.32000000000000006 0.25600000000000006 0.20480000000000007 0.16384000000000007 0.13107200000000005 0.10485760000000005 0.08388608000000004 0.06710886400000003 0.05368709120000003 0.042949672960000025 0.03435973836800002 0.027487790694400018 